1 0.0799175106383807
2 0.47741757040850075
3 0.9575518681672713
4 0.9719047027972654
5 0.37476138665430664
6 0.8874386001698444
7 0.28613613645624514
8 0.6752182439751722
9 0.9740254333633719
10 0.6007535470404259
11 0.6581415551923356
12 0.7310335350412058
13 0.6887412316483439
14 0.7175849531548998
15 0.5038662987323927
16 0.9994200947916034
17 0.9160917444666551
18 0.8804623268893977
19 0.8118988340020773
20 0.7755802147663665
21 0.34878176558142543
22 0.7821957546759758
23 0.9976952441632999
24 0.1109273920177268
25 0.4046722844102824
26 0.97754108588914
27 0.14245632229304123
28 0.8985041893161823
29 0.9295523354801872
30 0.19707517072992448
31 0.9119973198179356
32 0.7710172784945056
33 0.4167773238590611
34 0.466812459301411
35 0.5680822614916244
36 0.6948433852326036
37 0.7572714277717015
39 0.8846884912097394
38 0.7499156599502473
40 0.8186447287645626
41 0.12895550608986817
42 0.5868881115540266
43 0.9637712317788594
44 0.9173401957327094
45 0.344112274473973
46 0.5316753083739919
47 0.11751274839343427
49 0.8866715153081766
48 0.9081385220768788
50 0.9884484043035207
51 0.36532628356631
52 0.6542248694415931
53 0.9011608480264899
55 0.8668822094906244
54 0.9123595324403855
56 0.31324752701844655
57 0.05271101075282653
58 0.9773176011853274
59 0.1469215456489475
60 0.6609352634960082
61 0.11008530469236
62 0.4288868626868347
63 0.47712908781817337
64 0.9606869859949058
65 0.09760928223649239
66 0.809360760279858
67 0.19590645484953095
68 1.0
69 0.19853004236211996
70 0.558827354881117
71 0.9923167508294151
72 0.7917133152310372
73 0.7030277130748627
74 0.991042626963922
75 1.0
76 0.7264866291671069
77 0.9089111679268805
78 0.8711532439967162
79 0.6708731994063261
80 0.6617116304353108
81 0.9999964631337462
82 1.213321568125441E-5
83 0.8103722929983136
84 0.8310748948823278
85 0.9797540418106937
86 0.7082149250168184
87 0.11562333974117732
89 0.8493101302889189
88 0.9962718523778326
90 0.44208294219601013
91 0.8656598142206349
92 0.7994511898722032
93 0.8161991114600452
94 0.8082746639954407
95 0.865571792232804
96 0.9006217671988447
98 0.9434703757407078
97 0.9906538294612489
99 0.17234640005600607
100 0.6856916243439911
101 0.6729694108907911
102 0.4813606251906686
103 0.9220746185023813
105 0.10956380806630953
104 0.945040971490899
106 0.3561233649139088
107 0.8570250155260488
108 0.9255753321988323
109 0.8433332081615604
110 0.9782455994802751
111 0.3927889854146619
112 0.4855875152836638
113 0.8617976718686591
114 0.7864322749294647
115 0.8441480604939129
116 0.6764548470011139
117 0.9423268809899884
118 0.6410524458632353
119 0.6638222441091254
120 0.7553128173648109
121 0.8105215329188379
122 0.8256993182303095
123 0.6996412266213411
124 0.8371525251087412
125 0.7742488295016426
126 0.6331151509560444
127 0.8010965322677708
128 0.9297636219792808
129 0.029302308399505296
130 0.6088341701571452
131 0.5874568990433047
132 0.5048040813634556
133 0.47330966981163797
134 0.7994884017999594
135 0.43937390264546083
136 0.3642267809414737
137 0.2950384187073107
138 0.6271304202546442
139 0.6586005068774897
140 0.36771581353957755
141 0.33201105291015864
142 0.05938021766890966
143 0.7388538558235949
144 0.7059360149298931
145 0.687416755107157
146 0.7103403977214006
147 0.693855853079549
148 0.3973856884465682
149 0.996160262372103
150 0.9535069056381807
151 0.7761698379906891
152 0.576344857587159
153 0.755547571384833
154 0.9020788149126245
155 0.6336771463908536
156 0.4573467387622735
157 0.44334000082507685
158 0.5751393706218058
159 0.7267090829742159
160 0.9373858137095632
161 0.7937466118239781
162 0.5376039804041417
163 0.9578137958670153
165 0.27227576011389304
164 0.9873214479491532
166 0.6678888535610461
167 0.9151741799451071
168 0.9389609770722837
169 0.9097602505620555
170 0.7707235890719218
171 0.6451122058015791
172 0.9700683214934581
173 0.6664448752646732
174 0.9039193619969242
175 0.387671707068468
176 0.6411088523941003
177 0.6500537629443778
178 0.8342469052204508
179 0.7780809754139053
180 0.22583210978850912
181 0.7793474601754198
182 0.7326289576869152
183 0.6415170365551992
184 0.3478996296131275
185 0.9299508785669681
186 0.4549026539713419
187 0.7064913194975351
188 0.8679809092927602
189 0.7606812014658005
190 0.22095821734814164
191 0.49191917919056527
192 0.19487749820434444
193 0.8102342056561133
194 0.9325915123119689
195 0.8348240619941959
196 0.8829997177508986
197 0.23609790082935064
198 0.24278073378360598
199 0.6247358441862039
200 0.7033465085099522
201 0.7400384405686452
202 0.9166013285491869
203 0.8962326099260407
204 0.2668015050967175
205 0.5809066826898329
206 0.7906210448819173
207 0.9733181081740679
208 0.5507837422891931
209 0.24086875198727525
210 0.9272281523504866
211 0.17846476645911274
212 0.9672248189884234
213 0.9630685294656925
215 0.41250098980817346
214 0.5584813468205808
217 0.9793994989902772
216 0.9080994524235042
218 0.22582955497371224
219 0.7955550270078371
221 0.8836720033444608
222 0.78351132473379
220 0.622883065482083
223 0.7499257952663511
224 0.6654538287802074
225 0.9442870528782706
226 0.9698583285224848
227 0.9853920743820994
228 0.12565133373657258
229 0.7185827716343008
230 0.8497958304941245
231 0.3245485065820708
232 0.8341344459195391
234 0.928573353752606
233 0.7818529450836285
235 0.9300749090464662
236 0.6089902067873593
237 0.6140704525312491
238 0.7898985946446585
239 0.6444225884362951
240 0.8581123940379068
241 0.7943049921845295
242 0.7357981646834147
243 0.9751161407186135
244 0.9892701954274971
245 0.9830571107119263
246 0.9913043129802412
247 0.9911734605166527
248 0.9975139999995982
249 0.9785825766703562
250 0.9082670564689989
251 0.953103102069456
252 0.6601865421380466
253 0.8999286728352667
254 0.9898324667594891
255 0.7390171815920983
256 0.7370118600791599
257 0.9890407189647872
258 0.808072791931309
259 0.9368271079468143
260 0.9899706319142392
261 0.7067172468521946
262 0.9091375995802835
263 0.7169641153147085
264 0.7285687393994861
265 0.8751626172359254
266 0.7929332457341298
267 0.4709471082978734
268 0.9880035827596382
269 0.6977529293694713
270 0.6343479111109518
271 0.6075309827166513
272 0.8863143924166104
273 0.785895822539056
274 0.7729073809918565
275 0.6657787841984621
276 0.998268735860102
277 0.7058466910625373
278 0.5713324097321808
279 0.5360119347675398
280 0.865353714425041
282 0.7291401196710717
281 0.757588139582767
283 0.5866320497413995
284 0.5097957775846007
286 0.9306238674399298
285 0.5529975840115754
287 0.8721949317105632
288 0.9286728224692752
289 0.9956408656907831
291 0.6710257525631316
290 0.9084885902368841
292 0.8003360690562676
293 0.6349572146152751
294 0.9281149519056667
295 0.8843700328784293
296 0.8405475188019027
298 0.8097843796351382
297 0.898386494060557
299 0.658160993538272
300 0.8589383406381258
301 0.7513003930534585
302 0.1320311307992166
303 0.5866236044557582
304 0.8863761954400199
305 0.6942770016808293
306 0.7270257221659311
307 0.15977901354672708
308 0.5652350610684247
309 0.9642821201324834
311 0.9353459010283623
310 0.6649171831533166
312 0.7092869961934777
313 0.8148462339486666
314 0.7271782457443845
315 0.7688413109104242
316 0.8394466303343906
317 0.38753264805590104
318 0.8330851487146526
319 0.5847554030553573
320 0.789159103321482
321 0.8266647744743998
322 0.20519650419114946
323 0.9026760631665178
324 0.9971803764063091
325 0.9673032337094751
326 0.7381639587482455
327 0.6055158340410829
328 0.6772809551697281
329 0.9029943489906918
330 0.6915030241343648
331 0.2850928234974627
332 0.6688414070470405
333 0.7764243656461657
334 0.6221184428645221
335 0.8367804243765097
336 0.39338126835233783
337 0.7878218555731805
338 0.9972911174803012
339 0.6067151482969295
340 0.816592476101621
341 0.12774105030435978
342 0.6674435273234252
343 0.8440552638131777
344 0.6877926511553792
345 0.77440939769382
346 0.7003736235290597
347 0.7999445893834843
348 0.7647712930556987
349 0.9013022855868463
350 0.36978245058430004
351 1.0
353 0.9514715658588292
352 0.9134464257479084
354 0.8606270546030015
355 0.445371717916452
356 0.701154480942855
357 0.2889247910608973
359 0.7111011072921463
358 0.824187101861234
360 0.8836215203140066
361 0.4402445024780511
362 0.9695441887063954
363 0.6174773999696697
366 0.3638285462512283
365 0.9640483982686825
368 0.9317251577094738
364 0.46329410285914474
367 0.478918047070411
369 0.5910157120813155
371 0.945486241152971
370 0.3414703256274951
373 0.27040288268400975
372 0.8550556264970967
374 0.958737860391017
375 0.5325776990555294
376 0.9697502669475611
377 0.813191256046791
378 0.52228766680504
379 0.29816439513367177
380 0.8301942460722262
381 0.7663689146709517
383 0.48388039829133483
384 0.9163320219077314
382 0.846741812949505
385 0.6326117089841609
386 0.3983508435842719
387 0.8293806790033708
388 0.9779798187243469
389 0.17485359632762792
390 0.7194783326634258
391 0.2691147238407973
393 0.5721227454908069
392 0.9698307085363944
394 0.637721897793531
395 0.6278881376345281
397 0.394890173102176
396 0.9646417970631254
398 0.5322378242061374
399 0.8715605201689708
400 0.2170775348020084
401 0.9570405515798566
402 0.7744570483060722
403 0.8455747398987892
404 0.7085733824795616
405 0.9671709106263296
406 0.7227272453474386
407 0.8512171535982654
408 0.6677203946598216
409 0.5250619665203047
411 0.7834029123960026
410 0.561756106519734
412 0.18720337202800405
413 0.7378607882919747
414 0.6665974196616387
415 0.8953181229298648
416 0.40933521527210737
418 0.17334674175817189
417 0.8973745499925037
420 0.5457649084925826
419 0.13141353840932174
421 0.8677069759710518
422 0.5813211681684228
425 0.9921986207212984
424 0.3384533332103129
423 0.5199388371190304
426 0.5302540860346686
427 0.43762820884666115
428 0.7833927022310208
430 0.9005042609294437
429 0.7786592523150948
431 0.9664081015081021
432 0.8141974657171782
433 0.9827603274702312
434 0.4369412042530241
435 0.7350181774382688
436 0.26029812990587886
437 0.4503013791982033
438 0.7061273106682877
439 0.8120449043458449
441 0.9954881149165559
440 0.16964447238839322
443 0.4092591897540218
442 0.7667411366129209
444 0.9810995806266819
445 0.5988010786178859
446 0.969914394629784
447 0.986766786631285
448 0.8446987510520325
449 0.892669628042086
450 0.7961868054877054
451 0.40319549145893024
452 0.06394662389126886
454 0.7320270196426476
455 0.6882210349726369
456 0.3034633641226706
453 0.030513213721565968
457 0.8905515389807002
458 0.2531759953642039
459 0.5671647705783807
460 0.026727330674126373
461 0.1266713571818313
462 0.9436950958288426
463 0.9922235068984275
464 0.4209825986781055
465 0.20140475454417245
466 0.8352980532952752
467 0.7914459807408842
468 0.9384160432795987
469 0.8238484398703457
470 0.8294671846767598
471 0.8729251718596884
472 0.9770918955884806
473 0.8840574824536459
474 0.9641547616236784
475 0.9485640048926924
476 0.337657207234756
478 0.9733991468587078
477 0.8634324586185068
480 0.7777003082029155
479 0.6476160206176031
481 0.024696214429256045
482 0.9975781476099084
483 0.6186441755521361
484 0.8615963431788757
485 0.3060585607183656
486 0.649587787143899
487 0.09032749004633038
488 0.6691356306360456
489 0.9977584439982496
490 0.9533916714175954
491 0.9484217500227502
492 0.9767739330778236
493 0.7708465673604673
494 0.965812228560196
495 0.9984396207925598
496 0.3502043133391409
497 0.9052358200810942
498 0.5947889927734057
499 0.7489875751758093
500 0.9810732140474854
501 0.24338643918947625
502 0.6714091928126295
503 0.30229810066401036
504 0.6815212865244865
505 0.3400497851355728
506 0.8745435464201936
507 0.35331840477971144
508 0.4767176663189607
509 0.3749982837459194
510 0.6806126802441153
511 0.4057040582985187
512 0.9419506742005165
513 0.9713216588829384
514 0.945385764329499
515 0.8254653366882213
516 0.9526878537892796
517 0.15759363976668858
518 0.49777391456202097
520 0.273614556922
519 0.8572432992604291
521 0.7813827867322812
522 0.6681590048949732
523 0.6283123000156234
524 0.5313924477964757
525 0.877733394460706
526 0.6116715269861452
527 0.14946985614174263
528 0.9430029283124712
529 0.9683585061069858
530 0.6739072378876644
531 0.1919381825678023
532 0.8936948666511312
533 0.6538818494766144
534 0.9737650364902777
535 0.6704639109159863
536 0.8094605418461208
537 0.3748986272100563
538 0.6862578036692893
539 0.7482254588862963
540 0.8631873173606297
541 0.34012837311809435
542 0.6637603092064752
543 0.8309317371526457
544 0.9119745683659788
545 0.08888854840281327
546 0.4997229693720551
547 0.980533967281488
548 0.688545985596159
549 0.9809453362271467
550 0.5184373426451723
551 0.8474223103336386
552 0.887761595666133
553 0.6507490492655171
554 0.8107984230620807
555 0.9804922185604463
556 0.9879832579060507
557 0.0
558 0.9999890566045275
559 0.999934950020584
560 0.9447456858396196
561 0.9498241022803103
562 0.9982329022308539
563 0.8421667270623497
564 0.9991722262640317
565 0.7917137068221584
566 0.7856214204150386
567 0.9359070110712516
568 0.9835240059724586
569 0.9058606327334416
570 0.20944827747917413
571 0.894790137881242
572 0.7741929781709884
573 0.7801940836193627
574 0.34170615063085313
575 0.17072728338475376
576 0.9871108430839951
577 0.9499839048084111
578 0.9246795876190246
579 0.9749133160355894
580 0.8712517419203407
581 0.17120867084778918
582 0.7620941758695604
583 0.3472139087060772
584 0.9896481565035555
585 0.13910104529635767
586 0.9928947961184901
587 0.8995036221401698
588 0.9979142476945958
589 0.6105475329007233
590 0.03908883527344048
591 0.5090938889768275
592 0.18983516331654177
593 0.9001010193868354
594 0.5615308352209492
595 0.3136962838424711
596 0.0992841151908449
597 0.19483251631305948
598 0.707120463885364
599 0.7518432784141532
600 0.6209371306683594
601 0.04131114020536818
602 0.5393327786866496
603 0.6862554454428247
604 0.6051201515295489
605 0.7105794236395465
606 0.23546690935510148
607 0.8999636535160117
608 0.9475264888615947
609 0.6557900343088012
610 0.9667005761254404
611 0.4961119973301292
612 0.7327454666719873
613 0.37460050724415966
614 0.9580401282370175
615 0.6941305563588297
617 0.7941268673866747
616 0.9132526277295235
618 0.7133553614767449
619 0.5469880997637753
620 0.9303091667548792
621 0.9884537323403153
622 0.957067542248454
623 0.5839319116198581
624 0.36528763103487666
625 0.43842755141118905
626 0.6920163178695378
627 0.0
628 0.6512284576598956
629 0.43399173527983587
630 0.8020592333602267
631 0.6685896817074146
632 0.9994878872914468
633 0.9722267094839306
634 0.9611765398226005
635 0.6203387425661094
636 0.3335324814497397
637 0.9510501672773396
638 0.21662586380200805
639 0.8376141144101715
640 0.9913221379363094
641 0.9026910837167793
642 0.9979792231372205
643 0.8463408156623199
644 0.9816407075492541
645 0.6053835027923409
646 0.45922839728542275
647 0.6621338212572008
648 0.27659709273043165
650 0.9127373161744567
649 0.6830789999050942
651 0.17768938017946964
652 0.7955505689140395
653 0.6776940724501773
654 0.8595399740266012
655 0.9587818993745804
656 0.5620606729409937
657 0.2778180947278795
658 0.9314444458497366
659 0.9066179587352836
660 0.6746750739529863
661 0.14228759196239285
662 0.5466157158042897
663 0.9997797015234368
664 0.21206413135850524
665 0.8415554150497526
666 0.6983078225715413
667 0.4855765121370163
668 0.9959704109753575
669 0.0
670 0.9656074459961965
671 0.5202630255920387
672 0.30367319214451427
673 0.8741806060618973
674 0.9874879801695513
675 0.7760319917691975
676 0.8767015349501844
677 0.8124478763539984
678 0.8070849779708437
679 0.7270255583058106
680 0.7132682960505378
681 0.7786817252466488
682 0.304665964765792
683 0.8479386674301923
684 0.8051672007846994
685 0.537891843144743
686 0.9910085216081507
687 0.9101522382171178
688 0.5050786973546783
689 0.7045126561820051
690 0.043260122885106174
691 0.23433094302644952
692 0.9487903696671991
693 0.005530660061501205
694 0.9491466009601072
695 0.991559271850896
696 0.776507590602517
697 0.7612641120259487
699 0.5879711132800756
698 0.0
700 0.8438373616514947
701 0.5906093811069257
702 0.6096346632417218
703 0.7220373134591117
704 0.5374942884360996
705 0.7149682328952455
706 0.9887382082793299
707 0.865809140088815
708 0.3498796108792629
709 0.8375655102911157
710 0.5225554675159619
711 0.7911606060568269
712 0.76418372932107
713 0.997346729372259
714 0.7303365721132241
715 0.9959081461594304
716 0.6418798065509946
717 0.5190880983383712
718 0.25277931465008385
719 0.9501275230835067
720 0.7648169840887589
721 0.9228104258630951
723 0.10146788388002942
722 0.6323139518966372
724 0.982636305188681
725 0.09086021268950435
726 0.9979528572459809
727 0.9992239310446531
728 0.9008351151190076
729 1.0
730 0.6526469717999374
731 0.7488065569094483
732 0.6377324245510338
733 0.7784105990181384
734 0.5484482073348084
735 0.8074845401046931
736 0.981062899051005
737 0.6219341203334493
738 0.7072345810512639
739 0.337677875122889
740 0.8118962852407989
741 0.8895299784954996
742 0.9963759416374199
743 0.15389390755681287
744 0.9956057547007894
745 0.5257501609986763
746 0.8384223629715353
747 0.6290205723323328
748 0.06839103386260253
749 0.5936075341107108
750 0.5041805329958025
751 0.6158491805908932
752 0.6472826784053327
753 0.37317356053856704
754 0.09704971426171587
755 0.7454513095695011
756 0.5222990052766849
757 0.9492822885381719
758 0.4036615865835408
759 0.9929503762082773
760 0.5722145733147096
761 0.0
762 0.4676189630125188
763 0.9198512976930224
764 0.6038817662406868
765 0.7966480866678777
766 0.862724444775052
767 0.2802896162980358
768 0.8864971867358535
769 0.9592441460192465
770 0.7690337382408912
771 0.9281390554501673
772 0.798755590373011
773 0.012286114125324626
774 0.5716425921208094
775 0.7054506926145335
776 0.8091631264068048
777 0.8165396210158916
779 0.7144709228386752
778 0.826567094934829
780 0.7048554346469714
781 0.6062860294166047
782 0.6929175813014233
783 0.9577919626206223
784 0.8268624660557022
785 0.7887615245774776
786 0.840002774743585
787 0.41511573786636907
788 0.84263896297042
789 0.7304509909289832
790 0.6128489661987311
791 0.07180112286315703
792 0.5276212420532205
793 0.3061133065942968
794 0.0025479421767694373
795 0.9886232232495018
796 0.6055516460006357
797 0.03714265756121357
799 7.641790789510892E-4
798 0.7199746797509268
800 0.7368477937495289
801 0.8162612202668779
802 0.9051543110592689
803 0.70416490065819
804 0.7530390649373021
805 0.9109506733964222
806 0.798431379017603
807 0.9056297891034788
808 0.8006872941837032
809 0.31184314051321205
810 0.9635593918719256
811 0.7453320357529886
812 0.47944476043459805
814 0.7603784463812945
813 0.7449019508371707
815 0.8750927041482824
816 0.5404800095587045
817 0.6373949614215125
818 0.7301983705008014
819 0.509278480404723
820 0.0610381482770234
821 0.12971157991962132
822 0.996701422620176
823 0.9089798589844532
824 0.7195567805672295
825 0.0
826 0.9411535095425128
827 0.6042131072938066
828 0.4360418004755007
829 0.7725597723626192
830 0.5683018792243266
831 0.7553315013023943
832 0.715513214016161
833 0.9034833686757541
834 0.6452911555348219
835 0.2538725730185313
837 0.9847311384708622
836 0.2208094708998402
839 0.4315633292195708
838 0.71603244238692
840 0.8370677344327535
841 0.7024056011552904
842 0.9303211292338466
843 0.605799325197087
844 0.29953569851148043
845 0.6444326179007696
846 0.664271795028787
847 0.35468404038876816
848 0.8594793642282539
849 0.18109863705720575
850 0.5185684150251365
851 0.8579307894874345
852 0.6793751854226209
853 0.18002113586747337
854 0.9503278038470875
855 0.8762093367532808
856 0.4956086843273185
857 0.7991052324794355
858 0.40591523688748954
859 0.2660011497897745
860 0.4279358078690114
861 0.6153712150701969
862 0.5043098155196846
863 0.7220389357640415
864 0.9125252013552615
865 0.8748076786631407
866 0.7075086103525445
867 0.736354244410698
868 0.8991304239693235
869 0.6525321419879683
870 0.7501071366631741
872 0.9954017192379305
871 0.8572288340353951
874 0.8080862298635434
873 0.9372947161992998
875 0.8911928311608379
876 0.4049562918419706
877 0.7351268819773469
878 0.8346464425467465
879 0.12823250426290186
880 0.8557104999892091
881 0.3009434616519932
882 0.9312593965902859
883 0.8758094586958801
884 0.6980844027314639
885 0.6099989224707171
886 0.6524530870385764
887 0.7185300285551586
888 0.9173147546424016
889 0.37543359435100465
890 0.6485661313815497
891 0.5909546982225682
892 0.7412180294850296
893 0.7766961993392766
896 0.6220043324056
894 0.6843952312231013
895 0.9644197594937455
897 0.9884047709950899
899 0.8324156295284444
898 0.9096215706590913
900 0.11040687578596228
901 0.9341764925420718
902 0.20028903951602817
903 0.33513393958840176
904 0.5872934453050442
905 0.999420520892729
906 0.9758847600516738
908 0.7528692552861256
907 0.5045154609664274
909 0.9858991840090272
910 0.5052828199742356
911 0.232575995590109
912 0.970086787342386
913 0.38142049387860166
914 0.9412321390419434
915 0.9982246098027322
916 0.5539695144430931
917 0.7079414280778242
918 0.857351081294934
919 0.6679757621125325
920 0.24682280512084065
921 0.9987877882219802
922 0.45687616201998577
923 0.6180814887989057
924 0.4766737599404912
925 0.9853789902697132
926 0.5419921796405284
927 0.815919576892722
928 0.9088604291324422
929 0.14184960396204505
930 0.8902239982370959
931 0.3930930259734306
932 0.7406966327620536
933 0.917117021679471
934 0.877995630560117
935 0.5589188345210562
936 0.8270547066848792
937 0.913647778271008
939 0.8237517376112563
938 0.8018730175940169
940 0.09540399696680316
941 0.515787230446792
942 0.5674267607564346
943 0.45515749754360474
944 0.0
945 0.6657745972794518
946 0.6099544076914135
947 0.062225153263552394
948 0.8523090239521381
949 0.7958282098463779
950 0.3813707509910036
951 0.04546077519712372
952 0.1112667492287154
953 0.9422436386331559
954 0.5347583612005188
955 0.14926907194662387
956 0.7298954604618703
957 0.667128002058276
958 0.4832382252432077
959 0.9815074429776193
960 0.9520529378286415
961 0.8958762459315619
962 0.25533365860028984
964 0.7942334470734811
963 0.7906128482457762
965 0.1473766599485563
966 0.320823567566608
967 0.44507017202441185
968 0.8952159345313346
969 0.8983442092340493
970 0.8439171409031343
971 0.26124393558637776
972 0.15187624940770167
973 0.9597259041893045
974 0.952855608027946
975 0.26722829543546267
977 0.620291798269414
976 0.9907092452331799
978 0.37205499511404544
979 0.6016251728108513
980 0.8285370459129116
981 0.9165609976359695
982 0.8067217510598748
983 0.49144173105968
984 0.6897481762591311
985 0.7811041694492967
986 0.8945437221454077
987 0.36623108904393725
988 0.6558448704758363
990 0.7681585246151326
989 0.2826582780943859
991 0.4383648030096106
992 0.9780607909271793
993 0.631110639580295
994 0.8620539426277222
996 0.6178831055131699
995 0.8732208544871568
997 0.3245003198451201
998 0.6123948293410723
999 0.9843423892410254
1000 0.8343724312907748
1002 0.7790040071407233
1001 0.7388709272737574
1003 0.4039939614007297
1004 0.45903721472154
1005 0.3871647071011232
1006 0.06613140355373538
1007 0.7645081236710218
1008 0.37943637638737604
1009 0.5010500346506587
1010 0.7115463846983897
1011 0.3521582783923723
1012 0.7121200233090774
1013 0.046217512391259215
1014 0.50582461054639
1015 0.9298381305782959
1016 0.35839849067345175
1017 0.9590737304562615
1018 0.603863238540674
1020 0.7841729841009997
1019 0.5022311916932294
1021 0.585114738309871
1022 0.8509016642207465
1023 0.6285046021253182
1024 0.4132109806048055
1025 0.9546873356844553
1028 0.4737848232865734
1026 0.9065114607022686
1027 0.9975425112355951
1029 0.9610634850134103
1030 0.8754146123631589
1031 0.43571701535676394
1032 0.8863492924070732
1033 0.748398400553425
1034 0.8493339960712756
1035 0.9298239844320871
1036 0.7136275811718562
1037 0.854382615655204
1038 0.5267393734856596
1039 0.6362134349058977
1040 0.7746693744284243
1041 0.21283307130782242
1042 0.935227416806146
1043 0.8786328690467554
1044 0.32280815442020994
1045 0.8313197741107399
1046 0.5194135234412618
1047 0.9894736115931185
1048 0.5377443585919521
1049 0.21405460809468715
1050 0.10674058789662828
1051 0.6224741475447021
1053 0.7454922593093352
1052 0.24277741836407848
1054 0.604566300530547
1055 0.6234609683264151
1056 0.407864800404582
1058 0.7106080009997074
1057 0.8187203635139239
1059 0.9997850521423208
1060 0.9352841036108416
1061 0.6267495088470577
1062 0.26559200543247113
1063 0.8634979245374746
1064 0.8970275897618982
1065 0.8471424830245902
1066 0.502779249861226
1067 0.9797788465876869
1068 0.6841293079945028
1071 0.40416973411173107
1070 0.6423332485166274
1069 0.4793331617770791
1072 0.6504119983113181
1073 0.6830285364712699
1074 0.9709479465103615
1075 0.9286365446667373
1076 0.3866470363892799
1077 0.8883214892606882
1078 0.9931531570611165
1079 0.6235672832755902
1080 0.3147182301736206
1082 0.414028329505347
1083 0.8152716284441077
1084 0.9040923381611055
1081 0.8639713361580035
1085 0.9262787706898743
1086 0.9936156499644693
1087 0.8816935886893424
1088 0.887805636931246
1089 0.9470949771470443
1090 0.3627315811293712
1091 0.8776210090074462
1092 0.7854450607348696
1093 0.8401595080139413
1094 0.8359757250431242
1095 0.16643215362670324
1096 0.5646157991765719
1097 0.5030907406024282
1098 0.6411849586350838
1099 0.6951569615339072
1100 0.8565785022721214
1101 0.3024043782759471
1102 0.6476339983816556
1103 0.25566847382173225
1104 0.5553201909848268
1105 0.9840376716101497
1106 0.9881768285268097
1107 0.04673901482971599
1108 0.17874593553841997
1109 0.733751046025153
1110 0.3242310120617924
1111 0.39657205014768937
1112 0.48946327330268724
1113 0.7281448252578668
1114 0.6788065243093817
1116 0.8193999694239892
1115 0.827541433721746
1117 0.7236058245302226
1118 0.46856923963290364
1119 0.4216008193423462
1120 0.9963037346465741
1121 0.8089143680437514
1122 0.9955823201375804
1123 0.3378944758038718
1124 0.6926067958756877
1125 0.1507824442813341
1126 0.7980413262433683
1127 0.9254026425047606
1128 0.1302786587044448
1129 0.3015877032791253
1130 0.8257560576081476
1131 0.743870349050478
1132 0.995764494731873
1133 0.8552129858040354
1134 0.7563644096729069
1135 0.917312214535695
1136 0.6112468010039436
1137 0.8121402854419085
1138 0.7591808865542824
1139 0.687393251098977
1140 0.8771131863337314
1142 0.9435072440612582
1141 0.9612255625148586
1143 0.8503072703366003
1144 0.43761245915577124
1145 0.8343318790412726
1147 0.5616125250795095
1148 0.8913997573029003
1146 0.4105769755033935
1149 0.6783882525387318
1150 0.8655033919095999
1151 0.15677765328185073
1152 0.8494769587314696
1153 0.13315895736748523
1154 0.5112302546803908
1155 0.720690133702783
1158 0.7613809410138067
1156 0.8766613269162266
1157 0.9806921182806406
1160 0.7310882256502558
1159 0.536384872819931
1162 0.718907575079256
1161 0.6505427795036778
1165 0.6424470363345073
1166 0.49704584644052124
1163 0.6357065798773007
1164 0.6725414242691331
1167 0.7003372250429855
1168 0.8742981957382399
1172 0.9941894558348437
1173 0.6925643919642279
1169 0.7482413584428403
1170 0.6977890129798051
1171 0.9694219205356768
1174 0.5601509361014593
1179 0.27314649898226845
1178 0.42445863021660785
1176 0.9074158818126308
1177 0.16078275807597397
1180 0.647484741335892
1175 0.546184284745884
1184 0.7540262723161584
1183 0.8284673697624835
1181 0.5187618809660619
1182 0.8842049892960008
1185 0.618390960454857
1186 0.8749134679860519
1187 0.5948294962170773
1188 0.9375496922439365
1192 0.21245676791600107
1189 0.32820170301625695
1190 0.053442465333706425
1191 0.6134547394296338
1193 0.9661061320037962
1194 0.6461611516966377
1195 0.28951386406217094
1196 0.3075170913168805
1198 0.5206012513654733
1197 0.8547023695899146
1199 0.9156111152137886
1200 0.1140670186403801
1201 0.9971785955236877
1202 0.7642054410229437
1203 0.7182672365793131
1204 0.41225674389124867
1205 0.9653479776962166
1206 0.5070629946469906
1207 0.20033391200223927
1208 0.9200037678953954
1210 0.9878852451492651
1209 0.8750067694763132
1211 0.8548740749439967
1212 0.7297505667387153
1213 0.9088122922393232
1214 0.9599899223244615
1215 0.7791312881264112
1216 0.5199851856678207
1217 0.10108406099749771
1218 0.578443680393871
1219 0.7637524093043481
1220 0.4265556558529162
1221 0.3619786887286931
1222 0.32929154459227417
1223 0.688600017617931
1224 0.8316867101686073
1225 0.7695715511741859
1226 0.8378560707530959
1228 0.9301914521264691
1227 0.30265156827188905
1230 0.6259164499492383
1229 0.00446819744361644
1231 0.5401192056850478
1232 0.8082659926637532
1233 0.716417311524082
1234 0.7812698798090052
1235 0.32577484751316815
1236 0.7989519536617152
1237 0.6503210227633894
1238 0.41904943100072095
1239 0.6389084542566633
1240 0.5621877523921953
1241 0.8125491775044152
1242 0.6761573672384944
1244 0.42429811950996627
1243 0.689030950159079
1245 0.6042412414124742
1246 0.8990698333100849
1247 0.9031961403848786
1248 0.58692538686315
1249 0.9038861977959596
1250 0.09971523397901522
1251 0.14958999736251255
1252 0.7785320548758059
1253 0.7159364026237529
1254 0.8545337926119958
1255 0.2332672687625303
1256 0.5833782585277848
1257 0.8677976216769167
1258 0.6409920244771181
1260 0.7689218469279475
1261 0.2733007413991921
1259 0.35916637998206974
1262 0.5701969362740632
1265 0.6997128480756715
1263 0.9469706344991387
1264 0.5838810921897062
1266 0.18454384585812408
1267 0.9478162349698946
1269 0.8094634287944683
1268 0.9916193103313907
1271 1.0
1270 0.5771743063387228
1272 0.9990709213126409
1273 0.288127854427217
1274 0.7678549892254236
1275 0.9223998889148666
1276 0.634524636663824
1277 0.019003030644396072
1278 0.8485216326775367
1279 0.894030600367481
1280 0.8892334683997486
1281 0.7941020751442186
1282 0.9519289458470739
1283 0.9550496676377578
1284 0.9946424239004131
1285 0.948832791787053
1286 0.6790716555806754
1287 0.7393839696300638
1289 0.6704671958593369
1288 0.4289231021855133
1290 0.8826866935132913
1291 0.666883148087033
1292 0.9574295455848382
1293 0.7374460803681668
1294 0.35734376190375144
1295 0.3678679225173694
1296 0.35060152396910527
1297 0.09745189214470637
1298 0.09786760578138605
1299 0.19693460008839805
1300 0.946461453836096
1301 0.25965722120770496
1302 0.40332994136445244
1303 0.9916495184654153
1304 0.747674043675654
1305 0.9795211907702288
1306 0.4831558592869381
1308 0.8030728159516858
1307 0.4358378804902361
1309 0.8907145666102172
1310 0.6397136986181696
1311 0.35764019317496276
1312 0.8336510624531888
1313 0.9856706000052374
1314 0.27016586416809535
1315 0.45140308381871963
1316 0.21916789906092493
1318 0.9014562115934308
1317 0.04245160109129641
1319 0.6191358254393754
1320 0.6139938953707405
1321 0.6400009080940319
1322 0.9843636836952302
1323 0.35794773925615586
1324 0.6693551645831025
1325 0.8865931296301195
1326 0.9184520388389686
1327 0.9829806985843668
1328 0.746408955353498
1329 0.5125901153223997
1330 0.8734439753422512
1331 0.8049296229920311
1332 0.04622298580390227
1333 0.8879449776569496
1334 0.9120582304935655
1335 0.9441545088532172
1336 0.6789975042710978
1337 0.40829890512209494
1338 0.5885353085959103
1339 0.47534181176569734
1340 0.6660657277269781
1341 0.8473246762794404
1342 0.6918956203040725
1343 0.6734947973879865
1344 0.5435274669247149
1345 0.9738104753564739
1346 0.8915421293739866
1348 0.849022026070526
1347 0.9035820858289982
1349 0.7168038029298184
1350 0.4128981211093559
1351 0.8219234248356966
1352 0.5877987061891541
1353 0.6026092778332601
1354 0.6845466594349361
1355 0.9740244049686111
1356 0.8077757555483414
1357 0.854210559428069
1358 0.9329739830443299
1359 0.9338761758905287
1360 0.9371466627829739
1361 0.9914400940614715
1362 0.9694779663562213
1363 0.9932966355094549
1364 0.7327701853416251
1365 0.05260250538479953
1366 0.9975150574899987
1367 0.9994021346456972
1368 0.5012595614620527
1369 0.9226424589193668
1370 0.8025321332588501
1371 0.8695677147522416
1372 0.08232381489960411
1373 0.8688610911657498
1374 0.7695036720820801
1375 0.7353178405543853
1376 0.7914206478682387
1377 0.16174721356557464
1378 0.9770714343909271
1379 0.9962026311944718
1380 0.11878752787311983
1381 0.9693546623534389
1382 0.7540435997602825
1383 0.5194936382580678
1384 0.0999605656766662
1385 0.46076873516892874
1386 0.9536790448366281
1387 0.38046286950446295
1388 0.4660190914833939
1389 0.5294419391504495
1390 0.8335244678033117
1391 0.8290567252420821
1392 0.6508417413825225
1393 0.9853027699981954
1394 0.9870588208918212
1395 0.0
1396 0.7206371774928471
1397 0.2259746046363082
1398 0.9065591009815336
1399 1.0
1400 0.542737289224679
1401 0.6560695581660306
1402 0.8730988667282851
1403 0.6693848242999684
1404 0.7695231341974312
1405 0.530602020148239
1406 0.4943275237091812
1407 0.32740913040544506
1408 0.768120977809359
1409 0.7275297537683575
1410 0.5619193392628886
1411 0.060530308634302046
1412 0.7635793639714197
1413 0.9295853578013744
1414 0.7365093745456335
1415 0.9288444022175357
1416 0.7124803128918319
1417 0.6335957638858967
1418 0.3586632618152256
1419 0.8292640124260372
1420 0.03685942050488577
1421 0.3539516021205891
1422 0.5583315172795814
1423 0.05417562116780002
1424 0.4600526848617253
1425 0.568820732263132
1426 0.9577520542923551
1427 0.9260525067302652
1428 0.8936303249664296
1429 0.49835579729984647
1430 0.612232290801096
1431 0.5134088409534152
1432 0.7689554232715592
1433 0.6079517175420934
1434 0.6523798665465823
1436 0.5737641666204677
1435 0.5298817448443411
1437 0.6815371941344475
1438 0.7007355454972204
1439 0.9734584593107559
1440 0.4815460965436169
1441 0.5118201201349243
1442 0.7880398969523309
1443 0.5659668186037328
1444 0.8273745298339923
1445 0.5627491845941068
1446 0.5720756838400087
1448 0.7299278982475775
1447 0.681488825289607
1449 0.9054883219346892
1450 0.9212660195311361
1451 0.4252208161442959
1452 0.9753443984769732
1453 0.8738099466513642
1454 0.8676455855162046
1455 0.2511422658768905
1456 0.4296288985078758
1457 0.742825510808195
1458 0.4869725580033514
1459 0.8257970886706127
1460 0.9917033124830136
1461 0.6847031683239897
1462 0.5681432270255847
1463 0.6383962838146199
1464 0.7736585221285159
1465 0.716319111025407
1466 0.5932618417653547
1467 0.7685092880305424
1468 0.6912685193825182
1469 0.8966410012844519
1470 0.4635073390277672
1471 0.46429422470195464
1472 0.6141203554850977
1474 0.9103440785594966
1473 0.11422703194054691
1475 0.18084364863883534
1476 0.763311919370481
1477 0.30999660040757393
1478 0.40859929403820894
1479 0.8695054481952069
1480 0.46102229138285555
1481 0.816088352749917
1482 0.6976358350929184
1484 0.7174490245685251
1483 0.8418149783103395
1485 0.5048223459722176
1486 0.5594818297161962
1487 0.7541277865879871
1488 0.5474139618490823
1489 0.6456306700345189
1490 0.7429332141243402
1491 0.04443578638665319
1492 0.7396453354126166
1493 0.8456262783257942
1494 0.5757279141936273
1495 0.7728925822210759
1496 0.7606205508030955
1497 0.7892088059654534
1498 0.8401689554633012
1499 0.6306503132719085
1500 0.7432983792807116
1502 0.7446039845572351
1501 0.6678654598496435
1503 0.9852806747941317
1504 0.4635082946511217
1505 0.852552099255764
1506 0.6747964423511577
1507 0.8874687088520773
1508 0.7111648387593477
1509 0.880910935793616
1510 0.7609569503760277
1511 0.28833990623610295
1512 0.21142225221844685
1513 0.9448862872739411
1514 0.793581892510487
1515 0.197847590405493
1516 0.292883282403391
1517 0.8399849754796788
1518 0.8818090505897436
1519 0.7243579639601356
1520 0.5908759908842494
1521 0.4658502273062705
1522 0.7222405508088291
1523 0.9425334194508677
1524 0.6218996955281906
1525 0.5604374883864767
1526 0.8483402577999435
1527 0.5913673784270846
1528 0.8838898674337108
1529 0.6463263748470964
1530 0.4105892461387563
1531 0.6771241646994736
1532 0.28795873585320364
1533 0.6345874362657522
1534 0.9245105114915451
1535 0.6920581667974427
1536 0.6882092040854398
1537 0.806298128983536
1539 0.48981528138324987
1538 0.8152972700170237
1540 0.8163113342279961
1541 0.9430929568430042
1542 0.8902396394398733
1543 0.9935335535987108
1544 0.9870727666383387
1545 0.8495098344461113
1546 0.5498206071236837
1547 0.6345712112453269
1548 0.23247239492660549
1549 0.812871476479197
1550 0.9765485175059692
1551 0.8179672288404904
1552 0.9894111767603928
1553 0.9965182211822434
1554 0.9471897158926444
1555 0.41545931080274673
1556 0.9855191822274696
1557 0.4313343699512691
1558 0.8864181085805005
1559 0.6942131534974136
1560 0.31177875866776017
1561 0.09964881179152094
1562 0.11493804450344162
1563 0.8485385088754493
1564 0.9947722704152218
1565 0.2844147039462266
1566 0.9975919528376315
1567 0.9287903590478289
1568 0.7540112791790703
1569 0.053890714949256624
1570 0.9930933773833198
1571 0.7322513271659097
1572 0.870658036436896
1573 0.7285984034639927
1575 0.6937704675055186
1574 0.6345329307139874
1576 0.9481830731625001
1577 0.9402957636626349
1578 0.9791495448478663
1579 0.8933090389384962
1580 0.9964153181857685
1582 0.6869904728912446
1581 0.42597954991584464
1584 0.5577395376983493
1583 0.4946209266733206
1586 0.9107317663079258
1585 0.7819633587049789
1587 0.9658907913757591
1588 0.7797927688941124
1589 0.5450879143788262
1590 0.882443297841107
1591 0.5202782782948916
1592 0.8774207843063033
1593 0.8304472405724531
1594 0.10782252944906326
1596 0.7647396871039966
1595 0.9431657818653185
1597 0.8217911889325005
1598 0.3680470065999325
1599 0.8507814248942224
1600 0.6742506663819168
1601 0.771562928372734
1602 0.9113107345000757
1603 0.2680867984462454
1604 0.9661628017454972
1605 0.9858657995783083
1606 0.9012091957276223
1607 0.9816081720932034
1608 0.8032884927106955
1609 0.3320308720350388
1611 0.5052797649003143
1610 0.7594795304752301
1612 0.7890390553227195
1613 0.2531775039745572
1615 0.7009376315458835
1614 0.978453796208946
1616 0.25738951983332375
1617 0.9541502066144046
1618 0.23467831655803723
1619 0.5752555496945254
1620 0.2531043562806172
1621 0.3562032075173107
1622 0.4108027152337343
1623 0.4859774933032388
1624 0.531463514943861
1625 0.7258234860378102
1626 0.9029120751875517
1627 0.7135084231314828
1628 0.5908440551986822
1629 0.4907355246892374
1630 0.7670568018493081
1631 0.7341454800214826
1632 0.794966995384222
1633 0.6925453118323966
1635 0.3672707377731778
1634 0.9938172015667015
1636 0.9981165728967754
1637 0.8548359313940141
1638 0.9713212942305699
1639 0.7328670675636436
1640 0.898358225951496
1641 0.5256132636217934
1642 0.3534969281671386
1643 0.5500322612055556
1644 0.5435655084642198
1645 0.13393588652379787
1646 0.7366065268296538
1647 0.746857970208128
1648 0.8320419493993203
1649 0.7777436574590987
1650 0.9997324205310407
1651 0.7543547699426016
1652 0.3526243345938795
1653 0.37205678485482324
1654 0.5398849423661893
1655 0.08287422739323357
1656 0.6278264016732935
1657 1.0
1658 0.991606791802762
1659 0.8085463420650824
1660 0.8275464236940082
1661 0.11712250686918615
1662 0.7897664801583072
1663 1.0
1664 0.3913545288369454
1665 0.6808072001150434
1666 0.9031572670199474
1667 0.7749021145003222
1668 0.8246575209464325
1669 0.8505492275688457
1670 0.9434592787355346
1672 0.837999875015812
1671 0.978679081283718
1673 0.6105901128434921
1674 0.963339525875985
1675 0.8558076854247394
1676 0.8470223066321277
1677 0.9854158373306753
1678 0.9321512782647735
1679 0.52652540632584
1680 0.903678534681214
1681 0.796097505735896
1682 0.4267403155472172
1683 0.22437460772594947
1684 0.6748110005447353
1685 0.4468382926305827
1686 0.6151674568765809
1687 0.5179941190654094
1689 0.9394330285343525
1688 0.7070390137722168
1690 0.7786903762118151
1692 0.8265796198652964
1691 0.9736450094156266
1693 0.6893582348510565
1694 0.572185295386169
1695 0.7236219948147224
1696 0.5759940037417952
1697 0.46005966182675445
1699 0.9777402573436258
1698 0.24709410985634445
1701 0.47981668788740384
1700 0.8778740836142256
1702 0.7137898729067328
1703 0.7574584365228524
1704 0.34801487572932455
1705 0.15497620890186944
1706 0.9506775255413082
1707 0.6973250720493976
1708 0.7933739949230553
1709 0.9964944426900241
1710 0.7233603639326477
1711 0.6297175813122218
1712 0.40138431560039445
1714 0.9290394480449552
1713 0.8874043307791477
1715 0.8735925659108748
1716 0.9933539673429098
1717 0.7666579314437663
1718 0.5572885362083582
1719 0.5459729052936347
1720 0.5701948515731738
1721 0.2041549712981022
1723 0.9200881912409836
1724 0.5469058067130976
1722 0.8630306636377009
1726 0.9774014272745795
1725 0.35628786000193063
1727 0.6142753712902116
1728 0.48051889017929483
1729 0.7893113942331303
1730 0.70236422302835
1731 0.3149914046599175
1732 0.9047368789767667
1734 0.7646278090732187
1733 0.12979660217450106
1736 0.6794993235264289
1735 0.7642886212067848
1738 0.4843201879160707
1737 0.5924816532271376
1739 0.627599073717598
1740 0.5452826558725894
1741 0.6712960835962494
1742 0.6827139528835905
1743 0.9935744387966
1744 0.9058165350341078
1745 0.801008423858215
1746 0.9230266791676306
1747 0.6940988927230374
1748 0.2867757616748214
1749 0.9018316005353407
1750 0.6404136192025326
1751 0.36501431749048535
1752 0.8582449093438208
1753 0.5421098262582921
1754 0.7403362174224157
1755 0.6348420531014584
1756 0.7069130583798892
1757 0.746735592505513
1758 0.7831247879241733
1759 0.9285174327209301
1760 0.6959719358908962
1761 0.9823446135165521
1762 0.998802570564048
1763 0.32868015472243306
1764 0.29259660818745464
1765 0.8915114428243103
1766 0.8863963776238575
1767 0.8542326746116109
1768 0.4361174515464766
1769 0.6171254646810898
1770 0.8040529769734198
1771 0.6443367967496161
1772 0.5483786439428298
1774 0.661239219825344
1773 0.7030712204078652
1775 0.857969815768045
1776 0.8389029850662096
1777 0.9882256214777977
1779 0.8506738779083346
1778 0.7981003408044776
1780 0.9926107171750012
1781 0.3958927487496039
1782 0.4728763945431574
1783 0.9550807028310139
1784 0.8813917464785807
1785 0.8953866603410603
1786 0.7706621505819885
1787 0.9586552608511414
1788 0.8914461794828675
1789 0.25592314225853724
1790 0.0
1791 0.6308262551573773
1792 0.33833732376801023
1793 0.8637642095739411
1794 0.9108941346710064
1795 0.8829741574435462
1796 0.6811110437329209
1797 0.9594675308507243
1799 0.6724698183130603
1798 0.9760980536371111
1800 0.9647753248146573
1801 0.3123422637290056
1802 0.9862144432955255
1803 0.7537507012834237
1804 0.9905214217602897
1805 0.5869490484736853
1806 0.568827203655927
1807 0.8206891507164533
1808 0.08348749932208764
1809 0.4082525180389938
1811 0.9928601712036055
1810 0.9960328608466797
1813 0.05066369859727303
1814 0.35006769292635814
1812 0.8250690436950534
1815 0.7945350170429528
1816 0.3382810889278994
1817 0.6845521691877802
1818 0.5965348895201912
1819 0.9888645932187914
1820 0.6381284652671962
1821 0.48220933759500306
1822 0.7255070845168105
1823 1.0
1824 0.21740563051705653
1825 0.8681632219704415
1826 0.08601437883274823
1827 0.4467033381573136
1828 0.9615676443626119
1829 0.9876932248353196
1830 0.48689934289379183
1831 0.6246749703784704
1832 0.9631101004905767
1833 0.7515409936334916
1834 0.8659291549025739
1835 0.8877975700876178
1836 0.42511969484735435
1837 0.4158205022996709
1838 0.6024437655603325
1839 0.7705270821905065
1840 0.8186063516413845
1843 0.6998022302734713
1841 0.9346635162013112
1842 0.21960678898539449
1844 0.44834075241142357
1845 0.6286102194148502
1846 0.6776055789786034
1847 0.4641113859947697
1848 0.9384582951934798
1849 0.6673141088506517
1850 0.6502170397731684
1851 0.7206603299111906
1852 0.9724490693476585
1853 0.7757244613809349
1855 0.7018813176323289
1854 0.8664727980865747
1857 0.8767136596116704
1856 0.24039647791603144
1858 0.6611552070430263
1859 0.5290021055768016
1860 0.9325484520753544
1861 0.3344233713868773
1862 0.35503378989250295
1863 0.8526655795254171
1864 0.8702885008562057
1866 0.07416072729605391
1865 0.7659589599059815
1867 0.48662713807046515
1868 0.989605523388629
1869 0.4177562808569312
1871 0.9108647034744497
1870 0.7586470378850556
1872 0.9800242720752761
1873 0.9218830739510424
1874 0.8943555267781151
1875 1.0
1876 0.8262944636878117
1877 0.8621271709576311
1878 0.8969085589211184
1879 0.9263212753828403
1880 0.8694936591120384
1883 0.879507250620815
1881 0.8396327633084508
1882 0.8344538644344235
1884 0.8366935176496307
1885 0.607039260694189
1886 0.8309093668418168
1887 0.9971341178268008
1888 0.9633465587266304
1889 0.12043896200683261
1890 0.859758266691072
1891 0.7640398934679755
1892 0.9979607320006858
1893 0.19811511179647373
1894 0.9799739699570157
1895 0.3630064546745914
1896 0.7798804122762217
1897 0.7753049808358008
1898 0.9206648708415943
1899 0.6432417127506759
1900 0.7732557385390307
1901 0.9349345136743752
1902 0.621573429902268
1903 0.9281615925822447
1904 0.7741380494686898
1905 0.9587036423361699
1906 0.8979012558070706
1907 0.6675927510534805
1909 0.2888074461476235
1908 0.9912854941846646
1910 0.9959031893621355
1911 0.990552883193367
1912 0.7062651476435318
1913 0.02768531495527883
1915 0.22639904962508925
1914 0.8321541334591661
1916 0.9728688703651206
1917 0.6248204628015466
1919 0.7979641810356263
1918 0.8771510120321248
1921 0.7534255737977446
1920 0.9915587333537907
1922 0.8102231820488497
1923 0.7584396136514807
1925 0.9016055568091529
1926 0.920726616329909
1927 0.9917148794944
1928 0.9454277039699964
1924 0.77402967585411
1929 0.8455383834456899
1931 0.9415920143291575
1932 0.7370624506323312
1930 0.9984009230502037
1933 0.6095618166884001
1934 0.8302384374860421
1936 0.9132280950035881
1935 0.6431637931234686
1937 0.967977066893108
1938 0.108142241138002
1939 0.7560793340029783
1940 0.784583041555438
1941 0.9353593629945239
1942 0.1962741652916959
1944 0.8539335412017639
1943 0.3188363310937553
1945 0.11443816747833273
1946 0.9889466488149352
1947 0.6670321553374112
1948 0.6232115520989966
1949 0.9755661973131128
1950 0.8331138969711944
1951 0.6679134059374151
1952 0.964228417567167
1953 1.0
1954 0.9690447212467461
1955 0.8600463625466755
1956 0.5753623983755117
1957 0.8707415149352667
1958 0.2053288834376341
1959 0.50290543633053
1960 0.7588821850554337
1961 0.6129505700381056
1962 0.6203179675662139
1963 0.638742348019435
1964 0.8784962531057522
1965 0.6764529062897665
1966 0.4004400986795014
1967 0.9447350031458324
1968 0.43242572482568165
1969 0.865691271547351
1971 0.019645185654706472
1970 0.07257189245560713
1972 0.6495463731142601
1973 0.7603356740467377
1974 0.17313195467410392
1975 0.7614051433900103
1976 0.5399225446241412
1977 0.7788988536309854
1978 0.7815683171831952
1979 0.7346247290563266
1980 0.056141656715870576
1981 0.4199297376056339
1982 0.10541112792517979
1983 0.24493282640999794
1984 0.572020082423848
1985 0.9921877064414514
1986 0.4072814227449471
1987 0.22223462865067034
1988 0.9825918678366317
1989 0.75620418300169
1990 0.7333326833512729
1991 0.9719765250341706
1992 0.6383793419184038
1993 0.6511908368646816
1994 0.7652418202228751
1995 0.3649202425197296
1996 0.9896549913323197
1997 0.616792700680245
1998 0.2040443231259739
1999 0.9855633518393208
2000 0.8340010644699164
2001 0.9907652030512032
2002 0.29987863293259714
2004 0.48100315622895706
2003 0.6542469430745623
2005 0.8094068606352373
2006 0.6488127760155363
2007 0.9017942567523383
2008 0.42189324080470586
2009 0.7610924478180292
2010 0.7296268995050701
2011 0.9525690766829545
2012 0.9233600003387973
2013 0.3588500738332462
2014 0.5302136716749016
2015 0.6823011038672555
2016 0.09189033076305556
2017 0.3845033429709986
2018 0.8043863290523362
2019 0.7922724443607936
2020 0.86581475320697
2021 0.8688795636598982
2022 0.5827468435834133
2023 0.8045156313851096
2024 0.813009888846878
2025 0.8864190558070147
2026 0.7555219645541624
2027 0.7251872127551311
2028 0.7791209218787133
2029 0.9205922656466698
2030 0.8761959541633411
2031 0.6280054421799796
2033 0.22321042021380236
2032 0.10571101781353134
2034 0.0721960101159579
2035 1.4962482703878931E-5
2036 0.5398067627588282
2037 0.7306275757947667
2038 0.25128430584357664
2039 0.5434204027824482
2040 0.693305117920512
2041 0.7238187570557852
2042 0.5234384195146808
2043 0.7283693642311215
2044 0.6513647541063621
2045 0.71108018906784
2046 1.0
2048 0.6265927523116058
2047 0.8954273132146995
2049 0.9956716253015587
2050 0.661516657060412
2051 0.9964079171705197
2052 0.16893071550912356
2053 0.3473360163026162
2054 0.9092903073410119
2055 0.8730215622403156
2056 0.9440852315507086
2057 0.9992893727056419
2059 0.9851215512210971
2058 0.6599431236741962
2060 0.63906597603941
2061 0.37077200834902957
2062 0.9003550176290186
2063 0.4682309016396276
2064 0.934420034308235
2065 0.39826793546859773
2066 0.6123817975677706
2067 0.9763387085779639
2068 0.5816401256388252
2069 0.7867623295747198
2070 0.8631612897423457
2071 0.5575258265672299
2072 0.9752623136488698
2073 0.7542594862620858
2074 0.7607691806031874
2075 0.6444285752613971
2076 0.9287454487048411
2077 0.6350597541589124
2078 0.9288984637095531
2079 0.8822043660281137
2080 0.8844388440019413
2081 0.04927997777611883
2082 0.9772204165628281
2083 0.8276047401176119
2084 0.718479234104158
2085 0.8360984155232526
2086 0.9970289021130108
2087 0.5421025264441364
2088 0.48689674906628005
2089 0.99991727378648
2090 0.1385124124899384
2091 0.1063851188099999
2093 0.4772391080522087
2092 0.5741546609338128
2094 0.3367662198459963
2095 0.7426083884779154
2096 0.7706784962158608
2097 0.6159930267181518
2098 0.8164925735893462
2099 0.8554650270883065
2100 0.8594676444281432
2101 0.850052080202512
2102 0.6863031839754308
2103 0.32820555673104074
2104 0.5287070165514699
2105 0.9546732838474294
2106 0.8057727097799695
2107 0.46120848626067235
2108 0.7778616164409236
2109 0.8127589318299955
2110 0.5355478508553684
2111 0.6009156865241576
2112 0.43873668407382194
2113 0.9023814088065902
2114 0.9999297515994017
2115 0.7704083108633258
2116 0.781721961091664
2117 0.14887621240269638
2118 0.8624578984293999
2119 0.7432332649462535
2121 0.9626398087559963
2120 0.898952429722112
2122 0.5032216442722074
2123 0.2696539041313422
2124 0.8747050648880105
2125 0.3644611129121144
2126 0.35524365912021383
2127 0.3733263051945651
2128 0.7570154485077225
2129 0.8148681875448874
2130 0.9610858444827092
2131 0.8748165004268703
2132 0.7537486213919021
2133 0.9791870068930564
2134 0.9853367358510455
2135 0.9348343039683961
2136 0.7629526255107311
2137 0.8019964465797009
2138 0.9227504830828964
2139 0.96337982771276
2140 0.6853993221604494
2141 0.823082283730254
2142 0.8690773331564907
2143 0.9749835354769287
2144 0.9948120198657483
2145 0.0854207223111215
2146 0.31122001006640027
2147 0.7555040574975427
2149 0.9766476994609746
2148 0.7542689457978407
2150 0.16725441751769476
2151 0.013104839606772119
2152 0.9486071597146857
2153 0.8729243309397562
2154 0.9151051228472283
2155 0.01102304983788768
2156 0.6423573101999933
2157 0.4092645528750636
2158 0.5074520812614751
2159 0.07676767938543266
2160 0.853275265569068
2161 0.3749598124430147
2162 0.23312651633082312
2163 0.7685485057517113
2164 0.8734996851065495
2167 0.3566156821114762
2165 0.46105531191797033
2166 0.9037583631768568
2168 0.9996995427827642
2169 0.5771251306605122
2170 0.7863348830839926
2171 0.48342886475138347
2172 0.832455387235762
2173 0.8720484528002734
2174 0.9977776388963018
2175 0.3596639397103742
2176 0.4321298389316799
2178 0.48616157488676115
2177 0.17286050711687326
2179 0.021012722086612597
2180 0.7408452979800482
2181 0.4920143636623274
2182 0.7242685965855484
2183 0.9914576256865932
2184 0.7950033896886716
2185 0.8355421374199994
2186 0.349274725833645
2187 0.795841723695901
2188 0.3278465605404795
2189 0.719996501422254
2190 0.9799449317870886
2191 0.7394777616383746
2192 0.9757175995325579
2193 0.9490336222830305
2194 0.5134792053535658
2195 0.8607527382562402
2196 0.6920429846506586
2197 0.6816729992163291
2198 0.5460702901771698
2200 0.37892914162759955
2199 0.6245903463734216
2202 0.6099422459422077
2201 0.2013123997715294
2203 0.734040288062812
2204 1.0
2205 0.8202030544777257
2206 0.338436948426664
2207 0.4096225658117647
2208 0.7333966084317841
2209 0.9500784091521133
2210 0.9813454868647961
2211 0.42988551471233843
2212 0.8998440443194026
2213 0.7254000229160411
2214 0.6281078936429362
2215 0.8610422368017029
2216 0.6395166795713036
2217 0.8491957282097051
2218 0.7772786515465053
2219 0.629684356904578
2220 0.5963065670891755
2221 0.6849525674362645
2222 0.7360310972389066
2223 0.5685713562405572
2224 0.7309169141954351
2225 0.9944642051847155
2226 0.3583175654808389
2227 0.774260814480388
2228 0.21217278538278042
2229 0.2620919902323097
2230 0.7748971247849895
2231 0.73961441108397
2232 0.7062166329679341
2233 0.7267136206538842
2234 0.004799843692039387
2235 0.7351148187028598
2236 0.7600177894445251
2237 0.6820668221626265
2238 0.8637290180606697
2239 0.9818192942740006
2240 0.5453875110273236
2241 0.4430826761882991
2243 0.09536532479289966
2242 0.0
2244 0.0
2245 0.04639203547173194
2246 0.8039521342889393
2247 0.7466100529834286
2248 0.9920801656715948
2249 0.8547305966720885
2250 0.8948360660738368
2251 0.5133250164840332
2253 0.75802000005715
2252 0.7695390256171459
2254 0.5237497016384762
2255 0.36938855752764455
2256 0.9361926869649366
2257 0.9481154619834804
2258 0.8247814324722667
2259 0.5450043155490715
2260 0.42386429703498535
2261 0.8653972035924462
2262 0.845364629674029
2263 0.8218713559065701
2264 0.13467350393962463
2265 0.7449919032743767
2266 0.661135521159092
2267 0.8540422309399535
2268 0.7252404736501793
2269 0.6331675427847362
2270 0.6232805485401742
2271 0.7306881396276759
2272 0.798064100098995
2273 0.7915651999676462
2275 0.959596572393692
2274 0.694806395401416
2276 0.4892995980813012
2278 0.0
2277 0.8626087594783516
2279 0.814869064287939
2280 0.765507085806153
2281 0.4744539863227425
2282 0.6312004217080066
2283 0.2691664912477875
2284 0.9644567911849434
2286 0.7639790754654127
2285 0.9981952577761363
2287 0.6919389548564511
2290 0.89184370919796
2291 0.661575703142267
2288 0.5388013396063369
2289 0.7918372294162913
2292 0.5321855978187704
2293 0.20072336592341167
2294 0.1512250770962585
2295 0.6184153279028684
2296 0.9828245658069898
2297 0.3545702850134825
2298 0.7513621429978753
2299 0.5720122364325575
2300 0.9373700542631297
2301 0.8837800717414435
2302 0.5835751217752345
2303 0.9039647040163107
2304 0.33713557459544635
2305 0.4908361124963994
2306 0.7286935812646452
2307 0.8956913707745475
2308 0.8973099013175841
2309 0.7564065097403891
2310 0.5742169411895424
2311 0.7098524832932386
2312 0.9396099069897653
2313 0.9632334018949242
2314 0.3865932288610277
2315 0.8618116132077931
2316 0.72393839188551
2317 0.9318689124645031
2318 0.421680372132179
2319 0.8842241102318352
2320 0.6378797170477638
2321 0.27022954768304486
2322 0.6844038876207974
2323 0.8880963548870574
2324 0.9683283573239165
2325 0.2686895638317935
2326 0.9029527655984689
2327 0.1481424656130048
2328 0.30584818298778527
2329 0.8162764559401731
2330 0.3013807883662561
2331 0.5525641516964941
2332 0.46868125154495754
2333 0.691840751951651
2334 0.7965952993411809
2335 0.8977247723706496
2336 0.966711279436114
2337 0.19035714653102925
2338 0.891228547148662
2339 0.8389171552816685
2340 0.4809915520625457
2342 0.39094014636029834
2341 0.093019368619378
2343 0.6329384923094713
2345 0.07677950138006553
2344 0.8312163754074368
2346 0.6669772376458085
2347 0.8576602913201222
2348 0.8895524107283592
2349 0.8043031365983577
2350 0.9857883250244991
2351 0.1102065172355408
2353 0.8084617129466949
2352 0.896787298012346
2354 0.9986267445393363
2355 0.8515457002962847
2356 0.9152267227982285
2357 0.19879990268453446
2358 0.967069576632586
2360 0.6894280100896988
2359 0.975657649538927
2361 0.8890677970200291
2362 0.488940982826123
2363 0.876169229950384
2364 0.497728702803057
2365 0.4169867128641395
2366 0.8502031352467343
2367 0.9990917775985273
2368 0.6781470559023185
2369 0.9836237244013787
2370 0.0
2371 0.7937059917978483
2372 0.8977055397343099
2373 0.314048810184039
2374 0.8013263253190501
2375 0.09208155617156767
2376 0.8737890543636018
2377 0.8373310037838078
2378 0.9953006026085338
2379 0.6560914475741332
2380 0.8701642553624808
2381 0.9791424299815646
2382 0.8636821057323972
2383 0.7626314560277568
2384 0.8501277655882551
2385 0.18634729717611323
2386 0.21738838885384706
2387 0.9193804443743021
2388 0.4620634996152035
2389 0.9398704809138693
2390 0.6754681599615794
2392 0.6956226987899806
2391 0.5339170901683684
2393 0.7591330520133288
2394 0.7308737702343854
2395 0.4135367532370823
2396 0.9138190923255964
2397 0.873325051445987
2398 0.5308007347105532
2399 0.5169303703330229
2400 0.802611554437841
2401 0.7273852618266191
2402 0.446127818830972
2403 0.531080024872434
2404 0.5616934239040243
2405 0.572809438126516
2406 0.9388087135251342
2407 0.6528105765202311
2408 0.7821957546759758
2409 0.7036294700853299
2410 0.9606664605467369
2411 0.2252229705519325
2412 0.807434774823783
2413 0.9516314365298136
2414 0.7551980042945228
2416 0.8970069015356082
2415 0.7807684518169213
2417 0.8930309481769902
2418 0.9743535319067371
2419 0.8031286257972923
2420 0.05397580821010687
2421 0.11285793202749575
2422 0.04992959371949808
2423 0.5874085390521337
2424 0.7200638732183471
2425 0.5393000657056249
2426 0.9993538586131615
2427 0.8223232635237613
2428 0.8671471337425586
2429 0.9748655881599253
2430 0.48427394095514414
2431 0.9723298633663442
2432 0.843051688947449
2433 0.6905122372574216
2434 0.8479882159354167
2435 0.9360792845297368
2436 0.6819086577299479
2437 0.9656242125884538
2438 0.6738627018273379
2439 0.9267271252899932
2440 0.8625038229216649
2441 0.8017846573836572
2442 0.18153653319195498
2443 0.7301521677317705
2444 0.6116731071053431
2445 0.8580434802256985
2446 0.8688209335967026
2447 0.8904224889757141
2448 0.47924940973568253
2449 0.9595240835560811
2450 0.9706406953987626
2451 0.3010409529757948
2452 0.8549615597126794
2453 0.8576213614599296
2454 0.8762820405030518
2455 0.9691937182762844
2456 0.43199154019373953
2457 0.5011215226695236
2458 0.8571243042612862
2459 0.8731244267228592
2460 0.8197631542219976
2461 0.8763955431139693
2462 0.6894459800283627
2463 0.45242698042626084
2465 0.9898387087742989
2464 0.707473669324792
2466 0.9945752234115914
2467 0.8356938777485593
2468 0.8076202744275628
2469 0.7255335812470463
2470 0.7350355603510601
2471 0.272012950933642
2472 0.9089514994366368
2473 0.8320681097058328
2474 0.5348861801193707
2475 0.7031738010477927
2476 0.790723357406224
2477 0.5831611866423622
2478 0.839187591376158
2481 0.8057943573158945
2479 0.799289054080288
2480 0.7317032723949072
2482 0.9355399850309238
2483 0.5804590010366846
2484 0.3551403224079929
2485 0.04535093587044379
2486 0.3582341143939342
2487 0.3448291683111762
2488 0.8239103023471752
2489 0.9719841704837578
2490 0.24596538706279752
2492 0.14797506331821342
2491 0.9951572496119231
2493 0.14615213045813621
2495 0.997530967269882
2494 0.5322592472820494
2496 0.5032544114773482
2497 0.9728738410910472
2498 0.2548302828732653
2499 0.9110618877881407
2500 0.9987318120035887
2501 0.771194353656687
2502 0.8916847177650813
2504 0.624243405050067
2503 0.668733176883773
2505 0.4800214139293265
2506 0.627874334959661
2507 0.29774271467469293
2508 0.4514517633844204
2509 0.45564377917269877
2510 0.292157
2511 0.4613275291521768
2512 0.09683553064692696
2513 0.7786033280927612
2514 0.10346378423251693
2515 0.9803600827874823
2516 0.6984919088949143
2518 0.7556257726157425
2517 0.492118036349903
2519 0.5798600418386634
2520 0.5143070300952162
2521 0.36821997260016287
2522 0.7117896737333926
2523 0.9773743067179174
2524 0.959736246405061
2525 0.9733771950016605
2526 0.9504735609633947
2527 0.9465709091490182
2528 0.9594795307515327
2529 0.012427685135037699
2530 0.6609208892090813
2531 0.2741466671814881
2532 0.7791044264657666
2533 0.15059909498496554
2534 0.9656482164879766
2535 0.9885885532652281
2536 0.8520810436054022
2537 0.9884164289784405
2538 0.6376469045100057
2539 0.7178790001397156
2540 0.80090692537951
2541 0.6706753585751739
2542 0.4235560037025261
2543 0.7383479771502205
2544 0.5421008822768376
2545 0.7985346711806519
2546 0.7449965518118892
2547 0.9917664596345307
2548 0.5257509029885203
2549 0.7897500699849711
2550 0.9889252049086382
2551 0.8731118867283921
2552 0.5042134624289702
2553 0.33465022895290014
2554 0.9596571041115541
2555 0.9834492332503298
2556 0.3472143589392621
2557 0.5550691619267689
2558 0.7378494528860904
2560 0.08456160529690585
2559 0.7118863310550362
2561 0.951950241438325
2562 0.5463832776417262
2563 0.673988484794715
2564 0.5836704410953236
2565 0.6183804791277814
2567 0.9186301252698168
2566 0.5512011606997664
2568 0.6743648076745556
2569 0.993989536914851
2570 0.558837392055439
2571 0.9877953519086802
2572 0.9057913748854644
2573 0.20594533264999593
2574 0.15520523061250602
2575 0.713554134743403
2576 0.9034354106546183
2577 0.7953631245240746
2578 0.9692965502162959
2579 0.4676469058803911
2580 0.8644863406478691
2581 0.9599255214201645
2583 0.7365827438299652
2582 0.8378922266744129
2585 0.6097384813314336
2584 0.7106902703325002
2586 0.4909530285058293
2587 0.7836273937064743
2588 0.721732926471974
2589 0.6797759368816172
2590 0.6237499210500443
2591 0.9491574473903638
2592 0.943157967210202
2593 0.9982455925918081
2594 0.9961068182990285
2595 0.9910335840382686
2596 0.9998412380963045
2597 0.9446328246426497
2598 0.8840224842248259
2599 0.3226806329370599
2600 0.6638190901691844
2601 0.8418991132823536
2602 0.8717463500563726
2603 0.9972069676636652
2604 0.9456768952276972
2605 0.6738624301169129
2606 0.7647165763618784
2607 0.6369485692168511
2608 0.8358589675593258
2609 0.9771745920891023
2610 0.5880209768078966
2612 0.9171875016008094
2611 0.31814569562591466
2613 0.13642702430020487
2615 0.7610420593777446
2614 0.45011677399985534
2616 0.6977115758714971
2617 0.757018355873284
2618 0.4955054855208414
2620 0.0
2619 0.8697609791154624
2622 0.9599133019245181
2621 0.1024200171194813
2623 0.8325751764499174
2624 0.7929818979040003
2625 0.8934642135188818
2626 0.36040969300715536
2627 0.34246615567245714
2628 0.9847063950174907
2629 0.9856593884117377
2630 0.01166603220854086
2631 0.9862902991485937
2632 0.21866285417024137
2636 0.9899859652754497
2634 0.8919866473781388
2633 0.5440888040217862
2637 0.6519020639010903
2635 0.3337279551754574
2639 0.8572252498685463
2638 0.6919909739005894
2640 0.8378632865941003
2645 0.9081413067428525
2643 0.523043407566424
2642 0.7651806669842789
2641 0.9714227319404957
2644 0.8144342783944319
2646 0.4510837814617685
2647 0.30329401571618886
2648 0.9035086486076622
2650 0.7890662325821247
2649 0.9847713131192981
2651 0.3066246314823558
2653 0.8412192822382146
2652 0.7500970205416003
2654 0.9148731133064819
2655 0.9029731713924936
2656 0.8974333210877129
2657 0.9648427121235499
2658 0.752260232389336
2659 0.7463884003716292
2660 0.5765161443673185
2661 0.8204466094455825
2663 0.9251248770486747
2662 0.8687699911366047
2665 0.38585563714944004
2664 0.30777152922722906
2666 0.8333117753035111
2667 0.6671946781368765
2669 0.5628788806274049
2668 0.7567001388837684
2670 0.9877579201239209
2672 0.7183726268253748
2671 0.04231108262647955
2673 0.17166631247570682
2674 0.9851363756309622
2675 0.9970905710374245
2676 0.7472792444791264
2677 0.47532022035468946
2678 0.8899238639845028
2679 0.9908603066209443
2680 0.9353031802843663
2681 0.3408147027218269
2682 0.950096039420524
2683 0.4202809250586891
2684 0.8409836883933863
2685 0.8481069193678045
2686 0.2586707292885532
2687 0.796283920882374
2688 0.9358264998731629
2689 0.7176427508347302
2690 0.6072779980929287
2691 0.9736814642347346
2692 0.03553712533867531
2693 0.9245430156418141
2695 0.4004745081519656
2694 0.5477524171282288
2696 0.858672257643114
2697 0.6562055606091179
2698 0.7600435178470942
2699 0.9802704415852257
2700 0.32684593171437093
2701 0.7189838067012737
2703 0.9518927251418551
2702 0.9753443391583044
2704 0.35912776847596134
2705 0.9205419011645215
2706 0.5230516015043316
2707 0.9814343205866468
2708 0.8459518917054256
2709 0.7113928240721706
2710 0.832960894562441
2711 0.7752755472135022
2712 0.848676082348831
2713 0.9742616925129652
2714 0.9447510496738837
2715 0.8647835929415706
2716 0.8780289705501704
2717 0.995385247193514
2718 0.2212602604026217
2719 0.9532584331496522
2720 0.9913046732984166
2721 0.010855000506330913
2722 0.9458218499071677
2723 0.8691453208152401
2724 0.3815117778912144
2725 0.9934735962937739
2726 0.6816729992163291
2727 0.875342367103312
2728 0.8413483120766312
2729 0.32643515411153046
2730 0.8227063467388066
2731 0.5779208388170337
2732 0.7187542686072683
2733 0.993797724728587
2734 0.19086545279558806
2735 0.6611313756335059
2736 0.26171773276523114
2737 0.8767397025463194
2738 0.8547842307350685
2739 0.46645986340789924
2740 0.6987091192324841
2741 0.2180657676210318
2742 0.6728998586057683
2743 0.6502549288243997
2744 0.31462368986129624
2745 0.9998077160917702
2746 0.8993116010542449
2747 0.3136603225705401
2748 0.975112007704101
2749 0.29559813740707336
2750 0.6986921897222033
2751 0.18594059264742221
2752 0.6907082887649804
2753 0.27423849631732083
2754 0.7859003946206385
2755 0.9906026610929388
2756 0.8580085027524085
2757 0.6754924289886323
2758 0.6226599970414729
2759 0.12866115876838072
2760 0.10760538173083688
2761 0.725012889226587
2762 0.7527403185320094
2763 0.46455329025040165
2764 0.7285547015075107
2765 0.6976419478412578
2766 0.44504693707551685
2767 0.6870734301893814
2768 0.7470162153636548
2769 0.9999796318657662
2770 0.783559264141249
2771 0.5690403018481449
2772 0.6747964423511577
2773 0.5320924431350136
2775 0.8821789833696779
2774 0.5626185435393153
2776 0.494028623773997
2777 0.8671512689720787
2778 0.7052545091064187
2779 0.5651507740209851
2780 0.7994783470773227
2781 0.42018229212199365
2782 0.7430034924714302
2783 0.9921546048274944
2784 0.5653249892464003
2785 0.8926423907377359
2786 0.9530949474678542
2787 0.9160977268632272
2788 0.9861784990737447
2789 0.17124426064080694
2790 0.9472362258673538
2791 0.34948657007099126
2792 0.9622786606473048
2793 0.24058573689339466
2794 0.7052961504864175
2796 0.9999789442689351
2795 0.9922983251023001
2797 0.9877844989712053
2798 0.9950102545199538
2799 1.0
2800 0.8250586551515106
2801 0.996170446179234
2802 0.7409823160365683
2803 0.11319931524712734
2804 0.8951770676447841
2805 0.8949367415746365
2806 0.540147742286152
2807 0.7857490667574011
2808 0.8927761706719666
2809 0.8042891983363826
2810 0.4436611451159456
2811 0.12299845889069862
2812 0.7927327488501423
2813 0.9479415995595339
2814 0.9503861623747843
2815 0.8149232503644221
2816 0.8536075259927822
2817 0.7777631733212973
2818 0.20416878289028956
2819 0.9534126178711745
2820 0.7156817146901633
2821 0.3478302797917751
2822 0.6248312800194034
2823 0.9856953486912898
2824 0.23439395255368622
2825 0.8115767776835282
2826 0.9595274870245154
2827 0.6024023543399667
2828 0.5368030642189532
2829 0.636967962676916
2830 0.2677138683439393
2831 0.4756347461817409
2832 0.8218085933760092
2833 0.4582055747160479
2834 0.9073283706619356
2835 0.7932542282827932
2836 0.24474206157813475
2838 0.7028072053226793
2837 0.632834026296922
2839 0.7926897982949802
2840 0.7400585052204676
2841 0.9502256743460915
2842 0.9350834608347065
2843 0.5923911988338902
2844 0.7320860344712717
2845 0.9481371560246615
2846 0.9474374939416973
2847 0.9498199755406549
2848 0.6877578186787361
2849 0.8101303520461167
2850 0.5958189753931948
2851 0.8529040696021764
2852 0.8442706768624115
2853 0.8711699155043695
2854 0.6928522582637217
2855 0.7427697661823806
2856 0.6249971391903659
2857 0.3183561975088283
2858 0.21100685471074382
2859 0.6764837005575511
2860 0.3178338508820085
2861 0.49912326473932445
2862 0.3257923660954897
2863 0.9683176337761571
2864 0.4853329966128752
2865 0.997833459438963
2866 0.6387058135803687
2867 0.5381485287546902
2868 0.6089733740838303
2869 0.9663805643350729
2870 0.5921622330017499
2871 0.6852192345819775
2872 0.06755543900436674
2873 0.9312901779351521
2874 0.15158460771142437
2875 0.8256624218609299
2876 0.17114669289785955
2877 0.9260175550997837
2878 0.4784960813217653
2880 0.43330070524285524
2881 0.7199233064602308
2879 0.7198201138724907
2882 0.9995329222533358
2883 0.782626744951669
2884 0.2540419845541085
2885 0.94387514310411
2886 0.22090560855089497
2887 0.9905603604984539
2888 0.7804834792376487
2889 0.9996190964299093
2890 0.9850216680412165
2891 0.5562251467751792
2892 0.7235688627809198
2893 0.9960362874600833
2894 0.4486611030302616
2895 0.27950371004243274
2896 0.4994941108274179
2897 0.006926751359445966
2898 0.06037056761693769
2899 1.0
2900 0.6962513434062332
2901 0.6622546043347158
2902 0.015127814552961687
2903 0.999668985380475
2904 0.9579169024748583
2905 0.605311869180418
2906 0.0
2908 0.9498581068577837
2907 0.5471873373135319
2909 0.7570007064808959
2910 0.5712875407353769
2911 0.6694190144735198
2912 0.6086686423346799
2913 0.999341656619712
2914 0.08997410829770655
2915 0.8098833841799999
2916 0.7426196511648971
2917 0.7867962457840728
2918 0.8355240370848285
2919 0.5701237998248772
2920 0.7726299264738182
2921 0.662020576215495
2922 0.34928664150396915
2923 0.8551053573685499
2924 0.733685807124974
2925 0.6689084012470228
2926 0.7705980244186211
2927 0.6594278604054339
2928 0.5370355152369373
2929 0.9801793942699976
2930 0.9980556635970046
2931 0.9298596321176938
2932 0.9972672631590942
2933 0.6802757098937214
2934 0.5524313794248039
2935 0.0943993496045006
2936 0.5257143026858173
2938 0.6795882044107541
2937 0.6292137294513396
2939 0.9423815017856311
2940 0.5487221131672709
2941 0.8781631639363164
2942 0.6531558664749612
2943 0.2659246224803425
2944 0.8327712511847837
2945 0.9780549897848801
2946 0.35844361636248323
2947 0.6621095431618691
2948 0.585227932488202
2949 0.9228885965643814
2950 0.6786889974926389
2951 0.171859527753944
2952 0.4913461863867272
2953 0.8802446889939577
2954 0.8177176612808117
2955 0.7643695417323245
2956 0.6814480320073782
2957 0.594124437128793
2958 0.7041191742729882
2959 0.6414845333663293
2961 0.9782160292050227
2960 0.5928749285149595
2963 0.9544954527004741
2962 0.9985472350398099
2964 0.8363648845074119
2965 0.9361668034225635
2966 0.8688836185524051
2967 0.023141557219253064
2968 0.7880776158270423
2969 0.8834364138030568
2970 0.990650770285241
2971 0.9783609177013398
2972 0.6744048678004383
2973 0.5051181456885705
2974 0.7568126517468212
2975 1.0
2976 0.643044075877912
2977 0.9986590820310599
2979 0.13119820794451956
2978 0.56796524262919
2980 0.7670327373887972
2981 0.8575593935875927
2982 0.39886356190766975
2983 0.9863837133646338
2984 0.9763415429536354
2985 0.7894590818660034
2987 0.9355186449686566
2986 0.8712041745408907
2988 0.7895944065735824
2989 0.5004504676695152
2990 0.8797964546091638
2991 0.8019733360227937
2993 0.6744909166456946
2992 0.9676020043428373
2994 0.6972558872334171
2995 0.9962828650133994
2996 0.8094610454871726
2997 0.8497792288249606
2998 0.9196774838182596
3000 0.6583303408178703
2999 0.9912245115564575
3001 0.7051631618915714
3002 0.9523549528398569
3003 0.8928604464730747
3004 0.7563741186721629
3005 0.8652085418729409
3006 0.19488669231206332
3007 0.12892479885285965
3009 0.9866364217342298
3008 0.6925138836273881
3010 0.9279164599245127
3011 0.8486524498581037
3012 0.8654769224718876
3013 0.19883255893201585
3014 0.34122703542167326
3015 0.804314311308923
3016 0.4565975551209091
3017 0.1159580076741236
3018 0.7174784144329458
3019 0.9664002444904617
3020 1.0
3021 0.9245209563671558
3022 0.6689519073862231
3023 0.8219334419772372
3025 0.9414775646200523
3024 0.8176369442673888
3027 0.7613334666403079
3026 0.36674182448156734
3028 0.980457168102616
3029 0.9371876447582144
3030 0.8566890876996229
3031 0.4066203208130001
3032 0.5366566538492658
3033 0.8888213722344674
3034 0.8051845203516292
3035 0.965846557597451
3036 0.659022426463022
3037 0.17439869378609
3038 0.9943896179706644
3039 0.7099439892155738
3040 0.6811584786473815
3041 0.9217040161073651
3042 0.7996509578672659
3043 0.4798934811657672
3044 0.8205914332818074
3045 0.8955591629435236
3046 0.9958871190706376
3048 0.9546842135824346
3047 0.07545432255874565
3049 0.7705224998348669
3051 0.962711117404184
3050 0.9445323507731179
3052 0.827949295625509
3053 0.6632054819924099
3054 0.9193999855424381
3055 0.7776812422805256
3056 0.6192686932122063
3057 0.801085627371794
3058 0.5635564856441339
3059 0.8882586122375852
3060 0.9872338465888126
3061 0.659226800768377
3062 0.9127083775038686
3063 0.221374786400715
3064 0.6657640458510412
3065 0.9639729631124321
3066 0.1255131252626471
3067 0.9563222794401126
3068 0.7534416571945229
3069 0.5242077698643395
3070 0.19661520836931148
3071 0.9266468437389795
3072 0.8806291725455094
3073 1.0
3074 0.8055145156794926
3075 0.3038552979756176
3076 0.7388776888187835
3077 0.15792620117713657
3078 0.23738907806785522
3079 0.3066917101602811
3080 0.568641845989337
3081 0.5607237647701336
3082 0.858814637858396
3083 0.5539831772839576
3084 0.9336723629958898
3085 0.2630746316127562
3086 0.31144914765487464
3087 0.9651536851431782
3088 0.5193878121353834
3089 0.6262983830032158
3090 0.9522026308299878
3091 0.31298928295364814
3092 0.791836310338411
3094 0.31124664732936
3093 0.18428045841962143
3095 0.9899406365197361
3097 0.7324787236063788
3096 0.1496434688743855
3098 0.4772861519583089
3099 0.31531925310323733
3100 0.21505567477398202
3102 0.632303376009132
3101 0.8426097886829989
3103 0.1534259245952188
3104 0.9265868961175269
3105 0.9990142209704488
3106 0.5149720382933568
3107 0.8224284988655169
3108 0.7259846922591361
3109 0.6068997880558338
3110 0.854039040794016
3111 0.7687873115537535
3112 0.582618154031171
3113 0.27224940640070544
3114 0.8803654665202413
3115 0.563363624701334
3117 0.97272849634687
3116 0.931933094444597
3118 0.7556520415263728
3119 0.9106890707615354
3120 0.6660417814903441
3121 0.5492432892143492
3122 0.3215482823773122
3123 0.8759894903781884
3124 0.7001257763448104
3125 0.9968517311491765
3126 0.9417838562650314
3127 0.8894345173542614
3128 0.6432572176477206
3130 0.4308153380823173
3129 0.6534154978882537
3131 0.8879583822026258
3132 0.8417768351683405
3133 0.7857295256640489
3134 0.49467612048452403
3135 0.2282209733499525
3136 0.671897532499561
3137 0.730876686158399
3138 0.20568152552921193
3139 0.5211139292077691
3140 0.20957525448850456
3141 0.4401572618251575
3142 0.858442786374224
3145 0.6166935725749698
3146 0.6554651579522632
3143 0.240480157612303
3147 0.4340618648850302
3144 0.9840855516468928
3148 0.6796136094490861
3149 0.4019548504450484
3150 0.5847638167770448
3151 0.9580245914424718
3152 0.772818578340305
3153 0.496474412837104
3154 0.9796204659952
3155 0.741095590691699
3157 0.9719916969268361
3156 0.17339345907877415
3158 0.5487173714708183
3160 0.8019213633237655
3159 0.47463815791357494
3162 0.39982200936571977
3161 0.8593985451442853
3163 0.24389295037450784
3164 0.8019633407843891
3165 0.877223780687463
3166 0.6939199343502276
3167 0.8538971838455467
3168 0.8143491598273023
3169 0.14015365458159346
3171 0.7626147536469722
3170 0.9696764261748517
3172 0.8036616675202722
3173 0.0976626855947103
3174 0.9791996052549177
3175 0.8267563350267488
3176 0.8489544132000083
3177 0.6245755101687419
3178 0.6389438431603176
3179 0.0
3180 0.6240687643473205
3181 0.9752060125424191
3182 0.46318650935463795
3183 0.7751169299644107
3185 0.5183955986230262
3184 0.9957652328389218
3186 0.610825769445347
3187 0.9779295444128302
3188 0.9999939604773176
3189 0.9947079470850023
3190 0.9834365405279493
3191 0.9398000935945462
3192 0.6381143849255828
3193 0.585346274278101
3195 0.49325881992869963
3196 0.8892368612492529
3194 0.8540672414771446
3197 0.9656521706113002
3198 0.3917539359555496
3200 0.7018387330882797
3199 0.9636889554459386
3201 0.994178261613821
3202 0.8635846468717102
3203 0.8841050407178328
3204 0.26114985082229836
3205 0.8159138252552458
3206 0.8153012122552213
3207 0.42642259610085215
3208 0.7767223722168318
3209 0.2628518678213679
3210 0.22581696104604512
3211 0.9761521536901585
3213 0.980474456680285
3212 0.6256758705947905
3214 0.9259232509208722
3215 0.8342956003400991
3216 0.5310506894548597
3217 0.4552674000012769
3218 0.06147042860581751
3219 0.6088189978648474
3220 0.9928115549131931
3221 0.8511080166353007
3222 0.21715366372442244
3223 0.39837658907291984
3224 0.97210070155871
3225 0.9999555201908932
3226 0.9999545244336409
3227 0.9419219219812509
3228 0.9834643091444235
3229 0.6691437001589128
3230 0.8897333523201163
3231 0.6170359413721349
3232 0.25743429155903014
3234 0.3957279794250576
3233 0.07100391977275317
3235 0.7896494825128373
3236 0.7816629183742763
3237 0.6275965231856019
3238 0.46429669913361304
3239 0.5770329678552004
3240 0.524001825739148
3241 0.49020638562293367
3242 0.9990475637498746
3243 0.42619260217444027
3244 0.392554358496218
3245 0.0028459957523023017
3246 0.3419483076914499
3247 0.7769673253425787
3248 0.33559878778548735
3249 0.8977819487451285
3250 0.8948063183769476
3251 0.49912326144798147
3252 0.7771537962406854
3253 0.8701726671967658
3254 0.8565677084728832
3255 0.7792691023271848
3256 0.46048039739852503
3257 0.36260804526199925
3258 0.9335312578048419
3259 0.47208277330068005
3260 0.6937637912867086
3262 0.8862871435128404
3261 0.891072574616013
3263 0.546758399807269
3264 0.8028262255214443
3265 0.8161953755214165
3266 0.7720404636390519
3267 0.7830899896034949
3268 0.8227753821825479
3269 0.9355594278070312
3270 0.7648588972284576
3271 0.5832900475380619
3272 0.9573873848886227
3273 0.852333569779785
3274 0.6525323075714775
3275 0.9107876881749092
3276 0.5694686814799077
3277 0.9689769079090832
3278 0.9505804068857564
3279 0.14922515005570758
3280 0.7998237065375959
3281 0.8123204079308731
3282 0.7522460656636257
3283 0.2571278360922146
3284 0.8967503980077425
3285 0.8638430588457603
3286 0.5123265948655717
3287 0.9993938051631346
3288 0.8334328363449739
3289 0.5985538907982525
3290 0.2863920831757839
3291 0.0
3292 0.466677452713052
3293 0.8683869733289706
3294 0.41357843280658163
3296 0.8858595265941613
3297 0.9932421876539447
3295 0.697860927046937
3298 0.13639730540305361
3299 0.13242007307228007
3300 0.9736491727897616
3301 0.2564345452492678
3302 0.6751243583964851
3303 0.657275576151667
3304 0.9157207292222264
3305 0.9478123802501807
3306 0.8142670746840588
3307 0.8335173063570386
3309 0.04862380649774475
3308 0.283749334722912
3310 0.9834537027232341
3311 0.6966863120010335
3312 0.35911660790572625
3313 0.9180599946530374
3314 0.20313405924881772
3315 0.866900239249023
3317 0.9759049099233384
3316 0.8568794300601672
3318 0.44290477115240173
3319 0.7491307437958843
3320 0.6729631247641514
3321 0.04091315891586189
3322 0.8338800268480998
3323 0.9313677298958353
3324 0.6028765553704041
3325 1.0
3327 0.569843027871408
3326 0.6678673721533119
3328 0.7868462620981777
3329 0.4688838181793864
3330 0.8924719515115709
3331 0.6037037146768486
3332 0.4695992092168101
3333 0.997368515465991
3334 0.31365836189517676
3335 0.91698289388503
3336 0.8079582121150474
3338 0.717041206790973
3339 0.5202167939486171
3337 0.7322625853346868
3340 0.6928522582637217
3341 0.15721421993928697
3342 0.5390663320474164
3343 0.9835033185006764
3344 0.8630092669641266
3345 0.9916439966685056
3346 0.6417755410838112
3347 0.844139852452578
3348 0.9824949520850399
3349 0.6350586916016905
3350 0.9998247132677935
3351 0.9522168996080301
3352 0.06999899932373979
3353 0.8948403053655135
3355 0.28735872648503985
3354 0.812782460902772
3357 0.9722860154050876
3356 0.38528347982331784
3358 0.962994741919815
3359 0.9958784997531227
3360 0.9870563888094311
3362 0.999861623832104
3363 0.9020708046169846
3361 0.7283872096464633
3364 0.8840805471539026
3365 0.15494899080195287
3366 0.982558172977125
3367 0.37492364415360785
3368 0.36452713969122824
3369 0.9972024820136444
3370 0.4568866494048393
3372 0.2310481020226936
3371 0.4877688231896403
3374 0.486775147461453
3375 0.20673804641460058
3376 0.9219193445434648
3373 0.16861170094576056
3379 0.1582677631630263
3378 0.44655498382072367
3377 0.8026496829366623
3380 0.3520650474496471
3381 0.3920115839584022
3382 0.978453802998723
3384 0.3043330164212896
3383 0.4194124247239768
3385 0.40046468456601975
3386 0.8020344589999403
3387 0.6064821793677925
3388 0.6825480681329148
3389 0.7491011352407666
3390 0.8260980409385538
3391 0.8723072494945634
3392 0.7839606265626112
3393 0.8714444917970141
3394 0.1207439636570551
3395 0.21379671339103645
3397 0.8090445451595406
3396 0.9825365273026422
3398 0.7568734473670725
3399 0.6398060081929803
3401 0.9165527786556649
3400 0.948325857729024
3402 0.8317141331483716
3403 0.8479143009249621
3404 0.7646128450376529
3405 0.7657276626682993
3406 0.38639641790988943
3407 0.8184183660989806
3408 0.5523432626494151
3409 0.7351699123200934
3411 0.9960903285650115
3410 0.8066139493569986
3412 0.6443687719863617
3413 0.07538764040651441
3414 0.6164454123748551
3415 0.5699278209199464
3416 0.7903962800978109
3417 0.8032252341602117
3418 0.9632602300580856
3419 0.47989524812511813
3420 0.3087131913582192
3421 0.6877386282743643
3422 0.9493638613732809
3423 0.139579795495965
3424 0.9310025757956671
3425 0.41528683736156535
3426 0.9754844383131286
3427 0.14383803507849402
3428 0.9329554603649101
3429 0.9868042213761975
3430 0.15887704279372383
3431 0.9995507141498599
3432 0.7272847511697734
3433 0.6508232192280038
3434 0.7945189100848074
3435 0.7437680940438841
3437 0.8152134643702256
3436 0.9324585800011123
3438 0.5462923240920349
3439 0.7837233940727695
3440 0.5216341322101433
3441 0.9134019758835349
3442 0.9695865041333057
3443 0.8123099265761602
3444 0.9545527117124574
3445 0.878455482703978
3446 0.4044893592569562
3447 0.18035921799799748
3448 0.7706909166985445
3450 0.8986052740434947
3449 0.03530130239788825
3452 0.6116872508193499
3451 0.13520522513402541
3453 0.48417088967340377
3454 0.615839337033273
3455 0.8313401759798671
3456 0.6778542454867433
3457 0.9377849722719358
3458 0.6209959292987625
3459 0.6573067431177827
3460 0.9879720784425566
3461 0.3959988737952976
3462 0.8972514082377029
3463 0.6623549795715598
3464 0.4005565180580898
3465 0.7277082432468688
3466 0.8628566366223404
3467 0.8301425622260956
3468 0.7263442157312435
3469 0.6558660936597298
3470 0.9196244769960548
3471 0.9452421509959084
3473 0.9768759052234062
3472 0.8361233330726453
3474 0.15769482013111266
3475 0.8494620291483396
3476 0.048552959119469025
3477 0.03377914710784994
3478 0.7711855126321187
3479 0.8038193297072901
3481 0.7451983908154
3480 0.7798670392834114
3482 0.9931815327898469
3483 0.0
3484 0.7138503971779591
3485 0.9373070461353635
3486 0.5065761321909005
3487 0.4820268468500673
3488 0.5130140883387687
3489 0.9972584620379598
3490 0.7939887780543315
3491 0.12552526063545785
3492 0.10649832675748369
3493 0.16289117623909571
3494 0.925039460101254
3495 0.8845881929198928
3496 0.16460136071073284
3497 0.7254748453787655
3498 0.8512635999660266
3499 0.8735062233052584
3500 0.7664541102961528
3501 0.5993576875596548
3502 0.7468184484518338
3503 0.701958925815239
3504 0.859911436223316
3505 0.6940826781441443
3506 0.6855095345568538
3507 0.4212465034946574
3508 0.41305824766395377
3509 0.8936766415569711
3510 0.46687485213292673
3511 0.7325294981279349
3512 0.7115699982851601
3513 0.7493869672778869
3514 0.533514011963616
3515 0.2431272875584863
3516 0.17374385278383742
3517 1.0
3518 0.6815844671926512
3519 0.41661495575596064
3520 0.9942397258603599
3521 0.6839396195345931
3522 0.3457607660714932
3523 0.6513102970798077
3524 0.9925168597865847
3525 0.2838003421416945
3526 0.7291050797242132
3527 0.6248774155881165
3528 0.1503867461985079
3529 0.4846752666845923
3531 0.9416648246241768
3530 0.8330793276001134
3532 0.6698982544071508
3533 0.7921402176568481
3534 0.6445140306280349
3535 0.9641460009238733
3536 0.8757009479284286
3537 0.47258276746181904
3538 0.5057453266273797
3539 0.991728686519043
3540 1.0
3541 0.35554575444135067
3542 0.4431686805095669
3543 0.4104318566199194
3544 0.990624259754045
3545 0.8350370934276514
3546 0.5024470780187268
3548 0.8110769375754503
3547 1.000694258723009
3549 0.12791920271576418
3550 0.7383129449454175
3551 0.9459414018236368
3552 0.9300569631756764
3553 0.9653445970664517
3554 0.8716634542605145
3555 0.3797177048571047
3556 0.295104634932887
3557 0.11220197460741907
3558 0.7919026727344864
3559 0.8100823016182206
3560 0.5446981981898242
3561 0.3519752473524192
3562 0.38579199773037587
3563 0.39795498298111254
3564 0.6775017530700843
3565 0.8399314148591112
3566 0.8841912579225786
3567 0.10709366169302016
3568 0.5484714497671982
3569 0.9161574167441446
3570 0.9863858259225694
3571 0.8152521844735876
3572 0.254124676085499
3573 0.9700751017597964
3574 0.7756946831041183
3575 0.0214301448431655
3576 0.8248045752677302
3577 0.9126368380715418
3578 0.45235213047595696
3579 0.18932513868996217
3580 0.08582887049974507
3581 0.3195382920871656
3582 0.8455726088855661
3583 0.9999856652047426
3584 0.23909348098252614
3585 0.9737242257688238
3586 0.7948134289101126
3587 0.0
3588 0.8219114430847899
3589 0.781446435638479
3590 0.6156051274102124
3591 0.4601228005562046
3592 0.5663435621477194
3593 0.7256042407846582
3595 0.9605781939054173
3594 0.7385420308571629
3596 0.20708817928521536
3597 0.7834466785990487
3598 0.9638676271655828
3599 0.07813644049204319
3600 0.5487146588628435
3601 0.5835421945718111
3602 0.5361996453600599
3603 0.20113540521256618
3604 0.7428236829177747
3605 0.6633174404985493
3606 0.8311847373164029
3607 0.7414696447251123
3608 0.9348588470919654
3609 0.7275252584570057
3610 0.7295872704834812
3611 0.47103563597058357
3612 0.6599781931468133
3613 0.9908298076978624
3614 0.704524084931742
3615 0.16031566963569505
3616 0.28253856034318364
3617 0.7671830994252962
3618 0.7053209995125904
3619 0.3563124551128665
3620 0.8727912121464102
3621 0.2812957122039391
3622 0.27969289558414845
3623 0.5289938024243176
3624 0.9928162003591666
3625 0.5830016108959256
3626 0.6562398413409023
3627 0.627195698900236
3628 0.7991886014136647
3629 0.45356065455128974
3630 0.7155374298378653
3631 0.9289129126528824
3632 0.7932278132786366
3633 0.9447096575906958
3634 0.8447112638225069
3636 0.9700117889556589
3635 0.641383170635877
3637 0.547988514899539
3638 0.8235490918427818
3639 0.8846404082577696
3640 0.7476391095361605
3641 0.7535107885346615
3642 0.7503919545108942
3643 0.7452245035885475
3644 0.7731184120927856
3645 0.7067025714088689
3646 0.7328600369472995
3647 0.694502707983864
3648 0.6157260103586745
3649 0.8874279318636747
3650 0.9956859686598818
3651 0.04816416217443194
3652 0.8149234556589612
3653 0.8504832378745253
3654 0.7646900706438211
3655 0.9960797415547583
3656 0.7870772245177082
3657 0.9515424452142376
3658 0.3505283156136307
3659 0.741305141791661
3660 0.8913924089439031
3661 0.6862887023993707
3662 0.9734102158469068
3663 0.22610808706391425
3664 0.9639519566745416
3665 0.9844173250457031
3666 0.7174270545048893
3667 0.5520538660045625
3668 0.9411444067642242
3669 0.9624563685134637
3670 0.6622599135726023
3671 0.7724758925376692
3672 0.7692566351319121
3673 0.9795003217305994
3674 0.16742968706557265
3675 0.5561480066983365
3676 0.5790813870761364
3677 0.9346044261075934
3678 0.40043789719361
3679 0.6692892335356174
3680 0.675320563004076
3681 0.0
3682 0.9360825065866046
3683 0.6881008533143733
3684 0.3487853848949978
3686 0.4904671103358241
3685 0.6108537817980274
3687 0.9769511398360913
3688 0.45317107647824245
3689 0.9552107683241684
3690 0.22870877267291204
3691 0.36926993420826615
3693 0.2779466024501014
3692 0.5356134323547452
3694 0.7864596857638406
3695 0.8927834786263938
3697 0.7072918807214714
3696 0.8474968288587608
3698 0.40309944026716615
3699 0.8969343686642895
3700 0.818689841240356
3701 0.8594012375088946
3702 0.31722727319578886
3703 0.8518211357917782
3704 0.6708717550930445
3705 0.63030815912492
3706 0.853442735657682
3708 0.8524208069583759
3707 0.5666699324511196
3710 0.13531231757800583
3709 0.6089831738207098
3711 0.15431509815562397
3713 0.597126727631993
3712 0.823224465909421
3714 0.6897984356519393
3715 0.0758270689918788
3716 0.6850753462258554
3717 0.6319907164102931
3718 0.8172237873958171
3719 0.26963642065085125
3720 0.3706342235251798
3721 0.6349589326811046
3722 0.46578856280477116
3723 0.3913249529859982
3724 0.5655541454489924
3725 0.3863495381734629
3726 0.8045899811543822
3727 0.7686422412420243
3728 0.7193895315411578
3729 0.6444120129499415
3730 0.2313739535858414
3731 0.6475872531054881
3732 0.7189833160577637
3733 0.7180358046244563
3734 0.7821858089403222
3735 0.9733784672602234
3736 0.9344423595060408
3737 0.9119762645885219
3738 0.222728227672023
3739 0.5244861391829116
3740 0.08655841125006068
3741 0.746093944069765
3742 0.893870495357982
3743 0.8994801120358487
3744 0.44343003905349143
3745 0.2650321469064676
3746 0.5268770549124683
3748 0.994485301858825
3747 0.41860314634445983
3749 0.7644548388418276
3750 0.9716821729694343
3751 0.9570414877236663
3752 0.9169622415116641
3754 0.035726242623051366
3753 0.9601083311823834
3755 0.7714491724180175
3756 0.30786207043207403
3757 0.5720259769431643
3758 0.962804658667546
3759 0.7323485911368637
3760 0.3581526556534193
3761 0.9972776525935055
3762 1.5492729222832817E-4
3763 0.7734979125989877
3764 0.9141556675932617
3765 0.8155453402777321
3766 0.16210783287696223
3767 0.8154441834762346
3768 0.4718011621705942
3769 0.28179112015104674
3770 0.9529343935577932
3771 0.7056439018314669
3772 0.9816564990771653
3773 0.9647235692693109
3774 0.4884755148969637
3775 0.8080667171650171
3776 0.9160290744667836
3777 0.884720773498762
3778 0.8447885033002467
3779 0.49472346135723894
3780 0.2780724463363584
3781 0.4094192323506632
3782 0.7899649866910957
3783 0.9273119175327817
3784 0.31270585344844987
3785 0.3531368269991831
3786 0.3003663388479891
3787 0.9288380628860263
3788 0.8413752411680528
3789 0.5053922795298851
3790 0.9666608903104899
3791 0.716343326184655
3792 0.7073391537191986
3793 0.9731542272613192
3794 0.9942685587584978
3795 0.9930815600258553
3796 0.9394962654326674
3797 0.05285007109975377
3798 0.24263368876336996
3799 0.5836259655470047
3800 0.5473496718713227
3801 0.5601086074783578
3802 0.813917593519977
3803 0.8076645706201587
3804 0.8732772782374976
3805 0.850778289661009
3806 0.8271222278961193
3807 0.6476329606285408
3808 0.9024355252873169
3809 0.12109928869725738
3810 0.9513035226599749
3811 0.995229708146619
3812 0.9885476323495455
3813 0.7533471849354363
3814 0.5413056801547329
3815 0.6452256107089663
3816 0.8806379799931211
3817 0.9824019547637001
3818 0.8152905649721945
3819 0.7235423418073623
3820 0.8310014154895264
3821 0.7676849917590647
3822 0.844249762418885