1 0.41174931051224495
2 0.5450980000000001
3 0.8252000000000002
4 0.02254900000000004
5 0.6461030000000001
6 0.7954720000000001
7 0.45020850000000007
8 0.07510679753590721
9 0.8427840000000001
10 0.28627400000000014
11 0.10414899999999983
12 0.5813729999999999
13 0.78085
14 0.4875590000000003
15 0.6318520000000001
16 0.22661276836892996
17 0.304902
18 0.17377662883144107
19 0.4778610000000001
20 0.45588300000000004
21 0.7768371768716067
22 0.7861469999999999
23 0.44914849999999995
24 0.3806665255221801
25 0.5352950000000001
26 0.486175
27 0.9290075000000002
28 0.4720727335818293
29 0.07430000000000003
30 0.8401595387926326
31 0.770026703705672
32 0.2490266271180875
33 0.4027235000000001
34 0.5947420000000001
35 0.3194429999999999
36 0.9162349999999999
37 0.7294124999999999
38 0.8491396509705091
39 0.7964269052788588
40 0.654902
41 0.010600726707355124
42 0.09574400000000005
43 0.4098045000000001
44 0.5080664314478736
45 0.440196
46 0.23899100000000018
47 0.3769950000000002
48 0.6873687151530082
49 0.05453502758584294
50 0.6159930257396271
51 0.07647050000000011
52 0.6635120000000001
53 0.45294199999999996
54 0.6142458555090611
55 0.30270299999999994
56 0.640493
57 0.887998
58 0.17718100000000003
59 0.6222615
60 0.194118
61 0.3124126544494723
62 0.0017605000000000537
63 0.21747776125963525
64 0.7696491269720562
65 0.44752900000000007
66 0.7892150000000002
67 0.643459
68 0.14403100000000002
70 0.8666670000000001
69 0.03148300000000004
71 0.4009800000000001
72 0.47548900000000005
73 0.738465
74 0.20236200000000015
75 0.3839969999999999
76 0.7980389999999999
77 0.450957
78 0.8313698276485754
79 0.5563038177151352
80 0.09456117298961897
81 0.4088235
82 0.755740297128441
83 0.02178200000000008
84 0.552942
85 0.9441365000000002
86 0.36862799999999996
87 0.5950980000000001
88 0.268848
89 0.5204573304428772
90 0.8495477331978615
91 0.682156
92 0.5829554236888064
93 0.0647065
94 0.9196513623950222
95 0.8341126423205818
96 0.17912538757803742
97 1.3385855
98 0.2862730000000002
99 0.14509850000000002
100 0.7450980000000003
101 0.44661700000000004
102 0.4029410000000002
103 0.386274
104 0.5274515000000002
105 1.495262
106 1.2754302064645409
107 0.20343350950555839
108 0.359804
109 0.3372550000000001
110 0.5368900000000001
111 0.29520650000000015
112 0.52451
113 0.8387680000000002
114 0.592157
115 0.08480500000000002
116 0.6803925
117 0.8137250000000001
118 0.33707700000000007
119 0.719741
120 0.22647099999999987
121 0.35392199999999985
122 0.04042900000000005
123 0.8485460000000002
124 0.029130426665289533
125 0.859963
126 0.7312254758509293
127 0.5971690000000001
128 0.6653479999999999
129 1.2197918421818705
130 0.16666700000000012
131 0.9672245707477012
132 0.6823530000000001
133 0.28529300000000046
134 0.34247400000000017
135 0.840195
136 0.8735295000000001
137 0.07745100000000016
138 0.5951634071346309
139 0.545946
140 1.144118
141 0.8630238740914213
142 0.13333299999999992
143 0.554454
144 0.610776
145 0.3789252022931049
146 0.826005
147 0.4079555
148 0.47597
149 0.734314
150 0.14607900000000007
151 0.013014292059873478
152 0.5775677728582707
153 0.22843100000000005
154 0.5882360000000002
155 0.6035710000000001
156 0.596283
157 0.37156900000000004
158 0.8488649956998164
159 0.4843850000000003
160 0.454162
161 0.4264700000000001
162 0.5352944999999998
163 0.7529800000000002
164 0.797059
165 0.6194360000000001
166 0.657843
167 0.15979049999999995
168 0.42372932759846926
169 0.17514547130753289
170 0.6946665000000001
171 0.711490891526107
172 0.14078535222128274
173 0.505903
174 0.0029409999999999714
175 0.824982
176 0.48452270044010537
177 1.185294
178 0.4703989999999998
179 0.19607900000000011
180 0.9215679999999999
181 0.6217785582884496
182 0.6445180000000001
183 0.7899430000000001
184 0.15890300000000002
185 0.37635700000000005
186 0.3035410000000003
187 0.9019605000000002
188 0.6007010000000002
189 0.0407672396646408
190 0.5820531717263813
191 0.5847085000000001
192 0.12699850597869733
193 1.0676470000000002
195 0.7028330000000003
194 0.9130370000000001
196 0.48990900000000015
197 0.7793970000000001
198 0.6118754999999999
199 0.5077826581517739
200 0.50196
201 0.4616165
202 0.26220500000000013
203 0.4401950000000001
204 0.4428620000000001
205 0.535258
206 0.48659600000000003
207 0.1885610000000002
208 0.21377895819287374
209 0.14117699999999989
210 0.1381576810711005
211 0.4046510000000001
212 0.75284
213 0.8319460000000003
214 0.3205880000000001
215 0.5374760000000001
216 0.5767530000000001
217 0.723061923826847
218 0.6622426522593952
219 0.46274400000000004
220 0.926917
221 0.7136895757760537
222 0.06568700000000005
223 0.2503306156086704
224 0.32083300000000015
225 0.22033723315550735
226 0.820587
227 0.0504659999999999
228 0.21895300000000018
229 0.12153400000000025
230 0.14596150000000008
231 0.4577389999999999
232 0.6836870000000002
233 0.731372
234 0.04019600000000001
235 0.07389200000000007
236 0.556863
237 0.502359
238 0.40836376636477434
239 0.842157
240 0.5231967836589757
241 0.5217395
242 0.8362750000000001
243 0.4587605
244 1.326471
245 0.9483320000000001
246 0.2871374681921362
247 0.7850270000000004
248 0.24677799999999972
249 0.41771002374718386
250 0.935857
251 0.19907217890553786
252 1.3287470000000001
253 0.656577581823832
254 0.49126250000000016
255 0.5725485000000001
256 0.09167014421148689
257 1.232495
258 0.17941298323456434
259 0.5951661401846046
260 0.870064
261 0.07493656350806344
262 0.8371870000000001
263 0.12607199999999996
264 0.841609
266 0.4333125
265 0.7637259999999999
267 0.8626090000000002
268 0.7120501436220699
269 0.2518273986533133
270 0.15527950000000001
271 0.30098099999999994
272 0.9399689368918946
273 0.7332550000000002
274 0.05739000000000005
275 0.22584500000000007
276 0.22058900000000015
278 0.33169553567787674
277 0.0215685000000001
279 0.815337
280 0.7681001980927478
281 0.680409
282 0.6320223041972824
283 0.771029
284 0.870587
285 0.6373756130691282
286 0.222549
287 0.43696115395722906
288 0.379059
290 0.06508749999999996
289 0.44999999999999996
291 0.859804
292 0.3884989999999999
293 0.5684070000000001
294 0.5186280000000001
295 0.6637255
296 0.8873236135415778
297 0.2877240000000001
298 0.745134
299 0.788188
300 0.742543
301 0.7264710000000001
302 0.9390267375317016
303 0.7699530000000001
304 0.30346800000000007
305 0.4519593952055525
306 0.30882300000000007
307 0.7467654822555847
308 0.7095234497479785
309 0.23909995174709286
310 0.7829695223589761
311 0.7088235
312 0.756586
313 0.5058819999999999
314 0.540343
316 0.8766249645610584
315 0.6804520947686165
317 0.410164
318 0.719608
319 0.8326216694299409
320 0.7568630000000001
321 0.22043400000000024
322 0.4864085
323 0.4468955000000001
324 0.050000000000000044
326 0.7625406467951359
325 0.3576100000000002
327 0.5874900000000001
328 0.5127410000000001
329 0.9284310000000002
330 0.83728
331 0.771569
332 0.08921599999999996
333 0.7177278442234305
334 0.6872550000000002
335 0.3223943941081773
336 0.3803920000000002
337 0.26046599999999986
338 0.10718268024067656
339 0.8382355
340 0.22450900000000007
341 0.8519605000000001
342 0.3029400000000002
343 0.6166670000000001
344 0.9371088842795106
345 0.2021990566014038
346 0.334314
347 0.7343618015270625
348 0.839216
349 0.1074746174847947
350 0.557464
351 0.5915281801280441
352 0.8892154999999999
353 0.07843099999999992
354 0.3925959695391379
355 0.6825663983676401
356 0.717227576720809
357 0.10738000000000003
358 0.910784
359 0.07227200000000011
360 0.802942
361 0.8031744527299294
363 0.05828362009163479
362 0.13380300000000012
364 0.428431
365 0.17156900000000008
366 0.592157
367 0.894118
368 0.5277440989615139
369 0.787255
370 0.12147300921905613
371 0.5058602266658412
372 0.6001239999999999
373 0.031136000000000053
374 0.15137500000000004
375 0.04578038146726804
376 0.3366294999999999
377 0.7321695000000001
378 0.45859550000000016
379 0.11666700000000008
380 0.4953120739391237
381 0.08627431996693113
382 0.917647
383 0.3046864403905012
384 0.6199290000000002
385 0.500575456366755
386 0.20709527821743423
387 0.3086150000000003
388 0.21862800000000004
389 0.1488425000000002
390 0.4348700000000001
391 0.910784
392 0.6651784709787644
393 0.24986300000000017
394 0.378139
395 0.13935150000000007
396 0.7443586002754139
397 0.6472500000000001
399 0.02254900000000004
398 0.9153400000000002
400 0.2245100000000002
401 0.8497035000000002
402 0.08921600000000018
403 0.12268281817091609
404 0.7803920000000001
406 0.7034437829835256
405 0.817473
407 0.5201508483867952
408 0.6117645
409 0.425033
410 0.03529350000000009
411 0.5030495000000001
412 0.5276258089889925
413 0.06822600000000012
414 0.381653
415 0.06150450000000007
416 0.5980380000000001
417 0.6217165782116834
418 0.18659700000000012
419 0.5666500000000003
420 0.24468724077142778
421 0.1949193130129061
422 0.9231557716697054
423 0.40197713346717223
424 0.5402075
425 0.2610554093057884
426 0.6509799999999999
427 0.77353
428 0.5433380000000002
429 0.5764223591729216
430 0.546079
431 0.4568634999999999
432 0.7558825
433 0.754609
434 0.6117684999999999
435 0.7035750000000001
436 0.7664949999999999
437 0.11331975408402628
438 0.898052
439 0.13683500000000004
440 0.932303
442 0.868627
441 0.307844
443 0.408824
445 0.5198367395317192
444 0.820589
447 0.8785702130345083
446 0.08725399999999994
448 0.7588229999999999
449 0.36155295386872277
450 0.3997035360905752
452 0.4774699288333051
451 0.563726
453 0.24799600000000002
454 0.4367000756412156
455 0.944059
456 0.38453172154252235
457 0.281975044584812
459 0.504338
458 0.15784200000000004
460 0.762744
461 0.9318569999999999
462 0.7148218086754778
463 0.6598040000000001
464 0.8552395009641631
465 0.32444699999999993
466 0.7178908582881991
467 0.6980390000000003
468 0.07085199999999992
469 0.23235250000000018
470 0.827285
471 0.45824552650421313
472 0.5595168761818146
473 0.2532178080817957
474 0.4627460000000003
475 0.8206865
476 0.20646849999999994
477 0.9761629999999999
478 0.43334000000000006
479 0.5918410000000001
480 0.469608
481 0.23827743011757407
483 0.3911770000000001
482 0.7648858753704604
484 1.1207361396538322
485 1.2600040000000001
486 0.3058820000000002
487 1.0215680000000003
488 1.4460790000000003
489 0.31721225244715456
490 0.551328
491 0.8980868631908998
492 0.6252449999999998
494 0.607837
495 0.364476
493 0.414706
496 0.9917239999999998
497 0.14285942744809232
498 0.06260600000000016
499 0.5382359999999999
500 0.50098
501 0.49945273062237827
502 0.5197170000000002
503 0.05980300000000005
504 0.8774310000000003
505 0.022421000000000024
507 0.7480389999999999
506 0.07695800000000008
508 0.4290209999999999
509 0.34574239573250165
510 0.6965167214906497
511 0.26960800000000007
512 0.898611
513 0.75
514 0.09803899999999999
515 0.656543187144979
516 0.8806700000000001
518 0.4715690000000001
517 1.0613940000000002
519 0.6267401018331065
520 0.35844099999999995
521 0.5684760000000002
522 0.5735290000000002
523 0.09726100000000004
524 0.7039205
525 0.9298414296472965
526 0.9616170000000002
527 0.271852
528 0.47859300000000005
529 0.6650169072772989
531 0.40803100000000025
530 0.6514875000000001
532 0.6536504452046736
533 1.1849340000000004
534 0.8396110000000001
535 0.523118
536 0.17269092586050383
537 0.6070395
538 0.6618274030862387
539 0.9411769999999999
540 0.8499990000000002
541 0.7516275105401199
542 0.702353
543 0.19993213853650893
544 0.6340201169397133
545 0.43823499999999993
546 0.7931380000000001
547 0.11941610385330992
548 0.01918450000000016
549 0.5980380000000001
550 0.06735700000000011
551 0.9077925
552 0.45104109452803876
553 0.6917398736068852
554 0.9490190000000001
555 0.5433650000000001
556 0.39474437961676223
557 0.4715830000000002
558 0.8400018971826683
559 0.6486944915316113
561 0.39320900000000014
560 0.8490263263876772
562 1.5785815
563 1.5445950000000004
564 0.604392
565 0.6852940000000001
566 1.4058830000000004
567 0.11053000000000002
569 0.2313719999999999
568 1.5540899999999997
571 0.48137300000000005
570 0.16020218084417515
572 0.18627400000000005
573 0.5531805000000001
574 0.7343430312309964
575 1.2410071182125437
576 0.261765
577 1.1960790000000003
578 0.7805584999999999
579 0.1794150000000001
580 0.24867600000000006
581 0.22473500000000013
582 0.13137200000000004
584 0.4700863605911516
583 0.438386
585 0.27352900000000013
586 0.09156512879057987
587 0.491177
588 0.7333339999999999
590 0.8514014958420529
589 0.4903187604781287
591 0.19999900000000004
592 0.22450900000000007
593 0.4978420000000001
594 0.8262465
595 0.5333334999999999
596 0.931835
597 0.2532543190509553
598 0.5221915
599 0.151961
600 0.7264710000000001
601 0.08137299999999992
602 0.13137200000000004
603 0.662745
604 0.4282109999999999
605 0.8943048299396108
606 0.4028819020415171
607 0.7424280000000001
608 0.8978098071599012
609 0.7978700653118371
610 0.23039300000000007
611 0.35588200000000003
612 0.33948389992357764
613 0.7902909800870621
614 0.7343145000000001
616 0.8604642927817804
615 0.28333300000000006
617 0.7156859999999999
618 0.043314500000000034
619 0.47545099999999985
620 0.4686355
621 0.20498499999999997
622 0.6897530000000001
623 0.21568600000000004
624 0.4185310000000001
625 0.595097
626 0.10196150000000004
629 0.29215750000000007
627 0.11794700000000025
628 0.7192461654549207
630 0.029691000000000023
631 0.9401955
632 0.831106
633 0.3169606017898996
634 0.45938100000000004
635 0.019606500000000082
636 0.673243
637 0.905882
638 0.910609
639 0.07417600000000002
641 1.6499629999999998
640 0.688375
642 0.7771314999999999
643 0.66375950375712
644 0.613119155859364
645 0.9964010000000003
646 0.46274499999999996
647 0.6351240674350889
648 0.0923265000000002
649 0.30696349999999994
650 0.48039200000000015
651 0.07619500000000023
652 0.359804
653 0.8174795000000001
654 0.12156850000000019
655 0.872549
656 1.3675977194878086
657 0.7264710000000001
658 0.437422
659 0.5944640000000001
660 0.6399121749145884
661 0.6394528721152872
662 0.442523
664 0.44036964863864103
663 0.8666670000000001
665 0.6989647355877103
666 0.6068625
667 0.240197
669 0.4137265000000001
668 0.05098099999999994
670 0.0967150000000001
671 0.9224185
672 0.8872555000000001
673 0.38570431575510433
674 0.4975514255435012
675 0.520588
676 0.42318100000000003
677 0.1588235
678 0.191176
679 0.08687400000000012
680 0.6377241711040952
682 0.5402147701341786
681 0.8009810000000002
683 0.7653020000000001
685 0.8794120000000001
684 0.18725500000000017
686 0.9038370336476214
687 1.1470273895176446
688 0.660676
689 0.5301500059058868
690 0.8678325
691 0.6549938023003377
692 0.9451830000000001
693 0.2669840000000001
694 0.4811590000000001
695 0.08139630946516996
696 0.5821330000000002
697 0.6750358984421713
698 0.7603120000000001
699 0.08823549999999991
700 0.34411800000000015
701 0.5033550000000004
702 0.28529400000000016
703 0.2392160000000001
704 0.46485305844256497
705 0.8116377584879566
706 0.6156699999999999
707 0.5429009988730471
708 0.051543000000000117
709 0.26678
710 0.9099305590139014
711 0.5306012383447496
712 0.358757
713 0.7852945
714 0.6548145
715 0.80098
716 0.5946929999999999
717 0.49797643474986425
718 0.27549
719 0.025490500000000083
720 0.2946320000000002
721 0.913584
722 0.497058
723 0.8237972288397237
724 0.23118100000000008
725 0.5921559999999999
726 0.4731424999999999
727 0.269458
728 0.27626099999999987
729 0.314733
730 0.8026854200839679
731 0.6023099999999999
732 0.8841844999999999
733 0.21200439687323502
735 0.8588632655525521
734 0.4087806026637193
736 0.240196
737 0.028550999999999993
738 0.8390332081359594
739 1.7268010000000003
740 0.9380181146451804
741 0.718699
742 0.28799761129075807
743 0.8082209999999999
744 0.7539209999999998
745 0.49643000000000015
746 0.5513509999999999
747 0.38518652587568036
748 0.9137255000000002
749 0.6812230000000001
750 0.8960779999999999
751 0.36274399999999996
752 0.5727254591504549
753 0.958823
754 0.8176480000000004
755 1.2424000000000002
757 0.3254905000000001
756 0.28249998351854533
758 0.5047818581074315
759 0.7725626912191872
760 0.23435931681908162
761 0.931883
762 0.9470590000000001
763 0.12131277750432257
764 1.096243
765 0.3079430000000003
766 0.936275
767 0.9438481812354853
768 1.3313720000000002
769 0.4642629729315597
770 0.25961884055229145
771 0.8673440000000003
772 0.41918269445358547
773 0.10115700000000016
774 0.7294120000000002
776 0.734164
775 0.2803930000000001
778 0.12505100000000025
777 0.6661490446137697
779 0.567604
780 0.8854600000000001
781 0.9151519961828658
782 0.6774510000000001
783 0.925397
784 0.7293854127939272
785 0.822974926175509
786 0.3225490000000002
787 0.44654232156066853
788 0.941719
789 0.02353000000000005
790 0.674662
791 0.3813730000000002
792 0.914454
793 0.189986
794 0.47549
795 0.36372499999999985
796 0.8015695
797 0.34204999999999997
799 0.42301834605539584
798 0.30950302470356217
800 0.28711700000000007
801 0.5228119999999998
802 0.9943569170651823
803 0.18466300000000024
804 0.9195614492459439
805 0.20789900000000006
806 0.558966
807 0.31176500000000007
808 0.1002470000000002
809 0.6358985
810 0.7833635364689322
811 0.30196
812 0.666539
813 0.4990199999999999
814 0.8904820832516209
816 0.22548999999999997
815 0.7457550000000002
817 0.12766461229833115
818 0.8019609999999997
819 0.3480399999999999
820 0.09556700000000018
821 0.5215690000000002
822 0.7852940000000002
823 0.57453
824 0.31127336903939073
825 0.3883445000000001
826 0.915687
827 0.6020769239593922
829 0.7686270000000001
828 0.3911760000000001
830 0.58285
832 0.33235300000000023
831 0.36568599999999996
833 0.8986255
834 0.9235295000000001
835 0.680393
836 0.7684446373485156
837 0.5666670000000003
838 0.08229799999999998
839 0.913192
840 0.02111900000000011
841 0.5387955718985185
842 0.8001389999999999
843 0.157802
844 0.41709600000000013
845 0.7338653375356472
846 0.3068630000000001
847 0.36042300000000016
848 0.2018745934706847
849 0.7107844999999999
850 0.709175
851 0.19579799999999992
852 0.23147836443864084
853 0.43650642800983797
854 0.003922000000000092
855 0.007729702261718652
856 0.621178
857 0.140196
858 0.41470549999999995
859 0.83664
860 0.21470550000000022
861 0.9197668306605584
862 0.35106700000000024
863 0.5382410000000002
865 0.48801912715374285
864 0.3735295
866 0.17676563652579436
868 0.12451000000000012
867 0.8294120000000001
869 0.8411770000000001
870 0.08611600000000008
871 0.8860485
872 0.1285750000000001
873 0.761764
874 0.6292170235072604
875 0.6754900000000001
876 0.332352
878 0.963724
877 0.5025419290814055
880 0.026469999999999994
879 0.05784900000000004
881 0.36556900000000003
882 0.1843140000000001
883 0.7484667054969879
884 0.4852940000000001
885 0.028983000000000092
886 0.23039199999999993
887 0.8094669999999999
888 0.7592684205194824
889 0.8944369999999999
890 0.45123350000000007
891 0.801426
892 0.1032417644892707
893 0.2111490000000001
894 0.909646
895 0.7281563782008649
896 0.08715000369499504
897 0.6210705965481831
898 0.6176465
899 1.17451
900 0.17647100000000004
901 0.7049015000000001
902 0.873307782283284
903 0.5460780000000001
904 0.4335610000000001
905 0.734313
906 0.982353
907 0.84267
908 0.5002465559470142
909 0.2393244850949514
910 0.573529
911 0.08094449999999997
912 0.21274703115322513
913 0.34067400000000014
914 0.5968606914334612
915 0.34999600000000064
916 0.35607100000000025
917 0.57134
918 0.690172
919 0.8980903654170862
920 0.42058799999999996
921 0.4598039999999999
922 0.11764649999999999
923 0.0882246320170148
924 0.46276700000000015
925 0.08314899999999992
926 0.19677259755019838
927 0.253922
928 0.4166670000000001
929 0.40932999999999997
930 0.35041511358810373
931 0.007685000000000053
932 0.5137259999999999
933 1.000609
934 0.8703055
935 0.5278470000000001
936 0.38583500000000015
937 0.6930989999999999
938 0.308824
939 0.5430370000000002
940 0.057216000000000156
941 0.39312500000000017
942 0.12770100000000006
943 0.886275
944 0.3450985
945 0.915686
946 0.6107500000000001
947 0.5452730000000003
948 0.681141
949 0.668619328531014
950 0.8457110000000001
951 0.5294110000000001
952 0.13334000000000024
953 0.14914000000000027
954 0.8669260000000001
955 0.081372
957 0.6037685
956 0.5063225000000001
958 0.933333
959 0.36245300000000014
960 0.368973
961 0.3872549999999999
962 0.06407700000000038
963 0.4409860000000001
965 0.22098313105884015
964 0.9298200000000001
967 0.820265
968 0.3205880000000001
966 0.624914811588283
970 0.3327319155654356
973 0.562745
969 0.21340465175497325
971 0.6307441405350288
972 0.8330967530257442
975 0.713324
976 0.426816927688187
974 0.7696080000000001
977 0.7580246486277429
979 0.5333330000000001
980 0.09411800000000015
978 0.1496850790982147
981 0.8390554754434554
982 0.2848970000000002
983 0.21878100000000011
984 0.8687920711342038
985 0.675378406943218
986 0.21764700000000015
987 0.0571665831224879
988 0.7771775000000001
989 0.24094799999999994
990 0.18725500000000017
993 0.10909876037807686
991 0.6725730000000002
992 0.6833339999999999
994 0.2856890000000001
995 0.6294109999999999
996 0.9245095
997 0.926471
998 0.8858300000000001
999 0.7519175
1000 0.5764953645012534
1001 0.738235
1002 0.29501250000000034
1003 0.07254850000000013
1004 0.6740832306443306
1005 0.5203450000000001
1007 0.335180253072914
1006 0.936407
1008 0.033632153752804705
1009 1.385293
1010 0.009698000000000095
1011 0.9382360000000001
1012 0.8911770000000001
1013 0.7408989999999999
1014 0.8921560000000002
1015 0.24962318641040038
1016 0.33685600000000004
1017 0.1678599999999999
1018 0.4490194999999999
1019 0.6598044999999999
1020 0.402941
1021 0.4710375
1022 0.1777955
1023 0.4129130000000001
1024 0.896700810660598
1025 0.001807000000000003
1026 0.9359316962815876
1027 0.6113740000000001
1028 0.02803599999999995
1029 0.6147060000000002
1030 0.2734116626607961
1031 0.9417439999999999
1032 0.363726
1033 0.586433
1034 0.38670000000000004
1035 0.92647
1036 0.9404990000000001
1037 0.062692612874687
1038 0.45328199999999996
1039 0.9178370000000001
1040 0.6073915
1041 0.44920789953630624
1042 0.3205880000000001
1043 0.9323535000000001
1044 0.1569640000000001
1045 0.41426400000000013
1046 0.4336300000000002
1047 0.7696080000000001
1048 0.5709516584104991
1049 0.436712
1050 0.19117699999999993
1051 0.34379400000000004
1052 0.24599833308416663
1053 0.4078435
1054 0.708323211671716
1055 0.04019650000000008
1056 0.3509810000000002
1057 0.6393280000000001
1059 0.4235295000000001
1058 0.812745
1060 0.0047948251166274325
1061 0.5739090000000002
1062 0.360854415061828
1063 0.32574047514199633
1064 0.16372500000000012
1065 1.4014780000000002
1066 0.809804
1067 1.2774500000000002
1068 0.032353000000000076
1069 4.900000000001015E-4
1070 0.7780550000000002
1071 0.7484074999999999
1072 0.39304800000000006
1073 1.4971012876762118
1074 1.456907404964696
1075 0.013134000000000201
1076 0.8764715000000001
1077 1.0098040000000001
1078 0.6303919999999998
1079 0.40475103001738355
1080 0.7883400000000003
1081 0.8303925000000001
1082 0.6997945000000002
1083 0.803132
1084 0.07748040539069967
1085 0.20352400000000004
1086 0.8357605476560338
1087 1.2529420000000002
1088 0.5088239999999999
1089 0.07912600000000003
1090 0.164601
1091 0.446612
1092 0.0224580000000002
1093 0.8986609303189357
1094 0.548541
1095 0.49825025909452925
1096 0.42366755846514903
1097 0.8565255786771732
1098 0.06176500000000007
1099 0.901826
1100 0.220588
1101 0.687045
1102 0.6200749999999999
1103 0.6188828794208459
1105 0.9119401805856712
1104 0.9460790000000001
1106 0.7137400000000003
1107 0.320233
1108 0.5398816581326642
1109 0.3970845580901923
1111 0.31162534838962674
1110 0.027058000000000137
1112 0.3171699491850226
1113 0.1254900000000001
1114 0.6890229999999999
1115 0.831018
1116 0.8194689157593704
1117 0.8213330587306162
1118 0.11176500000000011
1119 0.5009805
1120 0.5945377401993324
1121 0.8035067849762638
1122 0.3662231225829051
1123 0.48206832652939746
1124 0.5992964165580799
1126 0.4361972019717384
1127 0.9622549999999999
1125 0.30259255509994665
1128 0.5622829999999999
1129 0.18627450000000012
1130 0.508823
1131 0.194326
1132 0.19221600000000016
1133 0.5658685487626351
1134 0.8340669999999999
1135 0.2709631020194576
1136 0.42710000000000004
1137 0.780392
1138 0.44999999999999996
1139 0.16660199999999992
1140 0.6762925000000001
1141 0.7706411742822185
1142 0.48979784742216514
1143 0.3629675
1144 0.87549
1145 0.23368872985627398
1146 0.7316050000000001
1147 0.26666600000000007
1148 0.809628
1149 0.6674070000000001
1150 0.5004000000000002
1151 0.36764700000000006
1152 0.14803900000000003
1153 0.28498713390873376
1154 0.10784300000000013
1155 0.8938450000000001
1156 0.669669
1157 0.771323
1158 0.18085099999999987
1159 0.46274499999999996
1160 0.81257
1161 0.606553
1162 0.050000000000000044
1164 0.736559
1163 0.42352900000000004
1165 0.4651401310297778
1166 0.8121999128099473
1167 0.050980500000000095
1168 0.2269161362467801
1169 0.7805900000000001
1170 0.2852417411627295
1171 0.7577480000000001
1172 0.7460785
1173 0.6124865000000002
1174 0.817501
1175 0.694429
1176 0.8362745
1178 0.651961
1177 0.7210670000000001
1179 0.460859
1180 0.12987100000000007
1181 0.6621790775245785
1182 0.30425199999999997
1183 1.379412
1184 0.1944117397934566
1185 1.6245100000000001
1186 0.08333300000000032
1189 0.1729088218814685
1187 0.728431
1188 1.1563340000000004
1190 0.43220100000000006
1191 0.22156850000000006
1192 0.2578663705905304
1193 0.6994845000000001
1194 0.8577323336176386
1195 0.16910400000000014
1196 0.6901949999999999
1197 0.8927110000000003
1199 0.2798460551215902
1198 0.863523
1200 0.4481919999999999
1201 1.1649170000000002
1202 0.926903
1203 1.2090539999999999
1204 0.14117599999999997
1205 1.299708
1206 0.20000099999999987
1208 0.3281631735414372
1207 0.4414370000000001
1209 0.663630762857787
1210 0.5068625
1211 0.8147564175797413
1212 0.922846
1213 0.3957214391613677
1214 0.8532062831359506
1215 0.5110870000000001
1216 0.4409810474369793
1217 0.7161692506583017
1218 1.2590875920658477
1219 0.4026033427809115
1220 1.416666
1221 0.09705800000000009
1222 0.5351564546487435
1224 0.021861574533949324
1223 0.16372600000000004
1225 0.5396885
1226 0.698439
1227 0.13453800000000005
1228 0.597059
1229 0.21845691429097758
1230 0.7970585000000001
1231 1.2019600000000004
1232 0.11666600000000016
1233 0.2275483554875184
1234 0.38333300000000015
1235 0.5244795987606603
1236 0.600981
1237 0.487255
1239 0.04014827549557176
1238 0.8208312225100335
1240 0.324651
1241 0.4637260000000001
1242 0.62451
1243 0.21028599999999997
1244 0.885293
1245 0.8406646568624837
1246 0.7019610000000001
1247 0.7823525
1248 0.8144687007363283
1249 1.1644790000000003
1250 0.048039000000000276
1251 0.04439750000000009
1252 0.6082370000000001
1253 0.562653624916049
1254 0.9245095
1255 0.3284309999999999
1256 0.7466379999999999
1257 0.18735000000000013
1258 0.9417629999999999
1259 0.06274550000000012
1260 0.793137
1261 0.3570280000000001
1262 0.029100000000000015
1263 0.8428850000000001
1264 0.425491
1265 1.404876
1266 0.7720848177311048
1267 0.49445700000000015
1268 0.08627500000000032
1269 0.9084809999999999
1270 0.2647060000000001
1271 0.8801641450355615
1272 0.8882350000000001
1273 0.16059311495381068
1275 0.3215690000000002
1274 0.429165
1277 0.1732589511957594
1278 0.8607197509121527
1276 0.3538699999999999
1279 0.48147763858055925
1280 0.8823535
1281 0.45057766996398807
1283 0.9598040000000001
1282 0.4178693942814691
1284 1.250354
1285 0.25227822892541596
1286 0.867009646399832
1287 0.3805851392380728
1288 0.14694619045671176
1289 0.9240884640386078
1291 0.2885089999999999
1290 0.717615
1292 0.712318
1293 0.6515360000000001
1294 0.9072705000000001
1296 0.7270650000000001
1295 0.8598030000000001
1297 1.133511908926936
1298 0.5788562458868156
1299 0.21827373892890134
1300 0.1539219999999999
1301 0.45784250000000015
1302 0.5016595239022026
1303 0.7702579999999999
1304 0.514213
1305 0.816667
1306 0.5747686583911132
1307 0.7264710000000002
1308 0.518627
1310 0.2555522781420365
1309 0.5372799670855768
1311 0.5452384510096018
1312 0.45060488515231323
1313 0.3056320881210153
1314 0.3014694197574903
1315 0.7627449999999998
1316 1.3392155000000001
1317 0.5352217158800366
1318 0.2453679999999998
1319 0.15379450000000006
1320 0.031372000000000066
1321 0.4454180000000001
1322 0.36054079563216823
1323 0.1549020000000001
1324 0.578183
1325 0.20847714644090387
1326 0.8823529999999999
1327 0.512413186671719
1328 0.430391
1329 0.2473861299411182
1330 0.7176470000000001
1331 0.45834253064803865
1332 0.7069975000000001
1333 0.8022420000000001
1334 0.0652864293092621
1335 0.16162649017974062
1336 0.7441354454971678
1337 0.9372754003437103
1338 0.9127445
1339 0.31523458092197587
1340 0.18529400000000007
1341 0.5225490000000002
1342 0.42713200000000007
1343 0.4406245
1344 0.4308639999999999
1345 0.9323530000000002
1346 0.8596152594861053
1347 0.8425447952397793
1348 0.12439099999999992
1349 0.4874193485706855
1350 0.861641999534623
1351 0.5646604018977148
1352 0.7780900000000002
1355 0.3153729999999999
1353 0.7053961343069358
1354 0.47302100000000014
1356 0.20294100000000026
1357 0.720707
1358 0.7735289999999999
1359 0.0177130000000002
1360 0.01862700000000006
1361 0.5284310000000001
1362 0.04548471844455171
1363 0.17298900000000006
1364 0.748839
1365 0.934314
1366 0.41078499999999996
1367 1.39706
1368 0.5005658361778231
1369 1.0240790000000002
1370 0.15147893839953896
1371 0.910784
1372 0.47169469643696105
1373 0.14875720876032106
1374 0.38379034629662123
1375 0.4350996689761546
1376 0.3726819264527519
1377 0.818945
1378 0.8264710000000002
1379 0.03950821584830011
1380 0.007843000000000044
1381 0.9007994946249844
1382 0.9179070000000003
1383 0.8245100000000002
1384 0.7732660000000002
1385 0.46489462753152533
1386 0.8695488792574487
1387 0.74175
1388 0.13636400000000015
1389 0.7969391920795101
1390 0.665686
1391 0.784314
1392 0.21842800000000007
1393 0.06778386633988442
1394 0.5874641631182544
1395 0.7218070000000001
1396 0.28506600000000026
1397 0.5200886275000473
1398 0.620588
1399 0.0617645
1400 0.611515
1401 0.25269503408929017
1402 0.9044179999999999
1403 0.4284315
1404 0.5482966527390771
1405 0.49547093770179473
1406 0.6834075688124174
1407 0.719419
1408 0.08534300000000017
1409 0.48333400000000015
1410 0.8110246452964733
1411 0.4514600000000002
1412 0.812083867117238
1413 0.9379284999999999
1414 0.5892160000000001
1415 0.7392780000000001
1416 0.6372550000000001
1417 0.004477000000000064
1418 0.0066229999999999345
1419 0.35741500000000004
1420 0.5710490000000001
1421 0.3303925000000001
1422 0.06761085187426952
1423 0.7227350000000001
1424 0.3096650000000001
1425 0.583334
1426 0.8587239999999999
1427 0.848298
1428 0.31864300000000023
1430 0.33638379739453605
1429 0.8290445000000002
1431 0.103078
1432 0.728128
1434 0.6617645
1433 0.08549955526052821
1435 0.1589948438059603
1436 0.17965300000000006
1437 0.29902000000000006
1438 0.7535179999999999
1439 0.01253858594769286
1440 0.755045
1441 0.12188300000000019
1442 0.87441
1443 0.714627
1444 0.9452546273071671
1445 0.0600750000000001
1446 0.3733910000000001
1448 0.8726655291199337
1447 0.87597
1449 0.435305
1450 0.650383
1451 0.3518990000000002
1452 0.735294
1453 0.5993705
1454 0.04113843881931256
1455 0.9372550000000001
1456 0.696079
1457 1.4720280000000001
1458 0.9231614999999999
1460 0.8620655
1459 0.17751300000000003
1461 0.7588230000000001
1462 0.30775300000000017
1463 0.833433
1464 0.7264700000000002
1465 0.0441435
1466 0.7382355
1467 0.243282
1468 0.053922000000000025
1469 0.34502250000000023
1470 0.9264700000000001
1471 0.41078400000000004
1472 0.23750511458966916
1473 0.941953
1474 0.8558830000000002
1475 0.16372500000000012
1476 0.9438333165824909
1477 0.15196100000000023
1478 0.010574131179751367
1479 0.20784200000000008
1480 0.3656870000000001
1481 0.2662390000000001
1482 0.8710870000000001
1483 0.1362522911726034
1484 0.1513409082798438
1485 0.8782167848917088
1486 0.4975896339671953
1487 0.10866700000000007
1488 0.23618000000000006
1489 0.19238500000000003
1490 0.06176500000000007
1491 0.0513269999999999
1492 0.8729453913471932
1493 0.546079
1494 0.38997100000000007
1495 0.23389700000000002
1496 0.6215283437587007
1497 0.87549
1498 0.530104
1499 0.6588229999999999
1500 0.6970590000000001
1501 0.545909
1502 0.508824
1503 0.412744
1504 0.47451
1505 1.0849690000000003
1506 0.6637679999999999
1507 0.8715680000000001
1508 1.0911770000000003
1509 0.05376399999999992
1510 0.1833340000000001
1511 0.6754543744614493
1512 0.1750729999999998
1513 0.819608
1515 0.550657
1514 0.4947299188585046
1516 0.026469999999999994
1517 0.5927180000000001
1518 0.7088239999999999
1519 0.18336094362415434
1520 0.07273649188990539
1521 0.4647049999999999
1522 0.31744400000000006
1523 0.8982905000000001
1524 0.5508348598875124
1525 0.1558202258880208
1526 0.1843140000000001
1527 0.09007900000000002
1528 0.5827869999999999
1530 0.7318064835819595
1529 0.4800199153087871
1531 0.69902
1532 0.07549000000000006
1533 0.6274782065253224
1534 0.809764
1535 0.6460785
1536 0.548039
1537 0.7372240000000001
1538 0.5377131168029838
1540 0.753171
1539 1.3787675000000001
1541 0.35588200000000003
1542 0.9127449999999999
1543 0.535037
1544 1.519608
1546 0.16103400000000012
1545 0.18823600000000007
1547 1.26953797426462
1548 1.651289
1549 0.097059
1550 0.6833259751629754
1551 0.07644000000000006
1554 0.16623780327910914
1553 1.351654136893374
1552 0.023073455729456516
1555 0.814029
1556 0.28239946977969094
1557 0.264816
1558 0.34637478477787154
1559 0.3676740000000003
1560 0.1829455798552777
1561 0.78544
1562 0.29323100000000024
1563 0.0509799999999998
1564 0.07941099999999995
1565 0.34019599999999994
1566 0.43333299999999997
1567 0.620772
1569 0.7656860000000001
1568 0.21926958177606642
1571 0.8110325000000002
1570 0.2517800000000001
1572 0.09022114172836582
1573 0.921568
1574 0.6328560000000001
1575 0.15784299999999996
1577 0.471569
1576 0.3827870000000001
1578 0.851478
1579 0.2970590000000001
1580 0.36984799999999995
1581 0.630361
1582 0.293137
1583 0.6637255
1584 0.6219755422664992
1585 1.42451
1586 0.5252079999999999
1589 0.44430132829167124
1588 0.6735300000000002
1587 0.3264097541786979
1590 0.02712150000000002
1591 0.232321
1592 1.3617640000000002
1593 0.49441350000000006
1594 0.5581630000000002
1595 0.7699122025488949
1596 0.011256005549217574
1597 0.22594254866392682
1598 0.6549025000000002
1599 1.0015471211310307
1600 0.636477
1602 0.04700404229427757
1601 0.5730700869225691
1603 1.1054026871732574
1604 0.44215799999999983
1605 0.5147055
1606 0.789076207649587
1607 0.729412
1608 0.17640350131935104
1609 0.8539220000000002
1610 0.15355793710147592
1611 0.7715679999999998
1612 0.22988750000000002
1614 0.304902
1613 0.35466299999999995
1615 0.13469599999999993
1616 0.6065989999999999
1617 0.7796455308930668
1618 0.9095130000000001
1619 0.15772639755893025
1620 0.3170996952006895
1621 0.5788410197399947
1622 0.9701770000000001
1623 0.43459099999999995
1624 0.52451
1625 0.502397
1626 1.0664968474298522
1627 0.1787890000000003
1629 0.29817495812656397
1628 0.4588240000000001
1631 0.0734265258374438
1630 0.7912908603781823
1633 1.0766989999999999
1632 0.894117
1634 0.428299
1635 0.5979977542340293
1636 0.4710500000000002
1637 0.29132906397257186
1638 0.40833200000000014
1639 0.1401960000000002
1640 1.0181975421078877
1641 0.0871336483744638
1642 0.8423440000000001
1643 0.6911765
1644 0.2895019999999999
1645 0.08527649999999998
1647 0.13431400000000027
1646 0.42689647256088215
1648 0.22941100000000025
1649 0.431373
1650 0.9317156575043728
1651 0.1467471278410395
1652 0.42485387415880216
1653 0.7254474930750556
1655 0.9272800000000001
1654 0.1990200000000002
1657 0.7372560000000001
1656 0.04143693596184872
1658 0.522548
1659 0.2599809809784841
1660 0.9277910000000001
1661 0.905883
1662 0.5147060000000001
1663 0.20679869766871928
1664 0.5696075
1665 0.7116803608409947
1666 0.07477800000000001
1667 0.355966
1668 0.15305199999999997
1669 0.24055809920905813
1670 0.043373000000000106
1671 0.751957
1672 0.6431370000000001
1673 0.8892155
1674 0.002906000000000075
1675 0.9346631872820852
1676 0.5425722977052042
1677 0.9130402784702008
1678 0.6205890000000001
1679 0.5576239999999999
1680 0.21470600000000006
1681 0.8279515
1682 0.910784
1683 0.30127269593382566
1684 0.8900869999999999
1685 0.8617645
1686 0.9783804999999999
1687 0.9186280000000002
1688 0.2696885
1689 0.07058750000000003
1690 0.47177800000000003
1691 0.4461862949970843
1692 0.6578440000000001
1693 0.01960750000000011
1694 0.755692
1695 0.8736059610454385
1697 0.04993100000000006
1696 0.16372500000000012
1698 0.18039250000000018
1699 0.05388999999999999
1700 1.2372530000000002
1701 0.21198899999999998
1702 0.7754905000000001
1703 0.5879140000000003
1704 0.2856365
1705 0.15510582683555652
1706 0.0906599721801109
1707 0.40342
1708 0.008113008736373661
1709 0.7046937630515964
1710 0.242838
1711 0.46181700000000014
1712 0.3259540000000001
1713 0.636258
1714 0.9404351473803938
1715 0.09592749999999994
1716 0.758643
1717 0.19999999999999996
1718 0.9539220000000002
1719 0.742157
1720 0.9602380000000001
1721 0.6931555
1722 0.05686300000000011
1723 0.6617650000000002
1724 0.46532996365271884
1725 0.6541161993956014
1726 0.5941185000000002
1728 0.13698650000000012
1727 0.2548363528497595
1730 0.22058800000000023
1729 0.8289210947692816
1731 1.17745
1732 0.4578430000000002
1733 0.816666
1734 0.30407700000000015
1735 0.3618150000000002
1736 0.5673234999999999
1737 0.36708200000000013
1738 0.729444
1739 0.5136010000000002
1741 0.237255
1740 0.27037449999999996
1742 0.18281241530836617
1743 0.2357720000000001
1744 0.3437720000000002
1745 0.9459345
1746 0.6039392124850611
1747 0.9362740000000002
1748 0.6241760000000001
1749 0.768159531787111
1750 0.874398
1751 0.514905
1752 0.912912609309362
1753 0.48748
1754 0.5621968237979316
1755 0.6588229999999999
1756 0.05588200000000021
1757 0.15000100000000005
1758 0.2591090000000001
1759 0.39313700000000007
1760 0.6031634505523157
1761 0.8909970000000003
1762 0.5966880000000001
1763 0.9116094717439633
1765 0.2583980000000001
1764 0.5025190000000002
1766 0.5911760000000001
1767 1.0948310000000003
1768 0.11568650000000003
1769 0.023529500000000092
1771 0.32467599999999996
1770 0.821979
1772 0.8127015840192144
1773 0.41819235007085465
1774 0.551801
1775 0.23662798718801303
1777 1.023431
1776 0.32156950000000006
1778 0.4816613834246002
1779 0.19921916319464383
1780 1.496424
1781 0.889216
1782 1.3915840000000002
1783 0.19952400000000003
1784 0.268259
1785 0.886275
1786 0.396339
1787 0.8350603570023425
1788 0.1539210000000002
1789 0.83760640521841
1791 1.2480399999999998
1790 0.402941
1792 0.17293266348987424
1793 1.6794120000000003
1795 0.31078449999999996
1794 0.5120810875188293
1796 0.4147050000000001
1797 0.15000000000000013
1798 0.3823525000000001
1799 0.042206999999999995
1800 0.1862744999999999
1801 0.6034820000000002
1802 0.6873070000000001
1803 0.8394590000000002
1804 0.06997761749894393
1805 0.07629299999999994
1806 0.38818694524819325
1807 0.4519605
1808 0.237255
1809 1.169608
1810 0.602806
1811 0.8800805
1812 0.22257087500954387
1813 0.698453
1816 0.18014900000000011
1814 0.1382350000000001
1817 0.6492540000000002
1818 0.3362750000000001
1820 1.1641509999999997
1815 0.18725500000000017
1821 0.329608
1822 0.5642670000000003
1823 0.1388235000000002
1819 0.12337900000000013
1824 0.932777
1825 0.7031920000000003
1826 0.7615845000000001
1827 0.296702
1828 0.3963063303770389
1829 0.35834199999999994
1830 0.834312
1831 0.4172630000000001
1832 0.5107839999999999
1833 0.31470600000000015
1836 0.679412
1834 0.650725
1835 0.7244060000000001
1837 0.4676475
1840 0.9367281990248428
1839 0.07735599999999998
1843 0.32156799999999985
1841 0.9882610000000003
1838 0.2705884999999999
1842 1.194797
1844 0.886382188602346
1846 0.11369100000000021
1845 1.5003564999999999
1847 0.1312835000000001
1849 0.4843150000000003
1848 0.6235299999999999
1850 0.40000000000000013
1851 0.27817749999999997
1853 0.9300569999999999
1852 0.9088235
1857 0.7407260000000002
1858 0.4018980000000003
1856 0.4883566753256606
1855 0.08627400000000018
1854 0.5749480000000001
1859 0.167292
1862 0.014706000000000108
1860 0.10953200000000018
1861 0.48575644020557585
1863 0.934057852026645
1864 0.3396330000000001
1865 0.9956720000000001
1867 0.8558869999999998
1866 0.8161155000000001
1868 0.9273170000000002
1869 0.7812260000000002
1870 0.017952950315992977
1871 0.8866521727401834
1872 0.6107750000000001
1874 1.423706
1873 1.5578420000000002
1875 0.5848860000000002
1877 0.6763695000000001
1876 0.7401960000000001
1878 0.19948400000000022
1879 0.2711877075656133
1880 0.2176420000000001
1881 0.44924850000000016
1882 0.50098
1883 0.8834617623724579
1884 0.5855410000000002
1885 0.08111609199926018
1886 0.538235
1887 0.9019325000000005
1889 0.5941052001541713
1888 0.5392159999999999
1891 0.3838112355581005
1890 0.676471
1892 0.24215699999999996
1893 0.6491629999999999
1894 0.6892155
1895 0.3771945000000001
1896 0.686775
1897 0.21842782763923085
1898 0.016666999999999987
1899 0.407181
1900 0.21568700000000018
1901 0.845098
1903 0.5464730000000001
1902 0.3174349999999999
1904 0.6827898376487656
1905 1.0235
1906 0.891176
1907 0.6576414656925348
1908 0.43256651123818357
1909 0.17300610778803072
1910 0.9421565
1911 0.1039215
1912 1.2415740000000002
1913 0.19846309720882382
1914 0.32745100000000016
1915 0.873529
1916 0.6235299999999999
1917 0.5307410000000001
1919 4.0595815418653647E-4
1918 0.04488859945862944
1920 0.2649785
1921 0.1494983740000968
1922 0.8053460930233958
1923 0.5401819999999999
1924 0.22353
1926 0.097059
1925 0.914903
1927 0.10487789629003164
1928 0.2693619999999999
1929 0.19939400000000007
1930 0.640172
1931 0.6244313172731613
1932 0.6754910000000001
1933 0.6672180000000001
1934 0.6068625
1935 0.9430270997712589
1936 0.4845868351959599
1937 0.16764699999999988
1938 1.118676
1940 0.44313800000000003
1939 0.8617650000000001
1941 0.28097080410063646
1942 1.176096
1943 0.1348290000000001
1944 0.98055
1945 0.07861457951355066
1946 0.8563188773757092
1947 0.7931375
1948 0.7723740000000001
1949 0.96343
1950 0.3362740000000002
1951 0.5757679999999998
1952 0.09771164162161483
1953 1.0889060171080838
1954 0.939675686358204
1955 0.38823450000000004
1957 0.5768031727648981
1956 0.27587655773395037
1958 0.7467710000000001
1959 0.15991826669233844
1960 0.08780333087745373
1961 0.09332829059037029
1962 0.5384485000000001
1963 0.4882359999999999
1964 0.6263688072997622
1965 0.04398571106514049
1966 0.03495700000000024
1967 0.38333400000000006
1969 0.7666660000000001
1968 0.10081200000000012
1970 0.2843134999999999
1971 0.15437849999999997
1972 0.0735300000000001
1973 0.6960800000000005
1974 0.7450630865378085
1975 0.8205880000000001
1976 0.6247107081257193
1977 0.14411799999999997
1978 0.875491
1979 0.151961
1980 0.921896
1981 0.7794115
1982 0.15588200000000008
1983 1.017646
1984 0.5450980000000002
1985 0.031372000000000066
1986 0.1411770000000001
1987 0.896368
1988 0.2431375
1989 0.6392160000000002
1990 0.5338843631199472
1991 0.1294120000000003
1992 0.050980500000000095
1993 0.07575019112078563
1995 0.7078439999999999
1994 0.32843100000000014
1996 0.43277358334248506
1997 0.4431369999999999
1998 0.5818154171650498
1999 0.5666875463269541
2000 0.4023091356028823
2002 0.6663654036945192
2001 1.0966446355382005
2003 0.4948810000000001
2005 0.6656869999999999
2004 0.08921599999999996
2006 0.2778575493517319
2007 0.1843140000000001
2008 0.9152480000000001
2009 0.7895040000000002
2010 0.9417271434340364
2011 0.930227650270696
2012 0.7602411684970435
2013 0.7980389999999999
2014 0.41653997046008606
2015 0.23715700000000006
2016 0.27425800000000033
2017 0.08612599999999992
2018 0.5372545
2019 0.39938934723991015
2020 0.06372650000000024
2021 0.8651680653515766
2022 0.22328030231344775
2023 0.8090044999999999
2024 0.28000800000000026
2025 0.09743100000000005
2026 0.5522229999999999
2027 0.3245100000000001
2028 0.6392150000000001
2029 0.37156900000000004
2030 0.6161660000000001
2031 0.8669525
2032 0.8278670000000001
2033 0.9530330000000002
2034 0.46662199999999987
2035 0.10336425227985457
2036 0.6133407855041678
2037 0.7780872568552137
2038 0.599019
2039 0.8379605
2040 0.5535716549646783
2041 0.12873099999999993
2042 0.32647300000000007
2043 0.5882354999999999
2044 0.07362809030475859
2045 0.534314
2046 0.587616
2047 0.6623696784447082
2048 0.05392100000000011
2050 0.560162
2049 0.266667
2051 1.444492
2052 0.14913855846529933
2053 1.632354
2054 0.1895542921937723
2055 0.21078400000000008
2056 0.03921600000000003
2057 0.5264709999999999
2058 0.8582419472434886
2059 0.4703400000000002
2060 0.312605270196187
2061 0.0770346922108418
2062 0.8180718779626862
2063 1.348149
2064 0.9205885
2066 0.3189401437664203
2065 1.3078429999999999
2067 1.2500000000000002
2068 0.022023632515212888
2069 0.603155674375343
2070 0.5393560000000002
2071 0.15191302002454443
2072 0.6187066235907869
2073 0.824063
2074 0.014260863485032083
2075 0.816415140651591
2076 0.042157
2077 0.38488750000000005
2078 0.945872390461975
2079 0.12558599999999998
2080 0.626503
2081 0.9665499714064871
2082 0.6152181288824261
2083 0.787679
2084 0.6715305
2085 0.688941
2086 0.3112800000000002
2087 0.7352950000000001
2088 0.806863
2089 0.7941816150098185
2090 0.6930800000000001
2091 0.15000000000000013
2092 0.050906914855009644
2093 0.619899
2094 0.43652199999999997
2095 0.6734503046328226
2096 0.3469580000000001
2097 0.5284310000000001
2098 1.225045
2099 0.5686270000000001
2100 0.2193725000000002
2101 0.2633479999999999
2102 0.08796199999999987
2103 0.943057
2104 0.8382354999999999
2105 0.143138
2106 0.686688
2107 0.515943
2108 0.4439087835971325
2109 0.13336100000000006
2110 0.4370879999999999
2111 0.9082733911193566
2112 0.743137
2113 0.6852945000000001
2114 1.157844
2115 0.565687
2116 0.6079399999999999
2117 0.19076941237419365
2119 0.8354564999999999
2118 0.7620280106761351
2120 0.004383559302690854
2121 0.316008
2122 0.5243330099270813
2123 0.09934575121721623
2124 0.8175138757197873
2125 0.21764600000000023
2126 0.1631982710574018
2127 0.8362750000000001
2128 0.1127450000000001
2129 1.3445434225699844
2130 0.37117800000000023
2131 0.591879
2132 0.02254899999999993
2133 0.5711600000000001
2134 0.13444550000000022
2135 0.16372600000000004
2136 0.947542
2137 0.3823535
2138 0.45588300000000004
2139 0.583761
2140 0.5654809019380538
2141 0.1430600000000002
2142 0.09292499999999992
2143 0.05784299999999987
2144 0.20224879410855645
2145 1.318992
2146 0.5156588845844363
2147 1.5381760000000002
2148 0.23205350000000013
2149 0.926469
2150 0.9901960000000001
2151 0.12548999999999988
2152 0.8775310000000001
2153 0.6571997416269126
2154 0.5623035000000001
2155 0.5936580000000002
2156 0.7999999999999999
2157 0.464123441293957
2158 0.18366008977956105
2159 0.45098000000000016
2160 0.41176500000000016
2161 0.7128979999999998
2162 0.32624300000000006
2163 0.5048905000000001
2164 0.9284310000000002
2165 0.8841871180573241
2166 0.657843
2167 0.5489029999999999
2168 0.7631264780059019
2169 0.35882349999999996
2170 0.9058580539519852
2171 0.422422
2172 0.7761178008543518
2173 0.610129601295156
2174 1.0627455000000003
2175 1.463726
2176 0.8100855
2177 1.153922
2178 0.6331724211766928
2179 0.237255
2180 0.18942428050802884
2181 0.016190453622645595
2182 0.09920774634771568
2183 0.7176469999999999
2184 0.34084929274998976
2186 0.2362740000000001
2185 0.35678600000000005
2187 0.9224310705110818
2188 0.0756489866760306
2189 0.6137250000000001
2190 0.2855915
2191 0.37647600000000003
2192 0.684232
2193 0.9787420000000002
2194 0.03725400000000023
2195 0.037245000000000084
2196 0.7183816849884255
2197 0.5303915
2198 0.17205749999999997
2199 0.07768779415687588
2200 0.9472149999999999
2201 0.6771460000000001
2202 0.47874000000000017
2203 0.696933
2204 0.321377
2205 0.26470550000000004
2206 0.5382808235317534
2207 0.5858106858397425
2208 0.5677030000000001
2209 0.051370499999999986
2210 0.6942410000000001
2211 0.8508290000000001
2212 0.39117599999999997
2214 0.4705814274219823
2213 0.3105513169251497
2215 0.7324370754258338
2216 0.2544930000000003
2217 0.02394794720193416
2218 0.66157
2219 0.277668
2220 0.2558830000000001
2221 0.6261190938920822
2222 0.6468345399735379
2223 0.08571700000000004
2224 0.732248
2225 0.30959300000000023
2226 0.427451
2227 1.486924
2228 1.2828168148417245
2229 0.5605005000000001
2230 0.10498350000000012
2231 0.1125710000000002
2232 0.46470600000000006
2233 0.6414361891366325
2234 0.009388145573125395
2235 0.540135699150182
2236 0.708922852129085
2237 0.8107840000000001
2238 0.6392170000000001
2239 0.0039685000000000414
2240 0.665017
2241 0.2822450000000003
2242 0.34901950000000004
2243 0.4918299694583528
2244 0.6560820000000003
2245 0.15424100000000007
2246 0.8245100000000001
2247 0.46820300000000015
2248 0.36643199999999987
2249 0.15588200000000008
2250 0.17549000000000015
2251 0.8628279999999999
2252 0.006305325547631191
2253 0.6950974999999999
2254 0.8590008813670001
2255 0.6872550000000001
2257 0.716486
2256 0.36960800000000016
2258 0.11764700000000006
2259 1.224995
2260 1.3266990000000003
2261 0.942158
2262 0.8441179999999999
2263 0.7754985504583702
2264 0.8823529999999999
2265 0.5452135712836801
2266 0.6781329999999999
2267 0.9492889999999999
2268 0.09646534036193666
2269 0.7224709999999999
2270 0.523785
2271 0.27045604622360564
2272 0.16666700000000012
2273 0.34683450000000016
2274 1.496078
2275 0.359893
2276 0.6029410000000002
2277 0.2823530000000001
2278 0.71536
2279 0.6606856608318677
2280 1.1628430000000003
2281 0.3333329999999999
2282 0.652941
2283 0.5828430000000002
2284 0.596056
2285 0.669608
2286 0.879707
2287 0.05686300000000011
2288 0.266667
2289 0.11670546730608389
2290 0.9705890000000004
2291 0.08921500000000004
2292 0.613851
2293 0.9153640000000001
2294 1.3333330000000003
2295 0.03937420757303356
2296 0.8929190000000002
2297 0.21278400000000008
2298 0.14505999999999997
2299 0.8096510000000001
2300 0.7425640000000002
2301 0.9802029999999999
2302 0.49215699999999996
2303 0.8215684999999999
2304 0.9117649999999999
2305 0.410782
2306 0.249892
2307 0.029648516491239674
2308 0.6756006682843363
2309 0.25503600000000004
2310 0.7759870000000001
2311 0.3490200000000001
2312 0.5578430000000001
2313 0.5735300000000001
2314 0.6606467572452008
2315 0.26876831119163125
2316 0.641375
2317 0.7655239999999999
2318 0.2978599480311661
2319 0.4892815000000001
2320 0.8541843995247974
2321 1.1268091582777464
2322 0.5195910000000001
2323 0.22377911140748585
2324 0.5823530000000001
2325 0.12451000000000012
2326 0.8026175
2327 0.8431860000000002
2328 0.009653000000000023
2329 0.7407638602921205
2330 0.6674510000000001
2331 0.3604665
2332 0.46773700000000007
2333 0.36960800000000016
2334 0.789972
2335 0.8910410000000002
2336 0.7371525555096212
2337 0.801153
2338 0.45631400855739734
2339 0.38583710736357757
2340 0.5196080000000001
2341 0.4872550000000001
2342 0.027173500000000073
2343 1.5029420000000002
2344 0.41297099999999987
2345 0.24687432888773642
2346 0.759114
2347 0.8166150000000001
2348 0.7166199180531911
2349 0.296235
2350 0.9074379588317878
2351 0.865792
2352 0.4972684999999999
2353 0.31372600000000017
2354 0.18588300000000024
2355 0.17343900000000012
2356 0.774483
2357 0.028037792092803437
2358 0.585887
2359 0.28973000000000015
2360 0.3414295490184931
2361 0.4744579962492975
2362 0.792884
2363 0.458465
2364 0.8362745
2365 0.8873159999999999
2366 0.9174289999999999
2367 0.2615247009205499
2368 0.11080175257028935
2369 0.3705879999999999
2370 0.6549020000000001
2371 0.7668160000000002
2373 1.1352950000000004
2372 0.45155999999999996
2374 0.7113034093209282
2375 0.6828310000000002
2376 0.8879934186221576
2377 0.3176469999999998
2378 0.50509
2379 0.849264
2380 0.729527
2381 0.8252545000000002
2382 0.5519610000000001
2383 0.8098035
2384 0.40009300000000025
2385 1.3178750000000001
2386 0.13921549999999994
2387 0.42945200000000017
2388 0.850859
2389 0.4110550147117127
2390 0.07417600000000002
2391 0.27941300000000013
2392 0.44182141375445544
2393 0.746752824994755
2394 0.30457291472075726
2395 0.803641
2396 0.4412010000000002
2397 0.11318070798457636
2398 0.045221500000000026
2399 0.10633000000000004
2400 0.005399424396623664
2401 0.700167342894262
2402 0.8788841049311957
2403 0.42254900000000006
2404 1.13203
2405 1.240197
2406 0.414706
2407 0.8966279999999999
2408 0.2629110000000001
2409 0.7200149999999998
2410 0.2608020000000002
2411 0.9774510000000001
2412 0.8362510000000001
2413 0.03889607273934348
2414 0.876129
2416 0.13926850000000002
2415 0.9644080000000002
2417 1.248715639813306
2418 0.6674820919162003
2419 0.9436554870984701
2420 0.5990200000000001
2421 0.5470162008503221
2422 0.8
2423 0.028935167843707532
2424 0.31274599999999997
2425 0.11648400000000003
2426 0.003662999999999861
2427 0.47130114823329516
2428 0.5289493356320925
2429 0.28612550000000003
2430 0.7421570000000001
2431 0.4536685684492425
2432 0.5513027003622949
2433 0.43823499999999993
2434 0.5411760000000003
2436 0.25219100000000005
2435 0.19005234884024635
2437 0.27745050000000027
2438 0.5430610000000002
2439 0.3155650915330688
2440 0.5442300000000001
2441 0.7931375
2442 0.19313749999999996
2443 0.937192
2444 0.3657330000000001
2445 0.11764799999999997
2446 0.618627
2447 0.29999832836609497
2448 0.15584436476713148
2449 0.360938
2450 0.2645359999999999
2452 0.32572700000000004
2451 0.4610480000000001
2453 1.2326641785059669
2454 0.8362750000000001
2455 0.6882350000000002
2456 0.31470599999999993
2457 0.2011750000000001
2458 0.8153305839128776
2459 0.28080767813046603
2460 0.5092693203590921
2462 0.1946954605436646
2463 0.35183699999999996
2461 0.20219013595375057
2464 0.6139140000000002
2465 0.38397400000000004
2466 0.25354999999999994
2467 0.8538209999999999
2468 0.14803900000000003
2469 0.19810453324199684
2470 0.45098000000000016
2471 0.6506301110159944
2472 0.9199156477306776
2473 0.721719602204407
2474 0.5595857567619584
2475 0.5700329041374721
2476 0.04773800000000006
2477 0.298281
2478 0.7137260000000001
2479 0.02910900000000005
2480 0.8430200000000001
2481 0.6483185789338989
2482 0.34902
2483 0.6166670000000001
2484 0.709803
2485 0.39311699999999994
2486 0.8679590371556677
2487 0.49729572289176666
2488 0.30588446182845724
2489 0.7088240000000001
2490 0.6328710000000001
2491 0.18866399999999994
2492 0.868066
2493 0.2951005
2494 0.4469480966340944
2495 1.244118
2496 0.7117640000000001
2497 1.037183
2498 0.7588230000000002
2499 0.3210465
2500 0.7640853479763134
2501 0.10514910255004106
2502 0.83865
2503 0.011639500000000025
2504 0.93921
2505 0.08235250000000005
2506 0.3848357045177757
2507 0.6166660000000002
2508 0.573529
2509 0.4249870000000002
2510 0.7374683214380167
2511 0.9412610000000001
2512 0.5400993160832593
2514 0.22800100000000012
2513 0.35392200000000007
2515 0.013447485643108048
2521 0.014706000000000108
2516 1.4372549999999997
2517 0.5362739999999999
2519 0.669608
2524 0.3113490000000001
2520 0.5068630000000001
2518 0.1684595000000002
2523 0.73288
2522 0.5022660470058209
2526 0.8117650000000001
2525 0.6421565000000002
2527 0.6460790000000001
2528 0.7072700000000001
2529 1.5476525817963063
2530 0.7335681611697074
2531 0.12451049999999997
2533 0.43273700000000015
2532 0.21274450000000011
2535 0.8916220000000001
2534 0.7539205000000002
2536 0.748928
2538 0.4061178120192299
2537 1.036223
2539 0.24477635531121722
2540 0.43938100000000024
2541 0.6434268936157679
2542 0.8754910000000001
2543 0.025848000000000204
2544 0.2039215000000001
2546 0.6455830000000002
2545 1.4558820000000001
2547 0.6076545000000002
2548 0.8573410000000001
2550 0.8029853626121333
2549 1.0388779620089388
2552 0.9187278132607868
2551 0.11553500000000017
2553 0.9137250000000001
2555 1.6254640000000002
2556 0.5617690105941915
2554 0.343137
2557 0.47771
2558 0.27207400000000015
2559 0.925371985676841
2561 0.28441393643593527
2560 1.14922213847205
2563 0.6137320000000002
2562 0.8552655
2564 0.7147065
2565 0.3421560000000001
2566 0.4802490000000001
2567 0.4058320000000001
2569 0.8110394999999999
2568 0.8525669680040617
2570 0.469608
2571 0.6983520221584791
2572 0.6604938867665604
2573 0.3460780000000001
2574 0.034313999999999956
2575 0.170925
2576 0.26372600000000007
2577 0.7402390000000001
2578 0.007843000000000155
2579 0.4004540000000001
2580 0.6154200000000001
2581 0.868069
2582 0.1127450000000001
2583 0.5667666021620378
2584 0.3767175
2585 0.5617650000000001
2586 0.9485937327310238
2587 0.5690065
2588 0.6029410000000001
2589 0.06078549999999994
2590 0.019001000000000157
2591 0.13042894751055356
2592 0.5754905
2593 0.16594900000000012
2595 0.37353000000000003
2594 0.6534329999999999
2596 0.5754900000000001
2597 0.727875886452485
2598 0.670588
2599 0.07156800000000013
2600 0.5824110275144057
2601 0.48792100000000005
2603 0.6313715
2602 0.7742496306714358
2604 0.32427100000000003
2605 0.9451080000000001
2606 0.3570200000000001
2608 0.483441
2609 0.6809700000000001
2607 0.28756400000000015
2610 0.482193069502241
2611 0.5931379999999999
2612 0.5359133283359574
2613 0.848212
2614 0.14198100000000013
2615 0.8654046255777916
2616 0.7505595265640885
2617 0.015424500000000063
2618 0.05980399999999997
2619 0.6800139999999999
2620 0.503517
2621 0.3888787147632484
2622 0.8868983219503891
2623 0.823393
2624 0.49445300000000003
2625 0.45784299999999994
2626 0.8668349098806698
2627 0.5295025766567102
2628 0.12450899999999998
2629 0.4524093634017577
2630 0.780571
2631 0.590545
2632 0.8382355
2633 0.4711670000000001
2634 0.04971928871570541
2635 0.43334000000000006
2636 0.5401970000000001
2637 0.643814
2638 0.625139
2639 0.49546475206357043
2640 0.016763000000000083
2641 1.5931370000000002
2642 0.538235
2643 0.941694
2644 0.014847472273810558
2645 0.18992549999999997
2646 0.016874999999999862
2648 1.542156
2647 0.08844511187096393
2649 0.5333340000000002
2650 0.42229308413373046
2651 0.22918050000000023
2652 0.34767799999999993
2653 0.5865473919031202
2654 0.0833965000000001
2655 0.74804
2656 0.3651080000000002
2657 1.287946
2658 0.8026925
2660 0.24019550000000023
2659 0.3943509999999999
2661 0.6872685568102033
2662 0.05120900000000006
2663 0.350981
2664 0.33559450000000024
2665 0.08779099999999995
2666 0.361764
2667 0.18510000000000004
2668 0.68658
2669 0.572549
2670 0.22690275551400685
2671 0.5390430360782614
2672 0.7898477955905568
2673 0.5875190000000001
2674 0.34954614168527987
2675 0.6267989999999999
2676 0.6391688764959524
2678 0.6735876877134885
2677 0.6785129999999999
2679 0.20873000000000008
2680 0.203554
2681 0.887795
2682 0.12211144332274859
2683 0.4736965000000002
2684 0.8061445855521439
2685 1.01896
2686 0.31089500000000014
2687 0.546079
2688 0.08944571481637342
2689 1.55
2690 0.7303914999999999
2691 1.5656860000000001
2692 0.6775239757612457
2693 0.4549030000000003
2694 0.7232016204628583
2695 0.8807780000000001
2696 0.05713251545884157
2697 0.3593979999999999
2698 0.7631354008818898
2699 0.8911130000000002
2700 0.4084049999999999
2701 0.03511400000000009
2702 0.6539219999999999
2703 0.44535816602871114
2704 0.7217400000000002
2706 0.1396520000000001
2705 0.17826331890339087
2707 0.9201762135089755
2708 0.7747778569755346
2709 0.8378210000000001
2710 0.8203864037926709
2711 0.9011568642520642
2712 0.913725
2713 0.746078
2714 0.6677171765852423
2715 0.20196100000000006
2716 0.2549020000000002
2717 0.49952207062778586
2718 0.2019605
2719 0.975582
2720 0.5960785000000002
2721 1.1705880000000002
2722 0.7235285000000001
2723 1.0629075
2724 0.8926465000000003
2725 1.161764
2726 0.6602574083329822
2727 0.2825270000000002
2728 0.5870248390137807
2729 0.6638109004129746
2730 0.947617
2731 0.09415834878535612
2732 0.7358186446594761
2733 0.7205874999999999
2734 0.7035203278202244
2735 0.5470585000000001
2736 0.21216965064802396
2737 0.0833330000000001
2738 0.2605600000000001
2739 0.6147060000000002
2740 0.7515591864205817
2741 0.4781685
2742 0.32945800000000003
2743 0.6254900000000001
2744 0.705883
2745 0.20284037943762434
2746 0.19057602957731623
2747 0.5420795476615827
2748 0.079963
2749 0.2706980000000001
2750 0.23376200000000025
2751 0.010298999999999947
2752 0.5235290000000001
2753 0.8664733397585088
2754 0.07254950000000004
2755 0.817007
2756 0.7398200000000001
2757 0.8303400000000002
2758 0.1812686096121494
2759 0.8125915997858113
2760 0.843137
2761 0.7681330000000002
2762 0.5176475
2763 0.8921575
2764 0.06548181178590351
2765 0.763726
2766 0.3476132624947128
2767 0.503261
2768 0.713726
2769 0.6571260000000003
2770 0.3414130000000004
2771 0.05989050000000007
2772 0.9227560000000001
2773 0.8794109999999999
2774 0.3324673938996181
2775 0.33493000000000017
2776 0.11960800000000016
2777 0.2558830000000001
2778 0.2441025000000001
2779 0.5283720000000001
2780 0.427451
2781 0.13616550000000016
2782 0.9088240000000001
2784 0.8696280000000001
2783 0.7676475
2786 0.8941180000000001
2785 0.592157
2787 0.5088240000000002
2788 0.135575
2789 0.5450975
2790 0.39511200000000013
2791 0.857308824799043
2792 0.005481500000000139
2793 0.22282540704823156
2794 0.02097854906627017
2795 0.8304060000000002
2796 0.27796599999999994
2798 0.5480390000000002
2797 0.300988
2799 0.09188199999999999
2801 0.664785
2800 0.7643518029468138
2802 0.379291790783137
2803 0.3647060000000002
2804 0.32549000000000006
2806 0.6984215
2805 0.16935900000000004
2807 0.4178710000000001
2809 0.5009810000000001
2808 0.3313720000000002
2810 0.8150390000000003
2811 0.6745256315061308
2812 0.7239518944823885
2813 0.885424377243805
2814 0.25196050000000025
2816 0.8411760000000001
2815 0.160031027492487
2817 0.7442860000000001
2818 0.6452200000000001
2819 0.4128065576176572
2820 0.2509794999999999
2821 0.0345850000000002
2823 0.6710741100351807
2822 0.19863500000000012
2824 0.5082347936193601
2825 0.808746
2826 0.7272600396731732
2828 0.06960799999999989
2827 0.7176469999999999
2829 0.817647
2830 0.5333330000000001
2831 0.32435935645555025
2832 0.4927260000000001
2833 0.318627
2834 0.15712700000000002
2835 0.664706
2836 0.3594948787269009
2837 0.882353
2838 0.780393
2839 0.7172865
2840 0.4450985
2841 0.488235
2842 0.6333329999999999
2843 0.578431
2844 0.3353777910727507
2845 0.509804
2846 0.152792
2847 0.17120690611418876
2848 0.218787
2849 0.894117
2851 0.7493281473580979
2850 1.3970589999999998
2852 0.057660150860628256
2853 0.387341
2854 0.04689200000000027
2855 0.78922
2856 0.15784900000000013
2857 0.8771474005603551
2858 0.6737797602107076
2859 0.5352970000000001
2860 0.9107667040308396
2861 0.030555999999999972
2862 0.6375517889451572
2863 0.16078400000000004
2864 0.6117640000000001
2865 0.578997
2866 0.4323530000000002
2867 1.1617650000000002
2868 0.4427434251568496
2869 0.3362740000000001
2870 0.5774510000000002
2871 0.05804199999999993
2872 0.6442970000000001
2873 0.10392200000000007
2874 0.09152699999999991
2875 0.10882400000000003
2876 0.04019600000000001
2877 0.684099
2878 0.6161028385150968
2879 0.9114864163411522
2880 0.041416192151813136
2881 0.21241890852748124
2882 0.2578435000000001
2883 0.755075427260206
2884 0.5875914294627635
2885 0.9833970000000001
2886 0.6382350000000001
2887 0.21564013718135544
2888 0.47599465208505287
2889 0.08493000000000017
2890 0.8539215
2891 0.3916290000000002
2892 0.736274
2893 0.15695176619552265
2894 0.04902000000000003
2895 0.9460780000000002
2896 0.8567790000000002
2897 0.4607679739524475
2898 0.1187274626840249
2899 0.5428430000000002
2900 0.1762560000000002
2901 0.600295
2902 0.5392149999999998
2903 0.5124360000000001
2904 0.178307
2905 0.49500200000000016
2906 0.5655379999999999
2907 0.42508687546631885
2908 0.8666670000000001
2909 0.16350900000000024
2910 0.8525851530648403
2911 0.24215699999999996
2912 0.22891501207111564
2913 0.194118
2914 0.8648549999999999
2915 0.3493770742787705
2916 0.931627
2917 0.8217469494386347
2918 0.7264705
2919 0.652935
2920 0.5900450000000002
2921 0.10196100000000019
2922 0.4368963830044609
2923 0.08419500000000002
2924 0.06955023157509843
2925 0.19728601662107814
2926 0.04416803737816033
2927 0.47841100000000014
2928 0.5535454099573196
2929 0.499015
2930 0.5049020000000002
2931 0.41478799999999993
2932 0.06666700000000025
2933 0.28697400000000006
2934 0.7578440000000002
2935 0.728431
2936 0.6449352017459411
2937 0.6617645
2938 0.24410500000000002
2939 0.32647099999999996
2941 0.12388600000000016
2940 0.7991324918046622
2942 0.06227665194819676
2943 0.1509326214847786
2944 0.6484188406203335
2945 0.198083
2946 0.8811862573181362
2947 0.5290343797541961
2948 0.5311340000000001
2949 0.48304109435976755
2950 0.5989469999999999
2951 0.8442455
2952 0.032353000000000076
2953 0.3073860000000001
2954 0.7186285
2955 0.19260170758359796
2956 0.017158681587881253
2957 0.13173203288584356
2958 0.3715685
2959 0.4746142863922019
2960 0.673969
2961 0.9049640000000003
2962 0.8979472374596741
2963 0.09676550779173287
2964 0.6024476284958802
2965 1.2357114996293241
2966 1.1604799145111546
2967 0.9318030000000002
2968 0.40412400000000015
2969 0.96695
2971 0.375491
2970 0.5393640000000002
2972 0.7218266546614514
2973 0.7196070000000001
2974 0.6400730000000001
2975 0.6686494232591604
2976 0.8794115
2977 0.16903599970902183
2978 1.5458770000000002
2979 0.5843140000000002
2980 0.6703690000000002
2981 1.382173
2982 0.6390161504685102
2983 0.05784200000000017
2984 0.7166669999999999
2985 1.0465080000000002
2986 1.0531592881357146
2987 0.8674808570666164
2988 0.961765
2989 1.0539225000000003
2990 0.10331000000000001
2991 0.7176475
2992 1.7866830000000002
2993 0.8839725
2994 0.7378539915051644
2995 0.16882854996610464
2996 0.1415249999999999
2997 0.3900125000000003
2998 0.0698930000000002
2999 0.2884055000000001
3000 0.831372
3001 0.795266
3002 0.09890699999999986
3003 0.46372499999999994
3004 0.5442739999999999
3005 0.23885650000000003
3006 0.2242028537671692
3007 0.08539224711480875
3008 0.04705950000000003
3009 0.2940587872438136
3010 0.38226800000000005
3011 0.1549020000000001
3012 1.1268975134614456
3013 0.9323030000000002
3014 0.401961
3015 0.46568600000000004
3016 0.31461600000000023
3017 0.836479
3018 0.4640090000000001
3019 0.731372
3020 0.9460780000000002
3021 0.6088520000000002
3022 0.6377750316285566
3023 0.09488300000000005
3024 0.16764699999999988
3025 0.7898820000000002
3026 1.3258590000000001
3027 0.26614902514667915
3028 0.31568600000000013
3029 1.0951980000000001
3030 0.7823519999999999
3031 0.8183580000000001
3032 0.6421570000000001
3033 0.6862590000000002
3034 0.2705880000000003
3035 0.567285
3036 0.13293
3037 0.6837710000000001
3040 1.064885829803601
3038 0.22352899999999987
3039 0.634314
3041 0.5899120000000002
3042 0.732353
3043 0.5632571406539861
3044 0.21846093456399007
3045 0.5254900000000002
3046 0.42821186751611795
3047 0.49873500000000015
3048 0.8154999032673473
3051 0.9826740000000003
3049 0.8127968943304776
3052 0.7466385
3050 0.14412800000000026
3053 0.32016958367270054
3054 0.5421570000000002
3055 0.04313699999999998
3057 0.09449850000000004
3056 0.6705890000000001
3058 0.30671800000000005
3059 0.4157575669125597
3060 1.0813810000000001
3061 0.7308850292668463
3062 1.4016720000000003
3063 0.47922
3064 0.873529
3065 0.9186280000000002
3066 0.7074235
3068 0.36862799999999996
3067 0.0873273981585041
3069 1.553923
3070 0.8245089999999999
3071 0.06470600000000015
3072 0.2405359666017144
3073 0.4019615000000001
3074 0.15210400000000002
3076 0.23052448260733782
3075 0.5776026257986555
3077 0.8409044999999999
3078 0.5759003909846083
3079 0.6088799999999999
3080 0.8745100000000001
3081 0.943570317160664
3082 0.4166670000000001
3083 0.8109920000000002
3084 0.877451
3085 0.780392
3086 0.39804000000000017
3087 0.8009809999999999
3088 0.450543
3089 0.3337211209054771
3090 0.680734
3091 0.87451
3092 0.3497541173589309
3093 0.6996987544095902
3094 0.8380630000000002
3095 0.1319109999999999
3096 0.9497900000000001
3097 0.4598035
3098 0.1302939999999999
3099 1.0668749999999998
3100 0.7640040000000001
3101 0.149019
3102 0.39117599999999997
3103 1.100001
3105 0.6402040000000002
3104 0.658785
3106 0.6882360000000001
3107 0.363726
3108 1.0578079999999999
3109 0.518627
3110 0.6774510000000001
3111 0.303427
3112 0.811315
3113 0.6425240000000001
3114 0.44975600000000004
3115 0.780753
3116 0.15284999999999993
3117 0.416667
3118 0.295841
3119 0.5574100000000001
3120 0.014578956799333742
3121 1.1705890000000003
3122 0.2317480000000003
3123 0.946078
3124 0.3444499999999999
3125 0.8779050000000002
3126 0.4338850000000001
3127 0.5137265
3128 0.666061
3129 0.6708746689807041
3130 0.322241
3131 1.1420230000000002
3133 0.627451
3132 0.4868699999999999
3134 0.5806530000000001
3135 0.30588250000000006
3136 0.1038730000000001
3137 0.33627399999999996
3138 0.5098045000000002
3139 0.08900497775154448
3140 0.835294
3142 0.6869340000000002
3141 0.36928055934903825
3143 0.803922
3144 0.024939000000000044
3145 0.7019610000000001
3146 0.03654899999999994
3147 0.47500900000000007
3148 0.627451
3149 0.2406633806128231
3150 0.023542000000000063
3151 0.2882355000000001
3152 0.5401960000000001
3153 0.6175645000000001
3154 0.6153150473045014
3155 0.7916716885335704
3156 0.17941150000000006
3157 0.826471
3158 0.24306450000000002
3159 0.8499075383117336
3160 0.2603433032288176
3161 0.28525945383466067
3162 0.5425984746906756
3163 0.5819254277237469
3164 0.808153
3165 0.7813725
3166 0.09117600000000015
3167 0.04677700000000018
3168 0.5735295
3169 1.3463930000000002
3170 0.5292649999999999
3171 0.663654
3172 1.0607850000000003
3173 0.7078234999999999
3174 0.894117
3175 0.761764
3176 0.26176399999999994
3177 0.8038368854895996
3178 0.7660580131940468
3179 0.3739057957227826
3180 0.5736885
3182 0.8430500000000001
3181 0.013726000000000016
3183 0.4235300000000002
3184 0.17699100000000012
3185 0.16465420404057363
3186 0.8356326637764441
3187 0.47675049999999985
3188 0.898039
3189 0.7898215
3190 0.1576680222279454
3191 0.223989
3192 0.37311239493552084
3193 0.872549
3194 0.7503190000000001
3196 0.250222
3195 0.37692750946901477
3197 0.029414810194416607
3198 0.7402395469426033
3199 0.663725
3200 0.717487
3201 1.559665
3202 0.33904211773694226
3203 0.709119
3205 0.8322754487876569
3204 0.13284049999999992
3208 0.7395032199691375
3206 0.32843200000000006
3209 0.533054622291832
3207 0.871568
3211 0.4970589999999999
3212 0.8122211746619764
3210 0.735722
3213 0.9303920000000001
3214 0.325893
3216 1.1593956252802091
3215 1.4215685
3217 0.7288988048994499
3218 0.20832738729417793
3220 0.0754910000000002
3221 0.261765
3219 0.18036013883487878
3222 0.5482555147168757
3223 0.007728532493382678
3224 0.09529291163937237
3225 0.4982506596961311
3226 0.548039
3228 0.35597737819999686
3227 0.1519605
3229 0.475712
3230 0.8405210000000001
3231 0.9401965
3234 0.7320444546651075
3233 0.06543271403890571
3235 0.6078440000000003
3232 0.365716
3236 0.6874018423781878
3237 0.5874620000000002
3238 0.5103790000000001
3240 0.55
3239 0.26458052330377857
3241 0.8220997904417198
3242 0.9286000000000001
3243 0.6178060000000001
3245 0.3892150000000001
3246 0.509263
3247 0.02549099999999995
3248 0.1876060591517663
3249 0.301925
3244 0.05490150000000016
3250 0.6134109671084511
3251 0.36716000000000015
3253 0.26960800000000007
3252 1.3242780000000003
3254 0.5509810000000002
3255 0.4667098375661096
3256 0.3627450000000001
3257 0.5206205527426568
3259 1.1831699999999998
3258 0.918469
3260 1.1102957965505003
3261 0.09408842231267278
3262 1.156861
3263 0.506993
3264 0.762737
3266 1.2478520627481162
3265 0.08510525986933559
3267 0.8447774200287919
3268 0.32941149999999997
3269 0.34514599999999995
3270 0.01584399999999997
3272 0.35316800000000015
3271 0.227452
3274 0.2725490000000004
3273 0.1630680000000002
3276 0.08991400000000005
3275 0.8421569999999999
3277 0.34410699999999994
3278 0.8286870000000001
3279 0.4934221912929849
3280 0.006492500000000012
3281 1.1530889999999998
3282 0.49705900000000014
3283 0.33651300000000006
3284 0.8810390000000001
3285 0.36103600000000013
3286 0.31372599999999995
3287 0.892963
3291 0.11815850000000006
3290 0.22975200000000018
3288 0.7843135
3289 1.1297378880427702
3292 0.8578430000000001
3293 0.7770735
3296 0.8859745949820562
3295 0.8176325000000001
3294 0.31099800000000033
3297 1.066667
3298 0.36024935144495296
3299 0.5217506963154388
3300 0.3529415
3301 1.6930335056515677
3303 1.962826
3302 0.35936900000000027
3304 0.7866551710802867
3311 0.2303139619968333
3306 0.6034830766115176
3308 0.5729937068974651
3310 0.34518386644020715
3307 0.4341710000000001
3305 0.38856500000000005
3309 0.30098
3312 0.8813120000000001
3313 0.23800907235647584
3314 0.6754900000000001
3315 0.8960785
3316 0.031427000000000094
3317 0.11858100000000005
3318 0.30684800000000023
3319 0.3346800000000003
3320 0.24215699999999996
3321 0.49902
3322 0.386274
3324 0.7519610000000001
3323 0.7805019999999999
3326 0.8426199999999999
3328 0.914112
3327 0.6704260000000002
3325 0.608824
3329 0.5950980000000001
3330 0.7220030748333592
3331 0.45560100000000014
3332 0.10117650000000022
3333 0.6163316798460958
3334 0.03629974165119354
3335 0.28019550000000004
3336 0.152941
3337 0.4564747215391365
3338 0.41761814529700936
3340 0.8405900433766976
3339 0.36568599999999996
3341 0.2872539999999999
3342 0.4859646964850515
3343 0.702942
3344 0.2951256878220758
3345 0.6421570000000001
3346 0.6980390000000001
3347 0.639389
3348 0.2775927499580997
3349 0.75
3350 1.2176450000000003
3351 0.26764600000000005
3352 0.00447035616707292
3353 0.8096545000000002
3354 0.09313700000000003
3355 0.37019599999999997
3356 0.9360328233819337
3357 0.9099116268743858
3358 0.8697278254356484
3359 0.530391
3360 0.6568230000000004
3361 0.7823520000000002
3362 0.527385
3363 0.6431370000000001
3364 0.719039
3365 0.5081850000000001
3366 0.19601204748887602
3367 0.32155500000000004
3368 0.5539225000000001
3369 0.10686400000000007
3370 0.06415800000000016
3371 0.13646000000000003
3372 1.167013
3373 0.9892155
3374 0.595099
3375 0.466029
3376 0.7472498879579594
3377 0.7615699378949474
3378 0.2500000000000002
3379 1.1239275
3381 0.716667
3380 0.9049780000000001
3382 0.21272649607399363
3383 0.8823529999999999
3384 0.6245095
3385 0.620212
3386 0.862745
3387 0.19061799999999995
3388 0.6048647748766687
3389 0.8704454955823275
3390 0.17383400000000004
3391 0.6153915959755725
3392 0.47886300000000004
3393 0.9118284924876975
3394 0.7725489999999999
3395 0.6766320000000001
3396 0.877451
3397 0.33459165581219885
3398 0.7541510539979065
3399 1.325778
3400 0.0023660000000000903
3401 0.46372500000000005
3402 0.2110047313273491
3404 0.17254900000000017
3403 0.53258425625742
3405 0.5506555000000004
3406 0.6362745
3407 0.42908250000000014
3408 0.7377950485637502
3409 1.3082909999999999
3410 1.4060879999999998
3411 0.011309676654630119
3412 0.2700406737690142
3413 0.12156800000000012
3414 0.44411800000000023
3415 0.18786953340458257
3416 0.456847
3418 0.5382360000000002
3417 0.08177500000000015
3419 0.585294
3420 0.49174300000000004
3421 0.832711
3422 0.2568625000000001
3423 1.072061
3424 0.438102
3425 0.5482385000000001
3426 0.5704971955901688
3427 0.4852939999999999
3428 0.27843200000000023
3429 0.12228796478004411
3430 0.27281099999999997
3431 0.7666574545577025
3432 0.565581942787653
3433 0.11800850000000018
3434 0.718627
3435 0.3727214406447938
3436 0.8777435
3437 0.8834525000000001
3438 0.7683880572967918
3439 0.9194350000000002
3440 0.45097999999999994
3441 0.72451
3442 0.9473656462916664
3443 0.5355970000000003
3444 0.15529100000000007
3445 0.9068866244379512
3446 0.15000000000000013
3447 0.9331980000000002
3448 0.14411799999999997
3449 0.5827885000000002
3450 0.7735290000000001
3451 0.47946600000000017
3453 0.6752730000000001
3452 0.9376709999999999
3454 0.89902
3455 0.747624
3456 0.28201814787656576
3458 0.8191270000000003
3457 0.23078776716767746
3459 0.37596937569808264
3461 0.9156542326914052
3460 0.661764
3462 0.6867380000000001
3463 0.6598050000000002
3464 0.014706000000000108
3465 0.7951590000000002
3466 0.4018599999999999
3467 0.659099
3468 0.616752
3469 0.2794110000000003
3470 0.30872600000000006
3471 0.3882350000000001
3472 0.24607900000000016
3473 0.2080454113694461
3474 1.2489669648730575
3475 0.8081240000000001
3476 0.744509
3477 0.40294200000000013
3478 0.8948506160392627
3479 0.464707
3480 0.5811382656112571
3481 0.13235299999999994
3482 0.108657
3483 0.796975
3484 0.9129860000000001
3485 0.339388
3486 0.02714900000000009
3487 0.4026255236072489
3488 0.40860549999999995
3489 0.886274
3490 0.752003
3491 0.9049020000000001
3492 0.1158830000000004
3493 1.2428329999999999
3494 0.5828680000000002
3495 0.7519600000000002
3496 0.47182270549355754
3497 0.2117650000000002
3498 0.16778687129572867
3499 0.2576510000000003
3500 0.30726864930198383
3501 0.1254900000000001
3502 0.5908960000000001
3503 0.1543808280293011
3504 0.43331600000000003
3505 0.7513914786349706
3506 0.8203175
3507 0.6299527895064536
3508 0.049363000000000046
3509 0.059966500000000034
3510 0.641481313908126
3511 0.468311
3512 0.762745
3513 0.6900075200125546
3514 0.7689695
3515 0.021017134732016607
3516 0.1127450000000001
3517 0.21035500000000013
3518 0.8635464829886114
3519 0.8314770000000002
3520 0.5040891715953384
3521 0.42697668140278866
3522 0.902941
3523 0.1460990000000002
3524 0.15381507502538172
3525 0.514562
3526 0.2906930000000001
3527 0.4080023270739337
3528 0.37261033836519486
3529 0.6088235
3530 0.835294
3532 0.08235300000000012
3533 0.648647
3531 0.62904
3534 0.9145859999999999
3535 0.421885
3536 0.7721905
3537 0.5309245
3538 0.7616415449634694
3539 0.6872550000000002
3540 0.06470550000000008
3541 0.07842679925360074
3542 1.2666670000000002
3543 0.9735290000000001
3544 0.48636246210625633
3545 0.05766300000000002
3546 1.025285
3547 0.38005957215947306
3548 0.271652
3549 0.6451095000000002
3551 0.469832
3550 0.18778250000000019
3552 1.475932
3553 0.6763632139856548
3554 0.6101005906782473
3555 0.843137
3556 0.5009810000000001
3557 0.058421999999999974
3558 0.6137250000000001
3559 0.7645071641960645
3560 0.5856460000000001
3561 0.031517999999999935
3562 0.16507300000000003
3563 0.4729000000000001
3564 0.66840784201101
3565 0.027451000000000114
3566 0.5737428641928692
3567 0.5612721093993314
3568 0.04349331294004988
3569 0.7009809999999999
3570 0.643922
3571 0.612746
3572 0.3529779243044895
3573 0.5521705000000001
3574 1.540576
3575 0.3104245370214722
3576 0.45633499999999994
3577 0.728178545616812
3578 0.0889184632802078
3579 0.5364394559091437
3580 0.19705799999999996
3581 0.8595084647703654
3582 0.704087
3584 0.38157488502126524
3583 0.48256100000000024
3585 0.12941100000000016
3586 0.020607000000000153
3587 0.39509800000000017
3588 0.724269
3589 0.6843140000000001
3590 0.2625062053758731
3591 0.140196
3592 0.24901900000000032
3593 0.4560519999999999
3594 0.4637260000000001
3595 0.39705900000000005
3596 0.808824
3597 0.29243315771882816
3598 0.40717000000000003
3599 0.551723
3600 0.05392100000000011
3601 0.4570200000000002
3602 0.022013000000000282
3603 0.5186270000000002
3604 0.8311760000000001
3605 0.6226275
3606 0.425113269730204
3607 0.5838570000000001
3608 0.250834
3609 0.8095465
3610 0.027451000000000114
3611 0.5917665073532593
3612 0.7558830000000001
3613 0.8882350000000001
3614 0.6169574023387342
3615 0.49672800000000006
3616 0.7549030000000001
3617 1.092271272464824
3618 0.22252761670140742
3619 0.730392
3620 0.537088
3621 0.8866869683658565
3622 0.5181811884258096
3623 0.1421570000000001
3625 0.36887800000000004
3624 0.29803900000000016
3626 0.6588220000000002
3627 0.7127455
3628 0.1931420104810191
3629 0.51292505850999
3630 0.4441170000000001
3631 0.8303925000000002
3632 0.9662338803534645
3633 0.34468500000000013
3634 0.785293
3636 0.19018400000000013
3635 0.658246
3637 0.733495
3638 0.9009805
3639 0.8697400000000002
3640 0.819608
3641 0.3405114189305743
3642 0.700054
3643 0.058869613451944636
3645 0.8870399999999999
3644 0.008072570934199552
3646 0.35028321677296104
3647 0.47255000000000025
3648 0.659805
3649 1.65196
3650 0.7114835
3651 0.10980400000000023
3652 0.693856
3653 0.7951005000000001
3654 0.5119110000000002
3655 0.6975199999999997
3656 0.62244
3657 1.180471
3658 0.37597000000000014
3659 0.004785000000000039
3660 0.15294200000000013
3661 0.05980399999999997
3662 0.7423820000000001
3663 0.812411026216342
3664 0.823501
3665 0.06176400000000015
3666 0.5622703931115172
3667 0.4009090000000002
3668 0.19196700000000022
3669 0.08070784206037951
3670 0.01862700000000017
3671 0.20537000000000005
3672 0.5656019999999999
3673 0.08660370307802667
3674 0.5911765
3675 0.06960799999999989
3676 0.943138
3677 0.13450300000000026
3678 0.9460790000000001
3679 0.5789533329817014
3680 0.2564929979149524
3681 0.9275090000000001
3682 0.8323525
3683 0.22058273557640917
3684 0.7999999999999999
3685 0.6038490000000001
3686 0.597059
3687 0.5351165
3688 0.9382349999999999
3689 0.8971340735086144
3690 0.826958628309602
3691 0.7818832530492581
3692 0.867252
3693 0.2262200000000001
3694 0.621568
3695 0.44019600000000003
3696 0.0853060000000001
3697 0.359796
3698 0.6449107575172526
3700 0.37800200000000017
3699 0.012506833021215025
3701 0.37058800000000014
3702 0.44144823654257603
3703 0.7386649999999999
3705 0.3715680000000001
3704 0.21255021368825977
3706 0.80098
3707 0.2901970000000001
3708 0.61392
3709 0.30775927896752686
3710 0.9186381341940832
3711 0.3732439999999999
3712 0.776243
3713 1.2023270000000001
3714 1.1691520000000002
3715 0.8056670000000001
3716 0.4478080000000002
3717 0.5431380000000001
3719 0.7404928925764322
3718 0.30392200000000025
3720 0.8961569999999999
3721 0.09511602938039787
3724 0.503719
3722 0.2191002112008391
3723 0.3240154551106944
3725 0.9297439999999999
3726 0.21264050000000018
3727 0.21747899999999998
3728 0.904075
3729 0.7525839999999999
3730 0.8424410000000001
3731 0.9313719999999999
3732 0.4735290000000001
3733 0.9323525
3734 0.4892160000000001
3735 0.3205880000000001
3736 0.2921570000000002
3737 0.6459917992421688
3738 0.873019096910572
3739 0.8546862482238735
3740 0.624289
3741 0.1997150000000001
3742 0.5925830000000001
3743 0.7223593821033286
3744 0.790162
3745 1.1431375000000001
3746 0.4627445000000001
3748 0.10798400000000008
3747 0.04668150000000004
3749 0.4435576638694132
3750 0.806864
3751 0.5313540000000001
3752 0.4764635000000001
3753 0.01053700000000013
3754 0.5666660000000001
3755 0.3666670000000001
3756 0.9360751890059483
3757 0.01202100000000006
3758 0.7509585226374527
3759 0.14884603465440072
3760 0.4186270000000001
3761 0.4613480000000001
3762 1.546079
3763 0.6180490000000003
3764 0.5701514999999999
3765 0.279841
3766 1.520291
3767 0.790875
3768 1.6166660000000002
3769 0.56372