1 0.7662362113823757
2 0.7993946694359017
3 0.8257653726812765
4 0.6742426273167729
5 0.7482860549005678
6 0.5999134337447628
7 0.93013943565853
8 0.8900382838525503
9 0.47116703967349044
10 0.9678712316366618
11 0.3187493235793789
12 0.7013616106019979
13 0.49330725572262535
14 0.2351506654267432
15 0.4750887744049572
16 0.8237216726342098
17 0.7494971311644407
18 0.27230567959510305
19 0.7877993065395481
20 0.42861378543625606
21 0.6319080031950519
22 0.8706364186436228
23 0.7536759727812987
25 0.547072924197199
24 0.3307672497193299
26 0.26370261106611564
27 0.5721626006597366
28 0.3932515201920018
29 0.93323837242167
31 0.8763979612315002
30 0.40793473722592866
32 0.4852656297711597
33 0.7149807065405479
34 0.7499085842661328
35 0.5388616660684153
36 0.5524921353949959
37 0.5051570472673931
38 0.98726281472184
39 0.6437215058585182
40 0.9741443244695277
41 0.8863490175684079
42 0.5567953807545732
43 0.6958740443537043
44 0.8683272488382051
45 0.7722239796875455
46 0.884347630765467
47 0.1533090664117565
48 0.8198064354302896
49 0.69128929821181
50 0.3835773307653643
51 0.3804970911217164
52 0.8545783830944353
53 0.41080386386601814
54 0.3208495108790158
55 0.4717324651490389
56 0.39276651215383956
57 0.14688814278449694
58 0.8033760036735174
59 0.9986158991372481
60 0.22050575516072
61 1.0341355333992133
62 0.4055382228350621
63 1.0123007061962144
64 0.794707159560229
65 0.9662849158299135
66 0.5559902331554211
67 0.33998416841744755
68 0.5580904993165716
69 0.8683760489318797
70 0.5138247652203587
71 0.6034741761249104
72 0.9782154002005105
73 0.945620090275048
74 0.5956648880738876
75 0.26311898137791173
76 0.10873808470912721
77 1.0054776871222222
78 0.8784346901719541
79 0.7937485567199365
80 0.9977609272925767
81 0.9996853724015939
82 0.9997502232997255
83 0.9997509390318211
84 0.3203794036367213
85 1.5096721258080572
86 0.4545565425894283
87 0.42581051132515474
88 0.05116937275205365
89 1.0735194980383362
90 1.2134264580359988
92 1.0758797064210182
91 0.6915709882151694
93 0.9785030393215686
94 0.9833062093438932
96 0.23329467653655742
95 0.9408488214472901
97 0.4522564244678105
98 0.9154279140291613
99 1.2950706825389877
100 0.015486783587950628
101 0.898892667605582
102 0.4031460789018591
104 0.7071863952512665
103 0.3497293951484501
105 1.3056770422922073
106 0.866643925752581
107 1.0177882336022308
108 0.7263650245481724
109 0.9479772097772421
110 0.6919227292245486
111 0.8826922808940516
112 0.36500020428202595
113 0.8263082536913762
114 0.3507001093615873
115 0.7138150520089278
116 0.47815342289708196
117 1.3653030055378985
118 0.8251311986814828
119 0.3896078675722879
120 0.28862317895737893
121 0.947897523263539
122 0.7097213014320383
123 0.9269979095900484
124 0.6300459097968567
125 0.7052250793582601
126 0.0322919254208526
127 1.0245506202417498
128 0.8297532164165106
129 0.7644201684991251
130 0.6021119763162125
131 0.7750959946625566
132 0.3586777353811914
133 0.6614667214353931
134 1.4954292873157982
135 0.7276153373215594
136 0.49711576385665796
137 0.8057736717891985
138 0.7567307926479508
139 0.49817914001897773
140 0.08120368568512316
141 0.23075034240460868
142 0.9274052547995298
143 0.5302327414228317
144 0.44887094912436565
145 0.5915027105287036
146 0.7176503865450681
147 0.9911811421176946
148 0.20479504465612175
149 0.555820673744963
150 0.6645590886317679
151 0.039266771208129034
152 0.8535426890211056
153 0.9592596406055026
154 0.3561263743335694
155 0.7086015018319818
156 0.05326301628364286
157 0.900795090624461
158 0.308735330797536
159 0.8011733787254318
160 0.03167872781425285
161 0.7116363622788069
162 0.8023388775647564
163 0.3644858212543869
164 0.8702717605208803
165 0.5771994439161537
166 0.7398883466080245
167 0.24974193999287952
168 0.449388449460353
169 0.39729460102045183
170 0.8998901894171357
171 0.5214538621307073
172 0.696520979305726
173 0.9985182060200876
174 0.3588954574362819
175 0.4872714662237527
176 0.8210845457691329
178 0.7763339227618197
177 0.8057243230994072
179 1.2537062660009828
180 0.6636473584291215
181 0.9170105864228679
182 0.49688072276882167
183 0.33953697647030257
184 0.35465362229474373
185 0.7755184000725085
186 0.7692612098541709
187 0.42912221694494146
188 0.6509734979058747
189 0.4806118082879948
190 0.9572534622896502
191 0.698302264690244
192 0.13938676177729678
193 0.7706957116650954
194 0.8205230699334852
195 0.8108372658566416
196 0.4294688595662555
197 0.28621338270206154
198 1.1897610810388013
199 0.8748975513779303
200 1.0338522669352868
201 0.37740104154353277
202 0.9045825185054815
203 0.9468675358419256
204 0.9532900473669813
205 0.6704101456557784
206 0.43723296590853694
207 0.9045500700594892
208 0.9192095744677486
209 0.6534620725053859
211 0.7063344584448167
210 0.4309996359818386
212 0.6762398542159463
213 0.8589677546839762
214 0.7825167043759061
215 0.6571238485235598
216 0.5391644825576499
217 0.9068166163540753
218 0.7926036768492392
219 0.44492318442670187
220 0.43405578154861846
221 0.882817828132472
223 0.3665808903339524
222 0.7587950374770597
224 0.4996915914985574
225 0.4839307560899364
226 0.3723883572300107
227 0.6344685918087
228 0.6342163037610524
229 0.9051677601621504
230 0.3012302674760731
232 0.40286420736758954
231 0.589555975530667
234 0.9903289912569148
233 0.23671517702369516
235 0.9614402720266237
236 0.45746420152213746
237 0.4210327112156688
238 0.5278014970003597
239 0.13490813364466478
240 0.7684136062081789
241 0.011647479866712203
242 0.7902033207265197
243 1.031750022359854
244 0.3428262618661744
246 2.0011441020003646
245 0.5061580124582659
247 1.3736044982526967
248 0.5111648879147288
249 0.946991139554952
250 1.0902746603402753
251 0.5297373969446287
252 0.4230203267131284
253 0.471020254911127
254 0.36109544749285233
255 0.7443565709189747
256 0.9989155832323441
257 0.8635667871876812
258 0.8599871653920644
259 0.33223599637034074
260 0.8956146700079594
261 1.115417066181145
262 0.7992402661927163
263 0.8306224599440983
264 0.7868773762393468
265 0.9243961890844717
266 0.6570849631924683
267 0.481016225598589
268 0.29433420542879035
270 0.991175508549053
269 0.9800195034759288
271 0.9574011834057916
272 0.06619671520140728
273 0.5655313612112889
274 0.24863059856728378
275 0.7046051981645994
276 0.4804475223160276
277 0.7400767584707613
278 0.32152520323903655
279 0.7958072928869193
280 0.7214234746561768
281 0.8776768781277206
282 0.831697583882855
283 0.8810358010555617
284 0.9885828878552216
285 0.8601261730362648
286 0.5079919744309339
288 0.5442274321283357
289 0.5123700382802685
287 0.11648525997957919
290 0.4629732752031562
291 1.1491514102776819
292 0.7680778215086382
293 1.008984814335792
294 0.8941044191079606
295 0.7227595454029571
296 0.877981049720376
297 0.4230179087124274
298 0.8218297777416437
299 0.9315429889639025
300 0.3661838292225585
301 0.8263776005550535
302 0.7663674314549361
303 0.5379614776589051
304 0.9668964335851916
305 0.9148971800635414
306 0.6090318687604549
308 0.43784390546910895
307 0.7281925004072727
309 0.8633628822162617
311 0.9962126416082075
310 0.46239503342767285
312 0.6249099017131468
313 0.6076148358218537
314 0.9910615761907022
315 0.803473980083985
316 0.04548997499598435
317 0.8599829002572598
318 0.8773735381985819
319 0.7044601926339837
321 0.7351312446266796
320 0.9968991956649812
322 0.7075626145228012
323 0.8802331796860297
324 0.5582713422216912
325 1.134869308140285
326 1.0019185674520674
327 0.428501217367511
328 0.9984279668132868
329 0.27615423523424437
330 0.2620235500649886
331 0.7103191243392161
332 0.5184582917262841
333 0.48160789656131725
334 0.8582241837663828
335 0.5160715376419239
336 0.5710000029480214
337 0.47941580250244
338 1.2507952108076346
339 0.3435986583745392
340 0.3384798777738792
341 0.8504421928707615
342 0.4507796457720246
343 0.6574715363527616
344 0.6893664693167244
345 0.9602774486124679
346 0.5274155657313688
347 0.9639355047698968
348 0.5566969494095391
350 0.725829391470228
349 0.7180622534482359
351 0.1792674774140402
352 0.23290819638012283
353 0.9653896828295504
354 0.4444648400494242
355 0.5002193189282763
356 0.8196461957948707
357 0.46464441004439583
358 0.8107741054766672
359 0.47970253441087984
360 0.3033754556572023
361 0.8296617376472605
365 0.5855389677504945
364 0.48830589266507196
363 0.9215032837456847
366 0.9355144641783473
367 0.32597535093257995
362 0.22870714068727382
368 0.8804387726253845
369 0.668424562487656
370 0.7623353705649715
371 0.17643145721990178
372 0.6698413247234
373 0.8179846440244166
374 0.46792403034061647
375 0.8451775545552667
376 0.8843945792550515
377 0.9962013482349442
380 0.4147451487049983
378 0.27311409024761474
379 0.615017354292024
382 0.9535464643056578
383 0.18350528571236466
381 0.6537542382457073
384 1.1955785340638094
385 0.3828556579884433
386 0.6032063603272997
388 1.0348341126431468
387 0.7878466167210836
389 0.6632689573960533
390 0.12470128434560478
391 0.6447621267210902
392 0.519585709456747
394 0.5610070203671914
393 0.3727960035209092
395 0.851229235322123
396 0.22731919067210005
398 0.8066270414560454
397 0.81573782946432
399 0.24138141903075278
400 0.6729252680429323
401 0.3819689514836516
402 1.1861197402308605
403 0.8880819620923068
404 0.2136941708759291
405 1.0398465991782966
406 0.7372786363428009
407 0.9197743797211422
408 0.5386825188803622
409 0.696562010300878
410 0.7118031718038317
411 0.8100332736819551
412 0.43320233932067875
413 0.7024871566713927
414 0.4309614674639759
415 0.8223649944054136
416 0.8822642121553732
417 0.9630122000508027
418 0.49709203442950417
419 0.37730719884913766
420 1.1378375225564725
421 0.9651325654614196
422 0.2783458252644832
423 0.4024431446730489
424 0.9751990104560733
425 1.0099493682260543
426 0.7635879426208593
427 1.0425240020060464
428 0.5841955654005687
429 1.019924446123797
430 0.8254611642875899
431 0.6148133334420952
432 0.5405883257780006
433 0.9797971827656414
434 0.5469834923046115
435 0.230106946728228
436 0.9539575963197789
437 0.9827256819755091
438 0.9136112055379728
439 0.7753245655205124
440 0.9411322604841876
441 0.0031359974348576544
443 0.595587795529885
442 0.0032403180024367963
444 0.9332784212416315
445 0.960108899100242
446 0.3669580203111279
447 0.5544793758997735
448 0.8450859826474354
449 1.5259554659442391
450 0.9727717164893253
452 0.822999692191996
451 0.7712637877140006
453 0.9611675513094521
455 0.9774985844243254
456 0.9719111817577017
454 0.346888428891085
457 0.9858003385315547
458 0.9074258637825935
459 0.09189039447817879
460 0.6340220540803736
461 0.7742571497365294
462 1.029346816238056
463 0.5089800632613963
464 1.0383719289526927
465 1.0876563483757078
466 0.9788613643895865
467 0.936428225808899
469 0.22253386208148043
468 0.8955183264669315
470 0.4713416496251077
471 0.4976740243888626
472 1.0762789125009298
473 0.8520241859029201
474 0.8451027946886064
475 0.572349194967282
476 0.7843418609218641
477 0.5707188585847272
478 0.8181621264330117
479 0.9188783379649957
481 1.3201472377236727
480 0.6933170549044774
482 0.7697345800171137
483 0.8151646759390335
484 0.9979365922085617
485 1.4166287640146569
486 1.363214157797832
487 0.6886615072736908
488 0.26065948408369555
489 1.1543223868680528
490 0.4406432091303004
491 0.4005825577839476
492 1.4482111295450946
493 1.1639464021498596
494 0.4960833393088593
495 1.1684070856749282
496 1.504765303968017
497 0.9060869396365401
498 1.0490595355130228
499 0.628279590274349
500 0.819691241429791
501 0.637117572086016
502 0.9389645721549099
503 0.6370811749906741
504 0.9736564423440031
505 0.2943652419717205
506 0.44959494127080923
507 1.1626136949770345
508 0.7097513016243788
509 0.22619526352940758
510 0.6058854859547899
511 0.9778582635710987
512 0.8093078374293668
513 0.15800864851924884
515 0.4340386866375454
514 0.6607587738879516
516 0.8702581083772198
517 0.20654350628330953
518 0.7247597530841585
519 0.8129031618149721
521 0.9728922514549009
520 0.6463365981268343
522 1.0056892438274272
523 0.9414299703734663
524 0.49205145559693486
525 0.5879925105261825
526 0.4414919654648265
527 0.7380292441852918
528 0.9322738076479324
529 0.590221631885172
530 0.34479868868693725
531 0.8276061964241656
532 0.7888414562279149
533 0.354769178153687
534 0.6881929626282332
535 0.802158853470178
536 0.44834713111490926
537 0.7941971368351911
538 0.3609409225913074
539 0.9416386978888451
540 0.9691740762723097
541 0.11459886091011963
542 0.4141141787088188
543 0.8968102184614893
544 0.6893202498469033
545 0.8060762005494994
546 0.6880102462609915
547 0.5398175215551622
548 0.9609701083932015
549 0.7899680507057724
550 0.5726483814714732
551 0.9314887048065036
552 0.6396868633009386
553 0.17421484975777912
554 0.9031673576896287
555 0.04025564112383146
556 0.8514992222913096
558 0.9861394849161556
557 0.6987325299205606
559 0.96023227802189
560 0.2788686003004003
561 0.056564586724269464
562 0.9957871871198476
563 0.7561299510512264
564 0.7344873446843508
565 0.3382572650076219
566 0.45715831349590463
567 0.5892845850918271
568 0.5401059790903168
569 0.5132090163037423
570 0.5050681430157088
572 0.9408460115375791
571 0.3836462998688902
573 0.6092889234085739
574 0.7055322670848604
575 0.8746270727515644
576 0.4442964076192402
577 0.2723830512312435
578 0.80669937326658
579 0.4738312294137092
580 0.8588192184512121
581 0.7614341196675752
582 0.946626332888751
583 0.23960610616106712
584 1.1930391398275237
586 0.8914371812143581
585 0.421515277666834
588 0.33539282415363697
587 0.8600141115858388
589 0.5355618487721739
590 0.9999963084032384
591 0.009317677804436913
592 0.7944020359230977
593 0.40653351476882676
594 1.130003346896217
595 1.5369038541595628
596 0.24687621302705523
597 0.7908824672942166
598 0.28504757059587876
599 0.4056437294208011
600 0.9061100982713474
601 0.9641005054830245
603 0.9985352448900291
602 0.781644181384294
604 0.3415769377738206
605 0.4701047683970456
606 0.3971008769366975
607 0.7204420333554268
608 0.9857895831869852
609 0.18252046540363293
610 0.47877181733790963
611 0.9729501215890222
612 0.8146867523720582
613 0.3406507883874135
614 0.6453369708304478
615 0.546201886902184
616 0.9642885520784884
617 0.6928337485170494
618 0.7121184091573479
619 0.4199781253683441
620 0.8068491330245704
621 0.2346307907915008
622 1.0202057225303995
623 0.7002088338141547
625 0.7841921241351898
626 0.8923166084566814
624 0.9784963364507718
627 0.8602715447867896
629 0.6864500278350791
628 0.3350324754818052
631 0.6583643883096274
630 0.9048551189764548
633 0.6944952110193053
632 0.8931972400473249
634 0.6978866080036972
636 0.6215452981526481
635 0.9988002895698637
637 0.704105969135945
638 0.9835604636575846
639 0.6937966112308185
641 0.9736972618061492
640 0.2807154891485368
642 0.9103894068618891
643 0.6426263948584064
644 0.7887817026918033
645 0.4022448442449465
646 1.274912034395502
647 0.9221391555558613
648 0.4048288797487014
649 0.567201901463382
650 0.7435252945998349
651 0.9998122526183654
652 0.8536578531307106
653 0.9547153755780113
654 0.946740332639434
655 1.2376254996605103
656 0.9347082153086633
657 0.7903257280758318
660 0.03071869428847105
658 0.4554622346492743
659 0.5363281125054453
661 0.7462782675065334
662 0.8842738757876407
664 0.6665351446018634
663 0.9544682304018566
665 0.9252935871254594
666 0.9326056139818406
667 0.9142572337415095
668 0.956082567997751
669 0.3304045827057595
671 0.5554106699654082
672 0.6351148512893581
670 0.0045247557494630065
673 1.020110484793918
674 0.3629658539746466
675 0.7527983708289001
676 0.6858095420388577
677 0.8320687115747741
678 0.8652101122119753
679 0.518449031825669
680 0.657166376877466
681 0.850066758522014
682 0.760096855786658
683 0.830092989635193
685 0.9280648963481538
684 0.7115227549515195
686 0.6491231625552669
687 0.8311273310330709
688 0.6105387070634133
689 0.9756511202764132
690 1.2565824516859962
691 0.5781650782899675
692 0.7733774028432513
694 0.9700548098151187
693 1.08724749416366
695 0.9081497606910153
696 0.9153893463032616
697 1.0789296465373404
698 0.8600529843549602
699 0.626610128045629
700 0.8490759340226604
701 0.3663992890684618
702 0.8259183324266223
703 0.7282780707831137
704 1.1950838870326153
705 0.7739017224815031
706 1.421382717085997
707 0.8824269934880243
708 0.36035321272741727
709 0.21604783930014154
710 0.9443385493468321
711 0.7591563679285568
712 0.9062487221737775
713 0.5570666306519902
714 0.9038011407941822
715 0.4835841388370463
716 0.43704866684227967
717 0.8620257600713955
719 0.5509705947555342
718 0.7358611206087233
720 0.7624928138257593
721 0.9008774152612353
722 0.7079980793585717
723 0.05340364773740191
724 0.4774674973808611
725 0.9369229197668411
726 0.7342301654675236
727 0.3979805742520312
728 1.000317956504928
729 0.9763397588160996
730 0.9437584690245634
731 0.6182431904000342
732 0.478509672715449
733 0.513208461508984
734 0.4311102151251478
735 0.455469103744595
736 0.979429085018265
737 0.21184976587677903
738 0.8116386804310144
739 0.8856865792995157
740 0.6397593368573297
741 0.7196253687831278
742 0.5074592196811177
743 0.9836012242320071
744 0.3235081651943704
745 0.3258074662367774
746 0.17111564517885214
747 0.5459630526088018
748 0.5699736564043868
749 0.5932835941980688
750 1.4140255930895609
751 0.1612118091946499
752 0.3594560561469793
753 0.7038705978725269
754 0.9409319897438946
755 1.1539263499957846
756 1.1533502408817842
757 1.6212128707599494
758 0.551283873971626
759 0.9126969622006267
760 0.5399848448998584
761 0.9401261187034222
762 0.96438915823527
763 0.9700811350062623
764 0.9224449336620372
765 0.34761601248186896
766 0.488165569142284
767 0.824907049744833
768 0.7768225249941987
769 0.698646238020828
770 0.5025283193598622
771 0.7023187975119451
772 0.20896356014813577
773 0.3465471074861709
774 0.6520356027513191
775 1.0015417137531784
776 0.6401514195128789
777 0.88709244286081
778 0.8542718790389267
779 0.37567820358493775
780 0.1836695802695765
781 0.9299435529446624
782 0.8309119740157848
783 0.21570645344676176
784 1.0239777902007579
785 0.9634849493897572
786 0.528084495427391
788 0.5366072311473836
787 0.5293281453124045
789 1.0006145541453295
790 0.2305152367939396
791 0.7300195856809137
792 0.12555799877773352
793 0.2532776939339797
794 0.7690330651409818
795 0.683103597708321
796 0.023088516081907998
797 0.8954403528743329
798 0.9945006728832151
799 0.608955584198199
800 0.9980221639459292
801 0.8704578468983268
802 0.5435279116042054
803 0.6959684608230136
804 0.9856304471465192
805 0.6453753997913865
806 0.9611226039071804
807 0.21326309720595318
808 1.2006876402756497
809 0.501302973542231
810 1.4057449131262985
811 0.8786782169137719
812 0.20193472593905887
813 0.8126486035760765
814 0.6057614797440014
815 0.3780716584052676
816 0.04230253896700496
817 0.7670751586810611
818 0.8296240656864424
819 0.03649945740976968
820 0.6600756674719817
821 0.569754145573672
822 0.4021058037132957
823 0.2179781826779855
825 0.9227831932543358
824 0.8669823243625967
826 0.995573618993488
827 0.631861591916395
828 0.8799571097069253
829 0.33635773514860146
830 0.995945370321799
831 0.520851225506286
832 0.549335360223618
833 0.6243453549259005
834 0.8750518939057241
835 0.05101797069085325
836 0.9186944817418585
837 1.0051422685575693
838 1.0452508301368595
839 0.8199171556565208
840 0.8651967328499236
841 0.731637888576036
842 0.8173483745473085
843 0.8629815816362086
844 0.21384792730100385
845 0.7183166244165171
846 0.45204997636953353
847 0.43521094642774355
848 0.5236853415702759
849 0.8901659219593758
850 0.48552996194291925
851 0.9999902360126147
853 0.764932252416516
852 0.4671359335040832
854 0.8025096738522833
855 0.22895313119742433
857 0.9529859258607124
856 0.6368333846655958
858 0.19975767970441066
859 0.8879495413518165
860 0.8083125489271354
862 0.6779261058766755
861 0.8193821982443263
863 0.9824925639331166
864 0.9081160245138419
865 0.6166874631547509
866 0.9337920812251224
867 0.6617710347855754
868 0.8793329350882771
869 0.45499616690564604
870 0.8737278646850867
871 0.919149912961995
872 0.25552037967609414
873 0.484273904437239
874 0.8308859595475006
876 0.742748380237026
877 0.8360355679231339
875 0.9723933036222647
878 0.9858448384991845
879 0.9223448540316579
880 0.6700695805739595
881 0.38788477724791726
883 0.5303578299593897
882 0.6754478982331545
884 1.2452649529524413
885 0.9014141081628883
886 0.9114701457939448
887 0.23360900119189482
888 0.6024009983279942
889 0.47991093023800363
890 0.7588474065413584
891 0.8154880249864486
892 0.7945540756142083
893 0.9082892908217837
894 0.8239092020291271
895 0.404854858967693
896 0.4983896747484806
897 1.0116056650316285
898 0.5716323335555058
899 0.1915378681541492
900 1.085461382752788
901 0.676292970404698
902 0.6493785821665592
903 0.5889051617271467
904 0.7087889955374606
905 0.9969761291460936
906 0.51333374363418
907 0.8783005979330436
908 0.2181207782852377
909 0.8006586360806451
910 0.8081662412556613
911 0.7864938348561787
912 0.7487761675680443
913 0.9110887631418864
914 0.6784819146471879
915 0.8129552581311257
916 0.7783738102522996
917 0.7372084102672094
919 0.7581342899307553
918 0.4431267148923094
920 0.8312175054617117
921 0.7248252735167031
922 0.06053311705584809
923 0.5116556126879801
924 0.9510320758117834
925 0.712130537864536
926 0.37664644648798495
927 0.6269842200323288
928 0.17716009508453096
929 0.7781300297388402
930 1.1996106451441193
931 0.8816600775010812
932 0.6127749035390188
933 0.6595533880407565
934 0.49768634115335825
935 0.9187412525241914
936 1.4488214883383121
937 0.8741889462947718
938 0.07847593196150471
939 0.5498336973013269
940 0.03166822922864422
941 0.8223141840560464
942 0.8998078046998071
943 0.9139148026850188
944 0.7458325093867735
945 0.5115404891124022
946 0.47904470849524106
947 0.5093726686595912
948 0.8399317868303221
949 1.1261665009882107
950 0.902189272709954
951 0.7244665296922619
952 0.8930821402446874
953 0.6859556200734022
954 0.5010576760165633
955 0.8595454438515377
957 1.006335975152874
956 0.910386532465647
958 0.6778957639188995
959 0.9696115075030861
960 0.1373187992607244
961 0.7120753401691964
962 0.32097927205005405
963 0.26102338852757706
964 0.20187381127855025
965 0.10581886881994117
967 0.806562005164298
966 0.8828586756512351
968 0.9760747943294652
969 0.5952001761105649
970 0.8956432449197462
971 0.40459955553099625
972 1.0779216928423814
974 0.26524702871969635
973 0.6959343814410113
975 0.5009984182844742
976 0.7122928370679107
977 0.2528281432852515
979 0.6229239407943651
978 0.21041955079035807
980 0.6641339596529299
981 0.912416560886403
982 0.7847567496914464
983 1.004326246202556
984 0.6772987523229058
985 0.2511460258432322
986 0.987557525691233
987 0.8687362216059833
988 0.7687040131468696
989 0.9097131749209125
990 0.33848944743955234
991 0.726912775364595
992 0.6732917036920409
993 0.7891325147380848
994 0.5223276540301911
995 0.32210069178592665
996 0.98845863613487
997 1.0430774000590728
998 1.0183009356751833
999 0.49479237753395955
1000 0.08106724132129102
1001 0.38425145872313626
1002 0.7350194618177268
1003 0.8388722895420059
1004 0.8938128855597499
1005 0.8786231978384279
1006 0.6417847628363078
1007 0.7722201721976517
1008 0.9588346728861099
1009 0.6100423496620898
1010 0.2776659945659684
1011 0.6209658635558736
1012 1.3057048767538009
1014 0.22207887164192133
1013 0.5711171511189088
1015 1.027231598284493
1016 1.2244975725520166
1017 0.8777858659277078
1019 0.6258117600474927
1018 0.7686859078252263
1020 0.5148635486858231
1021 0.27242430073235707
1022 0.1891430690510746
1023 0.06950424828177876
1024 0.20164897329553078
1025 0.5400855220073122
1028 0.1648507024158496
1026 0.029835025631881597
1027 0.9824211284324665
1029 0.5121060741887992
1030 0.3422686492185769
1031 0.9908444120333889
1032 0.9874875376614739
1033 0.8403968701858578
1034 0.9220181825754938
1035 0.9851554238486308
1036 0.8893203020776212
1037 0.9971917954090954
1038 1.1600221622082934
1039 0.8057975197468147
1040 0.7492027238592578
1041 1.1644011267449415
1042 0.3561091609162779
1043 1.0978171083742072
1044 0.584050663521791
1045 0.7195520346340191
1046 0.9555935721026584
1047 0.9214840844918494
1048 0.8602478782677383
1049 0.83594166551007
1050 0.7801136437550835
1051 0.8643710296327296
1052 0.7288834591153002
1053 0.7625615671610202
1054 0.2327409963472713
1055 0.8823510293926922
1056 0.9898821006498703
1057 0.9441347086739426
1058 0.9199852643977716
1059 1.1574920571707121
1060 0.8600315901170237
1061 0.7844994857836559
1062 0.7683236373328857
1063 0.8648348590711898
1064 0.6730910346271485
1065 0.18278072568543483
1066 0.8741554686304764
1067 0.943078299861903
1068 0.6687087769358372
1069 0.7724762025011985
1070 0.8477697851857213
1071 0.6819034158997982
1072 0.5283830524174827
1073 0.6364599730039066
1074 0.9572504894318186
1075 0.8564329334751498
1076 0.6194513936655075
1077 1.1083424473000825
1078 0.7694313110945057
1079 0.15559452554083628
1080 1.1531692230075437
1081 0.9075247465497162
1082 0.3897333715132854
1083 1.2554890447594609
1084 1.443625534891118
1085 1.4438514715650026
1086 0.5242454862539332
1087 0.4780705081313949
1088 0.9023821163752701
1089 0.7741536999816141
1090 0.628441771024319
1091 0.009364387787625663
1092 0.6909788734421246
1093 0.4959882361627433
1094 0.7152799470615792
1095 0.973371442180717
1096 0.7904813610341096
1097 0.9352365947904825
1098 0.985573915990764
1099 0.7613342024946127
1101 0.9922491685373743
1100 0.8543517249829946
1102 0.7074096915988893
1103 0.32067412540068757
1105 0.978952172797321
1104 0.9939192628569333
1106 0.8567302783638587
1107 0.8610481566920098
1108 0.8626203310310829
1109 0.9014227585478694
1110 0.8965842586054338
1111 1.0535453593956168
1112 0.44907447680106277
1113 0.5261668522153633
1114 0.9123015431189403
1115 0.8572000765119139
1117 1.1656896941640995
1116 0.40848621606890223
1118 0.910329172354777
1119 0.5330182296568604
1120 1.0377410722469966
1122 0.6191535765142773
1121 0.9450359684432388
1123 1.206340348231659
1124 0.9793959273450126
1125 0.48923211666598815
1126 0.08716868505397639
1127 1.2632527564893365
1128 0.6298681799995858
1129 0.6427530066679396
1130 0.6106540984883416
1131 0.5840231434305871
1132 0.8873945834670769
1133 0.5782204749841863
1134 0.5982991255926695
1135 0.5093216257191132
1136 0.5059787750152027
1137 0.8603343119056431
1138 0.6791253935049504
1139 0.7106701995276143
1140 0.40935543401382074
1142 0.8424565458049326
1141 0.7978371512027704
1143 0.8969569382005159
1144 0.9780453680927652
1145 0.690416907794209
1146 0.7135476073578809
1147 0.9899095636074116
1148 0.732054242969881
1149 0.6948077500611654
1150 0.9924953253361949
1151 0.8265557765959249
1152 0.8782800667796853
1153 0.5419850430876808
1154 0.9964110307159486
1155 0.9805129346965107
1156 0.2293254835470318
1157 0.20290915995536438
1158 0.9863297644436255
1159 0.8904045609920208
1160 0.7224721613083295
1161 0.5305252011260032
1162 9.376257586407197E-4
1163 0.99999529849014
1164 0.9795378364212723
1165 0.6709478266652386
1166 0.9999981912787204
1167 0.9235443110442121
1168 0.9961956226025085
1169 0.8234432444427254
1170 0.6778554571458769
1171 0.8096266819009174
1172 0.8798472062205028
1173 0.5712605500493875
1174 0.8706939707557543
1176 0.47845016134484303
1175 0.9487692958539117
1177 0.8540555067924347
1178 0.5176328413713955
1179 0.7363872411645757
1180 0.9431290510776481
1181 1.0293212684320836
1182 0.6687423690506168
1183 0.9242094376874577
1184 0.7456765268959833
1185 1.2635148977972879
1186 0.9349019754588409
1188 0.4183004182226287
1187 1.1477435555548012
1189 0.22128674778085639
1190 1.134670113886683
1191 0.08694584634389528
1192 0.4855365344085213
1193 0.7868806808790143
1194 0.566250499012235
1195 0.46596693504454223
1196 0.161280957893481
1197 0.7070108315926336
1198 0.7724058713880986
1199 0.5025207196083553
1200 0.09760760425866113
1201 0.7559610582581602
1202 0.9711287132442968
1203 0.8626662351387232
1204 0.9878240283936516
1205 0.34207669594177675
1206 0.6170699532676843
1207 0.17792530931585107
1208 0.8801170616705292
1210 0.9783337884844607
1209 0.9636434176612407
1211 1.0262934790502092
1212 0.8892676930456386
1213 0.993804377064854
1214 0.9972317767115136
1215 0.7343541277150455
1216 0.4003941344212691
1217 0.5373700469184297
1218 1.0604535274820304
1219 0.7994227906029882
1220 0.6539833262931793
1221 0.6785150563266296
1222 0.1434236348319178
1223 0.4142749638519046
1224 0.7157887261672489
1225 0.9829116184889964
1226 0.42489429583150956
1227 0.6478362356879354
1228 0.3555755032443368
1229 9.9602253836397E-6
1230 0.6899264946226348
1231 0.6389555898118611
1232 0.8354430250058128
1233 0.24879420541495345
1234 0.03903352216145339
1235 0.5957091390214533
1236 0.7857767887951546
1237 0.8382523512587804
1238 0.9293128084410207
1239 0.8805363172377617
1240 0.48585598703103183
1241 0.9760847548427245
1242 0.8894295137669643
1243 0.5760235539346482
1244 0.528000812536171
1245 0.9593099344348779
1246 0.7732272252661541
1247 0.8658279984822831
1248 0.6378189673544141
1249 0.702383994889322
1250 0.39811120640583575
1251 0.9567340357423978
1253 0.872784117935
1252 0.4147495272927932
1254 0.5919789947670187
1255 1.0182140358663248
1256 0.7424111719056018
1257 0.7369887228989817
1258 0.7950048918775223
1259 0.9810475988720039
1260 1.0327408310427824
1261 0.9337052045964475
1262 0.9881767386405093
1263 0.8515009877150652
1264 0.9793971407515671
1265 1.3832206959077873
1266 0.30098354449223164
1267 0.9708725063488265
1268 0.9667556026565043
1269 0.6178386576697084
1270 0.9134532321799603
1271 0.9750916644062632
1272 1.0345513790453271
1273 0.6671151480889687
1274 1.283240568184621
1275 0.959953057892755
1276 0.7152796311770402
1277 0.9816575674658198
1278 0.9321102812934954
1279 0.9797938710355139
1280 0.21835726198569563
1281 1.2126725803987888
1282 0.7689702684142462
1283 0.9202732364452886
1284 0.44618239064036463
1285 0.5381547727926204
1287 1.027011358468833
1286 0.39684554259402083
1288 0.9596000223295726
1289 0.7729081537374501
1290 0.7988471066524043
1291 0.3895650342347293
1292 0.4870521761244403
1293 0.4578286638865074
1294 1.0986440615585507
1295 0.31564650888431706
1297 0.7389219624259377
1296 0.8273813288488406
1298 0.7288085800057924
1299 0.934447478209329
1300 0.8840884119619066
1301 0.6113551607457711
1302 0.776000763088946
1303 0.9161107040314544
1304 0.41355142084731505
1305 0.6208847316706037
1306 0.450511720476987
1307 0.549535266416272
1308 0.8835837031786486
1309 0.8725589026918253
1310 0.6609465402770051
1311 0.5359300324321629
1312 0.8745462035141329
1313 0.6736132574321508
1314 0.22595938906174612
1315 0.6205472515032655
1316 0.8965717746652804
1317 0.6117852049292342
1318 0.7951581012794801
1319 0.5631297003448053
1320 0.6239292274984687
1321 0.8025037057979059
1322 1.0880107029500463
1323 0.8826435723972272
1324 0.5374393194360992
1325 0.6454022807813327
1326 0.4050046046013484
1327 0.8956726794952279
1328 0.6074719371656462
1329 0.3300631603743962
1330 0.7884944320887719
1331 0.4678720041438111
1332 0.3606015113092012
1333 0.6071740061919568
1334 0.8082690121764279
1335 0.6497021535584152
1336 0.881190661430051
1337 0.5222762368121852
1339 0.6646997055268488
1340 0.8799779180766316
1338 0.875218030182153
1341 0.9663730246696755
1342 0.8549541023844409
1343 0.8504113166787868
1344 0.8172582370135579
1345 0.5349916838096571
1346 0.6935287792167668
1347 1.0835110210887557
1348 0.7587199596798376
1349 0.41682491958187046
1350 0.8228579991903392
1351 0.9416586144694543
1352 1.2599364420375672
1354 0.9493371781767171
1353 0.6627072241719458
1355 0.14463950051639365
1356 0.6159701628707286
1357 0.21738556102081025
1358 0.31914909704467104
1360 0.6769609668965192
1359 0.7880843917545665
1361 0.7472401534051127
1362 2.926618251923841
1363 0.9330736079545674
1364 1.4063504410669203
1366 0.4796774507513937
1365 0.6912200339255797
1367 0.5553512519842329
1369 0.6542163657859567
1368 0.7475813646477194
1370 0.988806094233456
1371 0.2882650179898443
1373 0.7623381012410293
1374 0.7492614128111794
1372 0.8786305191931624
1375 0.8764463341411625
1376 0.8618526805091301
1377 4.0022047223808
1378 0.1657039275634095
1379 0.6343204779506548
1381 1.2824726750490363
1380 0.7311479651374512
1382 0.933576683055768
1383 0.6907641522128295
1386 0.05206166852451721
1385 0.8600111528675607
1384 0.5879575906347887
1387 0.8264325842926014
1388 1.027852725595177
1389 0.6326010081418972
1391 0.47962860720298833
1393 0.647650084221112
1392 0.3660147176871187
1390 0.8427395480470637
1394 0.7901604097007079
1395 0.45352713486833596
1396 0.5235742186725814
1397 0.15023447846040006
1398 0.09629801733570992
1399 0.999455114611131
1400 0.4086547977966365
1401 0.8711123703050675
1402 0.4232125744020507
1403 0.6831308154216227
1404 0.8124307302071418
1405 0.5605329428658943
1406 0.8223567090063021
1407 0.8555561646527364
1408 0.7492153815616593
1409 0.5869555093934048
1410 0.7191093706411779
1411 0.855164560719513
1412 1.0219520680803158
1413 0.6325176247467239
1414 0.6223016601052448
1415 0.7535535640731386
1416 0.32079280717740416
1417 0.8327465375815428
1418 1.2019729447948329
1419 0.5498624155974642
1420 0.8890598379189079
1421 0.9995450317347374
1422 0.2243562107004439
1423 0.9815813805405355
1424 0.42566142252174977
1425 0.6562794832833156
1426 1.0166215329136183
1427 0.20153875263096946
1428 0.36882545631309865
1429 0.7539822229645831
1430 0.182144179787113
1431 0.7007660004531647
1432 0.5215022856515312
1433 0.7036535015883109
1434 0.7078612517254375
1435 0.9732197734900248
1436 0.9951839398803969
1437 0.9945725856067147
1438 0.4645972923723981
1439 0.7300156688627273
1440 0.7623494199505869
1441 0.3120940436024476
1442 0.1934453519042393
1443 0.44420234528977615
1444 0.3645874400651312
1445 0.9331367855497033
1446 0.9380766541252399
1447 0.8273604343094038
1448 0.8809143961698117
1449 0.12411808822454984
1450 0.94422375138127
1451 0.5038207729378705
1452 0.5867248124695509
1453 0.9998741323538244
1455 0.5105165281713155
1454 0.487714946996608
1456 0.16036732086434488
1458 1.1157221414923002
1457 0.9005369338069507
1459 0.9692051289072198
1460 0.2612495312775317
1461 0.25925842119923603
1462 0.17530451375674294
1463 0.7472384373033296
1464 1.1820793367565134
1465 0.9270281739772125
1466 0.2771687786780825
1467 1.0148996513489053
1468 0.061440803461210995
1470 1.031447508269511
1469 0.6711065647380744
1471 0.9647857120447474
1472 0.9600917544401378
1473 0.40763583456255825
1474 0.05463952015733299
1475 0.8515235873267623
1476 0.2407960515172229
1477 0.8562212919471404
1478 0.7310737973692167
1479 0.6203720137396529
1480 0.6892072550638669
1482 0.5129226200393452
1481 0.27274969232156243
1483 0.5370912601153571
1484 0.5236836390649301
1485 0.7024229439773204
1486 0.5008727068065906
1488 0.2770832834677377
1487 0.889036046035287
1489 0.5624035150887238
1490 1.1473426190700695
1491 0.8447255380927172
1492 0.5943428857540293
1493 0.5063522995840836
1494 0.544858410173231
1495 0.39419722380918226
1496 0.6771424242211538
1497 0.9613548886530854
1498 0.7984418945637861
1499 0.9138475391034462
1500 0.9896427065846984
1502 0.6055698719088832
1501 0.9016093202437123
1503 0.6971127901296988
1504 0.9888624683193644
1505 0.45460393450802
1506 0.9257486554538357
1507 0.8593324869877979
1508 0.741263266381618
1509 0.3116003736382583
1510 0.9533792317985873
1511 0.14203076083231292
1512 0.815486387240623
1513 0.5897553410878426
1514 0.715444255985089
1515 0.6980981657869669
1516 0.5197609577974097
1517 0.9943797737770583
1518 0.7001739346407043
1519 0.8171573950480012
1520 0.7529683904911064
1521 0.5271813980236736
1523 0.8214366217742494
1524 1.0329009837306586
1525 0.16126909304414513
1522 0.2546009709081262
1526 0.957743948048075
1527 0.7387259803786057
1528 0.725747245423434
1529 0.6924888612098695
1530 0.42092996726613213
1531 0.5076187187964528
1532 0.777146678456531
1534 0.9015980900729875
1533 0.3326673011278195
1535 0.7469032080773669
1536 0.49119562219682555
1537 0.8125662926466876
1538 1.0775905302185198
1539 2.1339713393877204
1540 0.5079803720312904
1541 0.3804978574001088
1542 0.3318277154520334
1543 0.6722309502683081
1544 0.8965995246140992
1545 0.618962607353537
1546 0.9563266335910308
1547 0.7734363518493558
1548 0.971009842660509
1550 0.05942513002916179
1549 0.5310455973396156
1551 0.9718821487997945
1552 1.0737202390917977
1553 0.6447078334618642
1555 0.9965713807530612
1554 5.895445738536245
1556 0.5676079745396694
1557 0.7223998285277382
1558 0.4187715680641814
1559 0.6794637498503302
1560 1.0592950657418099
1561 0.9645163499284883
1562 0.1970716990813965
1563 0.11755685859998656
1564 0.8831270217572041
1565 0.839287544616669
1566 0.04470387990860667
1567 0.015691560920005305
1568 0.39485832447794167
1570 0.5261325772597696
1569 0.6187157560685154
1571 0.7582605982971485
1572 0.6911742904641345
1573 0.9760683007042961
1574 0.8393019714821364
1575 0.3202886953767446
1576 0.3795214769415363
1577 0.9411447567225877
1578 0.09447379106467033
1579 0.8477189474836808
1580 0.9734994984126474
1581 0.25666239286563614
1582 0.5762448209729955
1583 0.3151910711150673
1584 0.897028838289967
1585 0.8816077367599306
1586 0.5370094255988612
1587 1.5248217096506924
1588 0.5401147464685148
1589 0.7136294810470796
1590 0.7181237366086415
1591 0.8552059348937081
1592 0.7609732491497037
1593 0.6758561414445015
1594 0.674636464469821
1595 0.262500735304422
1596 0.39268386573683156
1597 0.9815720752972966
1599 1.184180866731246
1598 0.8189285729164205
1600 0.48123085085405815
1601 1.1410932838872443
1602 0.5393505322073169
1603 0.4680000040676799
1604 0.8101541147329604
1605 0.9171369907896758
1606 0.1546879642316017
1607 0.6023650671869728
1608 1.0478442556216252
1609 0.3438933210768083
1610 0.1088534554966052
1611 0.9964422528421725
1612 0.826825748611962
1613 0.07784300411708885
1614 0.9722514578614455
1616 0.790876489721246
1615 0.6203547451580715
1617 1.3765487908731289
1618 0.6529923582805933
1619 0.2973073727231525
1620 0.8272277587833257
1622 0.8878495843234476
1621 0.8057579152298562
1623 0.9176286060067744
1624 1.209436462587129
1625 0.8645740988552407
1626 0.6215541516016228
1627 0.5601662597899407
1628 0.7187283158805685
1629 1.2650824379488486
1630 0.76935856643959
1631 0.77624483305174
1632 0.9866195222942382
1633 0.7348677116170327
1634 0.7969467313118875
1636 0.5327080692676597
1635 0.6265538195373214
1637 0.38690704500358175
1638 0.4892651289556823
1639 0.7236449560235635
1640 0.9381575177580135
1641 0.33737429638592864
1643 0.9060843070620581
1642 0.8957014408847142
1644 0.29788359894707783
1645 0.6616475741700634
1646 0.8196147765327038
1648 0.6298301242300566
1649 0.17222864045807496
1647 1.079379457586812
1650 1.1520822485587852
1652 0.9214744686585117
1651 0.7127635662235318
1653 0.6697533608972954
1654 1.00855707774968
1655 0.03135045371508586
1656 0.6470582699509121
1657 0.7128661467926912
1658 0.575194029505805
1659 0.5095490112728019
1660 0.9850557719483242
1661 0.7774316372753488
1662 0.7446648430494952
1663 0.6128274590276752
1664 0.5683893267455544
1665 0.8202499753904703
1666 1.2260468551090564
1667 0.9836642604543717
1668 0.812880999517038
1669 0.6806105431385068
1670 1.0940853502185517
1671 0.852372264210308
1672 0.9221756027628643
1673 0.4340217985911054
1674 0.9842290083234704
1675 0.7154675784314275
1676 0.20255761476404407
1677 0.8497472628901291
1679 0.825630603948715
1678 0.99517103119804
1680 0.6763009664955673
1681 0.5462870243831677
1682 0.9450271854267873
1683 0.5982565407255624
1684 0.937814542692861
1685 0.8837160823573823
1686 0.6904994715611387
1687 0.7163748103758314
1688 0.880861576854556
1689 0.8838278077671284
1690 1.0205085009948973
1691 0.30810139949681054
1692 0.9315576208139046
1693 0.6095824591632701
1694 0.9503409958585468
1695 0.9118910703456862
1696 0.4589183024988989
1697 0.8917144029843908
1698 0.8857152792332321
1699 0.17363728194369885
1700 1.003923235880204
1701 0.09606309624266733
1702 0.08657578626679747
1703 0.25228237509097773
1704 0.04410755609717938
1705 4.503076730530623E-5
1706 0.3585799086958658
1707 0.9149718409054256
1708 0.8578187796682311
1709 0.060470254628512986
1710 0.31018243079139696
1711 0.21336194337339065
1712 0.8218023792834039
1713 0.7025934075133592
1714 1.3052753004612534
1716 0.6783254987037712
1715 0.6439392614921583
1717 0.5676668167170955
1718 0.5082961260198445
1719 0.8533394241024741
1720 0.9977042687823526
1721 0.7396682219149169
1722 0.5319579082722209
1723 0.26002075033947764
1724 0.7075236485555171
1725 0.9086944484408447
1726 0.836572018919151
1727 0.1810979553456584
1728 0.8206586868703228
1729 0.6501347716870359
1730 0.8066588002629514
1731 0.8241488368245047
1732 0.6461896653248934
1733 0.33973396223024155
1734 0.46430841798307526
1735 0.8039506192091864
1736 1.0658681297546588
1737 0.6435630313670981
1738 0.5314240542189803
1739 0.9248425276693473
1740 0.539502634077939
1741 0.987278830313963
1742 0.228253563633269
1744 0.8360112150850136
1743 0.9917391686234439
1745 0.9510419544898134
1746 0.8651437454086709
1747 0.5383395336793338
1748 0.889828884516908
1749 0.5865509955226943
1750 0.17590082832160941
1751 0.3275562417259705
1752 0.9795978383655066
1753 0.343081303712966
1754 0.6050157631398746
1755 0.011320226374844046
1756 0.5500362088173185
1757 0.8858964215553672
1758 0.7585156350147736
1759 0.9336037631867629
1760 0.9999792684587746
1761 0.773462008031372
1762 0.48294246476990366
1763 1.1919366249774066
1764 0.9365532972533849
1765 0.6168825660696405
1766 0.5456127428025153
1767 0.841817066637229
1768 0.9423087581511923
1769 0.7344504023397984
1770 0.2990567256179339
1771 0.49859332818421476
1772 0.7682706216628772
1773 0.3525989102065282
1774 0.7322902638319693
1775 0.7029420471778269
1776 0.6031029400902681
1777 0.16970457817057666
1778 0.3644523344395587
1779 0.6863386353753158
1780 0.9690382090601646
1781 0.23046485507764453
1782 0.7989114359848705
1783 0.7756936608493745
1784 0.7339076794258067
1785 0.8695143897742403
1786 0.8595518968357182
1787 0.176233538429217
1788 0.6505588882387492
1789 0.4408872889290328
1790 0.17927807760078018
1791 0.8948390033336662
1792 1.5201043866464576
1793 0.18047218434332404
1794 0.49367315084104735
1795 0.8077574725472473
1796 1.320938317886472
1797 0.6764127954746997
1798 0.08956542602739216
1799 1.0426116289037046
1800 0.5966490226291589
1801 0.19552672192875703
1802 0.23380246484557746
1803 0.7769383685336297
1804 0.9943609399449652
1805 0.9999833344670956
1806 0.9970799629368083
1807 0.8939737788209647
1808 0.7287772392276392
1809 0.9623990417675778
1810 0.8016459387642886
1811 0.9124526751631743
1812 0.5460329880336191
1813 1.0298957230214183
1814 0.19751520552005133
1815 0.7697859622371092
1816 0.833314877804487
1817 0.9152864948205515
1818 0.5293697028274365
1819 0.45665671768886656
1820 0.9834152161053389
1821 0.06657316845893625
1822 0.9028861122336268
1823 0.9741245617626609
1824 1.7609944536707451
1825 0.5020178990918298
1826 1.060628884601995
1827 0.9462817912104368
1828 0.46186562784917723
1829 0.14490939688219492
1830 0.9004448603555538
1831 0.7905432454394513
1832 0.41010562265228084
1833 0.7631437317590395
1834 0.8239621974143649
1835 0.2603024988919444
1836 0.9284413786458154
1837 0.28548260557311417
1838 0.5806860671079048
1839 0.8831312490039976
1840 0.6000950004348016
1841 0.4883627176491346
1842 0.8633389738862006
1843 0.49091758648281475
1844 0.20123987327791543
1845 0.23039611020081557
1846 0.5399652780372065
1847 0.49578830438302585
1848 0.887805477034021
1849 0.30274722240947655
1850 0.6616955047320117
1851 1.197132541149341
1852 0.9593638959592429
1853 0.8183328717571332
1854 0.7820905756270213
1855 0.3964468712018534
1856 1.0014871813804527
1857 0.35417209112817627
1858 0.4078686734366031
1859 0.8543752267292782
1860 0.9235960017286537
1861 0.8801727411324719
1862 0.5057065868079205
1863 0.8550463008635524
1864 0.33217235700200104
1865 0.6636471045441434
1866 0.9505231178301952
1867 0.04833696342763238
1868 0.7190947620021108
1869 1.0
1870 1.0179596847429047
1871 0.8235974103859939
1872 0.8456460283868742
1873 0.7882074805126388
1874 1.4740500001919974
1875 0.9406260313875637
1876 1.0722134897047197
1877 0.31526459895727493
1878 0.5179170151029295
1879 0.4488832342602268
1880 0.28830929000404526
1881 0.8539540790249635
1882 0.8307201921599545
1883 0.7069301012702681
1884 0.4261573159871022
1885 1.0843388485395289
1886 0.9597287800010539
1887 0.27316261501294475
1888 0.23341920148251719
1889 0.709637575911399
1890 0.8132413497543813
1891 0.633706575325454
1892 0.7474156041670402
1893 0.06702744249582833
1894 0.538638641970607
1895 0.9903513819051732
1896 0.9860631031469804
1897 0.8319867859916421
1898 0.5702059492300616
1899 0.42832800544568883
1900 0.7260798265296101
1901 0.9786074802105388
1902 0.26507421331379266
1903 0.4272619086005008
1904 0.5812346761538741
1905 0.5963087130583059
1907 0.5528314194483055
1906 0.07302778020378974
1908 0.22582962091965755
1909 0.42704529805765834
1910 0.8109778356402442
1911 0.7437536313291027
1912 0.9981641249773988
1913 0.42976980223387723
1914 0.6313775814573372
1915 0.9632342765129379
1916 0.9998466271854772
1917 0.6866163787164615
1918 0.7555950826177668
1920 0.8851858284440538
1919 0.6511189806854056
1921 0.28508395358167943
1922 0.6390442883936273
1923 0.45763040160054336
1924 0.7409695274990707
1925 0.8210623401949648
1926 0.975119314530726
1927 0.5643160273860327
1928 0.7515059152080699
1929 0.3745726329959057
1930 0.3002216436115995
1932 0.8376528142345872
1931 0.5148744571512235
1933 0.7190928221573286
1934 0.038510016409305056
1935 0.3411481062593532
1936 0.08084279555037908
1937 0.5024341329825119
1938 0.7729195926883292
1939 0.590455095451197
1940 0.7185137320104806
1941 0.5735337460643323
1942 0.8547066375083333
1943 0.6887850114364572
1944 0.6101476354258754
1945 1.1333572977917965
1946 0.8742145955877844
1947 0.5803844094364915
1948 0.9175107112678453
1950 0.9913648625783662
1949 0.5267120216989364
1951 0.7492537815483192
1952 0.7731506719781643
1953 0.9342353054488001
1954 0.8435970905371128
1955 1.1199169960467013
1956 0.6699861789340632
1957 0.16294170047283177
1958 0.7228778580437911
1959 0.6059395020162088
1960 0.6721407051049297
1961 1.1159152803703585
1962 0.6513752193199317
1963 0.21886331667573544
1964 0.683189736591917
1965 0.872272902061492
1966 0.8716817631574145
1967 0.26292255140149523
1968 0.7341618114718755
1969 0.6998548407193945
1970 0.9612417991533118
1971 0.6709458700978945
1972 0.4719666984630009
1973 0.800366669578644
1974 0.4088909000040086
1975 0.29988217468463
1976 0.5718017606908969
1977 0.7403764609343383
1978 0.4463450431789709
1979 0.6082289892258959
1980 0.8476627228643168
1982 0.7349238595733587
1981 0.5004856225393628
1983 0.4499873427239876
1984 0.9071096410561706
1985 1.433055700178459
1986 0.3732037027738992
1987 1.0078376341113018
1988 0.8596033516441179
1989 0.6811681110532347
1990 0.48566072676754485
1991 0.24831155670408653
1992 0.6387359272952845
1993 0.821162578408907
1994 0.8486776580215397
1995 0.7556330699146974
1996 1.1936595579710272
1997 1.0575927548402053
1998 0.674321348711889
1999 0.19624405910117293
2000 0.6937558669218048
2001 0.8640262274938961
2002 0.7285662483931755
2003 0.7185163694850726
2004 0.9284056732260848
2005 0.6727676238803274
2006 0.9351651724259525
2007 0.5932728041027494
2008 0.9966878259191924
2009 0.9494324647255895
2010 1.7830582613327253
2011 0.5007782668954723
2012 0.7575574303642252
2013 1.3233337441593502
2014 0.3388930744369663
2015 0.3271685746026708
2016 0.12371977136366513
2017 0.1393952021750005
2018 0.8299883967679437
2019 0.552915577423385
2020 0.8528918450588526
2021 1.1215248371567805
2022 0.7593179624343378
2023 0.6879585815738427
2024 0.9942297635016112
2025 0.6179596464885933
2026 0.8448083179302343
2027 0.9239688210264574
2028 0.4168280296407966
2029 0.32557767796446546
2030 0.9028852266712662
2031 1.2351726807267414
2032 0.7119252360786723
2033 0.7846245746056472
2034 0.4981224257154365
2035 0.5145415522738577
2036 0.8570679829447213
2037 0.8977665620285858
2038 0.25084535713493233
2039 0.043576010078893605
2040 0.9201357233029758
2041 0.7680783767940437
2042 0.8667454096848263
2043 0.1363259307965951
2044 0.9477516615493345
2045 0.5659667171998175
2046 0.7974565850659422
2047 0.05881500241705239
2048 0.3637178698226162
2049 0.9090117443875014
2050 0.728664620186389
2051 0.4811108135517423
2052 0.6271390995101577
2053 0.9894291580645679
2054 0.977160754943051
2055 0.5824154968203438
2056 0.7979438249180397
2057 0.2201080679292294
2058 0.843686221588416
2059 0.08318322612968562
2060 0.8090625577526873
2061 0.7436180257621282
2062 0.8331739789141624
2063 0.10517421849029618
2064 0.3227487862355346
2065 0.8824922852713603
2066 0.6357960245946498
2067 0.27976840368767997
2068 1.383004491349918
2069 0.7532987667692227
2070 0.6674115989410007
2071 0.46551091730007343
2072 1.0778316313673242
2073 0.8489117579268936
2074 0.9283194313754974
2075 0.2954165945155383
2076 0.7212556238272885
2077 0.6665149442275012
2078 0.7353743509565261
2079 0.3103269542241355
2080 0.41965427525240173
2081 0.6155359979307607
2082 1.3379317388776422
2083 0.7102670136806577
2084 0.7393506657707947
2085 0.4835874223780156
2086 0.6953941770778931
2087 1.0580527346365518
2088 1.0138460783242131
2089 0.9405923253716444
2090 0.7067928467458663
2091 0.8926829704669568
2092 0.9817109845239295
2093 0.9686269872086694
2094 0.13092754418660268
2095 0.6370162054593842
2096 0.8782043335674157
2097 0.8136058313303561
2098 0.5785319830317281
2099 0.9319499845671105
2100 0.9590692806331277
2101 0.6232024395799088
2102 0.4508937808681755
2103 0.7296691300230773
2104 0.7000550369027234
2105 0.4927706193836135
2106 0.8724317211263145
2109 0.9868986627631933
2108 0.6745701157008153
2107 0.3953623800984778
2111 0.6432857259806806
2113 0.4987879873425017
2112 0.5945286690706175
2110 0.9833527599715238
2114 0.8392674794262661
2115 0.12047458085271073
2116 0.8915059889305149
2118 0.6483157419232878
2117 0.9498437271759257
2120 0.9568487904341924
2121 0.5180381871662562
2119 0.456021695188884
2123 0.9504764249112362
2122 0.9533526381095877
2125 1.001600921445215
2124 0.7887053137756146
2127 0.9587725601062311
2126 0.47829503309471477
2128 0.7686266594606358
2129 1.3846328180719303
2130 1.1264697242374881
2131 0.5587100105793483
2132 1.0325874836357605
2133 0.37929133986080127
2134 0.7395148862284808
2135 0.12851888759375277
2136 0.3210062248548708
2137 0.6014678714892451
2138 0.6201561563059356
2139 0.9928606224140654
2140 0.8437149646218256
2141 0.5472765365572773
2142 0.8411359252545866
2143 0.4186777234592068
2144 0.9941293505889965
2145 1.156458596912672
2146 1.6945942138451373
2147 0.5083801038462816
2148 1.451162637983539
2149 1.3132876217389173
2150 0.7376491826945363
2151 0.24097256491157065
2152 0.4721837852065677
2153 0.8848784264820098
2154 0.41147855035370007
2155 0.9530446423474748
2156 0.29622870786914424
2157 0.38784327139241026
2158 0.7609511256858044
2159 0.967791469122876
2160 0.8295160934088435
2161 2.589317666741545
2163 0.6276753733341762
2164 0.611195876499836
2162 0.7845089921172613
2165 0.9395246895736583
2166 0.3691927668397674
2167 0.8577040280276076
2168 0.6899160365623704
2169 0.9980428417553936
2170 1.129171324292457
2171 0.7591623158012034
2172 0.9568147796562705
2173 0.7321439055655466
2174 0.9927070033757405
2175 0.8602390213735381
2176 0.7462206281544427
2177 1.301025876949798
2178 0.8441039127548075
2179 0.637255
2180 1.1177562992425678
2181 0.8989616575936178
2182 0.9202047231813396
2183 0.7547081071358489
2184 0.9297914200985483
2185 0.5864273561475767
2186 0.856974264932059
2187 0.8383089533156225
2188 0.038481001633862304
2189 0.6117494719812445
2190 0.607029498581956
2191 0.6994603522622616
2192 0.5758042139373878
2193 1.0624255820206552
2195 0.4401017360459939
2194 0.8680462153480893
2196 0.4988027902802158
2197 0.19281153346235952
2198 0.7888314555397585
2199 0.6777902420833005
2200 1.3218573310188328
2201 1.1259584834288803
2202 0.5484307308853527
2203 0.1280690155815953
2204 0.6978958681575539
2205 0.5445951940550431
2206 0.918647504895696
2207 0.5672102932867961
2208 1.0750877793872502
2209 0.332384019255139
2210 0.7561981476615779
2211 0.9412693907544368
2212 0.9167753048100312
2213 0.20175876236233517
2214 0.6950730156635463
2215 0.7211716980409261
2216 0.6315617288125364
2217 0.3035805896215197
2218 0.3532030369403889
2219 0.8467693236504592
2220 0.7054209802263496
2221 0.854141428267195
2222 0.07212975556237905
2223 0.6249171067122994
2224 0.5993715874063394
2225 1.49790922391116
2226 1.1386861294394524
2227 0.21125331923895183
2228 2.2971816790725232
2229 0.9033542959509657
2230 1.1181141760255615
2231 0.16547423532885103
2232 1.0627375209228174
2233 0.6727606901469395
2234 0.4270923782981418
2235 0.8267116033483263
2236 0.4793004236018643
2238 0.03140788239767676
2237 1.349922927411201
2239 0.5587134169244192
2240 0.6919771775933977
2241 0.8483160434445506
2242 0.8854133347308467
2243 0.6956550301501655
2244 0.023832339180742183
2245 0.8619572629994853
2246 0.7840416027529249
2247 1.0107058493137766
2248 0.7036338999903547
2249 0.725419213408873
2250 1.05375217090426
2251 0.9155352899513759
2252 0.7334710896190684
2253 0.7252570743959007
2254 0.8146400659224239
2255 1.0203918826554492
2257 0.16673808380808966
2256 0.7221674023329444
2258 0.5210224225952849
2259 0.48219723595631203
2260 0.46265246167144664
2261 0.6128739940046952
2262 0.6020389748006404
2263 0.2586127434751459
2264 1.1636450911195952
2265 0.5567573349740182
2266 0.7464468257430659
2267 0.6641651085750955
2268 1.0670074717597549
2269 0.4920363617214811
2270 0.9583907279252913
2271 0.7944607510299349
2272 0.5296993191134776
2273 0.9630669774502129
2274 0.7568001494586912
2275 0.8629613245316501
2276 0.43887362275956154
2277 0.8746598825500113
2278 0.7468152706532647
2279 0.6398672806453992
2280 0.45663717334257437
2281 0.8125233979773187
2282 0.7281900768202195
2283 0.9220903951460554
2284 0.9332000242426542
2285 1.3891526691344294
2286 0.9567811582659073
2287 0.6523995651333437
2288 0.08577528449747035
2289 0.4459100603388363
2290 0.8051173083882203
2291 1.1302420894712
2292 0.877420698667563
2293 0.5569263362277042
2294 0.8588236538598238
2295 0.9455376338197914
2296 0.6054358508266975
2297 0.866582268117857
2298 0.8384401562437093
2299 0.7019246663970472
2300 0.8540455040730506
2301 0.8894811904571084
2302 0.924585509610329
2303 0.44449071458847256
2304 0.8654005111431571
2305 0.5619654388878974
2306 0.4967431973805781
2307 0.981839946557927
2308 0.6573374032976105
2309 0.47574613946194916
2310 0.8963685325295245
2311 1.0373367440752352
2312 0.3997943374389317
2313 0.10494009553001785
2314 0.6605097988814337
2315 0.8113825463028216
2316 0.597914387651967
2317 0.504991054244917
2318 0.7021773730703323
2319 0.7315905931141348
2320 0.8554762505959689
2322 0.6615937251165208
2323 0.7473492223335221
2321 0.8552302389929509
2324 0.6225606247270773
2325 0.9331500838717193
2327 0.48854114446992714
2326 0.4545788909565869
2328 1.1748908276955465
2329 0.7538491058917606
2330 0.3218676238599803
2331 0.9992139864362228
2332 0.6294175751540368
2333 0.2281758913518079
2334 0.5589953894941287
2335 0.8567892444187396
2336 0.7650955529396586
2339 0.9363387696323843
2337 1.1621191083084412
2338 0.7451385074041298
2340 0.9543966591170988
2341 0.6850522087569171
2342 0.7531845916063087
2343 0.18107185703949885
2344 0.45878215390573984
2345 0.586717098808007
2346 0.6966215488228452
2347 0.6891839095277629
2348 1.0065754206652995
2349 0.19670983759718913
2350 0.41951802468704463
2351 0.4622744694303024
2352 0.27013789324008436
2353 0.8827885162224245
2354 0.8425148546556316
2355 0.9787503484168104
2356 0.5469221939011115
2357 0.2404636713543528
2358 0.9333273639698075
2359 0.18016045860013044
2360 0.6405654441795845
2361 4.8440938592278065E-4
2362 0.8597337868903258
2363 0.5328924865011919
2364 0.8152604319263481
2366 0.6361127457115835
2365 0.9124872274156177
2367 0.38517619969569383
2368 0.833511444480052
2369 0.051785234111461284
2370 0.8509868574171087
2371 1.0348826446576196
2372 0.7073978895703146
2373 0.8785008505381359
2374 1.6971298763097318
2375 0.2076935406493026
2376 0.8996651381772435
2377 0.9455831202552172
2378 0.8064066506746606
2379 0.13814825609136205
2380 0.7421257084730082
2381 0.6548936521987478
2382 0.5174688729498149
2383 0.5022515956302854
2384 0.8119185404673075
2385 0.8379306593521337
2386 0.8051806046723221
2387 0.4748637492556347
2388 0.8065387955650651
2389 0.7298468316559121
2390 0.1413244491817536
2391 0.5497158097908389
2392 0.45182373466385767
2393 0.9240497884583705
2394 0.8611657935911589
2395 0.40499265093512626
2396 1.0078285632464068
2397 0.6678143865445946
2398 0.4522290918481089
2399 0.7672911589033387
2400 0.541555932864242
2401 0.3013489016279964
2402 0.6625832232183531
2403 0.2773537616670232
2404 0.9388156891538081
2405 0.9072481945298864
2406 0.8403771145804214
2407 0.5349114775906404
2408 0.7557425478958524
2409 0.8976226267275677
2410 0.7878006771590973
2411 0.9706713751885293
2412 0.12177124482066817
2413 0.7926095004447548
2414 0.8325835946011533
2416 1.03982288278552
2415 0.9652562532565773
2417 0.44027909566952594
2418 0.8995204361882276
2419 0.8721387774403658
2420 0.20506970945931713
2421 0.8675786473685945
2422 0.8277316863541704
2423 0.8471400136417266
2424 0.8201846917437087
2426 0.7254725979261397
2425 0.23497553081721126
2427 0.7728515294322182
2428 0.5114869997508915
2429 0.30638973498155025
2430 0.4842093597700731
2431 1.0935234102842237
2432 0.35742141507610964
2433 0.519026850440746
2434 0.991752168750578
2435 0.9564411295120426
2437 0.7865961149988103
2436 1.0607300819969065
2438 0.9529345484186211
2439 0.4303017373050855
2440 0.8604285767705531
2441 1.2209976446350603
2442 0.15294983582409696
2443 0.9956449135664674
2444 0.7481416032398377
2445 0.8102293337467869
2446 0.5647672417920416
2447 0.7802886698739647
2448 0.014133395668291445
2450 0.1139991603423474
2449 0.6053936379901137
2451 1.0745489611207844
2452 0.6755917869886737
2453 0.7880422288518943
2454 0.9974582437383094
2455 0.49472085424135737
2456 0.567752113712139
2457 0.6826988373323672
2458 0.12359802178099072
2459 0.8318551584505762
2460 1.0071102948521788
2461 0.06557458534908187
2462 0.9609248863070212
2463 0.9655371912486671
2464 0.09626187626803621
2465 0.871479750357972
2466 0.8783983603214247
2468 0.1766293442301507
2467 0.8345589186573799
2469 0.36320538311929107
2470 0.9815787835390567
2471 0.8494585896862457
2472 0.9411861533509992
2473 0.6447022699546303
2474 0.5746274487490843
2475 0.686454230515031
2476 0.850354821102474
2477 0.6127156129119763
2478 0.8272409245068572
2479 0.42142310419902934
2480 0.9973696970893257
2481 1.0151251285659628
2482 0.01904660903167285
2483 0.6094092833253031
2484 0.4968064121352453
2485 0.7226458522780952
2486 1.240207934497626
2487 0.35556665365662843
2488 0.326240325155291
2489 0.9999998962361808
2490 0.0973188972711356
2491 0.00264999660518236
2492 0.9999997932876189
2493 0.6766098316161813
2494 0.9752374828901413
2495 0.7405171902360685
2496 0.23503823850274772
2497 0.7809555525754994
2498 0.23868291599206595
2499 0.8426939538912366
2500 0.5331358911975479
2501 0.2388084623445653
2502 0.02380724554503314
2503 0.3800472730955445
2504 0.8389913240094993
2505 0.7019567957531622
2506 0.7048480070943992
2507 0.3542760811442024
2508 0.7165498538604501
2509 0.5339633574164174
2510 0.7762814834132832
2511 0.5189731857332986
2512 0.5983137504266576
2513 0.7710039318061329
2514 0.8142730340391611
2515 0.8380894762973484
2516 0.9280629491354427
2517 1.5703581562519937
2518 0.2612272282226322
2519 0.685417538707138
2520 0.7800719411416008
2521 2.7016221897505694
2522 0.4228007808325071
2523 0.5437078453037756
2524 0.9866601692027347
2525 0.4997893814937534
2526 1.2722451527371321
2527 0.04965385036295018
2528 0.47963487786678244
2529 0.9691777545258528
2530 0.8016122292699462
2531 0.3790546173549711
2532 0.46623145163495094
2533 0.05642026931730767
2534 0.43050507058903187
2535 0.9053389027879027
2536 0.9547456249664535
2537 0.9845927385596922
2538 0.5119453982697059
2539 0.4286757612054626
2540 1.06825352865711
2541 0.6858279082690572
2542 6.53444246380058E-4
2543 0.874811888689613
2544 1.1212094612767625
2545 0.9994794123605223
2546 0.21649638570247257
2547 0.09788224610266051
2548 0.8805520416686682
2549 1.3094597029995336
2550 0.6510282261336273
2551 0.8921474431111223
2552 0.44259668901283256
2553 1.0479033589418472
2554 1.1705756887114374
2555 0.20633703462864028
2556 0.7367317057614662
2557 0.05904782680483729
2558 0.7346993118812659
2559 0.9907327552860197
2560 0.03890841652142341
2561 0.417508302677391
2562 0.6901069659785791
2563 0.6545350930661309
2564 0.6543075470515498
2565 0.19827814692280601
2566 0.6904290929906726
2567 0.7998738937841635
2568 0.7255342995329938
2569 0.5326132463843857
2570 0.8959892994061065
2571 0.0024820247462643877
2572 0.9492798611188694
2573 0.42497599256091223
2574 0.9841330568646569
2575 0.9156559341711101
2576 0.6685046463184189
2577 0.8112246291338459
2578 0.47632388643842855
2579 0.4507023234346533
2580 0.7900701395637686
2581 0.7683957604382036
2582 0.41755331812245416
2583 0.7968524951503381
2584 0.8311381742403973
2585 0.12884394074758218
2586 0.29110428884837947
2587 0.11621060713149847
2588 0.9731777011151583
2590 0.5876059038390752
2589 0.20226719890008746
2591 0.08487551195736559
2592 0.7737365443274562
2593 0.5328639236198759
2594 0.5915986989186917
2595 0.535398530438424
2596 0.9220692144746546
2597 0.9151389210471187
2598 0.9705810676029838
2599 0.4215239669851212
2600 0.8968564850182942
2601 0.864535070294175
2602 0.5955150808203755
2603 0.9830553531412586
2604 0.352032
2605 0.2502564338597778
2606 0.9475259598039187
2607 0.4613159609272717
2609 0.7339973952515666
2608 0.9831195169706202
2610 0.701811746802502
2611 0.9343359368152849
2612 0.18139252101219216
2613 1.1248459523321666
2614 0.9658476790085361
2615 0.912395404215223
2616 0.7050961390583961
2617 0.9847351994376414
2618 0.9904523936688965
2619 0.9219518437092353
2621 0.6259378239458704
2620 0.4671863991751525
2622 0.6955085482528548
2623 0.6827290142677608
2624 0.7507495348710215
2625 0.12047234814527896
2626 0.09496932435652203
2627 0.15158029332880257
2628 0.9337803991675548
2629 0.04818473205446241
2630 2.5463272795555523E-4
2631 0.641658286541883
2632 0.7804681003311947
2633 0.9858047306300293
2635 0.9946275016805028
2634 0.6917106588299249
2636 0.9188161591549974
2637 0.3750776268992995
2638 0.8589111070629774
2639 0.40267939792535445
2640 0.002148578281217293
2641 0.4861578249929049
2642 0.47105429823904954
2643 0.8609853648345999
2644 0.8750350979055318
2645 0.9172995271923141
2646 0.6912997554400239
2647 1.0072017141477927
2648 0.8488360867872621
2649 1.409862772133155
2650 0.9232915556925295
2651 0.983812557615706
2652 0.8776192721272287
2653 0.9314378393008785
2654 0.9615852604214916
2655 0.8424561834202384
2656 0.9937187433038928
2657 0.8053847524569556
2658 0.2223040004987659
2659 1.1143676160458824
2660 0.3586351906336824
2661 1.0420547327787861
2662 0.4904365829639653
2663 0.5588327010700093
2664 0.7845784756594983
2665 0.7404856922953355
2666 0.14080637132257326
2667 0.559601912062552
2668 0.876266913295991
2669 0.9425368908408792
2670 0.6511112460501368
2671 0.9098964955991956
2672 1.0189287186441405
2674 0.8816350539033655
2673 0.12183048162254344
2675 0.36010788360390594
2676 0.9149807060038269
2677 0.377822723456629
2678 0.6266220851945576
2679 0.47993199262391034
2680 0.2680737225326181
2681 0.8936002204392137
2682 0.8977884817093528
2683 0.7474995347011671
2684 0.549309467046169
2685 0.8323075594099124
2686 0.7797012155997041
2687 0.5356131787936041
2688 0.24417522738741818
2689 0.6385067264457588
2691 0.9812376528071344
2690 0.9777891220152835
2693 0.7917724195255831
2692 0.7645687905784931
2694 1.0498868637980818
2695 1.0937497961250324
2696 1.6141885291741478
2698 0.28372244696490767
2697 0.7920921448438231
2699 0.5238917771516018
2700 0.8237508612526897
2701 0.6038128000694173
2702 0.9910047656249042
2703 0.044931451546355805
2704 1.0517746358266973
2705 0.8753332709852414
2707 0.4488818587519799
2706 0.5114066993237272
2708 0.706728420962274
2709 0.8260701887571319
2710 0.9149612352987182
2711 0.641364211689089
2712 1.0986192402083648
2713 0.32765114411251656
2714 0.9831546319451444
2715 0.9349052726104685
2716 0.8816871902325933
2717 0.9628641392527328
2719 0.7979764226272953
2718 0.9877834041473375
2720 1.004141022609613
2721 0.5414956560901034
2722 1.34987227150657
2724 1.0098072696484068
2723 0.9144059517525197
2725 0.406264884456761
2726 0.798406766051029
2727 1.0652205152266734
2729 0.6370441844198739
2728 0.5469818963323096
2730 0.9560212331194047
2731 1.1199556272298925
2732 0.9808636530300173
2733 0.5963980017448373
2734 1.103550205627613
2735 0.3755389559808804
2736 0.376137399854164
2737 0.84053307837634
2738 0.3608664459478991
2739 0.27852463403391364
2741 1.1956651889546115
2740 0.5193826693796812
2742 0.540973225296318
2743 0.15034642941812182
2744 0.628515600840857
2745 0.547477411525804
2746 0.542780214872069
2747 1.0526789916087826
2748 0.5726642853438427
2749 1.0878725805708505
2750 0.38688959469979567
2751 0.36629965167763096
2752 0.1435872943746294
2753 2.2061265921525495
2754 0.9667568982299347
2755 0.7852386001884241
2756 0.3525015175234089
2757 0.921038587438316
2758 0.7462140525418915
2759 0.44767503917981705
2760 0.5515947627967953
2761 0.872418760045847
2762 0.5352577114505885
2763 0.8777702006499598
2764 1.0164248027962903
2765 0.9265640671912309
2766 0.4196106367844102
2767 0.8091672329308406
2768 0.7302963709283983
2769 0.23538277332958618
2770 0.8298562666790915
2771 0.7565785797804362
2772 0.4790288789965113
2773 0.5927001360063144
2774 0.6192747316964854
2776 0.8517963233214185
2775 0.7298468316559121
2777 0.8135345052431715
2778 0.9935020558589707
2779 0.19204600007111663
2780 0.9247852233950182
2781 0.26312901282448636
2783 0.6220317249392753
2782 0.8433458336359899
2784 0.9771290047054634
2785 0.9795276546846661
2786 0.5358886365297172
2787 0.7558946924666236
2788 0.7955631939489273
2789 0.03802523825480439
2790 0.6945994115166615
2792 0.7068915618664873
2791 0.9765268894982948
2794 0.9997664220171727
2793 0.42593195675244544
2795 0.6299795162309667
2796 0.9577092524235432
2797 0.9886427215298843
2798 1.0435711657756879
2799 0.24877360483900504
2800 0.9960810239025149
2801 1.3236876960451536
2802 0.957483631373527
2804 0.8159165206704445
2803 0.6174794602727145
2805 0.8116070215005592
2806 0.9543128226140816
2807 0.8729837692378511
2809 0.18434333708618109
2808 0.5759780883327374
2810 0.923011161772175
2811 0.5131606518952854
2812 0.7705470988924747
2813 0.7612500599200471
2814 0.7348525046311536
2815 0.6040317731642931
2816 1.069771111093469
2817 0.040726630386569006
2818 0.5381030482321714
2819 0.6548419845410829
2820 0.18808331922155158
2821 0.4480456114607433
2822 0.9810526806343663
2823 0.3373849700926087
2824 0.2576043780438131
2825 0.6747413407916751
2826 0.6738035631442832
2827 0.5416369088250351
2828 0.868699239244738
2829 0.9902569566941476
2830 0.8695329209996857
2831 0.8208209430504786
2832 0.47805014545833396
2833 0.25449681485318204
2834 0.0047157940075895945
2835 0.9586764498519783
2836 0.9996063903598651
2837 0.5952635272653828
2838 0.8600882106115352
2839 0.9882574525833219
2840 0.6235738898080634
2841 0.5758559692286682
2843 0.6797120450098195
2842 0.9267574693992948
2846 0.11055762104640703
2845 0.9825273752719229
2848 0.8417924633105718
2844 0.8911694485442511
2847 0.8289421406241143
2850 0.7438550519105278
2849 0.6960546672538985
2851 0.6715166391905899
2852 0.9321041333423361
2853 0.8928094900971897
2854 0.8553460152245178
2855 0.77891716543536
2858 0.10087222407793747
2856 0.018916751306736396
2857 0.9827292055254927
2860 0.3684682383335151
2861 0.9724571250513294
2865 0.9321069052857786
2863 0.781222288160343
2862 0.14683617910533783
2864 0.5827975343463748
2859 0.7093734998730086
2867 0.6402554449482907
2866 0.2478752121640965
2868 0.6630379500719263
2869 0.6093447854774299
2870 0.7294896078615366
2871 0.34537616706996804
2872 0.9977458803530612
2873 0.47033497437857236
2875 0.9012003558322359
2874 0.3489747674572153
2876 0.16664982652135835
2877 0.81219569496179
2878 0.17480604742927128
2879 0.5919548181337861
2880 0.3641267579760047
2881 1.34286532230402
2882 0.5256773436381951
2883 0.2887548455827259
2884 0.9867190292936908
2885 0.9540139381670552
2886 1.1360082833020888
2887 0.4313152232250916
2888 0.9066758989760555
2889 0.9987726060512444
2890 0.8284540865769651
2891 0.9821892161737971
2892 0.006950597818138882
2893 0.9554177482088659
2894 0.9133155882014707
2895 1.1829110572326031
2896 0.6857492555543482
2897 0.9600656636295906
2898 0.2824237872052819
2899 0.8055029807377821
2900 1.1211480489917642
2901 1.0349282302721956
2902 0.7998229236463307
2903 0.576180264118901
2904 0.43789501940083425
2905 0.9296820255679092
2906 0.7770497479268144
2907 0.34160862736212577
2908 0.20951468764851372
2909 0.8169293268401077
2910 0.4212365416464844
2911 0.9557161454817535
2912 0.1944153956759686
2913 0.9100423673843647
2914 0.9249192524505963
2915 0.7363701922989956
2916 0.7933462374802867
2917 0.1562433244636621
2918 0.956593954530615
2919 1.0561440345783646
2920 1.0052513747646223
2921 0.7127324199273586
2922 0.42110757218213546
2923 0.826810718403366
2924 0.6513551671610142
2925 0.9981432526766504
2927 0.7268457590374119
2926 0.636542348299105
2928 0.9376797022245835
2929 0.8938339679928203
2930 1.1922030306987608
2932 0.6908169111003725
2931 0.7683193532272938
2933 0.6807436416448722
2934 0.5853212883211797
2935 0.9641628726873117
2936 0.9832830314530864
2937 0.7314613747199138
2938 0.9677631922193359
2939 0.4575865260917633
2940 0.6395871740004687
2941 0.3576938626446892
2942 0.7400105374635475
2943 0.26500716888665604
2945 0.05373138536206944
2944 0.6040972412786983
2946 0.2589780257715257
2947 0.7873691064212545
2948 0.7377921523435508
2949 0.07053414873117682
2950 0.2208463496826106
2951 0.03523165225977545
2952 0.9918600032179584
2953 0.894509364956591
2954 0.836368080738815
2955 0.8871835291440328
2956 0.6681048930119555
2957 0.13247941946267305
2958 0.9762171766680261
2959 0.4537413057625145
2960 0.14346231404922657
2961 0.7167823286674776
2962 0.9763986173278224
2963 0.9593945236334928
2964 0.2899443837254293
2965 1.0734890238610595
2966 1.2260498855911954
2967 0.8352982743572505
2968 0.8985372640140955
2969 1.325502764723965
2970 0.8497019851824313
2971 0.6689872902707573
2972 0.7051116380055076
2973 0.7617212489212934
2974 0.6553180379001015
2975 1.0354765147516583
2976 0.6872547750236445
2977 1.2639484008058544
2978 0.4425848649639701
2979 0.652187087006466
2980 1.1763502160855253
2981 0.7217877238559547
2982 0.9250552137877108
2983 0.9632894258232737
2984 0.8361192185574655
2985 0.7385639534228282
2986 0.8666758415126136
2987 0.5326904956027309
2988 0.8570230657688465
2989 0.12603988221769452
2990 0.923296802231577
2991 0.9965264616577851
2992 0.4268578826707381
2993 1.8723263519309525
2994 0.7676888490772099
2995 0.722543373427775
2996 1.2507681705120244
2997 0.6670599096951634
2999 0.7782833300587243
2998 0.7282901095358305
3000 0.9499425148187476
3001 0.6773429068282429
3002 0.6236045179725296
3003 0.9388761056149779
3005 0.6739615205204136
3004 0.9965397365829446
3006 0.7060907588814118
3007 0.8070866885808039
3008 0.7080446195272085
3010 0.7022477042961813
3011 2.143029057218121
3009 0.4641996485357522
3012 0.7835357954093898
3013 1.2639673939053544
3014 0.3774742904645175
3015 1.1575362473376758
3017 0.7535673186376214
3016 0.6625481851747871
3018 0.8806342872665482
3019 0.29242498392604466
3020 0.6966695708974382
3021 0.6581077477342174
3022 0.8756765921726073
3023 0.5425434024203589
3024 0.6507108121811221
3025 0.6751657786762557
3026 0.3582412915880623
3027 0.8824720057283737
3028 0.6737301865773427
3029 0.7886124514676875
3030 0.5807714441512178
3031 0.8993403129354238
3032 0.19621405274155612
3034 0.4509680816010758
3035 0.6296141058501923
3033 0.32237293523701577
3036 0.5714625229412704
3037 0.10940132314716478
3038 0.649609302101204
3039 1.2979699856736608
3040 0.5620596239450796
3041 0.5536684372345263
3042 0.7372854786319538
3043 0.8884240017590076
3044 1.6472012416860313
3045 0.7892706655108517
3047 0.7567923022108757
3046 0.5336705222053695
3048 0.940312572942631
3049 0.17871894096571314
3050 0.6192298278102163
3051 0.23140262622247876
3052 0.22978013111328713
3053 0.9382930018512535
3054 0.49687407835320824
3055 0.9329663576755838
3056 0.3898778367115523
3057 0.7222438137675625
3058 0.32281335180598486
3059 0.6275558990104125
3060 0.984571867064249
3062 0.6493806132552156
3063 0.4585548308456407
3061 1.0303377057039613
3064 1.0259240485524455
3065 0.7451195099351641
3066 0.1081523050848475
3067 0.40670125753027525
3068 0.3864240950807194
3069 0.941933396660709
3070 0.6675265384040192
3072 0.9422249983958247
3071 0.3367951926785447
3073 0.552427951703363
3074 0.0886618635734432
3076 0.14183353733873416
3075 1.244096013368745
3077 0.07045666365736951
3078 1.1282296236602982
3079 0.7924695821148232
3080 0.4765038717513617
3081 0.49628374959933624
3083 0.9725694437076642
3082 0.9797016743255574
3084 0.91733089814296
3085 0.7341283604115013
3086 0.6632521105736513
3088 0.341218211180299
3087 0.6769532105955023
3089 0.8652829507353977
3090 0.407585898534449
3091 0.0051552306797312784
3092 0.8824449844678087
3093 0.14056908952857614
3094 0.7979442832812738
3096 0.2511011472378835
3095 0.7534632586236611
3097 0.919713486546981
3098 0.7291111018707829
3099 1.2018687785650923
3100 0.7232819369834323
3102 1.072762536737373
3101 0.6843878153510028
3103 1.2174694221547053
3104 0.2890012427275266
3105 0.7260625414337595
3106 0.8363485928824661
3107 0.8068658949602547
3108 0.6052584115053574
3109 0.9339996192378438
3110 0.8187199993212855
3111 0.9619596389264591
3112 0.7112048925231943
3114 0.7659344526758624
3113 0.4509969845658802
3115 0.9601739424166804
3117 0.28465468785508363
3116 0.9730444163430525
3118 0.7527082634606161
3119 0.5189215907296733
3120 0.9363841882148478
3121 1.0
3122 0.7716498421448859
3123 0.7502933371775231
3124 0.5229761218880283
3125 0.3486530740401109
3126 0.5945461456931529
3127 0.9543596965783026
3128 1.013481086007644
3129 1.0646944337851885
3130 0.8164211484828411
3131 0.9973690239292531
3132 0.7280141437644692
3133 0.9891373653511701
3134 0.9877307257052781
3135 0.7212407330557419
3136 0.4140437604098702
3138 0.505509720805761
3137 0.8597033090594195
3139 0.8504240622879502
3140 0.9542404205445828
3141 0.6048002180974666
3142 0.42668980623291836
3143 0.9322235324907466
3144 0.9919462096107732
3145 0.3714659494761274
3146 0.7300450016784117
3147 0.0742588597799799
3148 0.8122187622752509
3149 0.14611946256794434
3150 0.4829911030452024
3151 0.9489743386240094
3152 0.4802388028345374
3153 0.7582216768200608
3154 0.5394792496169246
3155 0.6848269590500248
3156 1.075131205382089
3157 0.8235307512092243
3158 0.9512314702395098
3159 0.9766841169547389
3160 0.8792594765691472
3162 0.8961621057592004
3161 0.17584013555158162
3163 0.3704005686147045
3164 0.9268027500363787
3166 0.9051429571028518
3165 0.955560269899442
3167 0.8349205650547987
3168 0.17206842901840158
3169 0.9891608563105188
3170 0.834607873531766
3171 0.5119061820074918
3172 0.7035971490096099
3173 0.9387961603229804
3174 0.9742764929885255
3175 0.9984170359908267
3176 0.9334104863588356
3177 0.9147178316231601
3178 0.7805131912246471
3179 0.3615121754870139
3180 0.21521006977298315
3181 0.017607731326790665
3182 0.002420940185420623
3183 0.44057765126087006
3184 0.9170979827129536
3185 0.2038272039251191
3186 0.9159837614907249
3188 1.0855906965507816
3187 0.6059337202195779
3189 0.8139212152125758
3190 0.6935740464127486
3191 0.962220488757947
3192 0.8481011837858238
3193 0.4582562065365167
3194 0.9741750645221908
3195 0.9486861172730122
3196 0.14153015744937586
3197 0.5378891901316297
3198 0.1055729612329421
3199 0.31037251379930564
3200 0.8171455623275939
3201 1.6230569031616513
3202 0.0019894791893631746
3203 0.7443763593506817
3204 0.9823852858248394
3205 0.9668982921632241
3206 0.683212754598686
3207 0.48055037667277267
3208 0.9562212688772613
3210 0.6446651888971443
3209 0.30453569285830956
3211 0.5288735789227852
3212 0.6127331476361184
3213 0.8717617737080633
3214 0.7646386571039442
3215 0.8718037626403219
3216 0.3881145544145515
3217 0.5806705019379564
3218 0.9009341126849533
3219 0.8801686994788134
3220 1.5790308053867992
3221 0.006835604097698328
3222 0.2620136783524864
3223 0.7510143617478853
3224 0.7144090299477924
3225 0.4516172381121061
3226 0.7211538626505117
3227 0.5469604639362448
3228 0.9953483621825846
3229 0.9998474135661758
3230 0.27577291688354605
3232 0.26192354084360425
3231 0.7567000917107474
3234 0.5002665052926831
3233 0.9593328406948113
3235 0.9699182487032175
3236 0.9661409141852891
3237 0.5805887271144973
3238 0.6215932252625033
3239 1.085018602355344
3240 0.9968822529156778
3241 0.9970557691511328
3242 0.6853129860837281
3243 0.008527285499383691
3244 0.7348140900986021
3245 0.6990553505893409
3246 0.5951998182266026
3247 0.9830375263909301
3248 1.007367655016345
3249 0.3370483286739636
3250 0.04537703928166319
3251 0.9501932701294102
3252 0.8390159763076673
3253 1.0985222840442217
3254 0.6432043000766977
3255 0.28026150675179984
3256 0.6405427332259601
3257 0.6276011599601731
3258 0.9980427976713184
3260 0.42666655159366995
3259 0.6198947952979793
3261 0.8114726995607737
3262 0.9757117752583254
3263 0.504066850945561
3264 0.8154915280943005
3265 0.9137119446710449
3266 0.019276075391678006
3267 0.7365832866896916
3268 0.9698914815374347
3269 0.4920915864490173
3270 0.652941
3271 0.5563051691814306
3273 0.7102456941844408
3272 0.5822085776967589
3274 0.35641510751812006
3275 0.49456725089641995
3276 0.6227684823370713
3277 0.7476762968176611
3278 0.625806800588376
3279 0.8664699212516418
3280 0.9683323991557707
3281 0.6957906747961881
3282 0.8296007884670806
3283 0.4148989927036085
3284 0.594362615386795
3285 0.9537565667564456
3286 0.2911806879565854
3287 1.0963650594319685
3288 0.8418154584955846
3289 0.9251551851636644
3290 0.9190545846335235
3291 1.1900565034496497
3292 0.29400167736163385
3293 0.6262923019662362
3294 0.7479241006606123
3295 0.8657014728052467
3296 0.9996152175600748
3297 0.7297949811382884
3298 0.9322834122539594
3299 0.5179466710173055
3301 1.3629144862609257
3300 0.43971888770434125
3302 0.7097748949468979
3303 0.5416616275463348
3304 0.5196077914228557
3306 0.22894677296205415
3305 0.8191327440451458
3307 0.9268136877030269
3308 0.9167025656394417
3309 0.5343164848372801
3310 0.8640491337746714
3311 0.8641513947468366
3312 0.8064453955527544
3313 0.5716036776976972
3314 0.9630591729891729
3315 0.14875469771613653
3316 0.07345780201994823
3317 1.0408564732385182
3318 0.18102625108693224
3319 0.5165535099313515
3320 1.3461636636723227
3321 0.8585665622993314
3322 0.6102588016672307
3323 0.9999667131063518
3324 0.974902376531076
3325 0.4951251343364963
3326 0.5172804022583136
3327 0.868270023720348
3328 0.03729865360457794
3329 0.5916262706608353
3330 0.8510930642563679
3331 0.8330829239053623
3332 0.661682038660611
3333 0.7541283217868815
3334 0.16892618108289958
3335 0.42382798781130554
3336 0.5522889299837885
3337 0.23789745624449288
3338 0.6783900234190755
3339 0.9525565761408598
3340 0.3453694203292883
3341 0.9315933226744111
3342 0.5466531389283374
3343 0.5246843214834433
3344 0.1645458029587484
3345 0.8385853078905783
3346 0.9431086305172912
3347 0.15350417295664126
3348 0.7589349112478739
3349 0.8471753104724846
3350 0.5053319655955227
3351 0.5570131482635012
3352 0.5713825467460019
3353 0.7697863758043579
3354 0.7987506843052272
3355 0.732707266151573
3356 1.1523406271783634
3357 0.9103341400956779
3358 0.7785206145701113
3359 0.797920065520936
3360 0.6515154332453057
3361 0.4659271002045016
3362 0.3285394996904016
3363 0.7279434616430949
3364 0.9675424529891734
3365 1.208844236764702
3366 0.20557665845678635
3367 0.8776072822293375
3368 0.7450190226059631
3369 1.0018833752455256
3370 0.9776195923450388
3371 0.9959017924435025
3372 0.9238373336745767
3373 0.9738539590819479
3374 0.13982084850787274
3375 0.9281021082191978
3376 0.77913980654064
3377 0.41362582468871495
3378 0.24117525529881675
3379 0.25282755302913235
3380 0.6421528245849826
3381 0.7206371774928471
3382 0.8624499787959082
3383 0.6630442981176592
3384 0.8528978800054484
3386 0.3920816716302703
3385 0.18915490372700616
3387 0.953975205041327
3388 0.006031678195388456
3389 0.7678291796972315
3390 0.5054083271356794
3391 0.7573939744147249
3392 0.962245166486093
3393 1.0378379410943288
3394 0.9525642495123253
3395 0.43373862063223345
3396 0.8842753502926113
3397 0.8296729624817852
3399 0.7214418280390141
3398 0.3113243395305939
3400 0.5741194986108602
3401 0.431274878300144
3403 0.8530346068819616
3402 0.49524531149089496
3404 1.048623245749842
3405 0.47742499838494584
3406 0.5795554739037527
3407 0.2544388132454966
3408 0.756126301290122
3410 0.8570211612413039
3409 0.8653781219856901
3411 0.5169725766750207
3412 0.48610727985803953
3413 0.9295855737982235
3414 0.47702086854067666
3415 0.7704805251490707
3416 0.4363314036871218
3417 0.9129737943520674
3419 0.9181750727370268
3418 0.41693836202355583
3420 0.3957888637455795
3421 1.0002711079490512
3422 0.8196996028992151
3423 0.8592228014350272
3424 0.9973729782731482
3425 0.7940546818970252
3426 1.1710267855235974
3427 0.5569947575153564
3428 0.5863841467389487
3429 0.45294933213513777
3430 0.6701892065533819
3431 1.078530900993912
3432 1.092606656441537
3433 0.821439741247444
3434 0.6000618453214044
3435 0.463905879599779
3436 0.033325272241893855
3437 0.574171401260291
3438 0.8289688435515022
3439 0.8762248063867881
3440 1.0454489428925824
3441 0.9901430804203583
3442 0.7597433543890312
3443 1.8950897419076018
3444 1.7056491616388827
3445 1.2102483450741204
3446 0.927084016336131
3447 0.5269419940344934
3448 0.8449075383500911
3449 0.828391593247504
3450 0.9781680914745271
3451 0.016103857025251436
3452 0.33450032675265334
3453 0.9007051924772665
3454 0.7293062447888242
3455 0.7065204539014617
3456 0.21394916522587282
3459 0.9696897781402186
3457 0.9811290727370763
3458 0.576263243905995
3460 1.018087298699336
3461 0.8183184291924369
3462 1.1470863522415287
3463 1.1202265207374011
3464 0.31909253228695367
3465 0.538232796749802
3466 1.047791543441558
3467 0.7166277612524784
3468 0.9221799298384343
3469 0.9895387601253551
3470 0.5599568106550312
3471 0.576751699979304
3472 0.9006580141400594
3473 0.9657038492731125
3474 0.22799996362811362
3475 0.8539186736228128
3476 0.5909778647665134
3477 0.6778068180558454
3478 0.6788051276430588
3479 0.7043989549064666
3480 0.6872504559679056
3481 0.7742339300755133
3482 0.5364560206082796
3483 0.6169105376241341
3484 0.6671923464486151
3485 0.9518624595563286
3486 0.603070837891749
3487 0.4954745211056913
3488 0.392208853408511
3489 0.43695951634675534
3490 0.906607561448212
3491 0.9495681321142313
3492 0.8600275818385249
3493 0.47054322338688104
3494 0.9252580135605051
3495 0.8547050859298633
3496 0.5693071549783927
3497 0.5694471070886553
3499 0.7821270886245121
3498 0.47013321267760655
3500 0.6210326344079667
3502 0.6489976469531217
3501 0.8421739324801584
3503 0.7550992944364245
3504 0.7869520993904099
3505 0.7715741922311812
3506 0.24876987053755725
3507 0.8583990148604126
3510 0.7758736506311363
3509 0.012573494776429446
3511 0.9999609208315513
3508 0.9123451903689163
3512 0.6202408284556984
3514 0.7448221587544349
3513 0.4057824144821716
3515 0.9505215936008837
3517 1.0410173922738584
3516 0.7276288202367668
3519 0.9963100255355327
3518 0.8551246434149022
3520 0.9353017943084054
3521 0.770839812610322
3522 0.5679339750358311
3523 0.6886930507184298
3524 0.1881785009540959
3526 0.04851480740047833
3525 1.0102510397224362
3529 0.21970511613685642
3527 0.7061647390114322
3528 0.04939043083611558
3530 0.23641687370558367
3531 0.3900230631808161
3532 0.727913148157147
3533 0.46030667881601334
3535 0.9066522014543011
3534 0.944659200663999
3536 0.6116556058805569
3538 0.07523618556747702
3537 0.2141342205994006
3539 0.030949812930149954
3540 0.2859761537606244
3541 0.9623559891487298
3542 1.1650688184451619
3543 0.9602707225110051
3544 0.8720911165755056
3545 1.0038255845527337
3546 1.0038337241399908
3547 0.9297703997528686
3548 0.3208656177676949
3549 0.1285151669833554
3550 0.9371960217342094
3551 0.7472352712088732
3552 0.7983752971349283
3553 0.9535457599846049
3554 0.11825926980921488
3555 0.8508336163255625
3556 1.1101702874818975
3557 1.1069499361348794
3558 0.822097608896273
3559 0.8005668720777186
3560 0.8367761595273896
3561 0.9589954536691664
3562 0.9965309452030295
3563 0.6449074583006406
3564 0.8316639787020468
3565 0.7424573375221994
3566 0.37105396150594894
3567 0.033471164077571475
3568 0.9507326482992305
3569 0.3922491301356727
3570 0.0024852584835245864
3571 1.1363853628572493
3572 1.7595843726651534
3573 0.8538899446885038
3574 0.9416798286006235
3575 0.461770165601079
3576 0.05024307414813962
3577 0.19603196116492927
3578 0.8529735044979387
3579 0.41430555220941867
3580 0.7846297882504467
3581 0.18273144264142024
3582 1.0022718994484319
3583 0.9689470155981326
3584 0.9942964522935925
3585 0.7210183478733965
3586 0.5759331406630017
3588 0.6812316430021305
3587 0.2250401600793167
3589 0.8587359222671692
3592 1.0393352895397976
3591 0.24038950744852558
3590 0.8002731923272273
3593 0.3711593589159592
3594 0.5048222211652532
3595 0.9916503988941057
3596 0.6976540345228767
3597 0.9206100961398278
3598 0.7511969049196427
3599 0.5019858423633806
3600 0.7743454980892095
3601 0.7736840608880551
3603 0.2760961395178038
3602 0.9002236691987834
3604 0.27039256026586267
3605 0.6078983766546717
3606 0.9714960320453697
3607 0.6698482702536066
3608 0.6315017449071761
3609 0.9090990270506099
3610 0.7643636415064139
3611 0.6800736903423643
3612 0.39462876727807006
3613 0.9298759868541993
3614 0.3583681736186844
3615 0.9578344885739576
3616 0.9984284713001328
3617 0.21905461458845676
3618 0.8398371712888948
3619 0.9683612314933125
3622 0.20301771943021665
3620 0.47641542576383067
3621 0.34370537363032344
3624 0.09147676431757322
3623 1.0163485169284792
3626 0.9329803977295884
3625 0.09118531613901863
3627 0.8172546600310338
3628 0.9668088221586562
3630 0.3318228285871788
3629 0.6655029373096685
3631 1.046929655546585
3632 0.29667240272010087
3633 0.40463793301598966
3634 0.9064956112672737
3635 0.7949076758194135
3637 0.6259235434353436
3638 0.5679222729851056
3636 0.7473341069516658
3639 0.8067895052997828
3640 1.0088642796621596
3641 0.889887109980459
3642 0.9735435183803414
3643 0.7409855561389447
3644 0.9359995127283453
3646 0.6456435610946445
3645 0.7238648263694977
3647 0.7022099856444607
3648 0.5640501360609214
3649 1.0570977031573867
3650 0.9252869732646588
3651 0.7285075524094282
3652 0.7636364646491133
3653 1.0988652176982
3654 0.7049228150400195
3655 0.3519958356383998
3656 0.8666847988338959
3657 0.5032760938686981
3658 0.8922303295007334
3659 0.49415477572827876
3660 0.244807299744774
3661 0.3533739192259095
3662 0.8293117709381516
3663 0.4377385006316648
3664 0.5745839610634292
3666 0.31444451637031456
3667 0.5445545433285545
3665 0.864062375386294
3668 0.9038387510549424
3669 0.9935897390373877
3670 0.5100449960755821
3671 0.5422131103642348
3672 0.991799924120826
3673 0.8042344974923631
3674 0.9863095206916829
3675 0.2953574240541428
3676 0.35819115931921525
3677 0.6003403414752693
3678 0.8592770681996579
3679 0.9777586339147927
3680 0.9797095998787673
3681 0.804238539481231
3682 0.13159732050833509
3683 0.18995395879045868
3684 0.8242859303855172
3685 0.6120597745291325
3686 1.3060317779347073
3687 0.8795611598591815
3688 0.9904865394482301
3689 0.9560816875499774
3690 0.9855415287556893
3691 0.7082199337663758
3692 0.9720259340054537
3693 0.4783782462521698
3694 0.9999996282877884
3695 0.9089277092126139
3696 0.7635357267762083
3698 0.8724930021359155
3697 0.8923445798130617
3699 1.1659753428463622
3700 0.3918380330567796
3701 0.7468312839902645
3702 0.7691732667579064
3703 0.4545504015876634
3704 1.099690566839921
3705 0.8327494503877052
3706 0.9166755814733898
3707 0.9642579190110608
3709 0.8854436643311387
3710 0.9735979196434954
3708 0.40415962282680484
3711 0.9301305444219674
3712 0.11919968826721296
3713 0.958838907451498
3714 0.8595043854807355
3715 0.7690027881776379
3716 0.49717660178014306
3717 1.136769699678141
3718 0.7292629524919992
3719 0.832885742500034
3720 0.8112024312173216
3722 0.7854209810073866
3721 0.963060623880559
3723 0.2389081136084933
3724 0.9057504846064374
3725 0.9837094562675812
3726 1.1395768847909713
3727 0.4984127204342108
3728 0.3289348164249691
3729 1.3075780124234309
3730 0.8115186217959043
3731 0.7771024692851556
3732 0.5573808531927524
3733 0.8778740669045939
3734 0.47808764085952
3735 0.6040142197682776
3736 0.8992542087260978
3737 0.7333977006586824
3738 0.9294968291771382
3739 0.6838077362140603
3740 0.39161571317204086
3741 1.0067754338018295
3742 0.4124762153651722
3743 0.6195399147893345
3744 0.40906925537012906
3745 0.9610515787213401
3746 0.6721441602040552
3747 0.7985530283246047
3748 0.8244118561051194
3751 1.000322573061837
3749 0.8260640402213626
3750 0.6830399229802188
3752 1.009141842636412
3753 1.663026735363764
3754 0.8378701511402241
3755 0.5122649993906355
3756 0.6804251106416046
3757 0.8141289713187289
3759 0.987819305109764
3758 0.658653162104187
3760 0.10424131359802317
3761 0.39377589155454157
3762 0.06437926608040763
3763 1.4764827016274478
3764 0.9925672808977524
3765 0.9984816686327752
3766 1.4687050502950996
3767 1.053590757446926
3768 0.5606363666426646
3769 0.2847370018436884
3770 0.8575493187512789
3771 0.9980428417553936
3772 1.6711765952259992
3773 0.6111254870116092
3774 0.8100117737020781
3775 0.5790068267102837
3776 0.7124233523261745
3777 0.8216701083596659
3779 0.9737750346375063
3778 0.8568791465812287
3780 0.9457833819752712
3781 0.5991543565112423
3782 1.3009581587874595
3783 0.6347688704827518
3785 0.41107207288205466
3784 0.8231774062149095
3786 0.7944332461936685
3787 0.48034649057789625
3788 0.8347901025248006
3789 0.07489053462437775
3790 0.8089904652392043
3791 0.8424455046826052
3792 0.8947110126902323
3793 0.8651368350817691
3794 1.180596047367286
3795 0.5876323034826223
3797 0.6914816006270416
3796