1 0.15454541239670574
3 0.027313024454169717
5 0.18249683603850667
2 0.5940631576122624
7 0.9962897838803721
8 0.346238146363983
6 0.7407441414125964
12 0.15587891014432376
11 0.2879374188862563
10 0.41694795020482417
13 0.17899486342323384
15 0.06978912217337717
14 0.19880894330967475
17 0.035398383193760305
18 0.8420709321103506
20 0.6665967863621475
24 0.018445556709793177
22 0.9512870560353602
23 0.07879847949026908
21 0.4673770451942671
25 0.014739801818552882
27 0.21593439453758612
28 0.5011831441801158
26 0.9605990252948017
9 0.10960387574807642
29 0.04435840629667122
4 0.5067737081394489
16 0.24155546402593903
30 0.0678938635342201
31 0.23456609760380034
32 0.13066619981219718
19 0.08631660643236848
34 0.28773718831037276
33 0.02071552194008342
37 0.47155827125438887
35 0.8649845909112368
36 0.0741163533295689
38 0.15681833244316917
41 0.1557876930320971
39 0.1827127058418545
42 0.088234455882772
40 0.3934018700513657
43 0.2531554164241593
44 0.2447704119004472
47 0.8045112308540187
48 0.0930895076224798
50 0.19900174540396937
45 0.0671639802850672
46 0.41792054935882794
52 0.42809912090712193
49 0.04267475897404977
53 0.29221325822263283
54 0.32333336166668086
51 0.9410751448689673
55 0.15692054611061973
56 0.4488256611907725
58 0.6260580351013705
57 0.05555572124762147
60 0.10515661699859748
59 0.21940311240260205
61 0.738393035084033
62 0.12842812429596445
64 0.2811288569632782
63 0.5250143294269111
65 0.7612762862259789
66 0.014869627700013923
67 0.4874370829019264
69 0.23067578654951454
70 0.014760831620002923
71 0.12659223352715074
73 0.08540535896256339
68 0.21913376155882924
74 0.3629642921170529
75 0.5821605176367614
72 0.9463613999070973
76 0.24625006467846275
78 0.024876665429021547
77 0.2446055571658674
79 0.08616828323705863
81 0.9324095030113576
80 0.5707160850422028
82 0.991007495282489
83 0.8405279221271278
86 0.9863812611322036
87 0.9993968529860014
84 0.08794389195160482
85 0.026954392804463823
88 0.07217543730243323
90 0.11564305225562305
91 0.35599726805886434
89 0.6866507411691853
93 0.16554056091351974
92 0.17937982742210895
94 0.1943296885232766
95 0.7813741883600844
97 0.5883254693441226
96 0.09059165341317997
98 0.9903886267437306
99 0.015566409941196532
100 0.6601019546680914
101 0.11326089923999404
102 0.08393662558174424
104 0.02222973769255843
103 0.27052887147943805
106 0.6425121566430994
105 0.6146745038046989
107 0.014606793363720592
109 0.638392044005683
108 0.600782954291903
111 0.25403244463775093
110 0.10461589159755519
112 0.02946912085075453
114 0.06933344394660913
115 0.16854915539273208
113 0.6918237818121376
116 0.38362108761887176
117 0.39213391392424685
118 0.6112139271123145
119 0.6686884625833134
120 0.1314173732439292
121 0.394737336565123
122 0.13953500193156165
123 0.14681027269844693
124 0.3050122460349412
126 0.5504000887595424
125 0.22678638281786317
129 0.120242459844493
128 0.08996561469576901
130 0.1158772013871803
131 0.5945712129106355
133 0.06086756152722152
132 0.036972514302813723
127 0.08181117109177036
136 0.32829056168513737
134 0.10730329649570226
135 0.16846944127569574
137 0.9317150350706597
138 0.1834620700620201
139 0.5561795257858085
140 0.670739238826734
141 0.1455221359853318
142 0.7047487057293274
144 0.10888134224384251
143 0.10850171617185653
147 0.5390518053219988
145 0.9736205140529202
146 0.8038996014788804
148 0.5427522382998505
149 0.2650227455797716
151 0.19843756090261616
150 0.7897808959465328
152 0.3776478957292241
154 0.632767128538785
156 0.3622560654253593
155 0.01818356455495593
153 0.18022034086555375
157 0.11174045553732126
158 0.10447725848371849
159 0.047996396663149456
160 0.8056075499007047
162 0.0312662327917978
161 0.9380225376527106
163 0.7304019007987621
164 0.03717501720538962
165 0.7094244192363504
168 0.6664242311367609
169 0.12110738663185205
166 0.09911584211060735
167 0.23704222092633975
170 0.37649884745038353
171 0.43925199988348906
173 0.2957749346789667
172 0.38236116356997496
176 0.10299148699180528
174 0.5148956080707404
177 0.7559985136804154
175 0.07881755453918518
178 0.047910164316698714
179 0.5658226490869239
180 0.0
181 0.15318665044202268
182 0.8264051275447516
184 0.02785574816661499
186 0.9016597061882716
190 0.38485283187205016
185 0.354883352791191
183 0.017123425243952883
188 0.07600021216003397
189 0.7624985289486467
187 0.1930081317724531
191 0.012295386068852098
192 0.3176525088191081
193 0.11669085607800536
195 0.01117750214541947
194 0.3713625927435176
196 0.29477630402100896
201 0.8028550090533937
200 0.07782065262148963
204 0.5889386955109681
202 0.992228814642332
205 0.5900450955409927
199 8.063919576329868E-4
198 0.14973773809084007
203 0.522886289783156
207 0.07722442443111424
206 0.6157358578324268
197 0.010038217517489812
208 0.5476450828764053
210 0.03997068731750373
209 0.08109737169653806
211 0.44872966413920656
213 0.43701148857949745
212 0.5647731910435138
215 0.38190908353343916
214 0.4949099066837207
218 0.17610101421246974
217 0.02759966384356494
216 0.4551370881659802
219 0.19956911990544152
222 1.0
221 0.1650168526767123
220 0.05462251950804268
223 0.13524235251424754
225 0.019808507942368502
224 0.10950365902201531
227 0.23985192926960552
226 0.17024769083764005
228 0.1316881108064403
230 0.03649622959844835
229 0.6226824548879187
231 0.1326789273994144
232 0.37244983587617925
233 0.9571919178416646
234 0.539764072466905
235 0.006579675814239044
237 0.17361246383073664
236 0.5901962719242564
239 0.3961480167132017
238 0.17957235336428426
240 0.24548049733086558
241 0.36518678154173045
242 0.12434544822254642
243 0.274592847567682
244 0.7857990635822573
245 0.1910332331682603
246 0.2281489495026939
248 0.19476673841489378
247 0.30447749378485317
249 0.3662616676006101
250 0.30847473567133094
252 0.23048096021677864
251 0.8226101204777283
255 0.3740506525688881
256 0.4862928586200909
254 0.949668366483428
257 0.021440298789949443
253 0.5209926354022227
258 0.5861349872504886
260 0.9145831406472859
259 0.0
261 0.057761616533566484
263 0.3209680405659645
262 0.2611462761167391
264 0.08547113487306288
265 0.7293584868904519
266 0.27389698663060197
267 0.15457433549917726
268 0.2325588842619882
270 0.03636299008282083
271 0.6337774254154661
269 0.6199707092916229
273 0.8406341389403538
272 0.15348626314869893
274 0.5917899229798876
275 0.026177138127152756
277 0.08275448298874827
279 0.3206130495110599
276 0.3850743903158755
280 0.1475170772891242
278 0.43807253776010324
281 0.1680538206701787
282 0.642659604938847
283 0.5504554912308957
284 0.011626217550518096
285 0.3595440718598863
286 0.331757099829303
290 0.8343710833600553
291 0.1364246092318421
289 5.774780727763461E-4
294 0.062470382882556456
287 0.23310473943902224
293 0.35359883751425286
288 0.2753776405892346
295 0.21905122551243264
300 0.12182657669610601
302 0.2482836962787611
297 0.765371443730294
299 0.3687791004025474
305 0.05968105664579393
304 0.2570518317851194
307 0.8513174527989593
301 0.3479268952444486
296 0.16562170691572806
298 0.6222786692898296
306 0.2042232197808889
292 0.16927996122889996
308 0.04405321974037182
309 0.9412036732116681
310 0.33155223233493936
311 0.22373717527482137
303 0.10602790506914012
312 0.4128667499764005
313 0.2469359156147248
314 0.06211235214738691
317 0.41918304069454576
318 0.6352797437234651
316 0.7326187895027514
319 0.021444878682930216
315 0.5605816161020994
321 0.25860074585020926
322 0.943876013599338
323 0.18946219791670457
324 0.47490892001174556
320 0.48138132414890333
325 0.17644802023406836
326 0.040776827149499144
327 0.6883405350590276
328 0.8285445920210458
329 0.7009604606255426
330 0.53527116565847
331 0.06000048960007827
332 0.3042536151710591
333 0.15912583931348379
334 0.27535881625895453
335 0.43676150505511496
336 0.11695071474499241
337 0.9924469630952478
338 0.04734030166431298
339 0.04573209129625569
340 0.2728509531465134
341 0.14785933920263375
342 0.09128001355786235
343 0.04555598701535778
344 0.17908016058730547
345 0.11163624198270032
346 0.08730775218088917
347 0.0670393369432205
348 1.0
349 0.039325882937772824
350 0.5054840997346493
351 0.3414047763333805
352 0.4262688925800387
354 0.32395538138141444
353 0.0
356 0.6549643768668053
355 0.1310238190152165
357 0.020418816673140865
360 0.20058011355681077
361 0.401556053392345
359 0.19596848688816848
358 0.06960526719593578
362 0.18909152983995473
363 0.4924348797315122
364 0.1000904923052172
365 0.4044104640296402
366 0.15458926486023028
367 0.40570405125886155
368 0.13748442080628107
371 0.7683630863285276
369 0.13184067451922682
370 0.7305877193462018
372 0.8734062280835588
373 0.34327617320706877
374 0.6774662392485211
375 0.31202966433971346
376 0.2989316318817091
377 0.0934627374566234
378 0.8413088037196361
379 0.13319388218066433
380 0.16315957766173975
382 0.2995803659063264
381 0.054034605011415666
383 0.2558233106895493
384 0.07370016612489318
385 4.5509463427255946E-4
386 0.17663793861258242
388 0.12613454479235556
387 0.5822626494810303
389 0.11779097611722128
390 0.23368599508109672
391 0.2173386529733222
392 0.24861080769985688
393 0.0014750308116598615
394 0.0754722791027082
396 0.05224084702567187
395 0.735772010027876
398 0.034631442064198215
397 0.12803504190425347
399 0.7482549114665581
401 0.42290746497689846
400 0.03728931548277642
402 0.7873071609357472
403 0.17077384205523108
404 0.05896640823403928
405 0.6529263748470527
406 0.12148755959065348
407 0.10500307429877806
408 0.14428516623619633
409 0.22169856000827948
410 0.0030491170621500404
412 0.38487250154127095
411 4.241069811872381E-4
413 0.08046796733058253
414 0.09743233822964167
417 0.8651734418018947
416 0.44133737230596937
418 0.6944671257646331
419 0.08695648960302042
415 0.04889093606373146
420 0.9661922254675991
421 0.08109291348465535
422 0.3718059106405806
423 0.7950445677156232
424 0.2696909032453825
425 0.7845648771534038
426 0.13263492260405563
427 0.271984063800422
428 0.20419280411671784
429 0.08437075472835875
430 0.3937109220608963
432 0.1824290996688827
434 0.28106490349613844
431 0.7297171360952458
435 0.5426002882230186
433 0.03253841737256663
437 0.10164587868869077
436 0.07718240452011632
438 0.861251627596029
439 0.18134180912292766
441 0.9347645728943097
440 0.39382250026090737
442 0.0895093293225646
444 0.973015088978638
443 0.9712233382982003
446 0.6365453544322593
445 0.9767074368753604
447 0.05970173869467864
448 0.4717943889547094
449 0.4107471022578304
450 0.32002754998723515
451 0.37450244535788385
452 0.503546579815312
454 0.6635367997537023
453 0.4255098656562406
455 0.3602703774214833
456 0.11301641887610778
457 0.002025683302806963
460 0.3447070493793652
459 0.684321123692546
458 0.11979238272531609
461 0.2240295965705561
462 0.6091217421614642
463 0.9115003682022017
464 0.8497589318124643
465 1.0
467 0.20778564245407838
468 0.3563934494203146
469 0.18891076730739184
466 0.43521592822454086
470 0.0010031030429474503
473 0.7771687852413734
474 0.08707894462404836
472 0.6851356722835301
471 0.9712439935381315
476 0.15012309259912424
477 0.2798672471195096
475 0.4804690807344403
478 0.19408512763048458
479 0.4891297016777336
481 0.2910994463365045
480 0.18695446049966488
483 0.07909306792071331
482 0.2306661634669945
484 0.9934218200529429
485 0.18735391248783223
486 0.2265172063407192
487 0.6105962092531627
488 0.11574014293926667
489 0.35159170460485933
490 0.08786464165242659
492 0.9571305993396781
491 0.35359453285829173
493 0.1425340658719357
494 0.4010049867319962
495 0.18208556261010134
496 0.13371487368219453
497 0.014752807936259592
498 0.26014380401404313
499 1.0
500 0.9903165972363845
501 0.5680244137566967
502 0.797566057337116
503 0.9805598807278842
504 0.5027852996096195
505 0.24218686062472633
506 0.07614939620945918
507 0.10544211254156105
508 0.05665590096037907
509 0.9625369426299198
510 0.16590203294876205
511 0.11935483340270427
512 0.1740992460149293
513 0.03686573127453055
514 0.2870971616025848
515 0.8719347472621607
516 0.7888411990423668
517 0.10393870285927537
518 0.34215321846027547
519 0.7770854736231122
520 0.26015421547617046
521 0.03169002070527215
522 0.9766040289520073
523 0.09230737041425069
524 0.1434872613331145
525 0.5303849022380089
526 0.6221863194215168
527 0.28131622546209606
529 0.1394494762156715
528 0.6045574079970071
531 0.03228371703975024
530 0.09180391297386013
532 0.02506538776566732
534 0.2346433668043374
533 0.40453840320579837
535 0.4368954503461783
536 0.3099624086681188
537 0.24782569505438648
538 0.9420831041849078
539 0.13173577274594847
540 0.023648651559074245
541 0.22309151468159108
542 0.015218729282676032
543 0.8736455159078538
544 0.14372264903488924
545 0.8173717344315448
546 0.33928536192573727
547 0.9017840880113657
548 0.8672025168821614
549 0.16470180719230942
550 0.29817025972100997
551 0.4829318288096628
552 0.43726927026986817
553 0.767925980455435
554 0.9820929489628121
555 0.6115420375856223
556 0.22854158212350337
557 0.5791638136761663
558 0.2566949041725855
559 0.29501749669284555
560 0.1306119270613192
561 0.023434405708801242
562 0.21148038581245565
563 0.003986931783737899
564 0.10909750607605731
565 0.029817920480734977
566 0.9774202014815158
567 0.06502788911623737
568 0.04999365427681266
569 0.0759716135347378
570 0.08432074029347489
571 0.29088922777770737
572 0.018660940751136317
573 0.11284073326212302
574 0.03766351398455342
575 0.12506425847150093
576 0.09657430665592243
577 0.5748529826083456
578 0.5044146534093149
580 0.0846321160299595
579 0.8433879721904554
581 0.9516432827246066
582 0.5877554164099319
583 0.2423165511916872
584 0.485405351287763
586 0.01746806096394478
587 0.036842084072049495
585 0.2601471132368031
588 0.982143914222788
589 0.38252685359395416
590 0.9950913409311418
591 0.5621439745796437
593 0.05693063370013769
592 0.9750068757520746
594 0.40753367834019444
595 0.22942196405781595
596 0.9926727029713853
597 1.0
598 0.7466958907100779
599 0.6030148950783709
600 0.13629724502573728
601 0.14704052390618266
602 0.0167522351300771
603 0.29816373007068203
604 0.32340708745999475
605 0.25036879421810165
606 0.04030055792693169
607 0.5188678300202306
608 0.001939810172101146
609 0.1586832839111806
610 0.7363811723803126
611 0.43725125997419295
612 0.2650161650165255
613 0.6559716086914662
614 0.7755646414314658
615 0.49763517807803476
616 0.08032086974421158
619 0.4479569507713903
618 0.29164384481054995
617 0.010471029439840704
620 0.37195557406281604
622 0.17089265671615222
621 0.17324085581669904
623 0.766327678785073
624 0.20290051161721792
625 0.022362921955734
627 0.25352909286989883
626 0.0
628 0.01765558037061635
629 1.0
630 0.10168732320832587
631 0.10731574382937968
632 0.28054258440669827
633 0.4255478741147761
634 0.9340192390659964
635 0.4086548009895965
637 0.09651569290474347
636 0.15671629009821297
638 0.03659504328206418
639 0.0
640 0.9606308529078253
641 0.01569962043019667
642 0.5785417854801347
643 0.2382930884705642
645 0.14384988051162337
644 0.20247095129664866
647 0.21890337010561228
646 0.4455958343848226
648 0.2277490772937153
649 0.1805624484697708
650 0.19941362985609073
651 0.7344228613341891
652 0.27794692596926796
653 0.003822776624134203
654 0.3734803863065694
655 0.047692367120709685
656 0.029456210944028987
657 0.16630297176318934
658 0.977306238780971
659 0.06982334031320969
660 0.022321591198863382
661 0.04296852043138856
662 0.4625376695112063
663 0.3846176479242064
664 0.4194120636001021
665 0.3517928000267411
666 0.08095282619069878
667 0.7102914362793057
668 0.9699967870093176
670 0.2522472973736625
669 0.9790552989239274
671 0.056522399527252284
672 0.24609908322486407
673 0.11874012282808138
674 0.7856028275003882
676 0.4205574788005729
675 0.025674016935318046
677 0.10050764377832852
678 0.14159342626665028
679 0.08041955547947165
680 0.7239843869425201
681 0.2577419433553035
682 0.105027673885896
683 0.2335736333376663
684 0.029701744404780236
687 0.011119425848724987
688 0.7099417306497877
689 0.3391877957069399
686 0.19291883892163328
691 0.05476339973170924
690 0.0273513024293919
692 0.5630606260466238
685 0.8647120044905017
693 0.07980104066463235
695 0.03584256908304226
696 0.09463719606125467
694 0.06742736256330843
697 0.8184763565230224
698 0.39917672441535396
699 0.2239848922547728
700 0.1983341380189068
702 0.8112892931714738
701 0.047660532363740106
703 0.12548927125836346
705 0.0
706 0.22194523928684054
707 0.5339887782150098
708 0.03460233258686321
709 0.1839577711694333
711 0.1750523181323686
714 0.299160334423639
715 0.01048976924290884
713 0.0991465956752141
716 0.2181194808460153
717 0.548836778545828
712 0.03809457505662614
720 0.3948102458979399
704 0.2735493994423405
710 0.18548050657998427
719 0.03150374928810634
718 0.2429706561928344
721 0.9932639260750266
722 0.21639391410928047
723 0.15523364727819422
724 0.00417879119622979
725 0.2886185013879876
726 0.22844920444403405
727 0.19644141863877304
728 0.6835551493688236
729 0.11159566189600789
732 0.8647840800402147
730 0.14175124316389925
735 0.006644397247357485
734 0.1312639488407816
731 0.5533323723681456
733 0.04366644634442765
736 0.3287623734095597
737 0.05050481692348015
739 0.892155
740 0.07920109714466032
738 0.2471652481577717
741 0.757569127531999
743 0.20309511846732972
746 0.14836834096441426
747 0.13361998848103543
745 0.8488156229212026
742 0.14552271546955323
744 0.20914187605944207
748 0.23742005720965237
749 0.20512815901514755
750 0.3966132103596551
751 0.4460608715956824
752 0.36617226533625236
753 0.05530961344369041
756 0.06640936871334457
755 0.1632438969564322
757 0.045602622096780364
754 0.18701115144886518
759 0.05778405411609235
758 0.24136648031882715
760 0.3033024079501782
763 0.2589740370809173
762 0.7122161238802774
761 0.69281
765 0.12131796720009999
766 0.29111621516153224
764 0.8178446907864427
767 0.23627533820405736
770 0.04857167212245248
772 0.042077451714583
771 0.0015892767941983043
768 0.5384839067041989
773 0.2809514461562007
769 0.019188210384549844
774 0.005041527602460569
776 0.10920921048171126
777 0.6442273943279492
778 0.26334531198954586
779 0.17685605840304586
775 0.09823332605102764
780 0.49096366271085373
781 0.35786377958957627
782 0.3339143271291496
783 0.15141935281469385
784 0.22420973720378165
785 0.9243384078154363
786 0.7358355244404041
788 0.9776625676398755
787 0.11140586783835849
789 0.5638977756155223
791 0.14908307379186797
795 0.015527283814230054
793 0.2555522854159365
794 0.2445020388884592
796 0.042688461841904314
797 0.004690578936490948
792 0.10619068285960175
790 0.29939205936179886
798 0.13578624616732368
800 0.3386636854970348
799 0.3168321081267594
802 0.8264348504152002
801 0.027823504591459474
806 0.2821733930911931
805 0.8469266427529879
803 0.11617212158517778
807 0.19703322789718794
811 0.11336034060547497
810 0.15946905773675185
804 0.8492059889007304
809 0.13968242403636383
812 0.009470388900677935
813 0.10162067148765144
814 0.1505302742668705
808 0.030946817391049323
815 0.003079677892055484
816 0.26782698505526115
818 0.09309920159262997
817 0.015363684605060933
819 0.09846136946748163
820 0.04787620367944069
822 0.20259474465059638
821 1.0
823 0.2026430134487237
825 0.302222579851828
826 0.28310490054411686
824 0.23706864335615146
828 0.23202366523895507
827 0.38851021061293817
830 0.5513084116511819
831 0.9355284424611998
829 0.9795735984756693
833 0.3991458876312313
832 0.3749912778350248
834 0.049908710523646635
835 0.9771851114967245
836 0.15535444361869538
837 0.09191153377764567
838 0.06386270171528986
839 0.4492692265060069
840 0.8006205782212952
841 0.8891296802232869
843 0.04256090007916564
842 0.30363718035412934
844 0.442764209287468
846 0.06551717095571498
845 0.3607751548720844
847 0.016326250228979645
848 0.005746292608078235
850 0.0
849 0.15783765327334628
851 0.0023164930770454882
852 0.9828815363378884
853 0.3374613231976733
854 0.16007071221277083
855 0.17772310700164815
856 0.2543217794851475
857 0.3654760554471208
858 0.7674103511124086
859 0.561227569671771
860 0.42292886739403823
862 0.9666686500009917
861 0.6345127274754389
863 0.7154849532183193
864 0.6346031403442508
865 0.9853062858937888
866 0.30093347154563516
867 0.6609190741041412
868 0.866580909661638
869 1.0
870 0.21884059460435315
871 0.3317763245695983
872 0.4212937803390401
874 0.05528577983329446
875 0.7728842304461813
873 0.7616982417715714
876 0.12706765024295677
877 0.39999907272752555
878 0.5771006663519117
879 0.9031996788088218
880 0.8885931489777036
881 0.0016965293964700916
882 0.6446601925550258
883 0.07787420358075715
884 7.239704119639857E-4
886 0.06944380497698502
888 0.32128450307279993
885 0.49697686090586213
887 0.05113619899274987
890 0.7835749684185478
891 0.23064978252113738
889 0.4656709509821516
892 0.23119781907344716
893 0.195034808407339
894 0.48911345160908437
895 0.0020572164736854122
897 0.031165934891029257
898 0.5295882057342806
896 0.15384650204829917
899 0.04694251364291145
900 0.06798891003052779
901 0.8321200488897339
902 0.232764778865314
903 0.33353613296915674
904 0.2867172985826459
905 0.7860096398938374
906 0.20730456732665462
907 0.015984031701645394
908 0.2824057051542897
909 0.017916394934481352
910 0.8977645055203076
913 0.009253388031309241
911 0.040242221059388315
914 0.1068252962955396
912 0.18317187051626682
916 0.037951893009048096
915 0.5883885674464616
917 0.02654959678206472
918 0.3136338578880254
919 0.9993985897453791
920 0.026315814701232915
921 0.998191598593833
922 0.26022400080675095
924 0.1776846645261252
923 0.8594850296187951
925 0.10952530667999114
926 0.29810100672576584
927 0.019671777533089387
929 0.7644429272639379
928 0.9448718937569501
930 0.35320300395628784
931 0.6166375459250688
932 0.02421111132823882
933 0.01711150154732587
934 0.007186877963618589
935 0.0
936 0.7294660749387509
937 0.032023871699594544
938 0.6170777885552853
939 0.6436599006176051
940 0.6390980343684669
941 0.631579525309081
942 0.5509179559336229
944 0.327329820809126
943 0.5313217312390525
946 1.0
945 0.8184858241606137
948 0.10024083670127312
947 0.06390185102794198
949 0.11136892184170252
950 0.40969326281196716
951 0.4806736404777802
952 0.029962972478150694
953 0.5163835343927128
954 0.8426474622874044
955 0.8223368468882415
956 0.18018753427339024
957 0.6180051541792775
958 0.07495602958089831
959 0.041138913635718005
960 0.456798687305455
961 0.2456838492022766
962 0.22921902924538093
963 0.1366527817436876
965 0.054463796254973544
964 0.6973870514422327
966 0.4810182759515419
968 0.5963265387924892
967 0.14208462785324488
969 0.4976785905205814
970 0.36577659934006734
971 0.11946578167373732
973 0.2069365054843195
972 0.13809208000656778
974 0.03749989374994687
975 0.30542506216751997
976 0.06504537630110611
977 0.0034959953422393658
978 0.14617928096828772
980 0.6322268637072522
982 0.5272417094547128
983 0.8349633759215246
981 0.09577439900815786
987 0.44298574657654816
979 0.7579403141966538
988 0.9508412877006897
985 0.05980047306318578
986 0.07720591337315202
984 0.5571969338592243
990 0.007209553139588632
991 0.0027169977625131586
992 0.5208028649933356
989 0.327871396811353
995 0.6646945429975929
996 0.7647958617023134
997 0.9155289039267728
993 0.11419752114768905
994 0.01143163840866993
998 0.11064226349467002
999 0.14600407080352382
1000 0.06120974506193677
1001 0.3596296770380515
1002 0.23693324685248196
1003 0.3941287558157108
1004 0.3620465908729021
1007 0.5035162203442065
1005 0.1558796458625526
1008 0.46745775662253963
1009 0.4161306466456926
1011 0.6139801381915063
1006 0.6042430022623431
1012 0.21124707116392155
1013 0.34432678840378794
1014 0.2567884331306653
1010 0.303073613509068
1015 0.3237724636323568
1016 0.4120155726139627
1017 0.05375775540152076
1018 0.08644131090719584
1020 0.1405152088148096
1022 0.031722402296461574
1019 0.12635161397355069
1023 0.49996467493901925
1021 0.17998777545816877
1025 0.581871458164636
1026 0.12345717101058722
1027 0.11298097552244368
1024 0.6842372888960272
1028 0.022931082345438947
1029 0.8524953202012506
1030 0.6693650540948396
1031 0.07747615997024958
1032 0.16487299659600585
1033 0.2960610404726515
1034 0.01636046302992069
1035 0.14304339796588816
1036 0.6154894831498344
1037 0.5212360978643149
1039 0.07874938489170981
1040 0.1431314242311521
1041 0.16791784538329543
1042 0.9892637918576146
1038 0.6767189140987134
1043 0.5223023395091436
1044 0.02135352985792859
1046 0.8760254266271832
1048 0.10096076573041737
1045 0.857926628570317
1047 0.3437154536204867
1049 0.6882736028759184
1050 0.1061599507788283
1051 0.16318633772205599
1052 0.5197495777313439
1053 0.023776868340686586
1054 0.22983829092415906
1055 0.2599267397791719
1056 0.8669968700019866
1057 0.039491604280360304
1058 0.8553561080683302
1059 0.30304446902682
1060 0.3892349376543405
1062 0.14634149375373948
1063 0.06133091623968594
1061 0.2468478956670154
1064 0.32162888035031106
1065 0.6246660566910875
1066 0.5806937877924171
1067 0.21666680833340415
1068 0.32462653903975336
1069 0.25739476230748615
1070 0.04801842167320947
1071 0.9253633290120581
1072 0.07322242150937114
1073 0.27861963719303634
1074 1.0
1075 0.056492973698957887
1076 0.06249991338319685
1077 0.8773195694556372
1079 0.53682993866303
1078 0.2306200997494948
1080 0.09125514363391678
1082 0.19449822667678007
1081 0.4535341086410317
1084 0.6971672434710153
1083 0.1720180428494255
1085 0.13662807074765385
1088 0.4986658397865344
1087 0.10160637173537847
1086 0.4278130065501
1089 0.99197340340615
1090 0.14291958303392513
1091 0.22553393637091199
1092 0.1993466666666667
1095 0.10232294540399031
1093 0.0635598439745432
1094 0.3187198277612186
1097 0.4040179597939778
1096 0.4708606497050398
1098 0.7677546623132488
1100 0.35229392740804194
1099 0.2479572211537392
1101 0.032407423804008934
1102 0.3508193431877466
1103 0.12549000000000005
1104 0.02360333659803382
1106 0.9925760403428118
1107 0.19778772048126064
1105 0.19846698418180622
1109 0.8902271899936781
1108 0.04796201783899413
1110 0.0055095470482161195
1112 0.03901676750963818
1111 0.30944629303227283
1113 0.2182236512197281
1114 0.5390481376971217
1116 0.061664059681712784
1115 0.2653062033676869
1117 0.039408198694097826
1118 0.03792283522518193
1119 0.47142844999993927
1120 0.1889421386770227
1121 0.9180406039539463
1122 0.8746377766195882
1123 0.004812176173002711
1124 0.015037968794137645
1125 0.8597078751912673
1126 0.11451332058788238
1127 0.6950110732595074
1128 0.15520013438413457
1129 0.7358033327558167
1130 0.22716278157707673
1131 0.23567037588610906
1132 0.305502903966666
1134 0.7752051979822422
1133 0.2462491491680221
1135 0.07999322762518538
1136 0.14319251554419202
1137 0.9215818116243928
1138 0.7590826923718517
1139 0.2272211408414221
1140 0.9544922911451797
1142 0.5610730423991553
1143 0.956507912882386
1141 0.09509234366187924
1146 0.2505643964555557
1148 0.2632236208020405
1147 0.04494879194436667
1145 0.719845781932154
1144 0.1930143018569265
1150 0.24764757078162625
1149 0.0848327071587553
1151 0.3559358124752709
1153 0.42251025865194075
1154 0.6384056599879191
1152 0.7697953859147547
1155 0.02860948053713836
1156 0.24465152290754108
1158 0.3383417054042237
1157 0.12653759692452418
1159 0.39894156968802585
1160 0.993366961879446
1161 0.7971921802684887
1162 0.07370873653515522
1163 0.0
1164 0.6649090607889828
1167 0.04046951600870404
1166 0.24322322948604114
1168 0.014703731620335505
1165 0.1624976409527578
1169 0.8785187995185895
1170 0.0035055964397669144
1171 0.5212762301945416
1172 0.49506418098100313
1174 0.26426937562347635
1173 0.30996829397451453
1176 0.3000893228005525
1177 0.10342598778281877
1175 0.6348507976821566
1178 0.2647269291954198
1179 0.8783083478982591
1180 0.13335597786976322
1181 0.32431770478824146
1182 0.10741760182435207
1183 0.5285709081636369
1184 0.024879071220770523
1185 0.989975406595336
1187 0.033581990142533574
1188 0.06310903487268413
1186 0.7600385461485766
1190 0.6116083379783337
1191 0.03519074522061991
1193 0.04756576435774225
1192 0.8330718992152292
1189 0.8589478101123835
1195 0.2009955019901745
1197 0.18941293286654853
1196 0.9691164346320349
1194 0.09157183055089366
1198 0.06287434064511992
1199 0.3018770428908404
1200 0.06804728817267582
1201 0.7474427538360983
1202 0.15602776307225266
1203 0.14545464179456408
1204 0.01471983239247599
1206 0.6353398716254958
1205 0.37264184985782534
1207 0.06081062454341205
1208 0.33997207922009126
1209 0.6794287555312943
1210 0.7423586280773998
1211 0.20748082137024665
1212 0.001888674296197998
1213 0.051827186687588137
1215 0.8515260421330023
1214 0.06704807934995119
1216 0.02503724313717002
1217 0.09731505433299074
1218 0.11322125338314577
1219 0.14704385195630962
1220 1.0
1221 0.08259917429051555
1222 0.9865531697508034
1223 0.9895136693755355
1224 0.07786685468187639
1227 0.15239130753984195
1225 0.26562228729717047
1226 0.3384220880678131
1228 0.20484331237205242
1231 0.22487832653272335
1229 0.4017475855725642
1230 0.4674289311050909
1232 0.07942279809440518
1233 0.9983803119751823
1234 0.6475184715163539
1235 0.6803706850607002
1236 0.07885255520885323
1237 0.8257394916559772
1238 1.0
1239 0.5129716521774115
1240 0.04096977136719348
1242 0.43267857924664427
1241 0.287179648126208
1243 0.054166277083138564
1244 0.2916671093753557
1245 0.08999989799977558
1246 0.3306634117840124
1247 0.016727568113680674
1248 0.7556052880436259
1249 0.9987911317721937
1250 0.9768946348943787
1251 0.06971121870963903
1252 0.7922071404212915
1253 0.1812616009289402
1255 0.9293706163008131
1254 0.30967365425599497
1256 0.24586385139742584
1257 0.012713074663330716
1258 0.08757292965782194
1259 0.6753380657836094
1260 0.33877796948203087
1261 0.001249782768127707
1262 0.18688777598345677
1263 0.14447012339040397
1264 0.24265816153231165
1265 0.010733236766618819
1266 0.6452083439846449
1267 0.3054135878970374
1268 0.10779832074319627
1269 0.27806121951140184
1270 0.29351635727232117
1271 0.2871458340417057
1272 0.3871230658388728
1273 0.1294659818194753
1274 0.8165405968946257
1275 0.7180447055372402
1276 0.05860792517016339
1277 0.024197869595601964
1278 0.22010869376919853
1279 0.009502182941729257
1280 0.15992346039682265
1281 0.2405500991959172
1282 0.09301968828029858
1283 0.007939564556700956
1284 0.001623360753762466
1285 0.8399992782589394
1286 0.809594924903688
1287 0.8056164105338903
1288 0.02697907803646408
1289 0.3389068274278537
1291 0.7469679479711991
1290 0.341823514405141
1292 0.18005994120846394
1293 0.11374329114352391
1294 0.06482453113643016
1295 0.4977348796715912
1296 0.04531506811633073
1297 0.6260278394300198
1298 0.012698191685542046
1299 1.0
1300 0.10721817944388784
1301 0.1291006129492091
1303 0.14355362812285094
1304 0.22080436264122846
1306 0.15453879339056706
1305 0.8961314779491258
1302 0.7842166807065106
1308 0.42122493580607495
1309 0.1628065407817024
1310 0.1549774033937947
1312 0.02240013467007393
1311 0.8908644307193453
1313 0.07442383924972581
1314 0.08427962760033533
1307 0.07698804687230636
1315 0.0820191177641724
1316 0.9815040576186084
1317 0.21970260068479
1318 0.3274582544815354
1319 0.3842507770094162
1321 0.2656572408381529
1322 0.6028382050121501
1320 0.9566363275491142
1323 0.14466285509550067
1325 0.12633932542150436
1324 0.8200192545279503
1327 0.8350346838228894
1328 0.6302799655387318
1330 0.5725416470991033
1329 0.7758306718608019
1332 0.16117057301125476
1331 0.0049908353038914275
1335 0.3096482299957449
1334 0.365975511178982
1326 0.29104399504463446
1333 0.24909898978798303
1336 0.10204125579851239
1337 0.28751305433834695
1342 0.4129879672382377
1341 0.47794803951574555
1343 0.23542046876441036
1339 0.3570981282789574
1338 0.06325656355732891
1340 0.15450895757803365
1344 0.2701056824969477
1347 0.6490373431238737
1345 0.978273308384858
1349 0.004461681185048188
1346 0.12285929796259945
1348 0.44991199813029836
1350 0.23585807482126536
1351 0.00895208634335095
1353 0.27122731049577453
1352 0.1183803295774469
1355 0.5257460078097852
1360 0.11400275325937329
1357 0.4238514497059125
1354 0.5390802273530761
1358 0.9186540078782947
1356 0.5257984166825231
1362 0.9648512911958461
1359 0.9900089296192879
1361 0.21750693809856528
1365 0.9902427518605944
1366 0.9392116868928607
1363 0.037825012071812325
1364 0.4379400001500036
1367 0.6217520372180951
1368 0.020909083574339116
1369 0.06971495063051866
1370 0.5346236081887126
1372 0.005098918745836808
1371 0.2491603016732148
1376 0.3435504397950145
1373 0.432074046333714
1374 0.07059904777831619
1378 0.8550833515143005
1377 0.08247162771214246
1375 0.0024041113859990123
1379 0.033461237140520766
1380 0.023865836039884507
1382 0.0
1383 0.05655082150117736
1381 0.8341051829511738
1384 0.014262327662413381
1386 0.093491468065158
1385 0.4919562170512874
1387 0.8088078214307115
1388 0.3999927610432122
1389 0.07228899719923564
1390 0.0
1392 0.11458351779510045
1394 0.439898014933517
1391 0.18647888660821277
1393 0.9805756760851299
1396 0.18101502928350557
1395 0.9928857876567342
1399 0.034180560766818795
1397 0.1687719317014024
1398 0.09380092283523553
1400 0.6276301065217239
1402 0.9267122603050879
1401 0.07727660539324335
1403 0.25023896139276325
1404 0.8751083596506206
1405 0.027901293607425156
1407 0.19933452139655855
1406 0.3389827089918429
1408 0.08081938197114237
1409 0.33881702379776835
1410 0.4097720546060847
1411 0.22978746029868627
1412 0.18413690381827177
1413 0.02574272357618214
1415 0.4777705757599076
1417 0.05163054399509962
1416 0.47718519355313693
1419 0.5839016232563262
1414 0.02866607780139939
1418 0.026885519582823526
1420 0.14761261174721854
1422 0.8045032931172842
1421 0.1221392253773136
1423 0.06718360725517855
1424 0.041922668472064446
1425 0.11851926232055932
1426 0.22120361208960815
1427 0.34627513851545555
1428 0.4582263463226765
1430 0.424932760985341
1429 0.14667985669507805
1431 0.09687449697267198
1432 0.40947590652056126
1433 0.20062012251200848
1434 0.007491528767710313
1435 0.5169809783354532
1436 0.09364332572300672
1437 0.5110963578687091
1438 0.88398251488457
1439 0.788716270656645
1440 0.09390539979736803
1441 0.7601804522199814
1442 0.15297494752268173
1443 0.6703172043952699
1444 0.09663173235552466
1445 0.9007095291517946
1446 0.5205808834542031
1448 0.20473640748702357
1450 0.3357418640812567
1447 0.41621210950596305
1449 0.05833328020841967
1453 0.4798671381224358
1451 0.03162775577247178
1455 0.03906287353573993
1452 0.8272229260383094
1456 0.9335607712440676
1457 0.2418474476089242
1458 0.0660656935312685
1459 0.019377532776853036
1454 0.13315808052454398
1460 0.1816588738643122
1461 0.10167710684411455
1462 0.014226138038647682
1465 0.8018822002543936
1463 0.1994723287143132
1466 0.34144774024211955
1464 0.5150725327729077
1468 0.3884922881497867
1467 0.9896152730396557
1469 0.18082355062483377
1471 0.23103986299422596
1470 0.10935415916555134
1472 0.5700620360886264
1474 0.04411726102931522
1473 0.7669761581842126
1475 0.9150945659195984
1477 0.6178832642043446
1476 0.18292568411349922
1478 0.3230546610474898
1479 0.2193164979768638
1480 0.8758263931757634
1481 0.41851525722707755
1482 0.648679014975707
1483 0.35507733828854515
1484 0.31755257143077814
1485 0.37622061835379217
1486 0.7835311905926606
1488 0.8579775899828658
1487 0.22134694538420238
1489 0.3507414375377541
1490 0.9527108521978703
1492 0.09016982613933014
1493 0.838842572599735
1491 0.7122263621267739
1494 0.7493619510249012
1495 0.46600173814247214
1496 0.0966178635442523
1498 0.2509941416499191
1497 0.005814591332967691
1499 0.4135059460822053
1500 0.33192689263633707
1501 0.5121438447527626
1502 0.2064529821022863
1503 0.5247283849132292
1504 0.43865447556845977
1505 0.09461459471922276
1506 0.048409221653997504
1507 0.9958190161306294
1508 0.10130666666666666
1509 0.0957231665705872
1510 0.46610254848128685
1511 0.5124775159132926
1512 0.4751704957716419
1513 0.23735438211023305
1514 0.20710494743752472
1515 0.43981970973066453
1516 0.03707334669249981
1517 0.9726203832483311
1519 0.4378421563008173
1518 0.34735994931397507
1520 0.18235340882329565
1522 0.8684361554269299
1521 0.11803243601169822
1523 0.4940763732118308
1525 0.2634466435078207
1526 0.9944436930844707
1524 0.14838466078600474
1527 0.005039418241756605
1528 0.2893629331123496
1529 0.3254264615992217
1530 0.35940336153192914
1531 0.06626460680112012
1532 0.45909931320699704
1533 0.5662649615329
1534 0.10096152077941656
1535 0.40122228919957786
1536 0.2768902678241453
1537 0.6367281696518986
1538 0.22384466718163007
1540 0.428210889585401
1539 0.3397403298436013
1541 0.221951396995851
1542 0.12175470410131015
1543 0.7283770254406028
1544 0.06970013901727426
1545 0.047730180455480935
1546 0.06709976183445426
1547 0.6609128627839724
1548 0.06071082395877637
1549 0.5286743954599182
1550 1.0
1551 0.421296509452116
1552 0.20960997067788767
1553 0.32971036251574126
1554 0.8583950786687151
1556 0.0061918404758314885
1555 0.006378591752136638
1557 0.3672799467326729
1558 0.8976911929011678
1559 0.9913385261176386
1560 0.9283195829578788
1561 0.9839339267739111
1562 0.015359374001162194
1563 0.9824525768215235
1564 0.11371209220254337
1565 0.975049635288067
1566 0.23335597065605948
1567 0.28936333114248897
1568 0.2697141111400006
1569 0.22065450779801885
1570 0.20307450740545796
1571 0.007220086994545518
1572 0.10985654692078253
1573 0.08732302638352492
1574 0.014286078571610678
1575 0.31576417860796546
1576 0.1491377977191581
1577 0.07236792438586157
1578 0.3997291097872089
1579 0.595548529661697
1580 0.718880575207418
1581 0.06608007851885535
1582 0.2377635595880054
1583 0.2188680879317562
1584 0.6476389383900971
1585 0.09559625086962956
1586 0.8816855442727874
1588 0.06099775678728861
1587 0.7700362686322555
1589 0.7408354392234306
1590 0.7026422018588114
1591 0.016391862767430064
1592 0.06779811922089168
1593 0.7375645689375708
1594 0.04389441349129864
1595 0.14643026926208383
1596 0.17423432837058744
1597 0.13889018188000013
1598 0.34681640866872554
1600 0.3212846201083245
1599 0.23598854230291283
1601 0.12048993171926772
1602 0.26621074044549464
1603 0.27740368133691645
1605 0.002451249999999988
1604 0.9669822895166064
1606 0.9022734195442085
1607 0.28034964714661564
1608 0.6999199343631688
1609 0.14611841308580104
1610 0.4262235269368305
1612 0.005105291072703736
1611 0.8955304732387862
1613 0.3157889303220638
1614 0.10875442757252156
1615 0.5361894774260793
1616 0.02366973722925108
1617 0.15446729933857029
1619 0.7747174278572534
1618 0.1977433583682421
1620 0.01758348367532981
1621 0.7990768966700078
1623 0.8705311588776701
1622 0.07163147540131552
1624 0.6364730302270067
1625 0.949519720398241
1626 0.15187419699013477
1627 0.3082039427782873
1628 0.1340580513548272
1629 0.08097131300283807
1630 0.1445282366678329
1631 0.05540249239535302
1632 0.21158210552537332
1633 0.026315710987968803
1634 0.18844089801778516
1635 0.08955222744486104
1636 0.5413386557715941
1637 0.1469873244380334
1638 0.778920259117933
1639 0.6744036664662263
1640 0.1689433328456989
1641 0.13120568017202558
1643 0.0
1644 0.059719547576820034
1642 0.09955645936093926
1645 0.038183840478091965
1646 0.4935884968947321
1647 0.12926950076004715
1648 0.6183827919697096
1649 0.09890604878346237
1650 0.949484245161202
1651 0.035316010285749856
1652 0.10526286703608756
1653 0.2334501872109243
1654 0.15366028885798888
1656 0.1940926090904787
1655 0.529951819590667
1658 0.9670204759333183
1657 0.19984601839620297
1659 0.9848841649951707
1661 0.9854099706072601
1660 0.1931438929197151
1663 0.030292905759541005
1662 0.3586995109489255
1665 0.2299888761545203
1664 0.016349230618705635
1666 0.06261658610520363
1667 0.00641777236882464
1668 0.39852363455015083
1669 0.027610341467613
1671 0.003716126039100511
1670 0.3875295961225068
1672 0.7160039155189931
1673 0.39033150531164906
1675 0.0688398332152265
1676 0.10852638727633035
1677 0.6852153109873599
1674 0.7397667656479413
1678 0.1389643337462669
1679 0.914588655479366
1680 0.5206074898825224
1681 0.06960549569073904
1682 0.006825822723558135
1683 0.005449498511341206
1684 0.6733381532822728
1686 0.26372460425082744
1685 0.44835250429807666
1687 0.7161622368146251
1688 0.06570948218393778
1689 0.162710472225529
1690 0.18864153930380773
1691 0.047073087324055886
1692 0.10438800361927053
1693 0.4106135873207451
1694 0.7694534089658752
1695 0.36938222100125434
1696 0.23257757000151957
1697 0.4174132440617911
1698 0.26954540358951146
1699 0.31759630348704093
1700 0.10248387441644984
1701 0.9932847755450812
1702 0.20351741544348292
1703 0.4055477582283575
1704 0.20134651772140827
1705 0.10373264837687178
1706 0.20071092001766097
1707 0.6980194582639552
1708 0.5069086050975875
1709 0.45208951440622835
1711 0.6700246453144489
1710 0.9872998198769121
1712 0.5786747644403822
1716 0.44871829799476265
1713 0.10364468865896755
1714 0.1263416583279719
1717 0.3077119722298525
1715 0.5039362269408671
1718 0.2145562359426093
1719 0.17023139538331436
1722 0.343660071942446
1720 0.7284977843890229
1721 0.35090669618267334
1723 0.6648349646783219
1724 0.46645736249694675
1725 0.795265139897894
1726 0.7535487921886952
1727 0.15370742341343113
1728 0.32986377414750306
1729 0.023460746080590456
1730 0.026627134116439997
1731 0.8138200823093843
1733 0.0033328488335029618
1732 0.05970123123180273
1734 0.11050273938381834
1737 0.12896532066508315
1735 0.02229300138950586
1736 0.8005615581994115
1739 0.3723427307745529
1738 0.8964630122218017
1740 0.04597798835677564
1741 0.16929033797954848
1742 0.6475596827385472
1743 0.46016914886420995
1744 0.9602401029639774
1745 0.001084707356070997
1746 0.08898303711219228
1747 0.13266800435186885
1748 0.2772351456117863
1749 0.4155646026029792
1750 0.40092433924609555
1751 0.014302960411603073
1752 0.2646427624601267
1753 2.0026223016552804E-4
1756 0.1065100453417227
1755 0.9822121303835455
1757 0.45148922015911563
1754 0.39818294961524225
1758 0.6751557502759933
1759 0.08424570527954701
1760 0.35036435212329337
1761 0.1493833726189436
1762 0.11455867949396674
1763 0.2835596198072107
1764 0.14116701902356601
1765 0.025688814673166586
1766 0.3647530007749067
1767 0.28040924175348286
1768 0.11126550116407741
1769 0.07527839148310103
1770 0.678526452371464
1771 0.3362414852795592
1772 0.3002325632822719
1773 0.22950996034975607
1774 0.5898063489360201
1775 0.11596913260751555
1776 0.6331582678788684
1777 0.47344994452461786
1778 0.409666929428275
1779 0.45026396846525335
1780 0.637908787835313
1781 0.7181088606212808
1782 0.24234175897634275
1783 0.26129930903876103
1784 0.46510108242896475
1785 0.004436471794768672
1787 0.4310413619286589
1786 0.7900522509427316
1788 0.08388545824021792
1789 0.4052813158990192
1790 0.9476585041903306
1791 0.5934441185430452
1792 0.13126625137873793
1793 0.2591246242473314
1794 0.9931659950069873
1795 0.41534997333692386
1796 0.5811458188822934
1799 0.260315145818098
1798 0.4767699628884728
1801 0.14320063365684085
1800 0.5504447573067272
1802 0.9558444488935117
1803 0.15781422480995166
1797 0.803073489326185
1804 0.2881990196747148
1805 0.09562616063184175
1806 0.3107780291448097
1807 0.01016603874499565
1808 0.6165172117407731
1809 0.6910084074499444
1810 0.9366005254580048
1811 0.05112910345169894
1813 0.22969142857142857
1812 0.9968891350605802
1814 0.8620676788972671
1815 0.1380091776887778
1816 0.022484615327677402
1817 0.06455190164516028
1818 0.17611932241876804
1819 0.24501546706932983
1820 0.12159166520035329
1821 0.22290891722510897
1822 0.45332130186719427
1823 0.8475366190895438
1824 0.6909430058142543
1825 0.06511986830081919
1826 0.9013655170007199
1827 0.023607974389979552
1828 0.08503383954599583
1829 0.487914966441547
1830 0.5430506849140158
1831 0.4519525205808485
1832 0.6369430330076361
1833 0.2584524111957507
1834 0.20485223960585844
1836 0.5308855299568936
1835 0.5530830797655513
1837 0.10065906608076619
1838 0.2554882528526584
1839 0.569019122616999
1840 0.5200260878297269
1841 0.8528251167130658
1843 0.12711896760995073
1844 0.06463997630094746
1842 0.20501493127229373
1845 0.15339533815580933
1846 0.7674101521484185
1847 0.09440560087086032
1848 0.03293264606506029
1849 0.41457864056204796
1850 0.9865550497916218
1851 0.44314872623029167
1852 0.21466762274519438
1853 0.20112939650885928
1854 0.2838041935453407
1856 0.31557755163455936
1855 0.8589023375493408
1858 0.042179722294996086
1857 0.12664883685724374
1860 0.18415455318617702
1859 0.0591050290720861
1864 0.006558016523767476
1862 0.9155682902503065
1865 0.430132245527489
1861 0.1307872857344758
1866 0.03682522332611141
1867 0.2498057283915392
1863 0.5612609468217609
1868 0.45332716152920766
1869 0.42510376397612454
1870 0.14574960227208203
1872 0.21451222413766535
1873 0.018648286061248794
1871 0.031007869418909643
1874 0.08379738616541695
1875 0.0844775319442022
1876 0.985673665195781
1877 0.8197723679138501
1878 0.06788361491155064
1879 0.1083378961989971
1880 0.13046120375634326
1881 0.10273807391226161
1882 0.19076967004596426
1883 0.38667874558765414
1884 0.30285412164788544
1885 0.31287108103346273
1887 0.0051859001214740914
1886 0.9979744459286379
1891 0.6999022065771158
1888 0.195122124585736
1889 0.006812838809117758
1892 0.6542830012974544
1890 0.659120047987519
1894 0.1902648726411103
1893 0.9180090724979001
1895 0.03760503347671531
1896 0.5818794746273994
1898 0.09395975451555158
1897 0.3714793325160571
1899 0.032051575444125534
1902 0.41723091135584767
1900 0.919046871819569
1901 0.4567810240499777
1904 0.3006320215324702
1910 0.5361051558372522
1912 0.19647769089996503
1911 0.34653966849682194
1903 0.3151364722708879
1914 0.9069184344137251
1913 0.6185956432346228
1905 0.05750931580850661
1908 0.1627920708760766
1907 0.1690249458932308
1909 0.861386547882096
1916 0.011229424562944524
1915 0.01295900638269934
1906 0.5469645685968061
1917 0.9805445887901191
1918 0.24699097992290103
1919 0.061972176988658596
1922 0.3192853764763619
1921 0.8016861488869065
1920 0.44995948193132856
1923 0.01946621275493871
1927 0.16156921567278756
1926 0.054730256548663335
1924 0.6680448532270993
1928 0.37632600043297976
1929 0.5362627919237832
1925 0.06837635400698892
1931 0.1259776456087992
1930 0.43005889982036705
1932 0.9950919530662604
1933 0.1533778456065052
1935 0.6593961006817527
1934 0.34294621002489567
1936 0.18353560300237903
1937 0.8221719139411592
1938 0.10181819530577728
1939 0.02683733319458089
1940 0.7180863074503127
1942 0.0018503794489909487
1941 0.9492987000023718
1944 0.9912616721799805
1943 0.1251509220679068
1946 7.379494139330246E-4
1945 0.15121938624010742
1948 0.08828391648321357
1949 0.24911558155698688
1947 0.31399145888697516
1950 0.9605287169098811
1951 0.04556945681785902
1952 0.17452946629402596
1953 0.5421383006320345
1954 0.2592953401911142
1955 0.11538441226685055
1957 0.32643454304441943
1956 0.9564925588249262
1959 0.5956093261055532
1960 0.2765907132294015
1958 0.24311416555857596
1963 0.2724525199400471
1966 0.9299298863497197
1965 0.12479977803797956
1964 0.15346246442696831
1961 0.7041417380460827
1962 0.23257407962572949
1967 0.07371784917411092
1968 0.5244512910628508
1970 0.1639105293427681
1969 0.8615751206697598
1971 0.6292688555986399
1973 0.890159694884089
1974 0.0031649042620496286
1972 0.08443261471303407
1975 0.11741350649950319
1976 0.13651906539404482
1979 0.05603404689361661
1980 0.17186150933185107
1978 0.10628075859392803
1982 0.010790720200771233
1983 0.31054838612748925
1981 0.29084705057754595
1985 0.07957131596803967
1986 0.07028702246686562
1988 0.025839342086796207
1984 0.131683258029233
1987 0.841169599391511
1977 0.750187572016772
1990 0.9451785417979249
1989 0.0320346852201787
1993 0.09537594832783296
1992 0.6168307178864193
1994 0.9717825215758763
1997 0.08764886001824629
1991 0.7545160921823733
1996 0.18664966290219678
1995 0.6710055365119799
1999 0.0033844039920599674
2001 0.6063349642749469
1998 0.35994765548613944
2003 0.01230747502961921
2002 0.27236042105935404
2000 0.5871437882345313
2006 0.11634359596690227
2008 0.06886309262957502
2005 0.6483727519660047
2010 0.42350602527913456
2009 0.02349998119732095
2004 0.6128769636541869
2011 0.07369543252209747
2013 0.5299222222658906
2014 0.6230438401500695
2015 0.2720000435200069
2016 0.6736106929977722
2017 0.9677214126659216
2007 0.3835143006094163
2012 0.4919653457908295
2019 0.6688317857428636
2018 0.6399703930231557
2022 0.835172561884726
2021 0.250949947303255
2023 0.2580867039269154
2020 0.2731035070310068
2024 0.19416097624437587
2025 0.4315057122590966
2026 0.8688895057963526
2027 0.46264567861219547
2030 0.09433620718678
2029 0.002414587350109459
2031 0.1117674824540129
2028 0.11963179866570818
2032 0.9136225007694604
2034 0.13787369858932974
2033 0.2391964165719233
2036 0.2170046364848138
2037 0.4730282674221381
2038 0.6351737883415198
2039 0.6306417914658355
2040 0.266147791983545
2035 0.21199967768027725
2041 0.6831624523663381
2042 0.11846901333808009
2043 0.41589413878368975
2044 0.22856969387879014
2045 0.5825669850804585
2047 0.5429528516115285
2046 0.6490369371997426
2049 0.17467990489956797
2048 0.4065715043548666
2050 0.17750438149529071
2053 0.8796715389680684
2051 0.20072963490335122
2054 0.9528435898299369
2052 0.07021201472838236
2057 0.5711832185435358
2055 0.06830100901416955
2056 0.5560117426208253
2058 0.8742252648092426
2060 0.048117107937541044
2059 0.015268171715693881
2061 0.012763916788967409
2062 0.7885281987899727
2063 0.2276103096374989
2064 0.7786589878601429
2065 0.011762155636320062
2066 0.5847251984772153
2069 0.7706277202846298
2067 0.12246620040929744
2068 0.5210864662648269
2070 0.6286039550574807
2071 0.030616551578601808
2072 0.47571784020613045
2073 0.550059025502227
2074 0.11279229037217371
2075 0.2117746159363481
2076 0.18127884359765367
2077 0.10156275010916116
2078 0.2673680925429778
2079 0.04786113847514089
2080 0.8352518654239357
2081 0.010024886464294235
2083 0.25854993597966797
2082 0.9718804146790524
2085 0.14334476336356197
2084 0.7601198150880705
2086 0.9278156567462357
2087 0.5414917932078229
2088 0.22052160770662813
2090 0.19723997624536224
2089 0.15450583654180797
2091 0.2671917669317546
2092 0.11585382919373442
2093 0.10317373582828394
2094 0.37100622497178476
2095 0.6462903998967808
2096 0.9468163561542964
2097 0.015655061513145586
2098 0.6729757265856754
2099 0.1572032667441167
2100 0.20115264440794128
2101 0.1375003187501594
2102 0.35259496062835954
2103 0.022621352518259752
2104 0.3998714420696348
2105 0.19753161867733277
2106 0.04633254482499728
2107 0.7995427653180333
2108 0.18300666666666665
2109 0.09866486598729061
2110 0.5656338911111949
2111 0.5445469711893212
2112 0.6132175771499955
2113 0.7842932241764545
2114 0.14183313455835464
2115 0.058620977705088055
2116 0.2862762731197614
2117 0.2093854601500037
2118 0.24403063501550895
2119 0.878186939094372
2120 0.05776324959014135
2121 0.12082354685606465
2122 0.03275301148725931
2124 0.3054181808589348
2123 0.8667924816318977
2126 0.9903923845181034
2125 0.6791579722597275
2127 0.13302049328016335
2128 0.9773206247930533
2130 0.21173609691466422
2129 0.020672132584191174
2131 0.1357612930354618
2132 0.8715284989028769
2133 0.048175126998036506
2134 0.30002281170566375
2135 0.010869836365769684
2136 0.03316107584278818
2137 0.17390879821985147
2138 0.47826069817267275
2139 0.4611065743977967
2140 0.6076036264964922
2141 0.17536400195798021
2142 0.13192627430803236
2143 0.3196543998757344
2144 0.03755803345887797
2145 0.07999903943634858
2146 0.9318622382121349
2147 0.7691610211929688
2148 0.023094286998119596
2149 0.1458128406392089
2150 0.11857417159434175
2151 0.17133903531971378
2152 0.056547011452991534
2153 0.6411032503882058
2154 0.5210607772159448
2156 0.025886842435399543
2155 0.1786653596984802
2157 0.07498567629904955
2158 0.07802855307331205
2159 0.03903608891554725
2160 0.15437140980150466
2161 0.15419460487148232
2162 0.23506379882364153
2163 0.2165443143512127
2164 0.13376237380233957
2165 0.059046367660962405
2166 0.036035351241316495
2167 0.42270711482565393
2168 0.3416703099610107
2169 0.7797252212663883
2170 0.8475340420905001
2171 0.29520199277708786
2172 0.8899611766948794
2174 0.6688449872619783
2173 0.25647657269319063
2175 0.93847619431609
2176 0.813253863405942
2177 0.6866887019286723
2178 0.12829502532707626
2179 0.18172018471317236
2180 0.1909260500069896
2181 0.7461462364926345
2182 0.1377451606969172
2184 0.5099939802024352
2183 0.38949847149892375
2185 0.2126647013933613
2186 0.7774076543745037
2187 0.38699309152708755
2189 0.3976545598048993
2188 0.7405238722029457
2190 0.23913107750528473
2192 0.24908914588703637
2191 0.1371914882129431
2193 0.3335873549899377
2195 0.9965248478839362
2194 0.15899551107578816
2196 0.5251104737305374
2197 0.7441243150618588
2199 1.0
2198 0.2351189938044944
2200 0.11362087933631165
2201 0.25686167205715316
2202 0.837618133241073
2203 0.8323895789156345
2204 0.29875420326780927
2205 0.13296669281087278
2206 0.13559548173249092
2207 0.20918911022821624
2208 0.10862209084175202
2209 0.3499557894077139
2210 0.21424948409254824
2211 0.5518417383796528
2213 0.38105738788723253
2212 0.856657557809005
2214 0.1754499082989454
2216 0.30620184153616853
2215 0.4861740272422055
2217 0.20565293018769812
2218 0.5802371872228056
2219 0.44730635521490075
2220 0.03805926148194791
2221 0.49103275269773655
2223 0.15409652223252718
2222 0.041666568286941374
2224 0.46327172534502453
2225 0.3074207082505823
2226 0.21633631182470592
2227 0.16308178302153592
2228 0.95494079603464
2229 0.717657665700608
2230 0.8830997712872709
2231 0.17866430767767136
2233 0.9965660533305751
2232 0.14305759467903348
2234 0.8899675921467958
2235 0.17161672564770436
2237 0.04467806486514741
2236 0.0554113359574314
2238 0.27799213734152356
2239 0.04693207494080096
2240 0.22964279374194393
2241 0.5285648042905483
2242 0.6544799435272952
2243 0.8176581824954215
2244 0.46326493395553103
2246 0.7009093490026684
2245 0.00491755946455546
2247 0.04989797692454561
2248 0.34808832196409073
2249 0.789021118807346
2250 0.4459277172469113
2251 0.6040629831464761
2252 0.5889901161292642
2253 0.032580420024110095
2254 0.10898349240164212
2255 0.02847506470023275
2256 0.6380335319093743
2257 0.0019987976076704383
2258 0.8458489834885499
2260 0.05669270368797783
2259 0.05000003035713961
2262 0.08284891427483229
2261 0.05740717702978797
2263 0.210785
2266 0.08720997464826326
2273 0.6098136358094759
2267 0.06965308102976688
2269 0.6217953940983882
2264 0.3617090412369503
2265 0.009317003828959945
2268 9.45777948831778E-4
2272 0.4508722377629312
2274 0.230496562924435
2270 0.9304679525898938
2271 0.25258884817488575
2279 0.25075866997478635
2276 0.3132800216398051
2277 0.7206629300444725
2278 0.345982690088155
2286 0.05460745209609245
2287 0.41532062319702157
2281 0.3951741196349521
2275 0.36026872237000074
2282 0.09704487784878191
2280 0.7596042655554641
2291 0.5785027410931992
2295 0.9053959207324702
2284 0.48066368435694806
2283 0.19938427681761922
2294 0.023939589934296783
2288 0.14842019374422302
2290 0.10984990246659403
2285 0.12225495012573519
2292 0.07016125948116514
2289 0.7351520992402357
2293 0.22980877555204407
2296 0.7636473195465012
2297 0.1316615773233785
2299 0.0833331208334077
2301 0.8492097192556288
2303 0.0674501567612036
2298 0.010048341183636898
2308 0.9985291459430846
2304 0.11652171704182113
2306 0.6838805087561785
2310 0.31673764508928204
2311 0.11809589317120127
2309 0.952071909896882
2313 0.7820947013565992
2312 0.0635598439745432
2305 0.7753365554847995
2314 0.4746477227052745
2300 0.047434916917194855
2302 0.07924127369821064
2317 0.7846004733269692
2307 0.10640360503403822
2319 0.5934492612693494
2315 0.21931220470097004
2318 0.3104527991986124
2316 0.3060723667008838
2320 0.2945820411657947
2321 0.6606115140198789
2323 0.07712074341965959
2322 0.09848474603993326
2326 0.008202674861455799
2325 0.5449308458968029
2327 0.5806069430018801
2328 0.010982277653473722
2324 0.1886945589956036
2329 0.08184956836568498
2330 0.2372172765044784
2336 0.18836525405803722
2331 0.3885390053802662
2337 0.38485782339356
2334 0.3012206625151836
2333 0.6728542857665885
2332 0.9838617629951701
2335 0.06473938008214335
2338 0.9910329338578868
2339 0.002889753792387258
2341 0.3630592511159168
2340 0.3682574032467752
2342 0.48639994429525746
2343 0.3652487335900213
2344 0.5171338203059833
2346 0.11724152968196057
2345 0.12266885508423606
2347 0.2926756501231434
2350 0.3174120769565615
2353 0.4868008594964194
2351 0.47083019969746814
2352 0.8818288337311129
2349 0.7941638229488116
2356 0.7987471304086025
2354 0.5505394459168339
2355 0.3914198310891801
2348 0.07384055952258763
2357 0.3376976828032001
2358 0.7756700014526762
2359 0.934835112079471
2360 0.20400003264000527
2362 0.724982788746645
2363 0.5051474644886859
2364 0.129702215714997
2365 0.6658858121269138
2361 0.5079321517234651
2366 0.9505703901342465
2367 0.539092831835756
2368 0.026972519904462994
2369 0.11835760248200057
2370 0.9902080803154762
2374 0.03550052674376223
2371 0.13657965736681174
2375 0.04988612320051013
2378 0.0030278891508129895
2373 0.8807430509898679
2379 0.800378597215934
2372 0.0968651570308482
2376 0.7999490352216297
2380 0.04850860666070071
2377 0.7063402853531732
2381 0.07017438455808846
2382 0.21004109607217084
2383 0.10411038051827476
2384 0.9997554167642824
2385 0.07427057855890566
2386 0.28732237487180445
2387 0.0652385897037197
2388 0.07943676952628917
2389 0.4963532245103307
2390 0.37778712693224165
2392 0.8373993312208932
2391 0.17916608671907627
2395 0.1791581836968967
2393 0.39744040432549366
2394 0.12747007578440406
2398 0.28394972216301345
2400 0.5878371859019422
2397 0.2725726081874051
2401 0.9702233199697166
2402 0.09060554523258021
2396 0.38576850566062243
2405 0.8748961033536141
2399 0.0022310910731247477
2406 0.01466967512739095
2404 0.3858978876757134
2407 0.5120639283385021
2408 0.07469871356349633
2403 0.11096966943271329
2409 0.084429708649913
2411 0.1408184590277022
2410 0.6507335869063934
2412 0.9165391828139362
2413 0.11918021635213073
2414 0.01788311945388318
2415 0.6953288216003799
2416 0.15319896802335628
2417 0.08198394894821877
2418 0.8732171870933865
2419 0.0029738373909840993
2420 9.879133759179285E-4
2421 0.007352499999999998
2422 0.7336127800159905
2423 0.5563882307736991
2424 0.06868945098526129
2425 0.016219600892044325
2426 0.05062922017878548
2427 0.04429620327139113
2428 0.002496394097414803
2429 8.652978763030603E-4
2430 0.9676867102668146
2431 1.0
2432 0.30470568272565296
2433 0.8116386464022237
2434 0.1586636182733774
2435 0.25260341906765893
2438 0.2470786860091737
2437 0.769707810525005
2436 0.9420313294749756
2441 0.6643463950185468
2440 0.18686766825607531
2439 0.44508315583803315
2444 0.09376156938684016
2443 0.2501968841659656
2442 0.12383418331507488
2445 0.05354321956279656
2447 0.008377342828766855
2448 0.5022052255155044
2449 0.055957680935817135
2446 0.9927607212960663
2450 0.13985863295018636
2451 0.19888000000000003
2453 0.7273638899644362
2452 0.24103348802461425
2454 0.15779977483102609
2455 0.17613118881905182
2456 0.23517269751204686
2457 0.3466673768888415
2458 0.9938526404789185
2459 0.09159389945646962
2460 0.4202133864312706
2461 0.39881643948058526
2462 0.233468201956102
2463 0.4188158029594398
2464 0.08734810545423975
2466 0.12672160052826426
2465 0.13341722255496774
2468 0.06448603146687142
2469 0.6003309990938439
2467 0.866241960459856
2470 0.05499626289616856
2471 0.01112095626874049
2472 0.16870306277003808
2473 0.8998858759100447
2476 0.23266781765337738
2475 0.07740516239349075
2474 0.11940861141491015
2477 0.2352946218494598
2478 0.463048017296629
2480 0.19818491952911327
2479 0.1804347447256336
2482 0.8515621731568788
2481 0.241751775896131
2483 0.3966538572842558
2484 0.15152259670810658
2485 0.46322135230230466
2486 0.9464315800498163
2488 0.9760492939896228
2487 0.9032695069093115
2489 0.9275455644650266
2490 0.3558964084603121
2492 0.09321980788555259
2491 0.5427862090202058
2494 0.6626983052627247
2493 0.7346342692416505
2495 0.5067880821446786
2496 0.015387416917053623
2497 0.04365054870552043
2499 0.0
2501 0.6442946673538649
2498 0.015753172342566863
2500 0.9575321254590766
2502 0.12204754843742313
2503 0.03900683887897723
2506 0.08907865881417178
2504 0.6959011639610161
2505 0.27675111259336166
2508 0.39625909890630456
2507 0.0010078343810727883
2509 0.13738274012924168
2510 0.6163714381998074
2511 0.03548568953263792
2512 0.4166994003390362
2514 0.23539535658341623
2513 0.183073257854372
2517 0.7921087713348917
2515 0.08443261471303407
2519 0.9835226689376686
2516 0.09429800893059362
2520 0.10156466779734834
2518 0.6937356327527597
2527 0.40786217187479007
2525 0.0
2524 0.24217052214879015
2521 0.6184867325068376
2522 0.32114397675899686
2526 0.07761904294282665
2529 0.04237310582448979
2523 1.0
2533 0.08786576354389958
2531 0.029055178784002083
2528 0.8745877546604793
2530 0.1119094998713952
2534 3.1594449663328053E-4
2535 0.9985112656918884
2532 0.968754246522236
2536 0.1192411643201832
2538 0.2016456038386159
2539 0.10068083627477038
2537 0.07368176124531248
2541 0.6231848238348108
2540 0.9038645926388458
2542 0.14794773188085916
2544 0.8971290627759677
2543 0.9752135579080803
2545 0.16300365055101176
2547 0.43009068930240457
2546 0.06170399832293619
2548 0.08954594402835625
2549 0.11517880712917025
2550 0.9970185407404359
2551 0.4882324346264175
2552 0.336621593313491
2554 0.1011267197420653
2553 0.3617415031927121
2555 0.24695107966803367
2556 0.029641000289609996
2557 0.015739038185177898
2559 0.2423872719908759
2558 0.7964065378179341
2562 0.34168144420981394
2561 0.152429104344951
2560 0.8744122654686307
2563 0.05184606756437589
2564 0.9339645790332126
2565 0.18378475237425743
2566 0.9740074371783796
2569 0.9672051738576304
2568 0.029614402491086367
2567 0.9697605395777992
2570 0.9847724869231594
2572 0.9330009634466232
2575 0.4847766974599645
2571 0.6734542141611733
2579 0.19925683393826774
2573 0.0
2574 0.21783650461216847
2576 0.5911428916556902
2580 0.5861349888573599
2577 0.04404168524665975
2581 0.027303267131990796
2578 0.0013665193200223394
2582 0.05482969763793898
2583 0.16155480241962342
2584 0.9591665418486555
2586 0.06432646839599657
2587 0.06814274997855979
2588 0.04667351231580128
2589 0.02551038994155822
2585 0.09358518027948763
2590 0.8453278553487475
2592 0.22737753747729345
2593 0.6999997681820606
2596 0.20091584497552623
2595 0.5101810405755604
2591 0.0606058524640553
2594 0.07475231917719627
2597 0.33307107527474455
2598 0.6666855556185188
2600 0.9835298024505517
2599 0.22333605378734706
2601 0.40998403818545825
2602 0.6104522978141405
2603 0.9383033958306018
2604 0.10168247715913306
2608 0.41573821688573004
2607 0.1240908668382614
2606 0.37795232903447323
2605 0.03042132811221404
2609 0.4114306004967141
2610 0.1791472443815239
2611 0.0271317944384318
2613 0.3768122547781685
2615 1.0
2614 0.3059900595297034
2616 0.03723406419759785
2612 0.9778506084692897
2618 0.24670057708542897
2617 0.20839897857474712
2619 0.1730577343240029
2620 0.45892684116164645
2623 0.19524839826663892
2621 0.14340241590597116
2622 0.4428377050706827
2624 0.40286098856538705
2625 0.5049271946165764
2627 0.5979171464519516
2626 0.15870220546571828
2629 0.976084904138459
2630 0.06387194368933427
2628 0.05677786341879592
2631 0.13875506238353166
2632 0.9876717215630975
2633 0.28476081508077405
2634 0.1395900633384587
2636 0.023410947296903725
2635 0.4074305077770848
2637 0.7567575018263519
2638 0.23499089640821916
2639 0.454293155080015
2640 0.4457034341929347
2641 0.3737137708139634
2642 0.1792013783863406
2643 0.05679028348770073
2644 0.2164390696943043
2645 0.6172837562871154
2647 0.4062000980928917
2651 0.04547193776872291
2648 0.7538456969352941
2646 0.15807372537907405
2656 0.11818517963031014
2654 0.8019328253866574
2649 0.33363850128133954
2650 0.3499092130116691
2652 0.24151024112320227
2657 0.135958355405634
2653 0.14848502878796896
2655 0.06324421046391418
2658 0.09742798729192616
2659 0.0020284586005196916
2660 0.24371013889916565
2661 0.04428893238302745
2663 0.10834228385615674
2662 0.037347584355283424
2664 0.04246664299157602
2665 0.5386683480732228
2667 0.06526185473612905
2668 0.24845586634726244
2672 0.01849213442826167
2669 0.6612594452032807
2666 0.3815924718242394
2673 0.9294760868518844
2670 0.26382940398385796
2671 0.5480830311439567
2675 0.28934791255246123
2674 0.14646890555941475
2676 0.04027266107056471
2678 0.21582515379483516
2677 0.4954351012930268
2680 0.30717283702343795
2679 0.23863918736769416
2682 0.253174162968939
2683 0.05737863966792508
2681 0.04044930427975964
2684 0.07899200000000002
2685 0.2780877346431302
2689 0.020435031686219206
2688 0.3525045598072606
2687 0.6951813493551479
2691 0.5089356025894525
2690 0.49820637659333544
2693 0.1036868647401439
2686 0.22817390172685134
2692 0.6022241900186522
2694 0.6556908536644568
2696 0.25899411105539455
2695 0.03975557425960303
2697 0.5013045579633293
2699 0.4440832214620981
2698 0.020399939002202452
2700 0.2626757836739578
2703 0.20454543991046667
2701 0.7305857420065025
2702 0.0798814023493199
2704 0.743487599949967
2706 0.8852463611996519
2705 0.04619589131177422
2707 0.12673018873044736
2708 0.9791241282498772
2709 0.2867457831502477
2710 0.2688737708769613
2711 0.21863834226189027
2712 0.11272873781194938
2713 0.5879782689029546
2715 0.21317817198477115
2714 0.7156199016597815
2720 0.39717112869720805
2717 0.06679367970424002
2722 0.9921276289574777
2718 0.31440027886097294
2716 0.21178580866278565
2726 0.3816160815510643
2724 0.32789450724662733
2719 0.6093410967582962
2723 0.11885941785511371
2725 0.26246483650573293
2721 0.3619041297051552
2727 0.029824301534453437
2729 0.1084797045112289
2730 0.31469263445075235
2731 0.055164315478007216
2728 0.2862594422831518
2733 0.39655281064199904
2738 0.02043231085156194
2734 0.10522234882700339
2732 0.2459888672828479
2739 0.04209766232964756
2736 0.0026242698785627545
2741 0.7459207980370521
2742 0.13226663052450147
2743 0.20632117097009298
2740 0.2560316685088554
2737 0.0039381493412359875
2735 0.9971570801372875
2744 0.06291405826495335
2745 0.3211096409853559
2746 0.11240693415509632
2747 0.14057506165215555
2748 0.08802801409683718
2749 0.10394855143324633
2750 0.7688531266299735
2752 0.21346864824276401
2751 0.1283781387641488
2753 0.10737859090278061
2754 0.15277765972216323
2755 0.0545916683635138
2756 0.04032289021842258
2757 0.8514461987465198
2759 0.9857555596504805
2758 0.35276531555187624
2760 0.09183730997509842
2761 0.617225170494076
2762 0.8348722087049039
2764 0.012360727320295983
2763 0.059859480571954504
2765 0.6114115163173549
2766 0.758701613289337
2767 0.8204223267956334
2769 0.11161204959632988
2768 0.6600502533204735
2770 0.8865232352897617
2771 0.21228445952963723
2772 0.6381571773284832
2773 0.08533768235740934
2774 0.2715664112873994
2775 0.8181044784568006
2776 0.25484438055965947
2777 0.747758309376565
2778 0.07182396987234792
2779 0.134267221008333
2780 0.4748013182442775
2781 0.3053245886217596
2782 0.2735268856915917
2783 0.33146406362759445
2785 0.11164608227648001
2784 0.24596221063300516
2786 0.11513073742282631
2787 0.24774595413559033
2788 0.4134213176642138
2789 0.04962352741553188
2790 0.6329605353386911
2791 0.4588759801902056
2792 0.9556022570846164
2793 0.865896228654334
2794 0.020317462535856968
2795 0.878459888306775
2796 1.0
2797 0.009434196778179723
2798 0.1724343579383436
2799 0.6901520931032767
2800 0.6475247122360712
2802 0.037710745575159375
2801 0.1711492204733148
2804 0.9433484828986636
2803 0.724980048356113
2805 0.25074299527534993
2806 0.18734167409071542
2807 0.04620462601705386
2808 0.20942594754033592
2809 0.02544208418868346
2810 0.21648190279214072
2811 0.17872573666360125
2812 0.3881327919881364
2813 0.19861738222262473
2814 0.7305764121661175
2815 0.5661816496398067
2816 0.025747337700259828
2817 0.5093462342784626
2818 0.9442852412679867
2819 0.5649719800956273
2821 0.04150112421729895
2825 0.9715205134741332
2823 0.9258561754310586
2820 0.3234271233837858
2822 0.16352246647710045
2826 0.22695188094208968
2828 0.06727448218981254
2827 0.22203791170653073
2824 0.010810609642297485
2833 0.830424727199496
2829 0.4721531833809701
2831 0.07935284334062155
2832 0.8144586533756711
2835 0.9823510088244957
2830 0.40574698973137185
2837 0.10433061876855164
2836 0.6312085026486776
2841 0.12793512080760305
2839 0.29407779657219196
2840 0.17207595549131285
2834 0.8954746572618913
2838 0.9431412681513592
2842 0.2469459238042748
2843 0.6608775206677018
2846 0.7464678382552239
2845 0.9530504267959967
2844 0.6445328022762727
2847 0.9668276327061476
2850 0.0895503552072368
2848 0.17777991851352345
2851 0.4239497112297871
2849 0.33680410393155436
2857 0.3433844552915896
2855 0.6732388308858896
2854 0.5745867873384766
2852 0.46196111586592686
2856 0.931424440972789
2859 0.005862743015932571
2863 0.25340351829675295
2862 0.9751567748155078
2866 0.20262870304791464
2860 0.19192913588953261
2865 7.854443999317247E-4
2868 0.32055468308374346
2864 0.621673669467787
2867 0.06486717864900643
2869 0.258207834456669
2870 0.2212758892714491
2872 0.7509728707475973
2876 0.27093649523137664
2874 0.3210105928550231
2875 0.3028845623382498
2879 0.835057556463456
2878 0.307165478583978
2880 0.16077110537772035
2877 0.003967679752285649
2873 0.24839298294745962
2881 0.04001927958794833
2853 0.03960331045905101
2882 0.010431768270590206
2871 0.0707913139744382
2884 0.27273001918567974
2883 0.17080069549318716
2885 0.195652187303091
2886 0.08230051352952787
2861 0.7423343038451964
2858 0.7077669766923794
2887 0.8112284402992308
2888 0.2916264065096018
2889 0.929194203515145
2891 0.34584090671868756
2890 0.9999743876061163
2894 0.20200179167640378
2892 0.39641221283837613
2895 0.13662341892929925
2893 0.8196321692893151
2896 0.2884617405431079
2897 0.1823359753572544
2901 0.8285341619535466
2898 0.0018496589510991375
2909 0.0
2904 0.11218338717774509
2903 0.19999999999999998
2906 0.34460507654534817
2902 0.1986465656886719
2908 0.561445468410585
2907 0.11715500814080282
2900 0.9817022086964114
2905 0.1614431304180568
2899 0.6445758835078593
2910 0.47016848397841415
2912 0.18499870963824228
2911 0.10604113284431374
2913 0.005449498511341206
2914 0.05578385265766276
2917 0.21378136824485292
2922 0.643882766592019
2923 0.5496492836316497
2921 0.9885417804393102
2915 0.05088086947747405
2918 0.9116862714412431
2925 0.15400650446845116
2916 0.8450436221990761
2924 0.0030651795823426723
2926 0.17816145015849574
2919 0.8965999529136032
2920 0.32497759768378315
2927 1.0
2929 0.6939661736407421
2928 0.34983260859896353
2932 0.22301996770113958
2933 0.25290864078038067
2930 0.9999710776324979
2934 0.12653540147221895
2936 0.3769208478664372
2941 0.36015068750120866
2939 0.011336643619021088
2931 1.0
2937 0.23485267270017438
2935 1.585926131811941E-4
2940 0.7746455108908356
2938 0.3999994769231574
2942 0.017855767637828042
2943 0.17428097667567988
2945 7.850170285410834E-4
2944 0.31507872387255265
2946 0.3838058732012253
2947 0.8250832983231542
2948 0.2589428132940851
2949 0.20622465746557272
2952 0.632088469450382
2953 0.7480354751066958
2951 0.20009161059295194
2954 0.42481341997648675
2955 0.28298744020011135
2950 0.6139628554506988
2956 0.08761357804811785
2958 0.3314915103324298
2959 0.4333856072863524
2961 0.04214910217981333
2960 0.7771440491596701
2962 0.04667959279596386
2963 0.053924115804678534
2966 0.03989393086516876
2965 0.9192156616623138
2957 0.28811150232662003
2967 0.15160382366191907
2964 0.2670121357290951
2968 0.7200678758021263
2969 0.038997218441816
2970 0.4636642011654599
2971 0.05456147182554628
2972 0.30507198385742235
2974 0.238919650607905
2976 0.007168337572672798
2973 0.37109394065867735
2975 0.8637651813317818
2981 0.037421755925551844
2978 0.4536914687977842
2987 0.13310768278643195
2979 0.02064213208063617
2982 0.1163199063717087
2983 0.028868133694849262
2984 0.3375532056827328
2980 0.01911486208389441
2985 0.5065498196071444
2986 0.23442376116182545
2988 0.044818571428571485
2977 0.7331784415928158
2989 0.16120698607950965
2991 0.1511521614819566
2990 0.06626520288826006
2992 0.8541095625422095
2993 0.1746032507488847
2997 0.045461783077279966
3001 0.568642500923591
2999 0.8022109351486907
2998 0.3265868859948597
2996 0.0034250343638710236
2995 0.2887493869543894
3000 0.3705472363478394
2994 0.9352380529710396
3002 0.04329040647678171
3003 0.5602825977069906
3004 0.2975036791842968
3006 0.15988543347069645
3005 0.020991675714802746
3007 0.051217367066891666
3010 0.04634096737057042
3015 0.22389749183840324
3011 0.14555207154846164
3019 0.014353326757691737
3013 0.06882819132859369
3009 0.13712344157232328
3017 0.019299531210607342
3014 0.43640639554864996
3008 0.052132768470483905
3016 0.6953565459133731
3018 0.14788518905997536
3012 0.12137187548280996
3021 0.21837501027384354
3020 0.7418037580900885
3022 0.45655224932218647
3023 0.02315886451315715
3029 0.7287561460192555
3024 0.5860907776617039
3027 0.08857772417560406
3026 0.05533779740839385
3032 0.03324110484874133
3031 0.8665441950665598
3025 0.8793327050068664
3034 0.6226985334783229
3030 0.1847616757792013
3028 0.00856516316728665
3033 0.19380238849649162
3035 0.7198770216775205
3037 0.08454766062820111
3036 0.7269992866916967
3038 0.29582804327342055
3039 0.6872921332707531
3040 0.36877919105747126
3041 0.9873673658710378
3044 0.09233844141138492
3043 0.06235244540717832
3042 0.29238159432529437
3045 0.11974551768523758
3046 1.0
3048 0.14168964213849766
3049 0.7625392441102036
3047 0.07260639226400598
3050 0.29985758959376335
3051 0.18256997710698833
3053 0.8084932289563883
3052 0.0561169051319738
3054 7.014702877132541E-4
3055 0.16950256670608418
3056 0.155865882393023
3057 1.0
3058 0.22002991799320817
3060 0.4161216977327046
3059 0.010501040400840028
3061 0.9910072630065415
3062 0.5059183746475742
3063 0.20783748437798094
3064 0.1533543905214954
3065 0.06390391772817884
3066 0.31564402229415045
3067 0.30965639067975215
3068 0.0656407356515062
3069 0.06996996491228065
3071 0.6178317380836527
3073 0.12091499999999997
3070 0.08150483500548776
3072 0.20418307019511775
3074 0.2824740215538907
3075 0.2979608755431138
3076 0.11295739042623126
3077 0.9978497370646967
3078 0.9021394354717498
3079 0.30142211497840504
3081 0.24285855513935042
3080 0.32584249937513465
3082 0.16648183594693342
3083 0.6318368689580423
3084 0.12270263047239227
3085 0.06035215703613826
3086 0.6498879193214376
3087 0.12937066678079268
3088 0.09836172937391226
3089 0.994263223924239
3090 0.7340187947337121
3091 0.9388878893527682
3092 0.27715370113212445
3093 0.9589804525371537
3094 0.48005096389181995
3095 0.9768451724550289
3096 0.7295252223404727
3097 0.9751089073762773
3098 0.2797376233885831
3099 0.5909201151742869
3101 0.16135087464771017
3102 0.06737608533279325
3100 0.47128781710563633
3103 0.2582365427037587
3104 0.0
3105 0.02668837127319291
3106 0.4930137354823543
3107 0.2977468986482773
3108 0.05011459258060037
3109 0.054762329829809483
3111 0.1526255612479482
3110 0.43286981772027705
3112 0.7877314719821534
3113 0.6449467682242995
3114 0.08839857993021881
3115 0.2053814194946868
3116 0.250949947303255
3117 0.2905847642530369
3118 0.392605862163632
3119 0.42399384698416903
3121 0.1167849123545302
3120 0.11080001971706017
3122 0.06162186832045656
3123 0.02609969631815801
3124 0.3154120487918122
3125 0.04230841656793593
3126 0.3236421786750475
3127 0.3072054389811798
3128 0.29287010963353066
3129 0.007183899732702927
3130 0.03392207728800413
3131 0.08552184413368227
3132 0.22794442293859551
3133 0.03912446419950501
3134 0.4300723468964564
3136 0.49078751293740597
3135 0.008365037317148176
3137 0.0644466779161933
3138 0.6641471579601258
3140 0.15386478348914004
3139 0.1667108115065079
3141 0.5437385064700602
3142 0.13411845272540954
3143 0.016304747016570868
3144 0.011882495805191823
3145 0.24110744968592132
3146 0.15060193769096178
3149 1.0
3151 0.11832903074395687
3147 0.6390714979982661
3150 0.0705304233754388
3152 0.49115505511084995
3148 0.8535387899238331
3153 0.23494352873989197
3155 0.9662820880788667
3154 0.10223123698040493
3156 0.9688348303610523
3157 0.3514465935056158
3159 0.9064383429421903
3161 0.041009434194068495
3158 0.6881601872487098
3160 0.8691779447104917
3164 0.38904857344561494
3163 0.08187143223559028
3162 0.12331162033578848
3165 0.2693820217189088
3166 0.4739164272711807
3168 0.3773409197857765
3167 0.2824457837173707
3169 0.4575760924244099
3170 0.30054331342074536
3171 0.2232751483270302
3172 0.7081305385855305
3175 0.6820102095856778
3173 0.21529776730226322
3176 0.16221428292889697
3178 0.2887027503019456
3174 0.0
3179 0.2529065543876296
3177 0.4203011632319346
3180 0.8681300489144914
3181 0.6888478267971019
3184 0.011555174232273101
3182 0.5475739987976128
3183 0.13064493256712234
3185 0.6530988985394531
3186 0.24567257763003694
3189 0.5881670041033038
3190 0.4005537679320861
3188 0.052325108287788004
3191 0.01927869006440004
3187 0.9948349813547418
3192 0.19836049633069378
3193 0.888450003657377
3195 0.9924020875451678
3196 0.13833532826545458
3194 0.004902500000000046
3199 0.07537345746996407
3197 0.6330320490360206
3198 0.19926822568828767
3203 0.07413607148608879
3200 0.24985432595573442
3201 0.7860045036733704
3202 0.9561216098918802
3204 0.07417627645362254
3206 0.5247293591581473
3207 0.07803514429975617
3205 0.003993377828430877
3208 0.5893204343178808
3209 0.1622892679325501
3210 0.8345592567394974
3211 0.3350413197651702
3212 0.7347372925391619
3213 0.41604216077970524
3214 0.9958712951962969
3215 0.17543911449679545
3216 0.14639377851311208
3217 0.8833432661338682
3219 0.6532603755079573
3218 0.1415514826535728
3222 0.45403816376978107
3220 0.8906287353573991
3221 0.14903374308026546
3223 0.3071421264961378
3224 0.2803651802484525
3225 0.683814672437741
3226 0.20898457722490563
3227 0.07864311171894842
3228 0.13523825432482217
3229 0.22019369094973806
3230 0.41081314683440556
3231 0.11456682742866904
3232 0.8918411089886765
3233 0.12157997699574324
3234 0.2474559143812295
3235 0.42378966728573303
3236 0.6628782306466003
3237 0.9424942795949741
3238 0.25994742661087133
3239 0.21011705196146624
3241 0.6560391647732687
3242 0.9731240470842679
3240 0.9495530796080762
3244 0.027497220823396357
3243 0.9699215829131278
3245 0.2986525212295011
3246 0.5209189632308425
3247 0.0802292514839679
3248 0.5832423151833577
3249 0.15566313900981987
3250 0.3377588771542889
3251 0.002384613060061873
3252 0.626927428916255
3254 0.8345536580291677
3255 0.17489838518681838
3253 0.012259346646520737
3256 0.20991038354183889
3257 0.48377231006760346
3260 0.566672848316418
3258 0.5753699267796968
3261 0.5731731993429982
3259 0.7046056594757979
3262 0.12486804893805221
3263 0.08980017792017635
3266 0.11327399245869464
3265 0.19170799407266312
3267 0.23285693158144183
3264 0.4697315368512869
3268 0.36581958982833873
3269 0.8130139760613944
3271 0.07385783296473195
3273 0.14725634407348512
3270 0.36492695329933406
3274 0.3294304962430115
3272 0.6258647426559389
3277 0.3952217885936191
3275 0.27515779947369
3283 0.3680556412270348
3278 0.324397320472281
3282 0.06094360975093636
3284 0.7804452777718633
3280 0.52185659282017
3279 0.06129049771075753
3281 0.08729200431135606
3285 0.5629237836214525
3276 0.9873912473251916
3286 0.1311107912592806
3287 0.4923528376060489
3291 0.9992971640881568
3288 0.6397353307813017
3290 0.24989766504357275
3293 0.22861267663299853
3289 0.15017801921997836
3296 0.331220116933452
3298 0.09791843229705394
3292 0.45034603439123827
3297 0.7004694484430215
3294 0.04495738101184769
3295 0.29121785105001086
3300 0.023743092330835738
3299 0.28308514214224767
3302 0.5621962746541987
3301 0.5474291104498524
3303 0.21498402720442028
3305 0.3238285523395436
3304 0.16312508269073053
3307 0.7695664420823876
3308 0.1320757797988575
3306 0.8314494431669691
3312 0.2557546208162219
3311 0.11421984070893948
3309 0.08053722287287479
3310 0.28719393338693694
3315 8.823651538424015E-5
3317 0.8177176168862971
3314 0.7517177500658464
3316 0.8430238247023765
3313 0.27618934459096134
3320 0.28301115821529294
3318 0.2742426488757104
3319 1.0
3321 0.039609842205613546
3322 0.9794532869675782
3323 0.13792344069643184
3324 0.16846185297677685
3328 0.34273242023267875
3326 1.3401795840644947E-4
3327 0.06728818871456609
3325 0.19432970951683334
3329 0.8245739356849312
3333 1.0
3332 0.02826270632284764
3334 0.02958879926296893
3331 0.3429839843953487
3330 0.14801667082275652
3336 0.4002932650707749
3335 0.16703811139114763
3337 0.1403514527548957
3341 0.191616455591829
3339 0.23582077018448222
3340 0.01360519436363666
3338 0.006052212127542881
3345 0.9952149023703436
3344 0.3032106486641707
3346 0.21150369681361442
3349 0.16060603484847197
3347 0.8829768764174181
3342 0.1522233127315491
3352 0.9830849905891926
3343 0.11374329114352391
3353 0.9732158510069101
3350 0.5229480229306576
3348 0.020451095389157143
3351 0.011012088093816113
3354 0.24642931626290138
3357 0.18065849936018802
3356 0.43064781465869933
3360 0.2895823401474305
3361 0.176115646301012
3363 0.22276007527747455
3355 0.9301964042010324
3364 0.12557812092668733
3362 0.1493479610563388
3366 0.06739289399487654
3358 0.1439381758259428
3359 0.07267429146661387
3367 0.3091816534447986
3369 0.9945714115582543
3370 0.029544459348876617
3371 0.3104548566466189
3365 0.3343625430178826
3372 0.28106490349613844
3373 0.007983891737491502
3374 0.9515145687085298
3368 0.05735179649663018
3376 0.8240080203448974
3375 0.7477483916353809
3377 0.801383478283893
3378 0.9284335325349021
3379 0.5716487145092253
3380 0.06720339862717001
3381 0.7809157990848661
3383 0.22157984093967914
3384 0.1052679384343892
3389 0.02903926643358082
3385 0.23391619497023952
3382 0.37905410233884335
3394 0.12485701139361868
3393 0.20125258801997548
3391 0.993092402627856
3388 0.4896307643989164
3386 0.6015548302869468
3392 0.23555585106182025
3390 0.08586489874656078
3387 0.4780195253381229
3395 0.9525345644655627
3397 0.11977722525428247
3396 0.953348237541774
3399 0.8732356156341086
3398 0.16238718847721026
3400 0.29302800451977323
3411 0.03611117460479665
3407 0.026258810272375734
3402 0.04498525892289565
3412 0.12611097064404106
3408 0.9291771336998103
3404 0.4393062816999812
3410 0.021739050094547095
3403 0.05996586815605624
3409 0.005088967717530202
3405 0.12989204727393922
3401 0.6609515236119637
3406 0.05657683554827153
3414 0.44865177703516745
3415 0.6489301989708322
3419 0.6143835354997976
3416 0.44849814318502224
3417 0.4299790786351744
3418 0.4107636070358916
3421 0.5150532422180929
3420 0.15830915252368555
3425 0.8754534792649349
3422 0.5556288530356173
3413 0.15627084688542123
3423 0.7265788575635191
3426 0.11418306437165907
3424 0.26468614632868576
3430 0.03324110484874133
3429 0.24365174891272348
3431 0.5700989381975944
3428 0.20950188160912922
3427 0.001698998575142712
3433 0.008808238389883781
3432 0.050714549968916035
3436 0.10204125579851239
3438 0.15086149320404652
3435 0.4974042985947094
3440 0.2007084699988807
3437 0.43405734093818266
3443 1.0
3442 0.03935819874423516
3444 0.9878671001199578
3445 0.15896605679550352
3449 0.23170376900169
3446 0.2591246242473314
3439 0.07587045519501764
3447 0.45218978893592343
3450 0.2970210875436637
3441 0.07458537849885323
3451 0.16386541566621987
3452 0.10021544516259497
3453 0.003609530091308457
3455 0.23529448096896494
3457 0.011363728564060104
3454 0.15986334079540926
3459 0.9143258599568
3456 0.24814817962964542
3461 0.3511214079251352
3460 0.4328730447415831
3448 0.7888988984885176
3463 0.1434109140076144
3462 0.615086745178731
3464 0.1596603484089126
3470 0.5659463193933815
3467 0.024648450710549046
3469 0.2098424196212988
3466 0.18369210857819412
3458 0.6852787879317535
3434 0.5925429034241989
3474 0.18443779468306504
3475 0.8514689313396809
3472 0.27912059708919057
3473 0.007670950568165571
3476 0.3184829407596378
3465 0.24101868360400394
3477 0.9501186970505321
3478 0.11368478102147325
3480 0.21052650843636037
3468 0.015723406609796875
3479 0.7521116830637026
3483 0.3258428854944043
3484 0.33443859744933535
3481 0.5528186995545377
3482 0.12546095253329817
3485 0.20526132973268305
3471 0.05658172658212106
3488 0.47319054048246323
3489 0.8089035093073321
3487 0.5426017571794598
3493 0.5048734251384014
3492 0.15550238650672027
3486 0.6452276061173535
3491 0.02731110819714194
3495 0.02304567692807874
3494 0.1632126046672942
3499 0.0681818746310571
3490 0.02850911653110466
3496 0.09397637193021252
3500 0.9699040773085535
3502 0.25411670308602696
3501 0.9892606130233479
3497 0.03995215906223237
3498 0.008398874790254121
3505 0.6739141340005963
3503 0.14615420828396797
3504 0.2690532068491537
3506 0.4725807919587618
3508 0.05209999321899848
3510 0.1301230932111652
3512 0.5893149401191621
3513 0.8576931252041289
3511 0.8219188609513961
3509 0.6516865843979841
3507 0.47222156635893564
3515 0.1877595238796099
3514 0.07287420970692567
3516 0.15548058836901324
3517 0.0061918404758314885
3519 0.6112677027574495
3518 0.10320162545392408
3520 0.27081136680950957
3521 0.6039560178622461
3523 0.20608817728207207
3522 0.10008310620937537
3526 0.6013942178865866
3527 0.004505001217567875
3524 0.26244336059870743
3530 0.6139031312490301
3532 0.07253898332853281
3533 0.21021705000261476
3525 0.17810623211001203
3531 0.9326159216982145
3534 0.7625016036670378
3529 0.04867225184056865
3535 0.2509102768027877
3539 0.3423354846633479
3541 0.13802894235481836
3540 0.6418772359842255
3536 0.23337511609891748
3537 0.2347257817220241
3538 0.8831090208401275
3542 0.1597030168161197
3528 0.28733476624952464
3544 0.6856128619895447
3543 0.6179270132185669
3545 0.037965662398392046
3547 0.23324773053033926
3548 0.19536679924877892
3549 0.7495944674415322
3550 0.658846317242194
3554 0.18222863530064096
3552 0.23790159357229232
3553 0.16608975473228085
3557 0.022612994495074302
3551 0.18044083138253245
3556 0.15301394122997197
3559 0.5893146144132525
3555 0.02672506070432808
3558 0.13742715348321174
3561 0.6465203344885904
3546 0.30894317370611707
3560 0.23069273193078996
3562 0.513126712424641
3563 0.14442394981422738
3565 0.05586154226457231
3564 0.05828233335836405
3566 0.1520199352468448
3568 0.7190934282960398
3567 0.6917082498061562
3569 0.31059771061037333
3571 0.1411258068367639
3574 0.31089715822252006
3572 0.8025038939677821
3575 0.03055646564849347
3570 0.8693324109696805
3573 0.11346163230278365
3576 0.5454941633260865
3577 0.6003283801764014
3579 0.00696625526127889
3578 0.7699241937972208
3580 0.9118400756630107
3582 0.400616166850525
3581 0.16470626958519224
3583 0.8191928961970316
3584 0.09928236523593936
3585 0.06023852088034976
3586 0.14367107885934155
3588 0.235591777618406
3587 0.4465983569297444
3589 0.5026862293195189
3590 0.010193026048022158
3591 0.8726370416130823
3592 0.04733306357757065
3593 0.8970508126391801
3594 0.08075847355164804
3595 0.1493771016339046
3598 0.4307303747895957
3596 0.7540801322357482
3597 0.4364559934568482
3599 0.16227075975089394
3600 0.007926504673034027
3601 0.6675429833770415
3602 0.1741758200300033
3603 0.16810433895652246
3604 0.22957782640375135
3605 0.08037180903778465
3606 0.721362193670763
3607 0.29563776347586634
3610 0.6759247516475512
3609 0.8377462066810638
3608 0.01324479825451694
3611 0.07604103353049102
3612 0.025424369793298682
3613 0.0673578232970285
3614 0.9567108758452526
3615 0.042856969387878995
3617 0.01954364115253402
3616 0.07822623513263777
3618 0.25000017513736017
3619 0.08562149141958555
3621 0.008031984564825774
3622 0.05714414573509784
3620 0.25387296167221585
3623 0.5477781401362053
3624 0.17511574890126674
3625 0.9452536357042195
3626 0.025177902935929253
3627 2.678063315112047E-4
3628 0.18779256166092417
3629 0.3367905639807357
3630 0.2604956911255272
3631 0.30924086561503394
3632 0.21027959428800222
3634 0.11836643999138338
3633 0.6988469535111242
3635 0.11011893920075774
3637 0.9809211830268426
3636 0.6650184624975893
3638 0.15659948651166072
3639 0.6294356954663148
3640 0.27989213808378866
3641 0.2824740215538907
3642 0.615017786351635
3643 0.26103156584151166
3644 0.18885433008267508
3645 0.5841807166854133
3646 0.5674560522470118
3647 0.08916006021861637
3648 0.03982289901317205
3649 0.7191361420825529
3650 0.13907438155100518
3651 0.1932834752791624
3652 0.30346037150427657
3653 0.23029626326909694
3654 0.09669239593660947
3655 0.9361715247294294
3656 0.07426647472315678
3657 0.7989009032429759
3658 0.1590692435518067
3659 0.5259235091069953
3660 0.2191868744132536
3661 0.09810073465804188
3662 0.16445197842954332
3663 0.01662091735031642
3664 0.1020813401447732
3665 0.4107149199618593
3666 0.25535913619356565
3667 0.2940171238620642
3668 0.10980734489935051
3669 0.637170583422209
3670 0.08988777575422661
3671 0.9115465390411646
3672 0.09488648793688818
3673 0.2167091007229571
3674 0.04405177855977601
3675 0.1936617107263357
3676 0.8584604308948863
3677 0.5673859703846951
3678 0.01960033516115322
3679 0.05414947656745553
3680 0.2764016862892828
3681 0.587891289416037
3682 0.7428393749646345
3683 0.1716171485068582
3684 0.473923014605885
3685 0.7840006854401096
3686 0.056155637987253745
3687 0.5103839044349975
3688 0.6515998827024686
3689 0.6275368304763953
3690 0.9700596425113985
3691 0.2938354341557285
3692 0.023161472700719887
3693 0.06538141056541588
3694 0.5088248638021821
3695 0.785687540005844
3696 0.06287128998035842
3697 0.2788466803810943
3698 0.13573364471794144
3699 0.10666617706658837
3700 0.5088116718597772
3701 0.6029500597684264
3702 0.899281362608797
3703 0.39854279783091673
3704 0.016877337499408205
3705 0.11619707257074999
3706 0.16963236177296614
3707 0.4775709643707321
3708 0.18472017786302392
3709 0.06565611034553817
3710 0.5926174834289625
3711 0.2663648090386246
3712 0.17083308541654274
3713 0.7308248735245717
3714 0.24995387056996635
3715 0.20909688394030776
3716 0.898938412840348
3717 0.6354290070922533
3718 0.5212644167789728
3719 0.29010523607038163
3720 0.3387674640892544
3721 0.33975244717532854
3722 0.005658648084037412
3723 0.8437716512285826
3724 0.42213055933996524
3725 0.18750033203106323
3726 0.22767840880113654
3728 0.4774352202934016
3727 0.25315362569187944
3729 0.12259003179476685
3730 0.08476138337889016
3731 0.022167425805009085
3732 0.11019304840294786
3733 0.4554961800036855
3734 0.4558131261913955
3735 0.31005090819133224
3736 0.22906942012693998
3737 0.11805615180904444
3738 0.1847716936800938
3739 0.7748453775474816
3740 0.5850835483455323
3741 0.40016668362066965
3742 0.2535510358235096
3743 0.7843939754299473
3744 0.48486722281201844
3745 0.3628544462124811
374