1 4.141677804383296
2 0.8769304629089371
3 0.0013953987868889272
4 0.9067548612003459
5 0.7435508252305991
6 0.6187920242823545
8 0.6757728553170663
7 0.042470782038573025
9 0.9127654322550685
10 0.05553257987366455
11 0.8869990846196708
12 0.4216454755931805
13 0.6455190051238847
14 0.7261399030316528
15 0.5744389245696329
16 0.8958124092131013
17 0.9682037525987487
19 1.8471416040356894
18 0.9266116210788018
20 0.5348097620963669
21 0.9440413296905885
22 0.3841365868571528
23 0.3970691853771124
24 0.8911621766507511
25 0.47360884874359926
26 0.9774408831688556
27 0.7373490628733232
28 1.4624848759596052
29 0.9711764443976182
30 0.4822051262533008
31 0.591614547515555
32 0.9933957515101726
33 0.9073924787851188
34 0.9377131467629355
35 0.7255062583099062
36 1.0110698664178328
37 0.520681070268123
38 0.9674366652132299
39 0.898962700919494
40 0.9330702513153228
41 0.8991798835984327
42 0.7198064211190499
43 0.613035126104965
44 1.0269029027960046
45 0.5152050891667277
46 0.7275799693802375
47 0.889543776547403
48 1.04661781332932
49 0.01844701103038197
50 1.5835549440583747
51 0.4179425615051854
52 0.8709295490871612
53 0.12849619182754535
54 0.5076984158203863
55 0.4806094139709973
56 0.16035592117720093
57 0.713970725050917
58 0.9069275888280113
59 0.49984478389004894
60 0.9905221659148081
61 0.9499060958066378
62 2.3183492722524806
63 0.9708872142800701
64 0.7154274556808424
65 0.7549556351338049
66 0.28504718997026895
67 0.8031815401024782
68 1.1186280765404417
69 0.6878219924521078
70 0.22641437062298064
71 0.8773493829053768
72 0.32564857152118737
73 0.16000478479186045
74 1.1609924721589018
75 0.5902779544030334
76 2.7092626479273747
77 0.15768818221770237
79 1.0562354714719404
78 0.8007669412147674
80 0.7093915995035975
81 0.25238152943148817
82 0.4668931152012373
83 0.9979179330923414
84 0.8418969304012704
85 0.5956453935132621
86 0.4588948179550959
87 0.8048366231562512
88 0.9154223921393255
89 0.21749957125488098
90 0.2450420871569258
92 0.5152010280985919
93 0.8760579221050955
91 2.0697875737273113
94 0.8547684451922306
96 0.7483637897028201
95 0.6053042497295369
97 0.9525777603943598
98 0.9872698218867503
99 0.9600889469538786
100 0.6276121991552877
101 0.3487082466233458
102 0.48853876031731863
103 0.5821273454160217
104 0.9351657319280813
105 0.748549825715791
106 1.0609692893250577
107 0.20823009329352554
108 0.4659795209372739
109 2.456714842573745E-4
110 2.7821573918364533
112 0.7454464774470484
111 1.281420433010831
114 3.48574136425781
115 0.9866307875629513
113 0.764797995946351
116 0.4817093404418753
117 0.8996349061580075
118 1.8115885498862319
120 0.5052271002347273
119 0.35973234656181446
122 0.07618833653862848
121 1.1163969583806623
123 0.3737142526704156
124 0.9996543789793174
126 0.2877870222517175
125 0.9408994538358749
128 1.0705514505833265
129 0.5117095762298062
130 0.24802526582852247
127 1.693711132690795
131 0.5419456332238999
132 0.7891230862958248
133 0.7847863321446901
134 0.987498534760586
135 0.4558944627699395
136 0.763122552965366
137 0.2869756133129637
138 0.5810987665867495
139 1.2860490174335444
140 0.6799849624543648
141 0.9399571074477797
142 0.0223266167975892
143 0.469682201369898
144 0.5307734433989612
145 0.9326351465733139
146 0.8519961598729536
148 1.7495630806206908
147 0.3481944322696356
149 0.8778332349677346
150 0.7266747316102375
151 0.6065335981420445
152 0.8155843040125823
153 1.1748174553250168
154 0.9288367787800267
155 1.2737501910994458
156 0.19106150709583344
157 1.2165183133563833
158 0.7219969953977039
159 0.9278577115443277
160 0.9873499945550371
161 0.9170262716917461
162 0.0457241795745171
163 0.8802138018014198
164 0.5857681801618158
165 1.063999986476184
166 0.9914802193885011
167 0.9914221880072452
168 0.41771467579236066
169 0.8025179981677827
170 0.5793559528322589
171 0.929215089534548
172 0.3016653169649586
173 0.05756569356677247
174 0.07610772289590838
175 1.0208356507943799
176 1.1717513167255065
177 0.8697742046008977
178 3.1551656283798586
179 0.6839586219755797
180 0.2919361750727378
182 0.844284581451381
183 0.8916550898843089
181 0.46824396000171453
184 0.5887129985483676
185 0.599716001131006
186 0.9751112436337726
187 0.05474425131474132
188 0.7524901675298907
189 0.570850646130509
190 1.0122120469850844
192 0.1677332672223637
191 0.9326668797554355
193 0.5252151501226565
194 0.02005216405931707
195 1.0388020223503505
196 1.1017150103151196
197 1.0703622820213832
198 1.3923292139867585
199 0.8786496049985809
200 0.9046557392581809
201 1.8097221254313653
202 0.7484186746583124
203 0.9987141233260133
204 0.0015669593741034387
205 0.6198751408039642
206 0.03990219229219686
207 0.9713948982825965
208 0.2426386713403596
209 1.2304480529887944
210 1.0108262183520695
211 0.8697756332048282
212 0.8326649934901518
213 0.880836064793677
214 0.06984355130513159
215 0.9368540207907081
216 0.38406366157134714
217 0.9895788252598242
218 0.3474939950733565
219 0.9780653403336935
220 1.0962986441779785
221 0.6479638040739756
222 0.8660760593251065
223 0.609064588254746
224 1.121488238853747
225 1.0985023479296918
226 0.7117607533969766
227 0.26323222063147084
228 0.6223901744107416
229 0.8595911115756377
230 0.8364569973847601
232 0.8412133713266539
233 1.0228926689613873
231 0.7242734822844227
234 0.22519125906474738
235 0.2681544151224944
236 0.7006161606945344
237 0.9112781295829164
238 0.8427338569577599
239 0.6745194605092081
240 0.8992716753785702
241 0.029202589561660375
242 1.243456243889917
243 0.3884978947260994
244 0.7433329434706958
245 0.8363947206694525
246 0.7675000471069834
247 0.9717645837412032
248 0.6506480645344593
249 0.721345342498019
250 2.454814489408957
251 0.41553846024733176
252 1.5029713461914955
253 0.42861647436684963
254 0.8700590309010762
255 0.031816244361029346
256 0.7966810905029176
257 0.14904702466842207
258 0.7830491929775903
259 0.19017413262014113
260 1.0245427772120295
261 0.9485394725688576
262 1.8925240570987318
263 0.22224459571255709
264 0.3461114764684893
265 0.6316989303052025
267 1.0016386474079344
266 1.0030346525267735
269 0.9594827977086698
268 0.9844313528322135
270 0.8327823185905272
271 0.24006633286367532
272 0.3065695735628087
273 1.476458427133442
274 1.213881446010602
275 0.37025492254879777
276 0.8402606024167446
277 0.9807438159289288
278 1.0177516752279145
279 0.93672268708066
280 0.8503329727909483
281 0.875423990680694
282 0.9335521214508888
283 0.4377500478315415
284 0.6000481163719992
285 1.1239905152131435
287 1.126470038041117
286 0.8989183062584437
288 0.22482889312677282
289 1.1594075747250885
290 1.571825120550134
291 0.003099453166894899
292 1.450728835749302
293 0.2461896684441621
294 1.0102433347527724
295 0.42204556150648964
296 0.9535119227412095
297 0.8565713150774048
298 0.270595137835876
299 0.9162472135992977
300 0.7506339301127801
301 0.48553530003010015
302 0.7392622569188522
304 1.0273494601055448
303 0.8767142923159814
305 0.968885452006152
306 0.9547419302845084
307 2.2165547880856415
308 0.233736074413934
309 0.7181590593070015
310 1.0871063490867696
312 0.32514504264750355
311 2.503596488229652
313 0.4111471408988899
314 0.8634138448839141
315 1.1173194463021738
316 0.899060231382343
317 0.35047951862390764
318 0.9999990734246502
319 0.029970384686007653
320 0.7972854243449541
321 0.18255969039907338
322 0.9762913303043406
323 0.867558705719374
324 0.6819406335647141
325 1.4859223533859272
326 1.153939085969282
327 0.33527236957073964
328 1.502891204785301
329 0.6279340418101012
330 0.9174018045242964
331 0.24192775950761355
332 0.822224341104916
333 0.9938163152493426
334 0.028897956638567326
335 0.6727433840353927
337 0.042840050956763395
336 0.9786646898285465
338 0.010484550696898432
339 1.12610125121234
341 0.29326035487525404
340 0.3992570215661941
342 1.0052218227623673
343 0.9382863565665597
344 0.6747752452267569
345 0.5482131665178887
346 0.7949828868778236
347 0.487512423607606
348 1.0625064025335502
349 1.4537315636648882
350 0.03778229499200366
351 0.4724604001078363
352 0.06597638985184713
353 0.7866669039488069
354 0.5356951719693887
355 0.631971724206173
356 1.3701105702852292
357 0.7948764483837278
358 1.0680924381765502
359 0.9106049994129454
360 1.2468941308454313
364 0.46473523362416047
363 0.3613552169665454
362 1.7160282856901756
361 0.8139495354060369
365 1.6876064935371697
366 0.9686668246740634
367 0.8387275383757608
368 0.013082325168685915
369 0.9243662551111463
370 0.8629279409298295
371 0.8256144702960769
372 0.3720513968353411
373 0.763581829019309
374 0.534856946649149
375 1.0107148053883497
376 0.9877436949919064
377 0.9090891084085748
380 0.6155537091698282
379 0.8648096943081929
378 0.22453093742047334
381 1.3476370329619036
382 0.39588754255994923
383 0.47138876258440404
384 0.950640279548529
385 0.9561075911012733
386 0.7894223061952671
387 0.2025988222550832
388 0.9597854177898767
389 0.5165028205014107
390 1.3468014304095524
391 0.42164724553004135
392 1.6866788059035533E-5
393 0.9816028537629932
394 2.254146859457377
396 0.7318405026017099
395 0.8640581693397451
397 0.04448246017181491
398 1.0217701200633493
399 1.2485508328289063
400 0.3703234297837579
401 0.14539707090039225
403 0.9903054043105199
402 0.08140726178572723
404 0.5009481311520437
405 0.7290448996975609
406 0.2608395592187557
407 2.3878921776790625
408 0.6983714925502856
409 1.7891972192138201
410 0.71436294821176
411 0.8201477224178455
412 1.1848043572359115
413 0.6345406609148266
414 0.5448625526782449
415 0.805520293071404
416 0.9357849416886915
417 0.01670386802649534
418 0.9292278205820144
419 0.4206306490400584
420 1.078262326656711
421 0.043992934491283824
422 0.177935318773568
423 1.022154125757581
424 0.8794209430687079
425 0.9999882711216335
426 0.5715465701351062
427 0.8924495329815504
428 0.3088250192257773
429 0.6815372616964427
430 0.9953784388238912
431 0.4873472521056083
432 0.02912933873378492
433 1.1183634379064837
434 0.64829700192345
435 0.5952086001057423
436 0.5782671167704606
437 0.8574525339082785
438 1.2946859489756806
439 0.9892301664448496
440 1.3625181199885663
441 0.9992512452252458
442 0.8398843783605789
443 0.8747086771544444
444 2.3436421408952115
445 0.9664823258011438
446 0.8120727131743809
447 0.2881581093663099
448 1.6175688839001063
449 0.9521177857890268
450 0.942011792211423
451 0.8748124714647738
452 1.0076825474210704
453 0.6654283610723282
455 0.9886807987263194
454 1.3941648373526512
456 0.9480923797905103
457 0.3494033450640576
458 0.9819079000656455
459 0.120604581753968
461 0.9974201959248122
460 0.5648400171050117
462 0.4933650757354054
463 0.9816183858482654
464 0.9139080421257295
465 0.07250300512367845
466 1.5868312161795561
467 0.7477378771600448
468 0.9083573746168774
469 0.26346287286432163
470 0.9757369808538455
471 1.1151808109780563
472 0.5369280362381209
473 1.1640708275825264
474 0.43241415743866646
475 0.9904625424466578
476 0.8857792860113186
477 0.7523483354067975
478 0.5618189379240238
479 0.8459958898042266
480 0.8383675479388752
481 0.804897354897024
482 0.28574477311242935
483 0.8168073370536174
484 3.9311519162519417
485 0.6550397991871452
486 0.00686373889373301
487 0.17629869350697985
488 0.9892233182155865
489 0.5527764050082667
490 0.3495555445874708
491 0.8783532429210186
492 1.6086286505656648
493 0.9023634929003495
494 0.9717239959300863
495 0.1908201144055939
496 0.9879434435831808
497 1.2723065996333747
498 1.1363116708067784
499 0.9352945370446316
500 0.8849611157400172
501 1.1384270578845728
502 0.8343954389898439
503 0.4792668441821564
504 0.9976826280831665
505 0.17756225279170343
506 0.3929113730953206
507 1.0085530237593114
508 1.1623469692984387
509 1.2065911823037467
510 0.5030365341259857
511 0.9407041206983572
512 0.5119540991058464
513 0.6090028926797122
514 0.8156229297897848
515 0.8670253808832576
516 0.4761947191985443
517 0.7682543589760163
518 0.13902026535781312
519 0.6390357143604307
520 0.035023100908686905
521 1.13754242918808
522 0.7442210294480168
523 1.0640730030524808
524 0.45712300503714226
525 0.5018308716412908
526 0.9446580561989751
527 0.8984705072761131
528 0.7585731022480687
529 0.2178627230768709
530 1.1527795627364463
531 1.2641454347509216
532 0.9984235417376914
533 0.5369186661191833
534 0.16644268865003045
535 0.9222441515333151
536 0.7496359968664433
537 0.6187179921370819
538 0.47222681808452743
539 0.9872218060806545
540 1.1963948971290785
541 1.3279380750441678
542 0.4309987174684643
543 0.5674067253724402
544 1.0594696884662376
545 1.4823470207532592
546 0.1706133460748122
547 0.8267619018025553
548 0.954330091563617
549 0.9348682291164968
550 0.9774117180865901
551 0.04796105281521811
552 0.21194334426729303
553 1.7059024128417066
554 0.2594896071616223
555 1.0569349363961795
556 0.3220042045272077
557 0.8527035626379599
558 0.1553007771048657
559 0.48053992618115215
560 1.100667490066772
561 0.8806135386432441
562 0.9571609695816732
563 1.3943057302928905
564 0.9602882986051068
565 0.8111711047577038
566 0.23332950652630563
567 0.5535181372274782
569 0.8358253002771974
568 0.7194316205097128
570 0.7280947643991166
571 0.9595833379924238
572 0.06965847268733025
573 1.2620332013860025
574 0.46265862817872594
575 2.2603675528657514
576 0.6364789162651129
577 0.8370625643621394
578 0.7336925332808946
579 0.6040589547465961
580 0.1608466692528222
581 0.9793238300857001
582 1.325977097373523
583 1.1588117973923369
584 0.9864996590907316
585 0.8794278467697773
586 0.3828186613872144
587 0.17380743622868536
588 0.9221111240519007
589 1.2553963087704958
590 0.9362983785256054
591 0.5633669098809954
592 0.9778516832597253
593 0.29953002202192797
594 0.8222999529517658
595 0.2829925758321936
596 0.9300774433399209
597 0.5619060315808729
598 0.8613728030977597
599 1.0458180278257772
600 3.772816021054203
601 0.16870956911732515
602 1.2389663439483132
603 0.0936666182559538
604 1.0093853850022
605 0.9666619259251051
606 0.9925974870457598
607 0.735345129600822
608 0.8389068842780941
609 1.4258233337001207
610 0.9454190439989272
611 0.7916003230016253
612 0.6078864155635382
613 0.626059721201811
614 0.05617409750851689
615 1.3228498663417891
616 0.5311273928281163
617 0.9375777452503713
618 1.8679101823356283
619 0.8363272503642487
620 0.8262124751579928
621 1.4210507404763777
622 1.568156885253638
623 0.25253516214035954
624 0.5368505682010167
625 0.32469701827507164
626 0.9877157467716741
627 0.25706576083172566
628 0.7229478515113197
629 0.9941989208787794
631 0.9446702467905184
630 0.5807901446926107
632 0.8498086219003465
633 1.051749944709339
634 1.0454198734209659
635 0.7400943805074236
636 0.07583771351056567
637 0.07099012292047563
638 0.8477807695809023
639 0.6184390000520242
640 0.45030282581483766
641 0.8528925475205761
642 0.7329250836143775
643 0.8795446221827746
644 0.8650941196587516
645 0.9160242127517975
646 1.1193052138903101
647 0.013360480243615724
648 3.5437150101478565
649 0.16168674514317247
650 1.6966709485354305
651 0.970630232075328
652 3.8052910459713476
653 0.9936255845695522
654 0.6763078277793793
655 0.6296580895571151
656 0.19976464092478072
657 1.1773354507869105
658 0.1590377205664479
659 1.0386352772052507
660 0.9471952784761801
661 0.2991957117568377
662 1.370303853305735
663 0.7999497030246202
664 1.2939329355118416
666 0.9435147749437789
665 0.9901871596838169
667 0.6300946657552314
669 0.7336639566833707
668 0.5196318421096534
670 0.7935397246436068
671 0.705969450685944
672 0.260443141768694
673 0.39227183943152305
674 0.3163264283371261
675 0.603329157507569
676 1.3374892905294056
677 0.5748136833120244
678 0.7191685905470195
679 0.7797616621104869
680 0.45053594515129364
681 0.27445363446165016
682 0.9969380328117421
683 0.9550143919885861
684 0.5649611485059884
685 0.9811970389344136
686 0.83371770944331
687 1.6617392822957874E-4
688 4.088919249163126E-5
690 0.3351746497143242
689 0.3876521785209697
691 1.1791102490937801
692 0.020157439285940985
694 0.711387849661547
693 0.733610122126245
695 0.1732557554683718
696 0.9685081607306544
697 1.0766924118993213
698 0.07190513956226798
699 0.6844405739712863
700 1.4187641237521522
701 0.4194398490452097
702 0.8163966404984911
703 0.2954549350749501
704 0.8166653343797787
706 0.9837414200930528
707 0.19362689502481276
705 0.6638052779940298
708 0.6912508757129977
709 2.1495024144093264
710 1.3015492451414816
711 0.32718364690969337
712 0.9824461098747022
713 0.5175670360277426
714 0.5660425009320532
715 1.029121846711386
716 0.6678191143404162
719 1.1081529602347115
717 0.9760708038784427
718 0.7548825867901824
720 0.5879952300386649
721 1.1697921757818925
722 0.896020908247549
723 0.4991031300796292
724 0.3820132822335142
725 0.8289672658713491
726 0.6893127160463016
727 3.483140974963537E-4
728 0.8541506895362578
729 0.022615118891078607
730 0.974820341822572
733 0.6793201412274408
731 0.7399097411439199
732 0.8338129414591027
734 0.47572710620964653
735 0.8959556409618108
736 0.7104955449931553
737 0.6855506408759376
738 1.212937792204589
739 0.06245409611454269
740 0.8452274729462981
741 0.6714100757614633
742 0.03455052678200758
743 0.03693888601793548
744 0.7246571665981293
745 0.2177268151422836
746 2.685099197332452
747 0.11234862343423205
748 0.8940443427884543
749 0.6402715251282717
750 0.9346744239515535
751 0.9721116131392504
752 0.8993443482248111
753 0.8706613378501452
754 0.6652748155407534
755 1.0649660570586834
756 0.1415286786610883
757 0.12697393881788563
759 1.7337793351764221
758 1.070903330215353
760 0.8021248687560997
761 0.9146637848893465
762 5.467830677596361
763 1.0085457516472605
764 0.4751606261517202
765 0.1929099784317583
766 0.7030795298877361
767 0.09559825268074466
768 0.983897416122031
769 0.8397342399361608
770 0.8353478106541169
771 1.4051235057090075
772 0.7369382286154342
773 0.42783930571794526
774 0.4882439257117039
775 0.4584950188887254
776 0.4975120100722981
777 0.09133963871992445
778 0.8395851788980191
779 0.9393195318412463
780 1.0815605511100808
781 0.8363317281007605
782 0.7676388402822567
783 0.7267413547072268
784 0.7168626296865735
785 0.9981908022406546
786 0.4779340072823711
787 0.596765592699612
788 1.221020995313758
789 1.3094557332858374
790 0.066517410413305
791 0.9491608818756553
793 0.0018913246899808758
792 0.9178890600318896
794 0.9985699622129588
795 0.9247644265862179
796 0.30870774218790514
798 0.14848390844981163
797 0.0023752909752699147
799 2.289908761552325
800 0.96219023889401
801 0.921038233923106
802 1.4739013938659196
803 0.4032944263953056
804 0.5304750211640278
805 0.6786905104648481
806 1.0579645902205348
807 1.8378371792745918
808 1.0323575225508284
809 0.6679850127375502
811 0.9933775568289205
810 0.30710841023068675
812 0.7706648545490208
813 0.9335614900351822
814 0.9603581130556202
815 1.8949295695807282
816 0.4175185002892374
817 0.7260542560446972
818 0.8762525144502841
819 0.07103380059181144
820 8.056556274003391E-4
821 3.3987933390297527
822 0.026478630066179263
823 0.22784226163566448
824 0.22789961640986778
825 0.6915954433257018
826 1.487945973928654
827 0.055495859077585974
828 0.6886895381207565
829 0.5286411265819045
830 0.17646211845413287
831 0.20798404251163166
833 1.3053405298513834
832 0.0054620242317018125
834 1.531744511369253
835 0.2959252961820932
836 1.7539366787760473
837 0.7378176842296182
838 0.8876893527827605
839 1.0932218889492291
840 0.7938626736586728
841 0.264725927116441
843 0.6038852638532812
842 0.8131699716753794
844 0.06522154817239373
845 0.7558340445461059
847 0.3053309266946908
846 1.4980518395770281
848 0.4221165951350029
849 0.8033848757696238
850 0.7413617728312138
851 0.6308352383095227
852 0.7941997762048394
854 0.4468047745594159
853 0.9380872749293041
855 1.1842591076519584
856 0.6717555067448561
857 1.8383175344659728
858 0.8534345046452604
860 1.6352299792349168
859 0.9991538698107614
861 0.18254685442009194
862 0.0013381949386795141
863 0.17486653535257718
864 0.8108960869948539
865 0.5989783755896569
866 0.9362778000974722
867 0.3864882727967623
868 0.6287962166339335
869 0.9446547643095767
870 0.6546416531118118
871 0.8003500512506719
872 0.2920813493429905
873 0.7977561437023153
874 1.0663886342013427
875 1.2158258572922618
876 1.0292431287051254
877 0.5302590536288122
878 0.4065335867487873
879 0.05515506422883527
881 1.2679884581174719
880 0.8572750027471806
882 0.6582377273849676
883 0.9660553865020945
884 0.9808780142001844
885 0.8493963573969883
886 0.427681136911445
887 0.4072860489823305
888 0.3862634198167001
889 0.9085630084247697
890 0.8773041700199461
891 0.9674287038351153
892 0.17741678334631725
893 0.7806439225450106
895 0.956082941738235
894 1.2927852941070483
896 2.3910936698631193
897 0.8813763597145514
898 0.9075247716419393
899 1.7978939183503286
900 0.958350101551951
901 0.11228161077346234
902 1.239718931432629
903 0.7915050372654765
904 1.4241405689737854
905 0.0780451249110111
906 0.7643007372072914
907 0.8221295884522672
909 0.5350111543793801
910 0.530469124441789
908 0.4787826435574772
911 3.316705816335423E-4
912 0.7839958864365919
913 0.8659742871116837
914 0.8215844727572332
915 0.8571440547964156
916 1.0619621061822415
917 0.9269601050781077
918 0.9921499803445066
920 0.7420454803429647
919 0.4419490188182136
921 0.9994237903219466
922 0.20820634375918953
923 0.8366439159079803
924 0.6195074455462092
925 0.5288077365506341
926 0.722182835008201
927 1.0891605357337546
928 0.20419189575311583
930 0.8624946506465809
929 3.5793746541929514
931 0.6090580595497312
932 0.6612683020501123
933 0.21390310987378888
934 0.7195966920806197
935 0.12412014853269396
936 1.2065777304706509
937 0.3148915326952243
938 0.17727948016830655
939 0.8665259520491557
940 0.6628523164157293
941 0.29698694479752463
942 1.0125832799217012
943 1.2616862710325176
944 0.02300620006162607
945 0.9077934635598417
946 0.5750452738433943
947 0.45196946223391904
948 0.4690286085458072
949 0.5798272800888953
950 1.2091398052280498
951 1.2133917181079066
952 1.026529399259801
953 0.1330435612959667
954 0.0024089093497243245
955 1.0755682891353178
956 0.9706565463511739
957 3.5212806890304322
959 1.2820676565672542
958 0.9327904820394348
960 0.9557038434238077
961 0.7817484091046583
962 1.9412995101811015
963 2.296642196316733
964 0.9174257810877043
965 1.5640460163392813
966 0.4235463998351293
968 0.9471274395974778
967 0.7646731578727526
969 0.8170274659746063
970 0.9127065254499145
971 0.8821594680852898
973 1.0
972 0.8514531144597254
974 1.0655024770759558
975 0.8497479039388489
976 0.14812456389886394
977 1.003422495509686
978 1.4450239344366687
979 0.8942785796959656
980 0.990181284310257
981 0.3472636805154619
982 0.9544208517680208
983 0.8322499424677227
984 1.0069012184908555
986 0.37258002838494386
985 0.9925881715044542
987 0.9687949536129251
988 0.24851358704273088
989 1.1378862291657852
990 1.6582818893411913
991 0.8063837751831572
992 0.8511200448181501
993 0.8710637825510505
994 0.17729430493285975
996 0.3677856811044732
995 0.08094110964642103
997 2.3070258641752632
998 0.6546786109309862
999 0.996863771584651
1000 1.289334753109424
1001 1.4464802719107768
1002 0.9711388544585492
1003 0.652650350303565
1004 0.09154642587032993
1005 0.5297683514182367
1006 0.36300863951015594
1007 1.042154892032824
1008 0.8505959347759174
1009 0.4524144593325265
1010 0.03557868125521524
1012 1.2116785943099169
1011 1.5027232709318106
1013 0.3749268715150849
1014 1.4484221626424658
1015 0.8560412939264501
1016 0.39889501467803146
1017 0.7297014984497009
1018 0.9735739348475878
1019 0.9160933153760991
1020 2.1740910392243546
1021 0.9908457115740492
1023 0.603152918196113
1024 2.173097633515161
1022 0.010315223516121838
1025 4.247278650038902E-5
1026 0.2612416474103092
1027 0.46918063678272004
1028 0.0013931383693283953
1029 0.4391762873073426
1030 0.28628981357327643
1031 0.15702295233647195
1032 0.8908545625203833
1033 0.16939729742927703
1034 0.8245681248401939
1035 1.0127521496298835
1036 0.9603555431376494
1037 1.0572540801941548
1038 0.4943750450416717
1039 1.166549298844775
1040 0.6933429807500978
1041 0.979351835728266
1042 6.087982036504853
1043 0.8114141026146823
1044 0.6052138501484585
1045 0.3540838313472059
1046 1.076574945386996
1047 1.371480955570134
1048 1.0487146815269501
1049 0.9372798889341097
1050 0.4463562426532725
1051 0.5187125639565158
1052 0.7929795713883218
1053 0.26650667406110196
1054 1.7205674392459969
1055 0.6950496000798753
1056 0.989216303767639
1057 0.6515368693900793
1058 1.6628505296677836
1059 0.7273542636301981
1060 1.10654828233575
1061 0.8760693661221262
1062 0.9525392954455327
1063 1.1681341098547966
1064 1.5305593656784462
1065 1.222556540311028
1066 0.6868875190352832
1067 0.935123823913196
1068 0.8131559638010922
1069 0.823310950278219
1070 1.4841471422348067
1071 0.08214965205956479
1072 0.43717974033081203
1073 0.1675007359674963
1074 1.4948772474676635
1075 0.09266550103812296
1076 1.03462235654229
1077 1.0247456938619026
1078 0.5359847714800933
1079 0.979827333138679
1081 0.025861147487615106
1080 0.38871062256197186
1082 0.9651836004787907
1083 0.6086834260207094
1084 0.719948744444979
1085 0.5814959204494335
1086 0.613316740453037
1088 0.8990823017206614
1087 0.5387866655256472
1090 1.2819840675322616
1089 1.404564972237679
1091 0.7472687266201862
1093 0.7880062245365052
1092 0.3547105275590269
1094 0.1685164088349039
1095 4.825111366296349E-4
1096 0.6633111584372076
1097 0.5862698469864783
1098 0.7433254887341579
1099 0.046460197994396685
1100 1.3240813343944822
1101 0.5604629302354667
1102 0.9798076690598364
1103 0.9813108668849342
1104 0.13347868588545778
1105 0.635343924966461
1106 1.786018630686576
1107 0.7635964843185041
1108 1.0307029058306363
1109 1.0663934306926424
1110 1.1372836334403895
1111 0.09563757661777313
1112 0.7706259280921286
1113 1.3827123664770171
1114 1.0215570911649825
1115 0.9503203374260566
1116 1.1161509944602954
1117 0.1824678549428272
1118 1.4017859646788513
1119 0.39467477339086654
1120 0.916985329771769
1121 1.1667654927408562
1122 1.4529821193152894
1123 0.9900298040202092
1124 0.5563419790520429
1125 0.6414313194868433
1126 0.9931054957671354
1127 1.2594631210540352
1128 0.96486509920973
1129 0.9863647632381298
1130 1.3866869824157646
1131 0.8778837918722464
1132 0.378189664958131
1133 0.23860036418389624
1134 0.08818998966459832
1135 0.015046214058565143
1136 0.49077546840066244
1137 0.4710019003660907
1138 1.3457812140183778
1139 0.5171071999566789
1140 0.9283071556775412
1141 1.1799868953904207
1142 0.788372711401289
1143 0.8284578435798473
1144 1.0267483179431356
1145 0.9778848858483408
1146 0.8838784571679108
1147 0.7346811894310995
1148 0.8778873794104933
1149 0.8540077617373885
1150 0.9602402584250658
1151 0.7361718965258127
1152 1.1369117539694464
1153 0.27835436428748805
1154 0.6447300415052677
1155 0.14428820871301548
1156 0.9949852529996932
1157 0.31506069950619064
1159 0.5119192049654651
1158 1.1730996999183012
1160 0.8929269689279721
1161 0.9226950972917827
1162 0.41604484505684064
1164 0.810441908337745
1163 0.7519263816025941
1165 0.9887795453278271
1166 0.17151014615115653
1167 0.7331830275545035
1168 0.7108724986786203
1169 1.2881336873395322
1170 0.5311078006296366
1171 1.0773897150860245
1172 0.04179063497622518
1173 0.525979453293011
1174 0.4800071283162903
1175 0.496115376500499
1176 1.5434570362180289
1177 1.6783701646441096
1178 0.43390400486048863
1179 1.0254542414379053
1180 0.6893656107337922
1181 0.813977182983888
1182 1.8836624368880124
1183 0.8125606939092409
1184 0.43760657817174636
1185 0.9131133178904074
1186 1.0380679622353222
1187 1.2128759303103447
1188 0.9848416202001734
1190 1.1682710751691723
1189 0.9336188156894687
1191 0.8268779524402384
1192 0.17857329723745813
1194 0.15454841755158313
1193 0.8643441160109013
1195 0.3936869470287369
1196 0.41222836011641495
1197 1.0645945350791823
1199 0.9612623953764596
1198 0.9382542387296623
1200 1.8561047389639675
1201 0.1870948042547975
1202 0.639135937879496
1204 0.8088130816388868
1203 0.8255398048879227
1205 0.566742262747111
1206 2.0265974088653373
1207 0.9288536912546792
1208 0.9036430093532913
1209 0.2409493701106528
1210 0.519375320612113
1211 1.3331749147564051
1212 0.9238658156297036
1213 0.43475393527484835
1214 2.3370796059466774
1216 0.971612895328515
1215 0.6313903787009909
1217 2.044790745071059
1219 1.345640789101748
1218 0.23864031316963208
1220 0.697897111107349
1221 0.9866321207991632
1222 0.6495422024916289
1223 0.9121545465524324
1224 0.007329258872262215
1225 0.6775981945233576
1226 1.0151995999593995
1227 0.5149401853054749
1229 0.9982742980978905
1228 0.8879643182843537
1230 1.0148166722718512
1231 1.2475632429698424
1232 0.7845484211350295
1233 0.8921668142230025
1234 0.3753193378599719
1235 0.9690501361925613
1236 1.014500785720936
1237 0.12499823594984508
1238 0.7571472162596864
1239 0.3619984098483572
1240 0.9456927457707027
1242 0.8051004426523389
1241 1.0352480297696844
1243 0.8779081393449061
1244 0.5108177463487319
1245 0.9203801843328325
1246 0.3654642809827626
1247 0.6840950522918438
1248 0.9171646925626779
1249 0.6955563994578065
1250 0.7258442543362281
1251 0.6527264419768544
1252 1.3087915772321852
1253 0.02621583864428347
1254 1.2824815791966713
1255 0.9795910136713
1256 0.0
1258 1.2811072359089364
1257 1.4606330700572467
1259 0.9471730669282497
1260 0.29219806049711755
1261 0.014933962486868782
1262 0.0954162159963263
1263 0.8867882070464815
1264 0.16973673158756325
1265 1.0222524681670015
1266 0.6045506798160186
1267 1.5492508816940962
1268 0.42397418218236144
1269 0.26733708721708543
1270 1.0201883822359137
1271 0.8181357672646989
1272 0.38446004338988315
1273 0.7919777593130392
1274 0.9596140131015424
1275 1.048771960076368
1276 0.23172991697334472
1277 1.1539298888113882
1278 1.0186915653294422
1279 0.5971942708918303
1280 1.4765699633671616
1282 0.9152558391735841
1281 1.3121087439473285
1283 2.387405647557562
1285 0.7649065659780363
1284 1.3264290815522157
1286 0.780290837796839
1287 0.752222194879572
1288 0.757210289867611
1289 1.1811612422303905
1290 0.6220111632558358
1291 0.933471132421795
1292 0.8850296927493685
1293 0.9819937142418084
1294 0.5111028503666217
1295 0.7503529619168139
1297 1.6980579643154234
1296 1.1303944615768373
1298 0.8524619148475614
1299 0.8488670897011059
1300 1.2259810786226284
1301 0.9647620023562946
1304 1.4940789591531993
1302 0.7070114776117374
1303 0.5546111051559011
1305 0.9908214017051636
1306 0.09553139689580128
1307 0.4882274362906497
1308 0.6790432138366227
1310 0.9351975681248467
1309 0.5854485790277186
1311 1.2115071011653373
1312 0.018539253762781628
1314 2.8262368667905866
1313 1.4199992492285938
1316 0.8207519981672974
1315 0.9697237490997673
1317 0.8684712376995454
1318 0.13377304942036697
1319 1.8093079673138257
1320 0.9788544428248731
1321 0.9926213516491877
1322 9.281761655799248E-4
1323 2.0251392914194155
1324 0.40735482696263114
1325 0.9100416616983864
1326 0.5010013518333752
1327 0.7312577473196032
1328 0.25854739797798904
1329 0.5545667625931444
1330 0.6331344885526973
1331 1.3563022821380089
1332 2.2450829208854644
1333 1.194444700376257
1335 0.47414913201761705
1334 1.2620463835990656
1336 0.9869674636127362
1337 0.9649681220314641
1338 0.9636607327581839
1339 0.9940932043938231
1340 0.8234589792564181
1341 0.5808487728635593
1342 1.2325137453807744
1343 1.1865875536781203
1344 1.1009943431265647
1345 0.9596108492564814
1346 0.9397644359479722
1347 0.06609072374640271
1348 1.394754759691452
1349 0.8460847753492248
1350 0.5004507023722576
1351 0.726818146686631
1352 0.9919136053608945
1353 0.4879126110574173
1354 0.7145969448210496
1355 0.02419720325518009
1356 1.0260909201517998
1357 0.9361077284456691
1358 0.9367080181437548
1359 0.51245835964629
1361 0.8681549042348001
1360 0.988181055184046
1362 0.9185389415449003
1363 0.9905211224274324
1364 0.9390585308151442
1365 0.2151636490082157
1366 1.2939382194908282
1367 0.9658283788995801
1368 1.3640765948589437
1369 0.9391800887433378
1370 0.9599162327993931
1371 0.4556190349730266
1372 0.6514665460597548
1373 0.9559893275763696
1374 1.531312489486614
1375 0.9043946788678516
1376 0.743452866219525
1377 0.8859061378358888
1380 0.8612721854468169
1378 0.4947280325978395
1379 1.2254700670976246
1381 1.2126543232749691
1382 2.1988122532957872
1383 1.0846562917361657
1385 0.10579484958037896
1384 0.6049462339958279
1386 0.8353501393613321
1387 4.139289761763082
1388 0.5110081182841177
1389 1.1040810556261376
1390 1.0635615369166034
1391 1.017803500755065
1392 0.6886123688832805
1393 1.2829985413706024
1394 0.8537288301641923
1395 1.0725577867982476
1396 0.29079883742736307
1397 0.8930154776337768
1398 0.7147950712248499
1399 1.1622661759977044
1400 0.9894292796466223
1402 0.7476801125849798
1403 0.5568171054855571
1401 0.26872073225665655
1404 0.897422633204232
1405 0.8950339570211135
1406 0.5950993015489191
1407 0.8931620424505707
1408 0.3430001979789622
1409 0.36661402924774633
1411 1.0299586480638885
1410 0.2982916637316401
1412 0.8802116356773821
1413 0.41810557577645086
1415 2.95944572862105
1414 0.18878533711133588
1416 0.962504380139633
1417 1.0104568666596285
1418 0.7763694349849293
1419 0.5467499881171325
1420 0.19462153034268595
1421 0.09622546423380389
1422 0.8293300474079586
1423 0.25690986578331965
1426 0.2073051514386946
1424 0.11372571841087209
1425 1.2803724700933872
1427 0.979664578848861
1428 0.20324984865243664
1429 0.09874900105278445
1430 1.108176937501938
1431 0.999292913620747
1432 0.8255089669070591
1433 0.496717999697336
1434 1.9271374184904662
1435 0.9688307351188163
1436 0.42342779282510673
1439 0.9888371029269415
1437 0.9358747949817086
1438 0.7726829063733469
1440 0.6149872513325969
1441 1.6852506232788833
1443 1.1053045760378297
1444 0.5955159064397335
1442 1.5723515098396634
1445 0.7303332626377953
1446 0.5201707327242571
1447 0.9034098463967213
1448 0.9578298908540104
1449 0.7027757803510679
1451 0.7426980930684868
1450 0.9813041712847869
1453 0.7971933998480896
1452 0.4406887804653694
1455 0.9074686063693418
1454 0.948504219424577
1456 1.2670867422741068
1457 0.46021596869822856
1458 7.566769587258265E-6
1459 1.6144241393030445
1460 1.0121167596539271
1461 0.946122031150666
1462 0.7375992894610811
1463 0.9009220780792675
1464 1.5497304071808113
1465 0.6208478642258439
1466 0.4396681805726585
1467 1.726588992097433
1468 0.9647577149388008
1469 0.6676719122197566
1470 0.21720362194775786
1472 0.5816995880509914
1471 1.1383633518232743
1475 0.37911648010104587
1473 0.862681670955356
1474 0.9948345127349306
1477 0.8322481171283285
1476 0.2567471038567083
1480 0.4697120983624431
1478 0.9831629234801125
1481 0.7878982333451877
1479 0.6924891965855788
1482 0.8073843979864821
1483 0.8843734250412446
1485 0.3374153582429325
1484 0.9430790839651393
1486 0.03339930096727932
1487 0.9391336557254238
1488 1.485003924659064
1490 0.8637608268479445
1489 2.5065585578380944
1491 1.045810488593111
1493 0.5910506044289902
1492 0.8479688845427688
1494 0.999008215480381
1495 0.5827021995169827
1496 0.9955889562607207
1497 0.6443674773425164
1498 0.6590032233126744
1499 0.9267978654981405
1500 0.626639385345954
1501 0.6857084062929736
1502 0.6299644126483464
1504 0.7892610839952603
1503 0.9148727885755495
1505 1.454927920652177
1506 0.9564811891047392
1507 1.1481442256332353
1508 0.5857925373196552
1509 0.37898504625590856
1510 0.001567608105337968
1511 0.9298256469577353
1512 0.8748154561548329
1513 0.3458159154984047
1514 0.5992661259100721
1515 0.9917622998702251
1517 0.3212275849804245
1516 1.3459229356902087
1518 0.6831447040395138
1519 0.20766309990564633
1520 0.854311991048353
1521 1.8259696875786942
1522 0.9914468301815235
1523 0.7083631707041635
1524 0.7829002495125912
1526 0.7647264029404004
1525 0.8675751824395096
1527 0.203287783764764
1528 0.9122076087588458
1530 0.8382255574666364
1529 0.9125375681498167
1531 0.4508606865465019
1533 0.9019940512096781
1532 1.4619269262468657
1534 0.9315450316117336
1535 1.6098662234050427
1536 1.994996095752612
1537 0.5523461592819849
1538 0.08127782772831069
1539 0.34495883669010513
1541 0.9545092693383501
1540 0.8964841199438516
1542 0.9564623907901605
1543 0.46364417290821813
1544 0.5073790701908595
1545 0.40403232654104554
1546 0.68730922729554
1547 1.3155110316396452
1548 1.1183305457091925
1549 0.9513719132105952
1550 1.2809744231680118
1551 0.7777323402583974
1552 0.44868024346487667
1553 0.04821627769672785
1554 0.9396271776728501
1555 0.9087771498860229
1556 1.6064319983142823
1557 1.1231759052334327
1558 0.5042440726816141
1559 3.727949083993837E-5
1560 1.0775825350023733
1561 0.9952546377553323
1562 0.8851490057269785
1563 1.0495221286690306
1564 0.727118429288633
1565 1.2735533915933261
1566 0.7432828934970793
1567 1.9183130773049508
1568 0.47883042068019277
1569 0.7553170826882337
1570 1.4080992321616985
1572 1.5701137263303802
1571 0.26857447695603237
1574 0.5451279318788558
1573 0.9498909150145197
1575 1.2772653578414301
1576 0.967800899248605
1577 1.297194795030365
1578 1.3475813874578095
1579 0.5329197389086086
1580 0.9181520632263862
1581 0.6768684192575151
1582 0.5531510460691499
1583 0.9993191800874509
1584 0.6302691343263904
1585 0.9061391346841458
1586 0.9366867793137315
1587 0.9658965690425335
1588 2.500046488474422
1589 0.9823698863214331
1590 0.8694020414972874
1591 1.168636697933237
1592 0.651254642471694
1593 1.1052796697219496
1594 0.03266388789986498
1595 0.1391558227123175
1596 0.8662708025087608
1597 0.17917277335369364
1598 0.7498916865571695
1599 1.0847475976003385
1600 0.6183680967039055
1601 0.45730833902035833
1602 0.9844455647437591
1603 2.4717304120451185
1604 0.9358761856868733
1605 0.8025004770998106
1606 0.6288498824218473
1607 0.9697072498814885
1608 1.1075771947371873
1610 0.28791432285816687
1609 0.5876871977954043
1611 0.6452304601900525
1612 0.7917431432043069
1613 1.5660615753461264
1614 0.591960120341102
1615 0.8455137210817458
1616 0.5650923216564816
1617 1.6720535613331033
1618 0.927856423457338
1619 0.5776129327427386
1620 0.10172704376464613
1623 0.10346088790210384
1621 0.17152116648747606
1622 0.8585257035057432
1624 0.5617664378220455
1625 0.9562417626535625
1626 0.6125044076568157
1627 0.9967794539299715
1628 1.0378008235691012
1629 0.6944558245246323
1630 0.5858369957029943
1631 1.6945091827006664
1633 0.035563241960018234
1632 0.42438177019106593
1634 0.8794376604821185
1635 0.27426945307875344
1636 0.9245738459582468
1638 0.8150244218606277
1637 0.881603975955529
1639 0.5483685714565996
1640 0.803909506167013
1641 0.7911374217550646
1642 0.7569373333130048
1643 0.8288863727326798
1644 0.9460748919177973
1645 0.4458262727028979
1646 0.45905417305023366
1647 0.7585450390529392
1648 1.0341373879661544
1649 0.9449120954478111
1650 0.6557518767503632
1651 1.3858897815128577
1652 0.8887493722270267
1653 1.6760839864365404
1654 0.1747126229469447
1655 0.711041987217631
1656 0.9052068366554098
1657 0.44967271062348213
1658 0.6825725141147586
1659 0.8057375216028038
1660 1.5832559496249818
1661 0.6242775947214254
1662 0.15193962049616536
1663 1.0561552412240265
1664 0.6463977729400561
1665 0.024238828108217075
1666 0.73572991761602
1667 1.3367888183059182
1668 0.3913540462053894
1669 1.1191718672937232
1670 0.6482288887866996
1671 1.2812995170889228
1672 0.41689079594912565
1673 0.05553244820624816
1674 0.41029300167626787
1675 0.19642667850433423
1676 1.2019477582832205
1677 0.7581248104480183
1678 0.15618395862398102
1679 0.2593046439337813
1680 1.0148599828930545
1681 0.9860100509566113
1682 0.8680621354742636
1683 0.9690459185884406
1685 0.23844666133704906
1684 0.9092830701003123
1686 1.387429944844975
1687 1.8462816837929374
1688 0.804097075990854
1689 1.8335934842742914
1690 0.09813791812621551
1691 0.9868095460426184
1692 0.8503365861693271
1693 0.1810010804523416
1694 0.8344336281783828
1695 0.9007452859841009
1697 0.9894529626610818
1696 0.4779857026982502
1698 1.2267553548267187
1699 0.4823662993328485
1700 0.6437702511213262
1701 0.6626242185994402
1702 0.9726289337301582
1703 0.838650684885671
1704 0.28835833653338167
1705 0.4812004496000465
1706 1.0585921907498201
1707 1.285726723916143
1708 1.5627550862970618
1709 0.9812160266943784
1710 0.5280634875533097
1711 0.8982859311371014
1712 0.8499872297265882
1713 0.7745354920005574
1714 0.17626205410367113
1715 0.6935507462554019
1716 0.2624746883841524
1717 0.5691931208754711
1718 0.09328635230786422
1719 0.876899105351331
1720 0.6692791368953943
1721 0.4686540954606561
1722 2.0668352056390544
1723 0.46351517356904154
1724 0.20767217780955052
1725 1.9752314391926729
1726 1.8045702099385854
1727 0.9996601283831147
1728 0.40758751561666073
1729 0.19804330343322896
1730 0.8659167318832177
1731 0.07022424066104438
1732 0.054415137597514214
1733 0.43815548512588015
1734 0.9711852753450587
1735 0.9978910837406364
1736 0.4194127204115269
1738 0.9754831757335747
1737 0.646613198819803
1739 2.5027769920890495
1740 0.5229297931708272
1741 0.8977448294063507
1742 0.9427093432983843
1743 0.9899980418552511
1744 0.7935816267942523
1745 0.9061569329863847
1746 0.06291137509467266
1747 0.8520853375437506
1748 0.276536408015274
1749 0.5667996399383977
1750 0.12443710894579577
1751 0.39912524210785905
1752 0.41606050237527437
1753 0.3723745970814475
1754 0.22155763799207584
1755 0.270753762958828
1756 0.8844473550548303
1757 0.7157860190423214
1758 0.09597023998989639
1759 0.24329309493067397
1760 0.6410332318929091
1761 1.0540222664424987
1762 0.8859774387597534
1763 0.4614988169358512
1764 0.5577674802531966
1765 0.7402289260391959
1766 1.2847590409247598
1767 0.5260812108428118
1768 0.9694569119678925
1769 1.0130774207960888E-9
1771 0.10443839317325025
1770 1.194231348551727
1772 0.59934881055114
1773 2.0844060695249835
1774 1.4302562924815294
1775 0.5551263114853492
1776 2.001041813684095
1777 0.26764329898289274
1778 0.2555327899451006
1779 0.11554011819545244
1780 0.002815665234960168
1781 1.012004296971889
1782 0.867556221919282
1783 0.5712640064037681
1784 0.7142987222442984
1785 0.9962356304084873
1786 0.9387490118561402
1787 0.5413181731291261
1788 0.9949190851839271
1789 0.36040896054619725
1791 0.5648584764019815
1790 0.8112640791971341
1792 0.7904337715122381
1793 0.8329097223600324
1794 0.28892274606704116
1795 0.6485744201882803
1796 0.538704828436107
1797 0.8991970892880904
1798 0.9758131760152897
1799 0.313113297187965
1800 0.5554286581054505
1801 0.01479825736421472
1803 0.9034418279814698
1802 0.9055432135283579
1804 0.14529978749108685
1805 0.9918083793017541
1806 2.1076145687059737
1807 0.08721483200756086
1808 0.8644388794164907
1809 0.33778126672125713
1810 0.474978512261178
1811 0.7733717511362472
1812 0.6390915814477072
1813 0.5350995415874664
1814 1.0600452872236428
1815 0.9534334860702047
1816 1.5602442521719482
1817 0.6499143591064226
1818 0.007981558410117183
1819 0.7143095657688825
1820 0.17099298261951876
1821 0.8044745043551278
1822 0.796249545069514
1823 0.6955012408346674
1824 0.8399390541029431
1825 0.37688867239538
1826 0.5055067500077591
1827 0.9504033339983449
1828 0.901473659792827
1829 0.6542789210254502
1830 0.08168250237072275
1831 0.8100850764590383
1832 0.2865289362802487
1833 0.609085635025509
1835 0.8268826327976818
1834 0.7026528254258044
1836 0.7345583165728383
1837 1.1872523464869642
1839 0.7347384553994267
1838 0.6560370117104738
1840 0.8679878764345097
1841 1.4132971906963188
1842 3.4047358450334575
1843 0.29225439856334734
1844 1.3246810335496964
1845 0.9990796881901789
1846 1.4704631714904828
1847 0.331275947288158
1848 0.4407199354341928
1849 0.8459618207921359
1850 1.068109246806924
1851 4.10370481102726
1852 0.9749934445152844
1853 0.3735315827942534
1854 0.04706526540380413
1855 0.20921377186718357
1856 0.8743726231195789
1858 0.8684221219152434
1857 0.8387283086367266
1859 0.040273681728506934
1860 0.13626207307312416
1861 0.05526399799600752
1862 0.8881931651000948
1863 0.9413127219994222
1864 0.9880472936457162
1865 0.9672540053826955
1866 0.9863910791679603
1867 1.1391737118171426
1868 0.6457222737194465
1869 0.23596147777255316
1870 0.1047873630656611
1871 1.608846803899827
1872 0.5090759857492788
1873 1.6451568391476377
1874 0.7567260365129822
1875 0.5804015145706561
1876 0.6113361906821025
1878 1.4573948025622852
1879 0.350761693635602
1877 2.16960350905
1880 0.938021863433038
1881 1.6356427463867034
1882 0.6148205738212817
1883 0.5752058822275863
1884 0.9803649210697656
1885 0.057138700013749176
1887 0.8816507166479923
1886 0.4392292406840435
1888 0.48344969223339185
1890 0.3975039500483802
1889 0.08733037357051561
1891 0.7989227220547351
1892 0.8754947961928238
1893 3.2844351655429618
1894 0.9594878983003975
1895 0.8279090360911519
1896 0.8189685448986466
1897 0.701973653292722
1898 0.9847800554832913
1899 0.9437104179390207
1900 0.34921981156434484
1902 0.3968902395897639
1901 0.9347096553374542
1903 0.7565906837677933
1904 0.9621188781746118
1905 0.13449060408329422
1906 0.8711042324151925
1907 0.9984253806335366
1908 0.9751929069860757
1909 0.31922556121996676
1910 0.9987169117923018
1911 1.6071393892386114
1912 0.1927882261415724
1913 0.6861571562631412
1914 0.7958590015270042
1915 0.6316526338681934
1916 0.09058543329181304
1917 0.8634611119947491
1918 0.9900042876487417
1919 0.539695564634341
1920 1.629789033789228
1921 0.9264784540085137
1922 1.4950876750271513
1923 0.1610861008604418
1924 0.38277924154933185
1926 0.7263402376857341
1925 0.17823729644583017
1927 0.9924849668641196
1928 0.9098602198735065
1929 2.5911806019859136
1930 0.04255157445044576
1931 0.037874884211583165
1932 1.090156815871007
1933 0.7889856923588475
1934 0.49918984749072937
1935 0.19316290528073193
1936 0.639987477437309
1937 0.9533681533208054
1938 0.009707615577343223
1939 4.022134719477998
1940 0.34860780767032823
1941 0.9787641789395445
1942 0.9480796911316133
1943 0.582484732920472
1944 1.1205162684104257
1945 0.6415507428758705
1946 0.4285687419876929
1948 0.8926442139269756
1949 0.9406091565277441
1947 0.27049271075070347
1950 1.8360192044864676
1951 0.05843555720725044
1952 3.141802216533129
1953 0.45329984033665566
1954 0.8766436344470003
1955 0.9101145030909885
1956 0.7745883953299294
1957 0.36160845434238437
1959 0.31744761267830357
1958 1.1808463532316562
1960 0.5266353146862973
1961 0.878808609304326
1962 0.7689602190557339
1963 0.7141922845297102
1965 0.20463114318197756
1964 0.876272135375398
1966 0.21114250972265586
1967 0.9501290324500214
1968 0.944564825128098
1969 0.40548981845971194
1970 0.7865895998853778
1971 1.4845758319356563
1973 0.21871067591380425
1972 0.7389306414417783
1974 0.9992205804415311
1975 7.745386111935813E-5
1976 1.1116558876725022
1977 0.263309100174777
1978 0.7298101321717342
1979 0.9589059457345017
1980 0.09144768601364346
1981 0.9354571672992685
1982 1.0236548684641305
1983 0.9222908693579733
1984 0.9660805628761319
1986 0.9415555845891679
1985 0.6724793797949293
1987 0.4659494572446747
1988 0.46166427181857483
1989 0.9739761003233199
1990 0.7632582693537359
1991 0.18255417929655562
1992 0.8839353406634154
1993 0.9612704344078152
1994 0.8192555348758901
1995 0.4652490940432119
1996 1.223116812291644
1997 0.10252463465234671
1998 1.2186607151649689
1999 0.7021177922191081
2000 1.6908617066483898
2001 0.8905105717746711
2002 0.8918521668251965
2003 0.9211293066197459
2004 0.8993871452296055
2005 0.8666562918641354
2006 0.9376904946692877
2008 0.3090662867760086
2007 0.8550372984684736
2010 0.8547405676149935
2009 1.0
2011 1.1816803512207308
2012 0.3186179579886236
2014 1.326483991995091
2013 0.6794959392577521
2015 1.1387385710994367
2016 0.9361217572427785
2017 1.6199125316567147
2018 0.7275715620406861
2019 0.953686475135618
2021 0.9594842549919974
2022 0.972014520225059
2020 0.9795882279169966
2024 1.66840321868798
2023 0.799727762020003
2025 0.396546685192736
2026 0.06745141529904161
2027 0.8611741533576601
2028 0.6498471971952474
2029 1.2247765377038637
2030 1.0024639104546607
2031 0.9674783291761875
2033 0.950708766012732
2032 0.849913418972324
2034 0.08508144380715207
2035 0.8954845079242689
2036 4.122861540014213E-4
2037 0.03482659862608437
2038 1.1437971912796219
2039 0.6875257719428333
2040 0.8503077380978921
2041 0.3673269462669403
2042 1.2164820334981044
2043 0.6766931739860014
2044 1.0478450993383126
2045 0.42680860832645456
2046 0.894846169211542
2047 0.6406851505458008
2048 0.4942578148657273
2049 0.001331506634928333
2050 1.1665710922492372
2051 0.7535941976427092
2052 1.6760772623342333
2053 0.7464605967491071
2054 0.28537953270904803
2055 0.7128911003249415
2056 0.5844975204028582
2057 0.8939473666261564
2058 0.9839837265296094
2059 0.33832254973076414
2060 0.152371901516369
2061 0.5350330348487297
2063 0.950297938611271
2062 0.8864729592298372
2064 1.3788126940296335
2065 2.148727872306942
2066 0.5635225517024987
2067 0.958954313321942
2068 0.20542000693718124
2069 1.0072471688838225
2070 0.9853041056091048
2071 1.0268708659355605
2072 0.7665332328527806
2073 0.8846618763779092
2074 0.44213504407461185
2076 0.5563565468438996
2075 0.9918532712212459
2077 0.7814453218482033
2078 1.945342015820646
2079 0.2671203478483497
2080 0.7269467741456725
2081 0.9352110815271205
2082 0.6726473589674203
2083 0.6153140651029174
2085 0.25569224230781634
2084 0.6206911543653242
2086 0.04657656551266948
2088 0.2752310777810538
2087 0.6635833646515219
2089 0.5965289712962625
2090 0.9778170683544825
2091 0.9404431544912998
2092 0.9323742063536979
2093 0.6701498831054045
2094 0.23932215786268257
2095 0.3891063612683869
2096 0.6738524132865107
2097 0.2413118709410047
2098 0.5287612277183178
2099 0.9771532761949748
2101 0.7470148518290232
2100 0.9087338432256217
2102 1.1478727977104148
2103 0.4973242142272364
2104 1.3195396130584498
2105 0.6268223906555627
2106 0.4773577965534124
2107 0.2459190032898354
2108 0.4130830090969289
2109 0.9873213042212765
2110 0.5949828546481727
2111 1.4042962569245574
2112 0.8709173075846872
2113 0.8234405390480388
2114 0.675473542532382
2115 0.9131339337037979
2116 0.9386534333294926
2117 0.2036854359759482
2118 0.8868540633041914
2119 0.7316203978923049
2120 0.39210519051821285
2121 0.886986818115097
2122 0.1318581241574123
2123 0.6780917750447052
2124 1.3469141380707774
2126 0.9669278687234636
2125 0.18880404165255044
2127 0.8670466478504599
2128 0.03677971857454155
2129 0.7765144907860603
2130 0.7953981748020958
2131 0.05698482205113617
2132 0.8402745503006288
2133 0.9748101979812984
2134 0.003717937085764437
2135 0.14517260567848608
2136 0.8126110754714215
2137 0.8715557076832648
2138 0.3062878462243741
2139 1.0564923080026836
2140 0.42407113756374093
2141 0.9599853281099398
2143 1.0847588644634358
2144 1.025812507452866
2142 0.44850517412641794
2149 0.3947388756645575
2146 0.5945316453009207
2145 0.13761242398932003
2147 0.9216861969703466
2148 8.985335373818302
2150 1.0150337635898428
2152 0.38911216783494684
2151 1.3061185795623098
2154 0.41236205490287114
2155 0.9850771450412155
2153 0.7196178113882917
2156 0.8238131091511558
2158 0.9554009170471666
2157 0.0449778071192594
2159 0.9976967426060078
2160 0.8437360752639748
2161 6.470689508375214
2162 0.8545864863927216
2163 1.2500051515120496
2164 0.8983906775939582
2165 0.9997585489093286
2166 1.0253755681180783
2168 0.4941056845888367
2167 0.18786675154476457
2171 1.3379357366778488
2169 0.9457940434085326
2170 1.1662688260361471
2172 0.7813287171725924
2173 1.4111477579187715
2174 8.74263483608759
2175 1.1904338956687086
2176 0.04652324676971454
2179 0.10470166385560745
2177 0.39594459731776177
2178 0.7395300685864447
2180 0.6481965610646944
2182 0.22214849687411942
2181 0.582425508952019
2184 0.019908993747071096
2183 0.8904385102399582
2185 0.19646476116119957
2186 0.43522193225370087
2187 0.7420072994669897
2188 0.5936351080497981
2189 0.1464993210599322
2191 0.36142810017993987
2190 0.2936179576169537
2192 0.937672755185918
2193 0.08078889334487704
2194 0.9255023090970841
2195 0.6302365726932495
2196 1.651143729865983
2197 0.08618572170850082
2198 0.7310805953827094
2199 0.7800871056710913
2200 0.7642109267722597
2201 1.0734810415229172
2202 0.3266078546030254
2203 0.3332071506815019
2204 0.4148565530043222
2205 1.215491878022699
2206 0.017184150506344944
2207 1.65576383829362
2208 0.7868980656661287
2209 1.871396449728497
2210 0.7423624169586838
2211 0.6788585573096999
2212 0.6229544313210872
2213 0.47223970107409363
2214 1.5351831796207656
2215 0.8647545583147553
2216 0.8538453475868426
2217 0.1087673298587939
2218 1.45296559215729
2219 0.2801043506537784
2220 1.6673521628538315
2221 0.7855136102346343
2222 0.10294960193648217
2223 0.7075463525707834
2224 0.5454486132001467
2225 0.9474416969590493
2226 0.7414376111878254
2227 0.7775847677697776
2228 0.77706100109791
2229 0.45496521057519507
2230 1.0642130156117682
2231 1.4926777246726433
2232 0.43712836150734685
2233 0.13443783568575954
2234 0.48206060469171313
2235 0.5003086898872293
2236 0.06182874728368168
2237 0.8541650013921116
2238 0.82242961087642
2239 0.4326642629490921
2241 0.38467930786097854
2240 0.05232215018697567
2242 0.6868159054873461
2243 0.8892332310805958
2245 0.9159578803694517
2244 0.8620430091376667
2246 0.640955445033129
2247 0.6507380053254703
2248 0.9851459691901842
2249 1.1544403280492062
2250 0.7924125490330569
2251 0.9499824733651103
2252 0.14416978861414204
2253 0.9055979401836035
2254 0.49153759823282306
2255 0.003189620456487898
2256 0.806171977616329
2257 0.9614041657058298
2258 0.13935771942461056
2259 0.7257980894789183
2260 0.1605345838016629
2261 0.6691085012682453
2262 0.5442256270270219
2263 0.562274591374498
2264 2.2615577193679237
2265 2.0089225784190075
2266 0.6485752532233338
2267 0.45116654606016976
2269 0.46794361991572775
2268 0.23899358475696025
2270 1.22019680704565
2271 0.9855946248311424
2272 0.19430273963646863
2273 0.2673587164922709
2274 0.39328162388904425
2275 1.3489332806279632
2276 1.3138196816122658
2277 0.36919877224944786
2278 0.3843866673530674
2279 0.902470263498823
2280 0.8464825092073338
2281 0.9324579512851674
2282 0.18652154233783153
2283 1.1274392934141544
2284 0.24747258241438927
2285 0.7903097704913778
2286 0.05242212863909494
2287 0.44448762591777236
2288 0.4845936237359871
2289 0.8946558588568033
2290 0.96561938226478
2291 0.8340242837426248
2292 0.04442554521386071
2293 1.0175475289231735
2294 0.8228254573610903
2295 1.8797352331452417
2297 1.2037636555046265
2296 1.136571319873084
2298 0.08052772268171995
2299 0.36514034596302947
2301 1.0117027078700898
2300 1.2520112685367475
2302 1.4584373123965104
2303 0.8735420032807945
2304 0.8331669874192669
2305 0.23081781185403497
2306 0.9566402501842585
2307 0.3941286478159285
2308 0.8294292695044835
2309 0.3691709080542587
2311 0.5865152287014012
2310 0.9844775981526697
2312 0.6007952528302916
2313 0.1941821359688279
2314 1.2444691563198487
2315 0.7406001421504997
2316 0.5559258377938096
2317 0.9347237890487513
2318 0.9548575128648966
2319 4.982526728046932
2320 0.8444872166646366
2321 1.7879875642600005E-4
2322 0.8849585011701819
2323 0.9241198068564787
2325 0.9249669624980736
2324 0.041429749557194355
2326 2.352064238293282E-5
2327 1.1800498615376662
2328 1.275196413293046
2329 0.49362189684376095
2330 0.817525504414516
2331 0.26858113090222285
2332 0.1388191056143687
2333 0.9328923853959552
2334 0.5219556563421629
2335 0.21389457284440766
2336 0.2979044229509777
2337 1.3956154472502063
2339 0.8981909062868522
2338 0.6423125380276328
2340 0.9328622563066
2341 0.7317953933013868
2342 1.049162990514997
2343 0.8693178051603994
2344 7.865961470744943E-6
2345 0.8946735501707043
2346 0.9457825158187764
2347 1.6364443188962452
2348 0.9231041664977739
2349 0.356679900574313
2350 1.438013606030618
2351 0.9891094741888212
2352 0.2700579845878453
2353 0.4981663115089536
2354 0.9837599262327067
2355 0.7405381505206206
2356 1.0135876132550596
2357 0.9054873654571536
2358 1.2348821885288523
2359 0.061699878463381486
2360 0.20516199202957577
2361 0.28780031566006314
2362 0.9527015140754523
2363 0.42213071435337585
2364 0.7430328489851789
2365 1.3063311467097851
2367 1.3924355181610395
2366 0.0066763371801812806
2368 0.5287386559299723
2369 0.8413127404774143
2370 0.022655376010423185
2371 0.07869073434023356
2372 0.1885686105220033
2373 0.8516913758832612
2374 0.7734023742946866
2375 0.9703901607735461
2376 0.9041673628458662
2377 0.12463652192632878
2378 3.1507038031022683
2379 1.459407828499073
2380 1.248268455786546
2381 0.47553597362804884
2383 0.722328961540361
2382 0.5784202990262194
2384 1.0832345821184013
2386 1.286232771345926
2385 0.2537894002838478
2387 0.393661828634851
2388 1.0458088555945637
2389 0.8391740009321528
2390 0.48795487841763163
2391 0.4448220901938371
2392 0.7633052103921345
2393 0.8876164445720054
2395 0.09347877112483896
2394 0.5853765289814804
2396 0.8384268502781208
2397 0.25268292360604383
2398 0.33892137111993126
2399 0.9582419452268695
2400 0.8643291919430525
2401 0.9633883178316693
2402 0.3978383635649572
2403 0.7449212617177393
2404 0.28378253361170097
2405 0.9171805193071354
2406 0.16090669244668085
2407 0.10954055770020643
2408 0.12565309060211677
2409 0.8969209752027936
2410 0.9198584611186643
2411 1.8134719078251924
2412 0.7516864595039681
2413 0.04965858210742894
2414 0.1278766328512941
2415 0.017835080841374387
2416 1.0486167970771025
2417 0.7822126910234924
2418 0.2566519515646311
2419 0.8050005033345315
2420 0.27032868842099855
2421 0.7579836031324758
2422 0.7154846859858487
2423 1.172491435828656
2424 0.7792965299601081
2425 0.5309714578008685
2426 0.4627014825925816
2427 0.6817882813532341
2428 0.4429286342134657
2429 0.5290533320684282
2430 0.7926770150372838
2431 0.9968403012530551
2432 0.601628774951019
2433 0.9991252393457154
2434 1.5602926358790612
2435 1.1015399731221913
2436 1.7655334714711302
2437 0.3236741400192231
2438 0.9567099006653443
2439 2.6275099455655107
2440 0.6955796359734884
2441 0.806181459777687
2442 0.994387027722072
2443 0.7793981911552189
2444 0.9865392844014531
2445 0.748608938119563
2446 0.9091878410900308
2447 1.4870046125895564
2448 0.8527657819013261
2449 0.34022076082711594
2450 3.257188370242865
2451 1.2347700875344096
2453 1.0899247583632454
2452 0.8786260092593842
2455 0.8383200219837893
2454 0.45235973472733776
2456 0.3139614143351041
2457 0.9169863611848345
2458 0.9131242240620836
2459 0.6091656552309633
2460 0.6827449582205526
2461 0.8474063129067507
2462 0.5245433313219724
2463 0.9142506938708652
2464 0.6254603929397269
2465 0.7935702524970213
2466 0.9976049326508012
2467 1.3308585730919624
2468 1.800854267229826
2469 0.5116910149117967
2470 1.1386063843235725
2471 1.1015246224019888
2472 0.25027767169894916
2473 0.2916164832763446
2474 1.1310885040372034
2475 0.8522299676297985
2476 0.8987016186527516
2479 0.6642266215889902
2477 0.03879962458883372
2481 1.081678903990151
2478 1.1385979803807846
2480 0.9212522187961479
2482 0.6387133672832087
2483 1.313655351317898
2485 0.7086933957081895
2484 0.19755069602349942
2486 1.1076222851695448
2487 0.9962203260711278
2488 0.07790685086421302
2490 0.8354346568414845
2489 0.29312110534107594
2492 0.960280733195083
2491 1.4747660597188312
2493 0.5431147108986935
2494 0.8193704468910679
2495 0.9839359821167653
2496 0.857263379987627
2497 0.2694321723701203
2498 1.4948861944299803
2499 2.468548060897401
2500 0.772823552618157
2501 0.9396121625134923
2502 0.6419690674384344
2503 0.3469816783240369
2505 0.01638684651122024
2504 0.7885353528183491
2506 0.765206626100298
2509 0.0334633764789194
2507 0.5166829089595234
2508 0.1302749712831326
2510 0.5228619546847944
2511 0.0011797386180484827
2512 1.4916145197380675
2513 0.9782225499477618
2514 0.17102147077075244
2515 0.8060469427493472
2517 0.9191198779814704
2516 0.7791707698890655
2518 1.249096873178643
2519 0.8083324493059934
2520 0.20472516057401147
2521 0.8262913657526181
2522 1.8770087237817328
2524 0.752390744972353
2523 0.7080776313703723
2525 0.7168653993531504
2527 0.3090279080545268
2526 0.952262050445995
2529 0.6582618829766714
2528 0.9614574463803827
2530 0.0053914541860020605
2531 2.5948314287648264
2533 0.9938174643868185
2534 0.5430138846988886
2535 0.915417705419672
2532 0.23101365961115752
2536 1.344713217221214
2537 1.0221958715350543
2538 0.6450457096049594
2539 0.7850607093634171
2540 0.21703478659502715
2541 0.9951708088628278
2542 0.42428484811541095
2543 1.0227066896976356
2544 0.9487541237069934
2545 0.7047847809730301
2546 0.9932339186914677
2547 1.5076389967781523
2548 0.9932829061293982
2549 0.6937218460449013
2550 0.025477665889013217
2551 0.6696232356950418
2552 0.9626111301814543
2553 0.58174842865535
2554 0.747149760369445
2555 0.15095638209723444
2556 0.5125336879292927
2557 0.4300016930006161
2558 0.9928381202496628
2559 1.0564827924571487
2562 0.9971512979456176
2560 0.9272744940359936
2561 1.417647011523477
2563 0.3530210682988529
2564 0.9995223697374214
2565 1.2799452061655185
2566 0.6738803033050837
2567 0.8709464539686117
2568 1.3429806568022165
2569 0.9624723339097297
2570 0.8597751672265596
2571 0.3828227743884491
2572 0.6718649267855394
2574 0.9800658868686387
2573 0.9644396509777347
2575 0.9335866681314847
2576 0.8499974411238298
2577 0.19587477509440437
2578 0.058346826150624594
2579 0.5281189569117956
2581 0.9671360615078797
2580 0.4776816438537134
2582 0.024913845121053574
2583 1.1398170952934863
2584 1.3055599818419754
2585 0.7953529409189175
2586 0.16892182489417767
2587 0.06305533783228441
2588 0.5880516861351507
2589 0.23054318660864487
2590 0.7318507050222708
2591 0.7759452249100175
2592 1.5019360388045258
2594 0.8205862443915297
2595 1.1698496929810698
2593 0.8222335940110251
2596 1.0963454146938787
2597 0.9260257897846534
2598 0.008367763676481062
2600 0.5838269606625737
2599 0.5498047643573825
2602 0.17455127451731262
2601 0.3541097418954504
2603 0.6341325668493153
2604 0.9067078058603979
2605 0.015422994516516743
2606 1.0067414215020156
2607 1.0133976485512084
2608 0.717374234764796
2609 1.1095980435596444
2610 0.9966146462687402
2611 0.9757961792007808
2612 0.9348701888694582
2613 0.9346657331209295
2614 0.4559282001941008
2615 0.9982072064084712
2616 1.55579701686165
2617 0.9541515933104232
2618 0.4946106670573213
2620 0.9840193425293241
2619 0.9376528791852865
2621 0.9337617191464289
2625 0.6838048243486451
2623 0.7434226150256531
2622 0.9646052558771981
2624 0.6180445165281779
2626 0.9176987223635659
2627 0.2661926527566125
2628 0.016935484071339442
2630 0.36735958567920574
2629 0.9145256267587563
2631 0.9754769630101654
2632 1.0521129894345749
2633 0.835806370425954
2634 0.2440687369786822
2635 0.6675428693160711
2636 0.8626197269374815
2637 0.8198743453984072
2638 0.8379931268565662
2640 0.08612661907182294
2639 0.7541953789193664
2641 0.6544925631944902
2642 1.044171122615491
2643 1.735147847815517
2644 0.699529915907193
2645 1.0417758707566334
2646 1.5404468795161362E-6
2647 1.0424111144270283
2648 0.0931891260241081
2649 0.9862490718099716
2650 0.08907180882535201
2651 1.0
2652 1.0117766862576547
2653 0.001848245918631855
2654 1.3541378001124558
2655 1.0411558520699342
2656 0.9562587932709475
2657 1.3910019008141512
2658 1.9213235268203264
2659 0.9829162270838782
2660 0.9318224891161897
2661 0.42658484778019523
2662 1.2892056686551066
2663 0.5680998270275317
2664 0.6899002786442057
2665 0.5255089538634472
2666 0.9773186985676154
2667 0.563658666540357
2668 0.9800991361173592
2669 0.04660438058235779
2671 0.8411908418203987
2670 0.7984404061556712
2672 0.4887701209942944
2673 0.8802654409501321
2674 0.9574817440589789
2675 0.3548295020861653
2676 1.1471589017945274
2677 0.9357512263577329
2678 0.45081856338244813
2679 0.06328285975526982
2680 1.2093387029407299
2681 0.4901908915432022
2682 0.4619361923278318
2683 0.7573987149639988
2684 0.7532988995851649
2685 0.3715942833533446
2686 0.601250572713407
2687 0.40051783971480287
2688 0.8767238856011279
2689 1.3544025673081421
2690 0.09048561740755143
2691 0.9844190117768159
2692 0.7981356049927126
2693 0.7499093115815677
2694 0.7100337721671158
2695 0.9248064387978334
2696 1.642509153463893
2697 0.688455373803412
2698 0.13907974848307098
2699 0.8003078342834811
2700 0.07134918511449552
2701 0.763069602870579
2702 0.9070582309010127
2703 0.10973078725921356
2704 1.4617650688651573
2705 2.149648160958548
2706 0.00979505200520338
2708 0.058896607213329594
2707 0.04661181371319669
2709 0.5082938840976166
2710 0.8735202615759116
2711 0.5767256790135817
2712 0.10988087176676004
2713 1.4647636284324148
2714 1.383965208863768
2715 0.07282331706338523
2716 0.819732300424346
2717 0.8924219150205832
2718 0.6641639177027213
2719 1.1942609801750443
2720 0.42242565099803614
2721 0.040469219914157854
2722 0.788205011928454
2723 0.9035010762807575
2724 0.03156743720357509
2725 0.8639605984433707
2726 0.8676077696230281
2727 0.7727371820098737
2728 0.9232018803294794
2729 0.9997940194370255
2730 0.5997356867918876
2731 0.811768087852374
2732 0.8775316237619889
2733 0.8418561924428805
2734 0.7821969550791317
2735 0.6497371543517475
2736 0.8001369381064946
2737 0.45379642106623336
2738 0.4310394014361682
2739 0.3672438244746035
2740 1.3401612826106915
2741 1.5334243100069442
2742 0.6754389568524732
2744 1.4783691408877606
2743 1.1374303760337445
2745 0.8589973004114717
2746 0.7159403628832816
2747 0.7426683372272701
2748 1.2036948605888838
2749 0.0940228205737654
2750 1.1709418034692711
2751 0.5894571538502797
2752 0.8116239288494215
2754 0.05456182194748178
2753 0.030637145564904
2755 0.9609150704996487
2756 0.9177682082357774
2757 0.5615883814581677
2759 0.6290456509546337
2758 0.5555702563391877
2760 1.1495182606421097
2761 0.783863278041217
2762 1.4789158491634196
2763 0.5141686597909692
2764 0.6419446615634601
2765 0.2522553603477813
2766 1.5655555230284415
2767 0.8224386071314014
2769 1.4978810471087496
2768 0.1369063050192444
2770 0.843943428693835
2771 0.4521296296366834
2772 0.8644287580466726
2773 0.669643351828041
2774 0.903385106643832
2775 0.1754488250306978
2776 0.3991274145600353
2777 0.8343337191662863
2778 0.2723406006171572
2779 0.4064945267463016
2780 0.5164331259101627
2781 0.2095061258712629
2782 0.009532818486051123
2783 3.902376188525272
2784 0.97545542552474
2785 0.8203257991587114
2786 0.9848056622916039
2787 0.2887315564775487
2788 0.8484717969435479
2789 0.9782751549383215
2790 0.532626059104619
2791 1.1414906680344972
2792 1.002041412822577
2793 0.5421334047126185
2794 1.1244932004845298
2795 1.968061055927222
2796 0.37892639210705276
2797 3.6095047527326796
2798 0.7929825133394963
2799 0.3093397645436925
2800 0.6915628571315197
2801 0.5515254912123593
2802 0.9782013580431578
2803 0.9432345092883648
2804 0.06047789060798082
2805 0.6054494261131819
2807 0.27386896989205
2806 0.998885631455103
2808 9.733066977385515E-4
2810 1.7702510045016522
2809 0.9952609565584144
2811 1.0850673345395265
2812 0.9790959693510966
2813 1.1077729345011424
2814 1.2783237561717549
2816 0.765954201437084
2815 3.261627034217163
2817 0.4999916230606938
2818 0.998975853900209
2819 2.971368175534147
2820 0.792609803432757
2821 0.962333629498738
2822 0.7964144388288781
2823 0.473355256979165
2824 1.6089007281850447
2825 0.9026058010120687
2826 0.3869032922415187
2827 0.0939988936838304
2828 0.8747685338840806
2829 0.6904471759425408
2830 0.3171633977167051
2831 1.5595057812347224
2832 0.8067610499038224
2834 0.3900049709961435
2833 0.0438913968012167
2835 0.42980527189585377
2836 0.18517002458478352
2837 0.5266877133052505
2838 0.4491869973771219
2839 0.8375868231890564
2840 1.0957969581703628
2841 0.7977098117523083
2842 0.5897687347262692
2844 0.8216159991179064
2843 0.7816702157192413
2845 0.912391765479854
2847 0.775472158465393
2848 0.9623561783648699
2846 0.6887169745123204
2853 0.9990553402985606
2852 4.957181486892983
2854 1.0836408879461412
2850 0.7103751953982387
2849 0.14751807428039967
2851 1.6271964850303704
2856 0.8713864398986069
2858 0.3040978436693373
2855 0.8233087951366329
2857 1.4584736018585678
2859 0.06808882229628307
2862 0.8980179081859346
2860 1.0055913645295018
2861 0.968138942840373
2863 0.999209071664904
2865 0.7036058757934893
2864 0.18129767431554852
2866 0.2728764517439608
2869 0.7463493604196231
2870 0.14615602026542102
2867 0.7946491047178882
2868 0.991664024801578
2872 0.7853379665731909
2873 0.19497618935363742
2871 0.29575637656615655
2874 0.8442928056296376
2876 1.004639502510728
2877 0.9563900942821881
2875 0.910323415633618
2879 0.9204637648915366
2880 0.4913178725259268
2881 0.993567727268968
2878 0.6606522830891645
2882 0.9887440239308705
2883 0.14922533802666746
2886 1.4174717686722758
2884 0.9782374982625494
2887 0.6513426242215065
2888 0.8586046446655778
2889 0.7617949123110161
2885 0.6496807731460854
2890 0.8106323597180302
2892 3.2094861822403247
2893 0.007629438530828356
2891 1.014722975157511
2894 0.5168076964138851
2895 0.5840581074992137
2896 0.7887445369060615
2897 0.846362300894559
2899 0.795213829660166
2898 0.5553059440436265
2900 0.5316239435456733
2901 0.601058873668536
2902 0.3635070019875688
2903 0.13765910691707367
2904 0.8656282417467068
2905 1.2619418384353993
2906 0.449204750637981
2907 0.9986314209791912
2908 0.13540524469932294
2909 0.31001994810704553
2910 0.8098380089430207
2911 0.02050371020921828
2912 1.157173357011752
2913 0.010415154264965842
2914 0.4033716645613442
2916 0.9180786240933028
2915 0.13499790149306418
2917 0.7190504624658776
2918 0.37420284071139026
2919 0.838775004718236
2920 0.961968684479964
2922 0.9532455395426457
2921 0.8118588754578047
2923 0.49203365695907536
2924 0.8781538151821444
2925 0.250480750927496
2926 0.49861273417467106
2927 0.7000014243675997
2928 0.9813152102395332
2929 0.7202510790876744
2930 1.5829904690395675
2931 0.4033926931564942
2933 0.8439731582410768
2932 0.2350666018684277
2934 0.7804208744965355
2935 0.4183566246593199
2936 0.8641780857459221
2938 0.7967381434120385
2937 2.166607018249777
2939 0.9339427280895682
2940 0.91252194109078
2941 0.5531026938756883
2942 1.1495262506461144
2945 1.2624148439631642
2943 0.8935907577356621
2944 0.9518847119470577
2946 1.4368759427339557
2947 1.512487714142657
2948 0.5921636862533238
2950 0.8910324768914718
2951 0.7533048971813057
2949 0.6955663790177319
2952 0.99999982269309
2953 0.795072099189717
2955 0.12355866137076968
2954 0.772137614810814
2956 0.567221572962589
2957 0.6251917211393619
2958 0.0023655750426139705
2959 1.4442118930443297
2960 0.524799231599411
2961 0.028908026198017488
2962 0.46519954488931087
2963 0.13542395946875038
2964 0.25372631979776655
2965 0.03440096421325979
2966 0.579180046476513
2967 0.8585557854557838
2968 1.3572337951203537
2969 2.3096842962141704
2970 0.01256850410057455
2971 1.9051473320060008
2972 0.9668520492859297
2973 0.9098161467795635
2974 0.01699384205651631
2975 0.8334518533441325
2977 0.6757751985439049
2976 0.6518137215859532
2978 0.8006468852534433
2979 0.592303207497365
2980 0.3921249314386897
2981 0.4064800522167179
2982 0.9958412077253028
2983 0.2908875341999529
2984 0.8078629436591137
2985 0.5933527780059515
2986 1.2693242356385745
2987 0.7160669999292781
2988 0.36527465220289834
2990 0.5184859847850773
2989 0.5499027802000531
2991 1.0289147265896736
2992 1.3770721611382477
2993 0.8914833747824057
2995 0.3158044843042624
2994 0.9983690635911883
2996 0.561801373826889
2997 1.1471430783201302
2998 0.6423747745137341
2999 0.5721124966187854
3001 1.0708696452260826
3000 0.7684395172322459
3002 0.8949210060265798
3003 8.699204382206202E-5
3004 0.6540511412760791
3005 0.07632768208664033
3006 0.47600511500724707
3007 0.9966843456427045
3008 0.2728827083551372
3010 0.2499572524449406
3009 1.4501757883015145
3011 0.5168928580088602
3012 0.786201503762977
3013 0.9848304155143863
3014 0.379205381229146
3015 0.39201452544485776
3016 1.1249349071433847
3017 0.3073036070005479
3018 0.9217740368486647
3020 0.812777962434318
3019 0.7702913110021531
3021 0.9315337119276593
3022 0.34552849940204117
3023 0.04935268036024569
3024 0.9137116558983511
3025 1.7164006820257254
3026 2.337070716669833
3027 1.3396360425318758
3028 0.22302263563971048
3029 0.18224827065033708
3030 6.204703329116692
3031 0.004526490239815001
3032 0.8066694719811011
3033 0.9246908307472921
3034 0.7027636720226301
3035 0.8680401658161658
3036 0.9943261373089366
3037 1.193546540662216
3038 0.9330449943886102
3039 0.5933148968687163
3040 0.03712087753130552
3041 0.8909426457403042
3042 0.6384305336283377
3044 1.2163161131646534
3043 0.6984995505252974
3045 0.0026904772406154713
3046 0.7703985201456115
3047 1.0699465879176586
3048 0.411360304389712
3049 1.2777409572844238
3050 0.5739066868912455
3051 0.8209739629917256
3052 0.5230183371379961
3053 0.6872566069535657
3054 0.7689902515159279
3055 0.8381756641746138
3057 0.31927851943534874
3056 1.0852807724907536
3058 0.8823058980782849
3059 0.699294257702461
3060 1.568992085392965
3061 0.6025666412967354
3062 0.7082063666656008
3063 0.9355100739807237
3064 6.15787471869307
3065 0.863984643540331
3066 0.6140667961730432
3067 0.8416957383388601
3068 0.6114659075924497
3069 0.45665426396269243
3070 0.8309914617332206
3071 0.923231706082457
3072 0.3358741165834916
3073 0.11210460922747817
3074 0.2568808597396891
3075 0.8097220160284889
3076 0.08017741742079375
3077 0.7782849319444486
3079 0.8715234907692233
3078 0.5075611972522401
3080 0.9526377112134734
3081 0.6735620842422939
3082 0.637250055349231
3083 1.035563866706156
3084 0.02726792908496832
3085 2.2712650441959785
3086 0.1191348456846548
3087 0.9259601931091561
3088 0.022532034862465748
3089 0.9184435281535228
3091 0.7666298686912852
3090 1.3201762252646903
3092 0.4843565296373883
3093 0.8841157569153424
3094 0.8634933593462161
3095 0.7411980827664171
3096 0.26504042009058454
3098 1.6428295816774037
3097 1.2817284471977382
3099 1.2683841528940847
3100 0.1043917102333791
3101 1.3437149196722438
3102 0.11804267964513848
3103 0.8754779455834085
3104 1.0770633386773552
3105 0.33732162022266515
3106 0.9005021083874735
3107 0.01651090263010524
3108 0.9886401352223606
3109 1.2660764014325425
3110 0.8817235130477556
3111 1.3200729666985067
3112 1.0026328709884609
3114 0.07653711105046905
3113 0.9169571802700255
3115 0.9246425595615685
3116 0.5168111744443803
3117 0.9667527462617189
3118 1.1690265568487779
3119 0.06286453091948138
3120 0.31322942610362775
3121 0.471949964698184
3122 1.2940381280804436
3123 0.2300108319468079
3124 0.7775546968276523
3125 0.18819245614121996
3126 0.923021245936941
3127 1.0088715315217003
3128 0.37139287845087265
3130 1.4574447754841386
3131 1.0813226210747409
3129 0.9843288022413453
3132 1.017167388159899
3134 1.0530112387025246
3133 0.7941482710674447
3135 0.6381828736289739
3136 0.40508484851421245
3137 0.9027375274344387
3138 0.946138106480047
3139 0.8315252547758276
3140 0.19824107438824723
3141 0.5984607312532351
3142 0.8201028445204885
3143 0.9138790895656188
3144 1.7005393732473009
3145 0.5968974494988809
3147 1.1005317026485115
3148 0.7482145140186378
3146 0.9544767087669219
3149 0.6018080193342925
3150 0.7685220231902227
3151 0.39906435742910223
3152 0.27713323317306493
3153 0.9675993711638654
3154 0.26858083408049266
3155 0.9872880885705411
3156 0.63620175572743
3157 0.36904755925343274
3158 0.9469187093789504
3159 0.32534237466975485
3161 2.4166489731379515
3160 0.7854458892763505
3162 0.7173196628707107
3163 0.9887188565700735
3164 0.30469804352551694
3165 0.00505483489030866
3166 0.3471375278697248
3168 0.498901344928225
3167 0.25402580423092014
3169 1.3443110444932198
3170 0.9905262266349776
3171 0.9058915427756169
3172 0.134462777060593
3173 0.2607050845654501
3174 1.0176896910043456
3175 0.6275142725662138
3176 9.14942759761077E-4
3177 0.9217341479436175
3178 0.18197349961835751
3179 0.38717074205255414
3181 0.17254838583797613
3180 0.576547417619744
3182 0.5533719094976814
3184 1.2249953677564331
3183 0.3747909323933844
3185 0.7467597757858228
3186 0.45805743630360585
3187 0.5456197680473198
3188 0.4065537014210573
3189 0.38101978063602254
3190 0.8661961720067451
3191 0.19938625854907346
3193 0.9834733002210599
3192 0.7705668993120458
3194 0.25720703413056006
3195 0.4468984757106437
3196 0.28279462027940716
3198 1.4097851664299057
3197 0.7827605278480956
3199 1.6818427415414265
3200 0.43428942564026557
3201 0.9716137088486667
3202 0.9302052712988194
3203 1.6150427362957245
3205 0.5106333824847407
3204 0.8847663963824605
3206 0.7196665445366494
3207 0.7555420026071727
3208 0.05352785929773868
3209 0.669336033503629
3210 0.8177978940398146
3211 0.9891837502701849
3212 0.02899118105031547
3213 0.7036305974702702
3215 0.6078918056188848
3214 0.7914928180208289
3216 0.9866074565062215
3217 0.5927151450362894
3218 0.9997730342614993
3219 0.15935259347134914
3220 0.9987434697142834
3221 0.9920672352884405
3223 0.7137943409355262
3222 0.9984131896972739
3224 0.06634291224841712
3227 0.21220566852928013
3225 0.9853240212266801
3226 0.8905846340964514
3228 0.7545865700152808
3229 0.20771433172272682
3231 1.001602952526902
3230 0.6503820033299109
3232 0.7993449800827841
3233 1.0765716970073091
3234 1.323576172254413
3235 1.0276453946604929
3236 0.07623846204145326
3237 1.1364523895722847
3238 0.9057750938682638
3240 0.5913503307887062
3239 0.2670289087064411
3241 0.3946879175840625
3242 0.2732614558233281
3243 1.0159913178220585
3244 0.42524848082171696
3246 0.9326591644224337
3245 0.6128669905606737
3247 0.3401083204976061
3248 1.1237907230839441
3249 0.744161008762018
3250 0.6748071714017251
3251 0.02846634666469568
3252 0.29062224723048147
3254 0.47254309147024737
3253 0.8282486666049416
3255 0.9223372728150276
3256 0.7061300126415136
3258 0.7485819308672763
3257 0.8834155887149684
3259 0.19946495336645856
3260 0.8773720589952178
3261 0.7649874531441144
3262 0.4268422395721149
3263 0.8558620662764802
3264 0.9474269723749016
3265 0.9069574302326289
3266 0.3496208273788945
3267 1.1703335623600168
3268 1.7936078618870523
3270 0.5341194273413783
3269 0.3283487741096805
3271 0.07070662014513289
3272 2.907842039752883
3273 0.1141656274673615
3274 0.1911986478204284
3275 0.7159817640826542
3276 0.9031073307313329
3277 0.07181961717981739
3278 0.9761557314373767
3279 0.4812373643044843
3280 0.8675964923436964
3283 1.7245777216785503
3281 0.8170796368850721
3282 1.3106700539744507
3284 0.8872177738891319
3285 1.8109776328898524
3286 2.236280738268058
3287 0.9976733956692039
3288 0.6453080264068382
3289 0.9352935223275702
3291 1.0962491639566108
3290 1.3538171985301188
3294 0.9248865685826647
3293 1.3190612656345841
3292 1.1630929159572492
3295 1.2822473933643646
3296 4.711722754649549E-4
3297 2.1496547103809984
3298 0.27112096076552006
3299 0.9551893862261475
3300 1.0896234828536877
3301 0.7777864404084197
3303 2.9993187354932356E-4
3302 0.9987942547330592
3304 0.823910665424389
3305 0.8473370787250536
3306 0.9399807431184046
3307 0.822023405350037
3309 1.2926738309970165
3310 0.6199412313193481
3308 1.4748441738406706
3311 0.9870942316025374
3312 0.9167424014518999
3313 0.9414915140075334
3315 2.7160078206519823E-5
3314 0.45271565691237964
3316 0.09331727888635506
3317 0.8892155991522837
3318 1.5732902410608467
3319 0.030352903893080027
3320 0.9856733071707957
3321 0.9477192485396877
3322 0.7160348386096398
3323 0.37155405490304766
3324 0.12599233017395334
3325 0.9854583259223593
3326 0.32834021743599756
3327 0.8217153012091821
3328 0.8974799996148018
3329 0.336883827904046
3330 0.8388262454676355
3332 0.49594717424023577
3331 1.070499539290824
3333 0.6828413215246018
3334 0.9967343184780755
3336 0.9331792213112565
3335 1.115278698129142
3337 0.686340580563874
3338 0.9955996364943985
3339 1.1386948599003217
3340 2.6362409827352855
3341 0.8825571262985167
3342 0.7954394306008054
3343 0.4044355608073583
3344 0.7289423110436946
3345 0.049732791468803376
3346 0.9798856251212513
3348 0.619171633482145
3347 0.3233171237890359
3349 0.6039733397245722
3350 0.1750082733747336
3351 0.8692075111785625
3352 1.0847040787147986
3353 0.6875305853170586
3354 0.9943480489099226
3355 0.33437512360573485
3356 1.23678656232051
3357 0.5364209535301097
3358 0.6924333278888031
3359 0.8064907564621091
3360 1.2937897294750123
3361 0.9990305835083592
3362 0.6362342757737403
3363 0.3768720864553062
3364 0.7001848607149355
3365 0.9349699440659903
3366 0.4381962450653663
3367 1.603495030711655E-5
3368 0.5422393061246804
3369 1.9843065960378008
3370 0.9934709865273119
3371 0.9936232466184355
3372 0.0977948059689409
3373 0.9659109408642695
3374 0.9905769838592287
3375 0.6182396861728792
3376 0.9946736195906978
3377 0.9450990163716486
3378 0.9139103100227655
3379 0.23227426177897184
3380 0.8078515155102164
3381 0.16025489874859558
3382 0.7074241185569715
3383 0.6933056452869037
3384 0.39340502101458
3386 0.9805028597473686
3385 0.943322169952372
3387 0.7767131972525895
3388 0.8594723644229577
3389 1.0606479880647837
3390 0.8110185636685721
3391 0.6447891850433171
3392 0.883548949354405
3393 0.8357534454725242
3394 0.5216541359725305
3395 0.9812665989486424
3396 0.6338028070066184
3397 1.0181504986604015
3398 0.7602102128336445
3399 0.10428843809356961
3400 0.9123649377216554
3401 0.2051497209622254
3402 0.1905125771360124
3403 0.28782613534966567
3404 0.19251154475488308
3405 1.4791661198580506
3406 0.9670335023899658
3408 0.05492037887600973
3409 0.7881621368173157
3407 0.9872080479281855
3410 1.4795841557554317
3412 1.0069332148740449
3413 0.34074744439444354
3411 0.3276304156548744
3416 0.09738406591658706
3414 0.6265086081496629
3415 0.953106229474957
3417 1.0404569028468331
3418 0.8740186241886291
3419 0.16673524105284676
3420 1.6264529009839808
3421 0.9614587918520996
3422 1.3016865508562712
3423 0.8465295742115996
3424 3.536273908491068
3426 0.020181327768043104
3425 0.8318443133155227
3427 0.7943111145014015
3428 0.10464843153752537
3429 0.9859576641065846
3430 0.9368619354698619
3431 1.025024722629762
3432 1.0009576567894334
3433 0.7357673029777473
3434 1.2920361357481405
3435 0.9678810859516992
3436 0.3435656735360369
3437 0.8545880489827814
3438 0.2776181695935383
3440 0.708562322573202
3441 5.744820222002375
3439 0.023145251458625025
3442 0.773513671279367
3443 0.686429753356278
3444 0.5894172780311936
3445 0.06425570502173909
3446 0.7336416610045352
3447 0.9943636375613901
3448 0.8620994999835374
3449 0.7148339186613835
3450 0.23625669676172018
3452 0.9632970741144178
3451 1.91305680172306
3453 0.8564627097970541
3454 0.2349239066292654
3455 0.9712482189504043
3456 0.6530299818264682
3457 1.5662737145254826
3458 1.0320151961509427
3459 0.26388759820371965
3460 0.9313521737605074
3461 0.8918447703381948
3462 0.37868139553405705
3463 0.7124012904008881
3464 0.6707758094709999
3465 0.9996788661025362
3466 0.39688789582941203
3468 0.3861401229866878
3467 0.7501444050630377
3469 0.7194853419827909
3470 0.9439990593169272
3471 0.47155466397550216
3472 0.4975483951674919
3473 0.034406725855420345
3474 0.6251229224816781
3475 0.002301687568184854
3476 0.9471457770235215
3478 0.9536272866667238
3477 1.364942701165526
3479 0.40214812076332873
3480 1.001708008196693
3481 0.7806893411774274
3482 0.8614958994214705
3483 2.6585465091355305
3484 0.8843098214365719
3486 0.9610004898483092
3487 0.3707695505503019
3485 0.17293775047819734
3488 0.32177799241940885
3490 0.9382833089874525
3489 0.9845220335036975
3491 1.4501285719621997
3492 0.6693158551734597
3493 0.25946821664578423
3494 0.19486608789193907
3495 0.8201391972458913
3496 0.4655181792110027
3497 1.789412812954583
3498 0.5025155701228008
3500 1.565926575107959
3499 0.8139393618073589
3501 0.01827927640013635
3503 1.0519784935556413
3502 1.5330979334338644
3505 0.58704609645424
3507 1.377710984244348
3506 1.3919197101005618
3512 0.03700117909140468
3510 0.690959477280222
3504 0.8029393140271178
3509 1.0894227961320517
3511 0.9776772656518841
3515 0.5022949796104876
3516 0.17913346146902423
3513 1.3839722763704048
3517 0.45582821483047326
3519 0.8896512411937147
3520 0.9607832411283929
3522 0.7689953545875216
3508 0.749786661851967
3514 0.917340381422286
3523 0.01603662262330973
3525 1.368356042230851
3518 0.9973998154590371
3526 0.9069442204787103
3528 0.9448320330067118
3524 0.8946666010502333
3527 0.1856782033881988
3521 0.43146934691282995
3529 0.6282072615686053
3530 0.7794519506718166
3532 0.5857740799931144
3533 1.243410379361681
3534 0.8561971656306366
3531 0.9441798590820494
3536 0.2781578441464716
3535 0.8768219549555034
3537 1.3988003344321127
3538 0.8469778460483861
3539 1.0367765832227251
3541 1.7032043807689576
3540 0.9991600432087133
3542 2.7877405975501652
3543 1.0537337048688553
3545 0.9793312918836802
3548 0.9995184919183258
3544 0.4739333853331344
3550 0.29348575545588834
3547 0.8989277958358809
3551 0.3256476182219921
3549 0.6218477080213641
3552 0.7167137172718973
3546 0.8148480659140525
3553 0.9951833464782256
3555 0.12152107118559842
3554 0.3656020991020202
3556 0.6689556728198627
3557 0.8933243884756382
3559 0.7145759834501675
3558 1.0276010454675044
3560 0.9439794985373664
3561 0.8445724418271894
3563 0.9073449153731532
3562 0.8619268945311516
3564 0.8870677754069061
3565 2.0405757609921085
3566 1.2071406867575942
3567 0.8441747435301452
3568 0.39486791035422897
3569 0.9789449440851956
3570 0.6770595800126856
3571 0.8587364291972965
3572 1.658340288728562
3574 0.9635626373567685
3573 0.7428137130980335
3575 0.7484139801253069
3576 0.8650679960402575
3577 0.917679639284789
3578 0.9823796802191445
3579 0.6910343701703807
3580 0.3403204038194186
3581 0.20487523862717769
3582 0.6868223467460534
3583 0.9954776959643693
3587 1.0
3586 1.0571334666562895
3585 1.0089597339354757
3588 1.040595350600263
3584 0.20252426037227753
3589 0.4957269394396682
3590 0.9408153778668409
3592 0.6265801485290059
3593 0.5568494024019582
3591 0.895813854320049
3594 0.43975522503452424
3595 1.4858002972952509
3596 0.9830301406104861
3597 0.7976403540996759
3598 0.9927728552060742
3601 0.9608162573530294
3602 1.1385648134368618
3599 0.0699727309022217
3600 0.26698919986722197
3603 0.9057773058398708
3604 0.673226
3605 0.40889557173116614
3606 0.46498884803726104
3607 0.7990684437733815
3608 0.7134635061017266
3609 0.651900356584572
3610 0.18311831215544366
3611 1.0056461141126194
3612 0.1790857105482906
3613 0.0017743588390981262
3615 1.5880529679082152
3614 1.246746177342205
3616 0.826580995103119
3618 0.3804305942287096
3619 0.7684854015742706
3617 0.7485183427114176
3620 0.6139732700799176
3621 0.9444665465539869
3622 0.5147843640528207
3623 0.8402291062076895
3624 0.13788796723670751
3625 0.9333304180500237
3626 0.9619874388571199
3627 0.5121752547792454
3628 0.6132497125394686
3629 1.057213322626507
3630 1.0313171627145574
3631 0.3203972441220092
3632 3.089058261966908
3634 1.166603297828217
3633 0.4960117297306506
3635 1.6048463074862875
3636 1.2424343050128874
3637 0.7837884052229075
3638 0.9025991801426608
3639 0.0068788232875588535
3641 1.1599368458193522
3640 0.9650243281722068
3642 1.0500755282970882
3644 0.8776542317132804
3643 1.557679112651932
3645 0.14598920516519417
3646 1.0544679579977558
3648 0.5564349149340294
3647 0.5890546675868801
3649 1.214207192461014
3651 0.768995665336293
3650 7.627422331337027
3652 0.9388459625441102
3653 4.5344877588595664E-5
3654 0.7009354750654473
3656 1.8755531517185353
3655 0.8334074070647586
3658 0.05137145524315723
3657 0.13381399541918004
3660 1.514176823365779
3659 0.6783465427393177
3661 1.3395903957942996
3662 0.2765429722144928
3663 1.2420273955212922
3664 1.2534418147893012
3665 0.4088686710585918
3666 0.7312627365966597
3667 0.6620826634119701
3668 1.013438918407366
3669 0.4281509857122895
3670 0.47345611362630574
3671 0.982300280423341
3672 1.1142730750827645
3673 0.5720289023388422
3674 1.01496877488338
3675 1.1661427725557725
3676 1.3432517768167638
3677 0.6899313667625132
3679 0.3715296730402897
3678 0.8062805307069532
3680 0.6084157262654946
3681 1.207257010927408
3682 1.4440764870764184
3684 1.0
3685 0.4577898305948617
3683 0.9876369086600623
3686 0.4860825697395679
3687 0.21011792408335755
3688 0.5529505158499931
3689 0.33292498974799845
3690 1.1063475942309344
3691 0.4712787799189686
3692 0.8593577915369209
3694 0.010557669818867996
3693 1.1389579799266822
3695 0.9450788867485193
3696 0.5712314770099849
3697 0.7495670725335171
3698 0.986057569723075
3699 0.06323452564238392
3700 0.9955863964355572
3701 0.9376750688055285
3703 0.817549618987331
3702 0.9255362132978419
3704 0.7365513473348378
3705 2.525544889178138
3706 1.0764325401241341
3707 0.8792957433469001
3708 0.045825648739774884
3709 0.6422681356520465
3710 0.4637195087481441
3711 1.572813508401296
3712 1.132913808041033
3713 0.34467479157543035
3714 0.9207901774645517
3715 0.2753048440862896
3716 1.297890266965056
3717 0.9184753139881724
3718 0.1658351074019287
3719 0.5217989858143874
3720 1.348717586820481
3721 0.616445204334167
3722 0.8075968690561942
3724 0.6448045786095549
3723 0.6014947248919184
3725 0.2974811255256031
3726 0.7994989824835128
3727 0.7776939702669659
3728 0.6657872325747242
3729 1.166830202804418
3731 0.7801341139131831
3730 0.38202878329015433
3732 0.5889092800766306
3733 0.9635205215246638
3734 0.7554995243115835
3736 0.8197716953508724
3737 0.9169783565918197
3735 0.23883797900568798
3738 0.5137088433893829
3739 1.0068473391256418
3740 0.5674190248499632
3741 0.7678332735018375
3742 0.2547187045751029
3743 0.08728409189379499
3744 0.04478249323549206
3745 1.220720353980335
3746 0.981489555283766
3747 1.1971696991774343
3748 0.00863298804595405
3751 0.7213899183005679
3749 0.09787946126271128
3752 0.8871809100691277
3754 1.0903033306551506
3750 2.3237428688395494
3753 0.7382444809877744
3755 1.4501956911089866
3756 0.8440266422808768
3757 0.9990002205176418
3758 0.8978089644327361
3759 1.1368208847346093
3760 0.9244933334429843
3762 0.2735902037704741
3761 0.4643186756195167
3764 0.4293134321414155
3763 0.9515269639079871
3765 1.4194864827408393
3766 0.996231683800848
3767 0.8192270004484932
3768 0.971487938228286
3769 0.024919578849904582
3770 0.9973868675429446
3771 3.302635701732434
3772 0.9740505595046179
3773 1.229258652184455
3774 0.30109908739823177
3775 0.9825074653488574
3776 0.695624559052419
3777 1.192555652627547
3778 1.4290179945025718
3779 1.2252772354996808
3780 1.1695731000671212
3781 1.042446576883309
3782 0.8534680824589581
3783 0.06939883920148751
3784 0.020960982280801753
3785 1.0011585498794935
3786 0.3758509225721586
3787 0.3883043379425559
3788 0.5483829092668976
3789 0.773977560413898
3791 0.509051271422295
3790 0.8715489978758773
3793 1.193966387945452
3792 0.5566167310791316
3794 0.71698472609818