1 0.7515791022996346
2 0.8845906007500592
3 0.462915952816314
4 0.950603401848318
5 0.874364726640272
6 0.8287735563953703
7 0.4174404656011813
8 0.6956678394923277
9 0.5538392277529359
10 0.7164932939793829
11 0.5867806575806281
12 0.7833524213091694
13 0.47121454655552036
14 0.9480855419926397
15 0.6439154967023926
16 0.8992320602437686
17 0.4793635412314381
18 0.8375310667362477
19 0.7196780802092367
20 0.8923680096262463
22 0.4035321881977035
21 0.4889336432885777
23 0.8849345158489828
24 0.9026637462874357
25 0.5575732575735981
26 0.38266944697890176
27 0.8959640566207201
29 0.9539298021530334
28 0.6808249853810414
30 0.5039471840301164
31 0.6836369994901246
32 0.45853612811130035
33 0.522343319655275
34 0.7939647856886652
35 0.749876759292594
36 0.9762916785039466
37 0.7326424038668179
38 0.8818530529354995
39 0.7437985886364412
40 0.9515986474385955
41 0.6243220770042811
42 0.47731029121227436
43 0.9058651281163574
44 0.29532548060549674
45 0.43197244975982035
46 0.7861383785228879
47 0.7735450827127983
48 0.7095891604000152
49 0.8722456201270459
50 0.465012275207144
51 0.20525638115839148
52 0.9000050396941432
53 0.7644861839493505
54 0.3126799011006548
55 0.856074141639105
56 0.8387602006929915
57 0.38471733006556075
58 0.7365944713677133
59 0.4987439711793403
60 0.8572334586028295
61 0.6424174428856154
63 0.9883918820042165
64 0.7617088433504225
62 0.9971059034460191
65 0.9037853551287096
66 0.6442144824230499
67 0.9917267275534812
68 0.9712147989452811
69 0.32674764557406627
70 0.8112707247144084
71 0.6043911309634427
72 0.7430669606122686
73 0.7019578488571875
74 0.6053878142840249
76 0.7492738553482164
75 0.6946638204259858
77 0.7291642586716224
78 0.5972815894340558
79 0.9219032375088886
80 0.5537492479022105
81 0.9337104387893379
82 0.3186215062092032
83 0.8819367397060919
84 0.8241459358434737
85 0.5079445560450814
86 0.765167803601363
87 0.519161773880988
88 0.7667620359010402
90 0.4631070210002881
89 0.6470275081026055
91 0.5106801253976587
92 0.8309003457721387
93 0.8623663049180911
94 0.7013992473061662
95 0.6195777407915251
96 0.8908846513316028
97 0.6373692764985524
98 0.6710822072477423
99 0.7150926507616152
100 0.9336321229644463
101 0.28621965303131897
102 0.9385318289506406
103 0.6200498662700686
104 0.5465345068822415
105 0.80869381325776
106 0.9237741780255063
107 0.5638328825348093
108 0.9245027950037983
109 0.7285618174510692
110 0.8730339155664105
112 0.7261529541443442
111 0.7979194632168682
113 0.7887742066130803
114 0.7208525485422597
116 0.27293433838546455
115 0.8949112009924535
117 0.8864978411602664
118 0.9459427447151689
119 0.5203746388760818
120 0.848056349931879
121 0.38604449616447595
122 0.5550595168599519
123 0.5947059061616831
124 0.8778656560685782
125 0.9756194097318273
126 0.806595492364036
127 0.8845663031212185
129 0.8525877874668579
128 0.26291017800087485
130 0.816553022825153
131 0.4580445365325782
133 0.7965799534897843
132 0.8656290001242581
134 0.9817457832358997
135 0.5975697575575053
136 0.6760233670576279
137 0.8289160472389886
138 0.8065258069059036
139 0.8141851218943885
140 0.48342508467847745
141 0.8272236936814872
142 0.6621215228138737
143 0.7508801426494317
144 0.9875559697657845
145 0.8868105063159057
146 0.9826655182228384
147 0.9600614548594069
148 0.5217057288188145
149 0.3563301016591729
150 0.9616039743172156
151 0.7383905048015814
152 0.8138827951337251
153 0.6419326679405386
154 0.543056877120363
155 0.9003212296266474
156 0.9316226235021752
157 0.7223891341502281
158 0.7240632408010641
159 0.8579813064623549
160 0.6129615568075025
161 0.8421432545543662
162 0.518756402789842
163 0.9578682658619851
164 0.9355867395129165
165 0.1925111674789995
166 0.6919004868227441
167 0.4938140345708699
168 0.6515925288863574
169 0.6087593941780283
170 0.5368220124051795
171 0.6239177235031841
172 0.6700031968750798
173 0.6518903761255302
174 0.7084813107029814
175 0.6803638878558997
176 0.8393995447875312
177 0.9329417305383535
178 0.670939188774049
179 0.22521353583517026
180 0.9638441092762368
181 0.5911493644757289
182 0.8420963437277719
183 0.5742641251561778
184 0.7934195122933582
185 0.7013039664505835
186 0.6742946331873135
187 0.609477079417307
188 0.9766022053743763
189 0.8854041295576912
190 0.6374301154758626
191 0.8495054048192942
192 0.7468511106558353
193 0.7188851488703636
194 0.8876516584457548
195 0.8971771865469889
196 0.641499840407421
197 0.9864618915134878
198 0.8715955695568754
199 0.975987355505732
200 0.5717045015856591
201 0.7926067872756011
202 0.7478890367063475
203 0.6950831794739577
204 0.6637460825240015
205 0.8466238800213567
206 0.8841670760140364
207 0.8260870599757414
208 0.8403759278206538
209 0.7629016943465051
210 0.7115257762649819
211 0.581726018364583
212 0.7043420642546568
213 0.7738975904937214
214 0.8605933625222557
215 0.42096366905111965
216 0.5250112841830287
217 0.4877163521718193
219 0.7422375034669711
218 0.7898676934865005
220 0.7812616596355307
221 0.9690086194745304
222 0.7743875209870273
223 0.8982309554485434
224 0.4351226500055482
225 0.6240480528553868
226 0.7979625223812288
227 0.7831847283323616
228 0.9118597763698538
229 0.2844876643364855
230 0.6944359080610275
231 0.5419174931756381
232 0.49187028982677533
233 0.7419490344271447
235 0.9520537611185136
234 0.8765804658443636
237 0.7015452443791949
236 0.7147627914931393
238 0.6172072117534351
239 0.8822809550862265
240 0.6156057602549013
241 0.30719003600516837
243 0.9593222272425541
242 0.7252413849120058
244 0.3508498625499766
245 0.991867607931951
246 0.7164471869391517
247 0.8482106991934728
248 0.7220321370749471
249 0.7791879275559402
250 0.8103872995469641
251 0.5207054432145095
252 0.6898258640609155
253 0.8744458482165705
254 0.6064933788405962
255 0.25719119449169964
256 0.9260611209043729
257 0.5804959369566033
258 0.9267857990481271
259 0.8370097106282643
260 0.8594502497751058
261 0.8180508402410556
262 0.7182805433259839
263 0.6271836696449513
264 0.43802019642897166
265 0.8315842811947557
266 0.48874751200399885
267 0.5926203878576883
268 0.815514170504322
269 0.42992841502284806
270 0.7980912753804599
271 0.9062445825042758
273 0.7533545635251241
272 0.4399811765664401
274 0.9652409860816771
275 0.5608159842677214
277 0.572747135922303
276 0.9153607726886875
278 0.9104420521209091
279 0.8150756045638738
280 0.5969473255730672
281 0.41854669749644063
282 0.5025996692261502
283 0.5199267307878697
284 0.6897022361340107
285 0.5485110691949419
286 0.49086823413601627
287 0.8764460734652323
289 0.7969214745188566
288 0.6629353360344875
290 0.7551888873912704
291 0.9565878961558176
292 0.7931424521136139
293 0.8854010872841871
294 0.6879517087284995
295 0.5011634917235281
297 0.5906044426233968
296 0.5957364762942655
298 0.9481964828675756
299 0.511021965057667
300 0.8501408278222886
301 0.5208981031578429
302 0.6699221765039141
304 0.8057434958655785
303 0.7489492318255553
306 0.1621762613009253
307 0.7490462085422661
305 0.8201524248577212
308 0.9787118592793732
309 0.912657109762478
310 0.8197414956345709
311 0.5591977820613567
312 0.5848908216711947
313 0.7906316759729103
314 0.9902337591140784
315 0.8701942330368057
316 0.5446165607208471
318 0.9366866078892191
317 0.32485180283338166
319 0.4277947449015909
320 0.5476888559537771
321 0.6434782363074489
322 0.648127133968165
323 0.5409025096847039
324 0.4819754133388434
325 0.7921600959653139
326 0.8520210544820224
327 0.879833122693062
328 0.6014427601394755
329 0.8451436931441024
330 0.558646892169934
332 0.9093388369190214
331 0.6460065844401904
333 0.6304553065273969
334 0.8700355733753541
335 0.7103791783300153
336 0.8487616387063587
337 0.8844481223761089
338 0.6918089800921228
339 0.7270418500167632
340 0.4183210529855428
341 0.39911987954875155
343 0.7159540980051526
342 0.2325751369965615
345 0.6398903531789989
344 0.7273478366992246
346 0.6909144704148388
347 0.9190269617544241
348 0.6452108887668481
349 0.4281577887500897
350 0.42536135685755044
351 0.9700492471133042
352 0.70720881683151
353 0.8750520205122811
354 0.7604884511645947
355 0.5254094699717793
356 0.8871873087599306
357 0.5921536691830352
358 0.9548981948064132
359 0.5997322866955203
360 0.7801624589099907
361 0.8236096403007126
362 0.5713020236072905
364 0.5438303909184395
363 0.6951135527547059
365 0.99773246155803
366 0.44978774774286545
367 0.6932130018458326
368 0.6800873560811626
370 0.9553512318758751
369 0.896872568676677
371 0.7211707282867026
372 0.8561785902426655
373 0.6975613443978612
374 0.8456096476647309
375 0.9664468372338758
376 0.8469446730300945
377 0.7138256373358458
378 0.669195761867989
379 0.7572721676250157
380 0.849451895777484
382 0.8965466285558192
381 0.5755804038058299
383 0.8959657469286485
385 0.8833469624845968
384 0.6291354547505119
386 0.7815664311634761
387 0.41781261235624045
388 0.9160767715542415
389 0.6890227042576571
390 0.8000168275005183
391 0.8315184835555559
392 0.8413678666817128
393 0.9442947336629431
394 0.7112718848480751
395 0.28559425029133284
396 0.9420429488743132
397 0.022028404169844838
398 0.5606945838179797
399 0.9209485067859214
400 0.9762544660760031
401 0.7341963727474082
402 0.8056054099796033
403 0.9656377323370499
404 0.903219867241031
405 0.7099818781473978
406 0.7449706481445865
407 0.7364652789999075
408 0.6227401862964451
409 0.6453923475028949
410 0.7875212883922206
411 0.9608583549115377
412 0.8188396708894476
413 0.5376540636552676
414 0.5871249291605894
415 0.9127062926386256
416 0.6716368240829677
417 0.7070747419624215
418 0.36387529377378514
419 0.6056524247344294
420 0.5856661092297023
422 0.8324896539686688
421 0.7154316814516525
423 0.8850624039558086
424 0.9616401965632433
425 0.08897451175808402
426 0.78930746779406
427 0.9601072150616898
428 0.7186752454368411
429 0.3648365270501719
430 0.9297287739885663
431 0.8230920022712882
432 0.6742327534726653
433 0.4915593000725225
434 0.7617367402900254
435 0.4296549205731362
436 0.9653317851849151
437 0.2874735770715614
438 0.6097342430434106
439 0.8010145061700482
440 0.6341896643964059
441 0.7467307926373464
442 0.9970845605649034
443 0.7190770812277042
444 0.8306398245718665
445 0.5857075027864904
446 0.9715996093809263
447 0.932390596529434
448 0.939369447546897
449 0.5789966993903174
451 0.9037995784304436
450 0.16421601712217632
452 0.5507948424594232
453 0.2069385609162462
454 0.8619721463089965
455 0.6477901564783941
456 0.9895619847821391
457 0.482867826726211
458 0.7768059628638787
459 0.796048116658006
460 0.7078422451504355
461 0.8786175705127117
462 0.5989558095417225
463 0.39017979286661064
464 0.8571211743393153
465 0.8258537838265643
466 0.9016408485438894
467 0.9059004721492638
468 0.8796611774067888
469 0.7269591488846975
470 0.923470000796208
471 0.8550136572656948
472 0.5672809107639027
473 0.9843991329795488
474 0.8440584418047581
475 0.567794627933951
476 0.6944851671332508
477 0.541103783639565
478 0.7865636527007368
480 0.5953771015712848
479 0.7260150694762487
481 0.45896024887199127
482 0.618230880991617
483 0.4255080127381896
484 0.9630249360730698
485 0.9553082238261356
486 0.3521092799994582
487 0.9594420024258276
488 0.8717546779288097
489 0.9180862850982117
490 0.3777005957996581
491 0.863881528902777
492 0.874247748362152
493 0.3598731096354701
494 0.8303063890324881
495 0.9878210465405749
496 0.9780846793048084
497 0.764210939222938
498 0.44229795176546566
499 0.7485650508609873
500 0.24784103623531778
501 0.5911840040672528
502 0.7264834985832815
503 0.8788036093144378
504 0.7416774313767697
505 0.6137543474596907
506 0.8414482648863473
508 0.044426232276470023
507 0.9785640327172852
509 0.4695406271831541
510 0.7894037302947106
511 0.7947648887966065
512 0.35299387537166116
513 0.9472312272769773
514 0.5374260409503712
515 0.5787388636796953
516 0.36912470887263
517 0.6621084502882332
519 0.4365623383212783
518 0.6585316231920129
520 0.2752384978424599
521 0.5868160165708238
522 0.4097454216454606
523 0.37101539661855243
524 0.7262463811509333
525 0.27837801045270844
526 0.18456377896866924
527 0.5598349961974313
528 0.9456549692783003
529 0.6592559874172029
530 0.6494174808073553
531 0.16361998243891265
532 0.5107824390215641
533 0.8045755294339958
534 0.3427105886463374
535 0.4554554863140818
536 0.22342660680534052
537 0.7048681159928031
538 0.39671588958425075
539 0.3145596133307031
540 0.7681334356420528
541 0.905766700382211
542 0.7759182206757219
543 0.8935104165108907
544 0.5556117261606045
545 0.3902403122130545
546 0.5889018486850625
547 0.7765202518443285
548 0.6663036670709153
549 0.4649361414475714
550 0.9451597378286651
551 0.8603780599343736
552 0.4303327818649175
554 0.9358315098227327
553 0.4996076691708443
555 0.10671931929080535
556 0.009898916939780487
557 0.8669067915414397
558 0.6326182533915399
559 0.5911294705633424
560 0.9069664525161888
561 0.9066235154618272
562 0.7654591873727511
563 0.8624094663674683
565 0.9061720721986264
564 0.7641110273246036
566 0.6225837433874999
567 0.8118892754955689
568 0.9173098945987084
569 0.9397345240566991
570 0.898500991091498
571 0.4637259916279077
572 0.8962643419459672
573 0.7114365702469344
574 0.8307067404064628
575 0.544950371039657
576 0.7209896712966509
577 0.18455127151059159
579 0.6531938226107391
578 0.8459434973535409
580 0.5272560635244163
581 0.9391970490301096
582 0.6851300954761064
583 0.974944655412256
584 0.5415804109530785
585 0.2587379198408863
586 0.6762502124717358
587 0.8443738384498874
588 0.8710755206747738
589 0.5255590898058538
590 0.6605431737727503
591 0.7799563200496048
592 0.8496483223553356
593 0.7176214412210448
594 0.7644441215002206
595 0.472467415147075
596 0.7590562731490484
597 0.782891054297415
598 0.8815016796105836
599 0.9843975898699204
600 0.48627843489689637
601 0.7509610149851093
602 0.30603829205078853
603 0.9765846499915937
604 0.6905663609681615
605 0.7976135018789742
606 0.2527888421079708
607 0.41784036080217496
608 0.7514548506593434
609 0.9161460076915914
610 0.6521786013439289
611 0.5784925362592972
612 0.48625735242272133
614 0.7481243615516489
613 0.23827625574560965
615 0.6290200002979777
617 0.841932109471795
618 0.6104935914041376
616 0.46821608291719197
619 0.9158724830023276
621 0.9588527223295948
620 0.17782271332230087
622 0.810123786747904
623 0.7799080424701436
624 0.6524993550022823
625 0.49797035545392027
627 0.7176517748586386
628 0.6657235296838461
629 0.7812302365380479
626 0.9544325432933974
630 0.8285407210563662
631 0.8181519498394467
632 0.2914483507639979
633 0.43653090131602074
634 0.701749086973253
635 0.721569954159802
636 0.7814295319665651
638 0.5886836163380288
637 0.5947201550395527
639 0.8361555267723237
641 0.6790682420834472
640 0.4903004226346323
642 0.30980506098982813
643 0.7612800477361437
645 0.7955550635522245
646 0.5686225937811119
644 0.26471480527343083
647 0.9504616266210513
648 0.5925541540874619
650 0.7828686454890295
651 0.8852780861587822
649 0.9156448502324699
652 0.9352702839968317
655 0.8299046305836421
653 0.14914287934581422
656 0.6894958380794437
659 0.8293145778037572
654 0.9884338489347756
658 0.43861099163210004
660 0.7034350257599749
662 0.7018719662938483
661 0.4697569924892473
657 0.6829385236495464
663 0.9925886958922937
664 0.07259051213409447
665 0.6884544511591237
666 0.7021539060913047
667 0.4702392922750123
668 0.7884741842194852
670 0.655041044558761
669 0.5726010893979311
671 0.7398459268725431
675 0.9686586172748153
673 0.8188720012143901
672 0.6904044692522889
674 0.7853543891139924
676 0.979295148582827
677 0.4866971910464254
678 0.5302267456588208
679 0.816863565771792
680 0.995214875797928
681 0.6492217794660216
682 0.5038642236650751
683 0.6807745687449789
684 0.8015476646855626
686 0.35552870411688464
685 0.7691494689618553
689 0.4850963142500124
688 0.9226498355507645
690 0.9104797277790634
687 0.708668698919206
691 0.6668026479965805
692 0.6909789861167522
693 0.8665549066713699
694 0.9550675271338445
695 0.6790033812608217
696 0.7483115311128722
698 0.0722224856858747
697 0.46745798202680605
699 0.5255757350181697
700 0.9295081788812191
701 0.6558049176472932
702 0.31466638325255397
703 0.49780812997899854
704 0.6415187918963636
705 0.8709383128822052
706 0.6276909726713225
707 0.844411313214998
708 0.9187081357723715
709 0.8209690221983453
710 0.5374373711749137
711 0.7872407823856206
713 0.9197859871526979
712 0.9387620093941023
714 0.5138700981446214
715 0.7997907061744234
716 0.6213800995916768
717 0.8667384399383593
718 0.6663459640222945
719 0.4054179618852983
720 0.8185591907158483
721 0.742240309490068
723 0.570606529329974
722 0.9011976088731001
724 0.8708126760988516
725 0.4442392973925094
726 0.3918517842635084
727 0.7091611355312313
728 0.7790806033134281
730 0.7094212467882715
729 0.8088291689162753
731 0.7377822743054735
733 0.6924407404405314
732 0.9483276028028227
735 0.9313654244458477
734 0.9836654298144057
737 0.9999958026069335
736 0.4775588259222866
738 0.40125379384053134
739 0.8518375038093419
740 0.9571469089447356
741 0.6257245611295569
742 0.2494954300702171
743 0.6905730952765784
744 0.9604636874970575
745 0.36896817298927104
746 0.7493031206025407
747 0.13296741935659198
748 0.8866282749467135
749 0.930420551468249
750 0.5302831463994535
751 0.7662550923341767
752 0.7018351681945078
753 0.6534951551874584
754 0.8806194514655784
755 0.9345877615607255
756 0.9412321396653358
757 0.9273690963237743
758 0.41344380199003306
759 0.8268001125489827
760 0.8188313443028518
761 0.937097118934863
762 0.9095091216961644
763 0.35232679106496134
764 0.9613764048601139
765 0.659431285811071
767 0.5897506461738771
766 0.8760809354617587
768 0.704346935431178
769 0.4843187397849528
770 0.8780804122393707
771 0.8023814757414027
772 0.6649517949482238
773 0.6082686909843591
774 0.738577351206544
775 0.6217290011970937
776 0.976955880185171
777 0.48690270360543336
778 0.3171878101575547
780 0.5984860064387736
779 0.2627438199323591
781 0.6742157737733453
782 0.4639614654981736
783 0.851905741153714
784 0.550033179643156
785 0.9567254214046562
786 0.8559096237641446
787 0.987784024281712
788 0.47347232140980994
789 0.8887498895561932
790 0.9941626768475803
791 0.674628434709502
792 0.7153306945393694
793 0.7024505688813735
794 0.3712918279867221
795 0.4903595220593937
797 0.46062795843711557
796 0.574608962155228
798 0.7414166203284723
799 0.8783115051069654
800 0.7546767443658099
801 0.7894722639919189
802 0.37005357186586857
803 0.4814176534486337
804 0.8324431395651551
805 0.38414317191613784
806 0.6425171946665867
807 0.5141204951476216
808 0.6658868760112516
809 0.8605741273050369
811 0.9327539576676436
810 0.7391615535088951
812 0.9246132925099168
813 0.9263268766677023
814 0.7155357438399689
815 0.43406120004564
816 0.8000108020934916
817 0.9097259611282996
818 0.35432531380964394
819 0.7601480975677215
820 0.19274422687344503
821 0.9624001839040985
822 0.6066473209550826
823 0.7991207919971132
824 0.5672447082799641
825 0.6209307435190679
826 0.26875766062557077
827 0.4790837089593098
828 0.9461541240174004
829 0.8199515332365984
830 0.6376466756107747
831 0.7810657503519036
832 0.3867277018660319
833 0.733912891851885
834 0.7242079478018544
835 0.5647057324344268
836 0.9601495984099953
837 0.822656237955535
838 0.9057205610712418
839 0.9522648373385049
840 0.6534256235198947
841 0.6963976128375551
842 0.9981796815293419
843 0.5286594681095959
844 0.8802200325958874
845 0.11410671035876457
846 0.6040089132605156
847 0.7349317671728502
848 0.6069562035824132
849 0.17757026338035117
850 0.9525039905271033
851 0.6249918459968711
852 0.6032461662929481
853 0.7704614584670759
854 0.8985237767145473
855 0.9121998960504927
856 0.9212696554692781
857 0.8136023142286385
858 0.4450760660101309
859 0.9663864828905624
860 0.9481795896719933
861 0.25167110801883963
862 0.7404156547129742
863 0.35014713250666435
864 0.8898342436747876
865 0.8204378353901514
866 0.7808436822890047
867 0.6051750889805869
868 0.5924379992196228
869 0.6737304351656743
870 0.5250433659775653
871 0.6314720502517915
872 0.599213139799438
873 0.4536614852066489
874 0.7512237271277508
875 0.68783007211626
876 0.5130331148051109
877 0.9640966736890648
878 0.484971974714848
879 0.6114158477026572
881 0.795581641432893
882 0.3447154370969458
880 0.70485269956738
883 0.4327997508116584
884 0.9058454315613591
885 0.6351489976959468
886 0.7168104937619555
887 0.9716994204588197
888 0.20868746215339648
889 0.5010222664673156
890 0.750313956087005
891 0.9677454159715781
892 0.6927430845295591
893 0.8047368654698402
894 0.6222494266288152
895 0.8118843502363975
896 0.7088711953188175
897 0.8823141667379601
898 0.8282469360093803
899 0.8154240919583391
900 0.7677516725533353
901 0.8536943858030336
902 0.39354879217274086
903 0.6548772700997676
904 0.5353774519873898
906 0.15892775952120555
907 0.2606783483016558
905 0.3793083955355733
908 0.9137579522562388
909 0.7693399542106145
910 0.8225904169811541
911 0.5129366324303849
912 0.6856369088773232
913 0.8198042881409476
914 0.8941197478476549
915 0.7883934925919183
917 0.8413155637194656
916 0.8192127657244671
918 0.6275809357820871
919 0.4743149433377841
920 0.5214660720388715
921 0.5486327754897269
922 0.6598791847651073
923 0.7539123079672
924 0.8567256477611676
925 0.5008033769363115
926 0.9746472422947929
927 0.7394189492062179
928 0.49080128515342364
929 0.837287642766777
930 0.4641226717673143
931 0.7391748222874279
932 0.8395774190368002
933 0.7456605685089853
934 0.8282374927932021
935 0.8633487263741717
936 0.7773072848315367
937 0.9861523927807756
938 0.9568062159694475
939 0.6044736237492285
940 0.26868808078673684
941 0.7883206675765878
942 0.5121265108727969
944 0.46767113788391906
943 0.567578639088326
945 0.6113690954651579
946 0.6714032720308167
947 0.47931003221960594
948 0.8711397010781168
949 0.8261213588882834
950 0.16987693987760757
951 0.7738288576661483
952 0.9582370310185258
953 0.6244799993820614
956 0.9920497950760102
954 0.8009809231353282
955 0.3817617950720138
957 0.8947414320499475
958 0.7904440538938173
959 0.6851344975544702
960 0.32295074176624156
961 0.4757174729652616
962 0.8678781078838704
963 0.806298128983536
964 0.7407370015606924
965 0.7144736950435805
966 0.4904989927165065
967 0.8322608260619555
968 0.7790808779980949
969 0.8771040320926143
971 0.38361269458536246
970 0.9284275194610377
972 0.4289437957360212
973 0.4462680695723596
974 0.9616255994272295
975 0.853875627928009
976 0.616420956380611
977 0.568136363877921
978 0.11435175161721069
979 0.6232250946757075
980 0.642617867576868
981 0.8500551297073687
982 0.5417008726134885
983 0.5827617999725352
984 0.9114910044049629
985 0.9164570937243515
986 0.6763171520999108
987 0.6560689236752181
988 0.42989823675759564
989 0.36211148736412513
990 0.7832789035106936
991 0.9531868580557962
992 0.6948716980143832
993 0.8723572839503455
995 0.8180844980088905
996 0.9500491608879573
994 0.535179391161056
997 0.7912474053822551
998 0.8211301737159982
999 0.7299111294056584
1000 0.6279339072290557
1001 0.6120362957007347
1002 0.6737206046331827
1003 0.3665368120279826
1004 0.7744750349139868
1005 0.25642739553797744
1006 0.9613863869783594
1007 0.7565194745134847
1008 0.6466447389130349
1010 0.9672425596158163
1009 0.8063856328106925
1011 0.6270101709038765
1012 0.6631325746751237
1013 0.8907264940758479
1014 0.7477708410993905
1015 0.8033612612277946
1016 0.4984144011694761
1017 0.5747203761776954
1018 0.5449288294633797
1019 0.7164841845603576
1021 0.4131690705000913
1020 0.595553765661218
1022 0.7338334029057605
1023 0.859255234270815
1025 0.8113785465568872
1024 0.939645042518196
1027 0.8343505748944962
1026 0.5915443341379798
1028 0.7455351591638671
1029 0.09773774694100486
1030 0.2944318799613027
1031 0.9114298534070282
1032 0.9275967843780495
1033 0.33913689857100765
1034 0.23691505510172794
1035 0.984543318078022
1036 0.6273853419434049
1038 0.6215463251483924
1037 0.3747624303040686
1040 0.5599633543134502
1039 0.9978320390107172
1041 0.601291106511694
1042 0.6807326380347751
1043 0.4007149367837145
1044 0.7189343487220768
1045 0.860052884095137
1046 0.6215803512923743
1047 0.8375867703092528
1048 0.8375186110063452
1049 0.6780721444852739
1050 0.4130872849483082
1052 0.6448120157373671
1051 0.9584664834593924
1053 0.6773918669717935
1054 0.7979291307460903
1055 0.718284508389892
1056 0.48158116510949134
1057 0.8715233924324262
1058 0.8591958445572657
1059 0.5409665807973595
1060 0.8946902187134708
1062 0.4223200108052308
1061 0.6669584751710476
1064 0.5362413300795927
1063 0.6233047773692106
1066 0.6120081301766174
1065 0.7126119907211582
1067 0.7520669576667434
1068 0.659123851837921
1069 0.4841851288551227
1070 0.8232986726388003
1072 0.6636736678957871
1073 0.9474199584610412
1071 0.1724486844819339
1074 0.6566431903331914
1076 0.6903392441739746
1075 0.673517089868764
1077 0.9306276736305598
1078 0.7436928316051648
1079 0.8637967312322166
1080 0.9359862495212357
1081 0.8467761549158652
1082 0.9582633947972639
1084 0.6521455034285764
1083 0.9016100953963984
1085 0.8593261100685294
1086 0.8197364199497611
1087 0.5243606075121868
1088 0.8244586732240718
1089 0.9251162052015871
1091 0.494816858434631
1090 0.748126184346374
1092 0.675149600612102
1093 0.7222116995974273
1094 0.9015974918485009
1095 0.6955898046724545
1096 0.25351891750959854
1097 0.8895532386775258
1098 0.8034075754469431
1099 0.7345775993025425
1100 0.8511813376834788
1101 0.6226616758138437
1102 0.34911670588111565
1103 0.8972981300365378
1104 0.9047516598695005
1105 0.5141084333263163
1106 0.3060520981969913
1107 0.7958296564697401
1108 0.8253715216287982
1109 0.836502508677116
1110 0.6856817642716012
1111 0.7823755645646953
1113 0.999122434889599
1112 0.8478328042765875
1114 0.8225601281779055
1115 0.8790164845517364
1116 0.6375363130023142
1117 0.777694593377016
1118 0.368873850022761
1119 0.8520886424686841
1120 0.8676798393684849
1121 0.9424025547803753
1122 0.4748536194078996
1123 0.9402248293970281
1124 0.9110467092524711
1125 0.8439166191900977
1126 0.8595674901271914
1127 0.6702666193252608
1128 0.4281183934171581
1129 0.7780377610498778
1130 0.8943976193434214
1131 0.8709926787027578
1132 0.7992214540494647
1133 0.8076363815644996
1134 0.9882199759268043
1135 0.48035820043681277
1136 0.9401925833422335
1137 0.787817402818348
1139 0.655455993918711
1138 0.7108970953254249
1140 0.5491399136961426
1141 0.8509397370284177
1142 0.3404656453215385
1143 0.5738382020419523
1144 0.9958487764923503
1145 0.471585600639796
1146 0.6159151710832338
1147 0.804960190060466
1148 0.863089492402444
1149 0.6192306869171407
1150 0.6425089182720333
1151 0.9264041890626896
1152 0.6666747740026545
1153 0.8087466868798158
1154 0.3298007717633976
1155 0.7059456653828986
1156 0.4534961054521124
1158 0.7522662737028359
1157 0.6610399030063233
1159 0.7402219658765419
1160 0.7537400810062915
1161 0.7926710586522532
1162 0.8015890803000957
1163 0.9423539862869429
1164 0.806784686431531
1165 0.8118517355057856
1166 0.7623918603925393
1167 0.7885886386604204
1168 0.6323818368416957
1170 0.7237772768973961
1169 0.736270618313608
1171 0.8932972996679929
1172 0.282355871732443
1173 0.7600195981856938
1174 0.516013634704233
1175 0.7584921709570739
1176 0.9489904935271782
1177 0.9103382830651071
1178 0.773178153163898
1179 0.6466157312553035
1180 0.8358951062647338
1181 0.9195771916453731
1182 0.8387786072748764
1183 0.9588463590834068
1184 0.607711810547469
1186 0.8557556228955183
1185 0.7524497009170314
1188 0.8444261899810978
1187 0.7608030252173144
1189 0.8062890630363098
1190 0.7477886147009191
1191 0.7943181332885421
1192 0.759782307573899
1193 0.9260386135681753
1194 0.8256157943530467
1195 0.8898957136802298
1196 0.682307175818732
1197 0.8928792655075846
1198 0.7057338716878856
1199 0.902833817022115
1200 0.628698391429254
1202 0.7891624215387023
1201 0.7603275843185127
1203 0.849137667348634
1204 0.7416025015428982
1205 0.6629040693072018
1206 0.6272187066436015
1207 0.8538843172072438
1208 0.8803972602173025
1209 0.9629475314808614
1210 0.9004478330562002
1212 0.9105503195755813
1211 0.5858727181420199
1213 0.8900343373306956
1214 0.8691531138021499
1215 0.8324020621505325
1216 0.8150833079970428
1217 0.7088015612756029
1219 0.5887004371813424
1218 0.7061791010366215
1220 0.9763932382048559
1221 0.6891347486280346
1222 0.7619238635332083
1223 0.8435574379553541
1224 0.7653166444155004
1225 0.9735419708689574
1226 0.07953580074382198
1227 0.33105515652552253
1228 0.9166399655073526
1229 0.8626136507189034
1230 0.49516662775663756
1231 0.7356264056530287
1232 0.6774187528988235
1233 0.5793028047431317
1234 0.815549897503086
1235 0.6784752438798284
1236 0.8684615349945514
1237 0.9560786103484361
1238 0.8489450092166987
1239 0.929392091034915
1240 0.4274049984563783
1241 0.7306765961196419
1242 0.6954504868926864
1243 0.802962925950289
1244 0.8297222176288409
1245 0.7584923721731003
1246 0.6584532481107028
1247 0.2957505056946095
1248 0.7199804356207021
1249 0.5579295125373892
1250 0.887619184912757
1251 0.8158223025294495
1252 0.8594554464386119
1253 0.559865130484387
1254 0.3563264929711136
1255 0.798886976635913
1256 0.9663648992605774
1257 0.6450640160036994
1258 0.3100316098237272
1259 0.8045406165725316
1260 0.7666943188070027
1262 0.8603169707289121
1261 0.7647285747825382
1263 0.9399922639567971
1264 0.7667941617233668
1265 0.8993612694667895
1266 0.9934917699728609
1267 0.7932229634631089
1268 0.6469467248342594
1269 0.8397092398501598
1270 0.2994580029630597
1271 0.9760369990247012
1272 0.9267038369280785
1273 0.8484865100072985
1274 0.5093003608061665
1276 0.7599675376915312
1275 0.9286521663066714
1277 0.4009046158398205
1278 0.8854643596625653
1280 0.9282720845052846
1281 0.7398081238593788
1279 0.9620452693323263
1282 0.34782308370154363
1283 0.9739717103116139
1284 0.469278734732227
1285 0.7055037162786785
1286 0.7363159201373639
1287 0.8079837857806086
1288 0.29024251603150286
1289 0.5619566102935836
1291 0.5050468918815632
1290 0.5755890407523353
1292 0.9075769744114704
1293 0.8834155153623326
1294 0.645210176654344
1295 0.6845359399872599
1297 0.7287830001021152
1296 0.841208520422863
1299 0.6991315474459976
1298 0.7667839269538642
1300 0.7338563476965664
1302 0.4956602456686901
1301 0.7458563643832478
1303 0.5844920992758739
1304 0.39244516674396296
1305 0.27700271669287346
1308 0.6057977731760215
1307 0.5730946031932663
1306 0.8061894349950961
1310 0.8053199919013595
1311 0.8166584216847563
1313 0.9273535508400035
1314 0.37274045611367307
1312 0.27532678073381894
1315 0.6398435648880769
1309 0.36599266495991783
1317 0.7276196984983182
1316 0.833279623149429
1319 0.562825197414301
1318 0.2897150311917108
1320 0.9942987233351711
1321 0.9783558836663814
1322 0.7006389185624678
1323 0.8328670198525376
1325 0.8278846732951305
1326 0.6092047879563085
1324 0.7163538419720612
1329 0.9480456112063754
1330 0.7393946865206716
1328 0.7944411705256169
1331 0.6565011479867474
1327 0.5582810626905439
1332 0.22887028506916984
1333 0.8229841454321574
1335 0.6192737816123874
1334 0.5806134149523607
1336 0.5966808831413967
1337 0.47399138724141937
1338 0.8035259073425431
1339 0.9423715479111708
1340 0.13540372518101207
1342 0.7183677391452765
1341 0.438054888858765
1343 0.9392837939649252
1344 0.6760315332675731
1345 0.9514688435685438
1346 0.8835959201687381
1347 0.5588875120461497
1348 0.8390250250970843
1349 0.4281113602305465
1350 0.7147332545506869
1352 0.7002627484446182
1351 0.6097622364779969
1353 0.9306112524592428
1354 0.7484081903530427
1355 0.2933295483137041
1356 0.7208203056452105
1357 0.49030557609433423
1358 0.966654189776191
1359 0.7342940186375922
1360 0.8891005224286411
1361 0.8376132294826835
1362 0.8339256260456659
1363 0.8590145728585044
1364 0.8687518596359058
1365 0.5342124696185626
1366 0.62745665457033
1367 0.910629069775121
1368 0.606628541308039
1369 0.8189516121670907
1370 0.6975170956791878
1371 0.9681615278082057
1372 0.6957872019650128
1373 0.34924396486979964
1374 0.5212293890769001
1375 0.93774702121936
1376 0.5843430753395246
1377 0.8825826343517695
1378 0.46606025291434716
1379 0.613688459373403
1380 0.8602657821677642
1381 0.9094107680411445
1382 0.9421916234765708
1383 0.5012184595317917
1384 0.10657288475323318
1385 0.9604425943981462
1386 0.8296797847047236
1387 0.7783102676025907
1389 0.6522030554445132
1388 0.3874939016195895
1390 0.8840413351726271
1391 0.9101967460379281
1392 0.6424965623134452
1396 0.6415539695304819
1393 0.9548654437622802
1394 0.8719342570210737
1395 0.8464001899673265
1397 0.8437914850249509
1398 0.48196885746797324
1399 0.7203372251057051
1400 0.4455265599777992
1401 0.9533493289140375
1402 0.8391729403035202
1403 0.7912894839159383
1404 0.8818604483534953
1406 0.7447606647346339
1405 0.6063132685760734
1407 0.5518622489565008
1408 0.6163475066668611
1410 0.6648033147120217
1409 0.71517252503632
1411 0.8841693070333037
1412 0.5899105461380886
1413 0.8273582055057965
1414 0.6518229789726334
1415 0.7064002434392949
1416 0.6652739939659698
1417 0.8674822137911573
1418 0.8047282764358168
1419 0.6679885661432277
1421 0.6989990349982533
1420 0.9680577427500276
1422 0.638242547291045
1423 0.7911677821966101
1424 0.784920279181513
1425 0.633326463656592
1426 0.3668119888943642
1427 0.795218075924662
1428 0.8102700814537618
1429 0.613066854256115
1430 0.7953833934492569
1431 0.774997742169543
1432 0.8397869721258884
1434 0.8812329627893203
1433 0.6232898293185294
1435 0.6518831136438558
1436 0.46402242416134143
1437 0.5424667991625554
1438 0.7260954399166983
1439 0.8376837521842829
1440 0.5698850897699714
1441 0.36518903745197323
1442 0.7126257811494171
1443 0.4952306413917338
1444 0.8255374006015147
1446 0.4650413813295459
1447 0.38735596823485363
1445 0.7657829807611146
1448 0.5720962658484404
1450 0.6671749617990523
1451 0.5848014888557039
1449 0.8196461963806481
1452 0.7807836276259121
1453 0.5376168163261059
1454 0.21381420822021197
1455 0.40244719857960903
1456 0.9292573836396466
1458 0.6004141892797222
1457 0.7544544423736043
1459 0.9595548044804431
1460 0.9318057633179734
1461 0.8017823686776923
1462 0.6511128622717609
1464 0.10550978925556453
1465 0.7570485184138596
1463 0.9064140003527918
1466 0.5801153277293105
1467 0.8715968386554108
1468 0.5392730623754136
1469 0.34696930350790406
1470 0.7466401305718952
1471 0.7943593393440662
1472 0.8608463049242572
1473 0.6637625799301085
1474 0.4817166401265856
1476 0.7345045729477805
1475 0.7976145521025111
1477 0.7714685730455308
1478 0.7674546200196295
1479 0.5355155980918762
1480 0.8636657250094594
1481 0.5267319602068277
1482 0.9228665777098476
1483 0.7302219686149382
1484 0.5327805774219577
1485 0.9083429215625387
1486 0.29738282339223693
1487 0.8015062662544077
1488 0.4551299755752465
1489 0.6571300795392636
1490 0.7982310264228916
1491 0.7241461580433545
1492 0.9956770982982183
1493 0.6283620606580138
1494 0.6818889652422093
1495 0.7183786159098037
1496 0.37645145242908307
1497 0.8540523536500655
1498 0.6969930053665855
1499 0.30824522212037664
1501 0.6275432849456865
1500 0.37765340344393744
1502 0.6717306070504919
1503 0.7873283205427233
1504 0.6823876724075127
1505 0.5554911411273799
1506 0.5987404711677922
1507 0.8693956722861665
1508 0.7276543756141783
1509 0.8353720885469441
1510 0.15268086289022945
1511 0.9173628428711661
1512 0.6757264307967508
1513 0.990958126019393
1514 0.48731324871267845
1515 0.7237500900710816
1516 0.4772620321229067
1517 0.48627067638467053
1518 0.6403598332561677
1519 0.9196798437135401
1520 0.8329926893212322
1521 0.7772681109425176
1522 0.6667323327393037
1523 0.9350217522621027
1524 0.8590787076705426
1525 0.8406635348843412
1526 0.703361341724477
1527 0.781285195580697
1528 0.20100990818760706
1529 0.7322326126515294
1530 0.7325975172563117
1531 0.5915260598912072
1532 0.7127694087503905
1533 0.7746595428920732
1534 0.701393061200923
1535 0.8575619122917589
1536 0.9166587758675944
1537 0.9967838808723406
1538 0.9939000230564523
1539 0.9625132422821444
1540 0.9772869989955438
1541 0.917084820745269
1542 0.9640348954669997
1543 0.5824571720481844
1544 0.9854748976777986
1545 0.5317300919952043
1546 0.7493176840513593
1547 0.9649762648271036
1548 0.9030957800415133
1549 0.46599037626033607
1550 0.6719901039165179
1551 0.9831496242867322
1552 0.1613590472235661
1553 0.9130271035810649
1555 0.8199157989605766
1554 0.22312763842178318
1556 0.019516278769945595
1557 0.4653493152728759
1558 0.30074509121870047
1559 0.0490555731647416
1560 0.37622672083430436
1561 0.995465296408384
1562 0.2883499295337549
1563 0.6238018613522911
1564 0.6691186703455946
1565 0.8059834669282018
1566 0.9185280080045827
1567 0.942857509403643
1568 0.8149900542402273
1569 0.3744808981805396
1570 0.8311960291396665
1571 0.8483355922713022
1572 0.3718298372610813
1573 0.34517986166972103
1574 0.7625650606645415
1575 0.6774752985679621
1576 0.9548767844920396
1577 0.8422384177613595
1578 0.7958411712759572
1579 0.7034299654406105
1580 0.9635421726249193
1581 0.8541275374418923
1582 0.6928305523892082
1583 0.6808980909767316
1584 0.7358020142805265
1585 0.5038969470555958
1586 0.9242723112543889
1587 0.45788472849043965
1588 0.8725835861785084
1589 0.6836144661136704
1590 0.701890374990741
1591 0.8996368060720462
1592 0.6234613569293042
1593 0.8209969999787492
1594 0.70257771857465
1595 0.46882088904452707
1596 0.6625913990199495
1597 0.6609825550822805
1598 0.8928824014590706
1599 0.8834248573690084
1601 0.9294227758574486
1600 0.7781324137299174
1602 0.8081514432495811
1603 0.9057054811208789
1604 0.8636929529119036
1605 0.7600470429364523
1607 0.9832285183902175
1606 0.6642319047525083
1608 0.9561880951317431
1609 0.5637111263487491
1610 0.7852816589957453
1611 0.6933065774735276
1613 0.9806893579512702
1612 0.6916041374099298
1614 0.7088037983364983
1615 0.37379163253042336
1616 0.9275920616453905
1617 0.6622729265860052
1618 0.7931579128293198
1619 0.5888965262796696
1620 0.7998069254834744
1621 0.3001966032530857
1622 0.507325486125047
1623 0.6345903443167914
1624 0.9778411306566176
1625 0.4548656518341713
1627 0.7079924263454414
1626 0.7041689997477775
1628 0.7430176974025716
1629 0.7165091487549237
1630 0.6618560067794268
1631 0.2236815098873369
1632 0.4658199682254038
1633 0.5944881544421546
1634 0.8959627208333093
1635 0.8001073041949578
1636 0.5578855352939655
1637 0.22648615154864124
1638 0.706859655767703
1639 0.748426395624276
1640 0.969981228361419
1641 0.9828524731661376
1642 0.8342328122271262
1643 0.5459787244191818
1644 0.2737865741441668
1645 0.8838315203752363
1646 0.9023041543030675
1647 0.36471943064569734
1648 0.9386477401257484
1649 0.8914630115229786
1650 0.5618120202272858
1651 0.7676273360112171
1652 0.2781182025727959
1653 0.9008446471345739
1654 0.8680507384002042
1655 0.9438774688482241
1656 0.8554874993647025
1657 0.828972012336424
1658 0.8229623640667401
1659 0.7137519445073256
1660 0.8458978552023365
1661 0.8826498703070643
1662 0.42554703184355175
1663 0.50843631729748
1664 0.8415292622982213
1665 0.8813415758740077
1666 0.5749449642625931
1667 0.6215544824267866
1668 0.5439971915348051
1669 0.4082756421027617
1670 0.6959885409914826
1671 0.36965087026785415
1672 0.42356906001960554
1673 0.7111005389927976
1674 0.7062133250150233
1676 0.8581221500298013
1675 0.16803206907250784
1677 0.22557320292772368
1678 0.3555799534729207
1679 0.4784096048998977
1680 0.7926860781433223
1681 0.6121218064968963
1682 0.5098175456694056
1683 0.5988028621845491
1684 0.7529072624919314
1685 0.9453306030912306
1686 0.6823318889659701
1687 0.43807017532107484
1688 0.9444644560519874
1689 0.9738509563634701
1690 0.9588791046194435
1691 0.7244383926325861
1692 0.4355351115313305
1693 0.9404877129948406
1694 0.5528156012644976
1695 0.6217364041628245
1696 0.7140010398646537
1697 0.36392353892820506
1698 0.9661649553269385
1699 0.7861650107458609
1700 0.31685375888559153
1701 0.6231671087249634
1702 0.6500223610851883
1703 0.31805613272050154
1704 0.8305088943562251
1705 0.9001365737278485
1706 0.628982078037692
1707 0.7229709207831907
1708 0.9243672821187298
1709 0.8936917397865575
1710 0.32466454738313305
1712 0.6972454657671505
1711 0.7477878730637308
1714 0.669434022864985
1713 0.40819712483165144
1715 0.8393922226469646
1716 0.5802094071442779
1717 0.8050898893212814
1719 0.8037309434808445
1718 0.723553038829912
1720 0.7058485020510071
1721 0.7910801499111676
1722 0.9176457834711452
1723 0.8197433487777953
1724 0.49381819887166994
1725 0.4072591346047902
1726 0.9721160327793233
1727 0.521096042889933
1728 0.6598712038229175
1729 0.8124918969129539
1730 0.7317643032412328
1731 0.9764855081361544
1732 0.5994206298985337
1733 0.7152019473708123
1734 0.9379069427707146
1735 0.8473760163792989
1736 0.4360798741338834
1737 0.9102414772833736
1738 0.7264420457045969
1739 0.7769919812901798
1740 0.8967448135694166
1741 0.47826762567900327
1743 0.9051856580689696
1742 0.955752892095583
1744 0.9105807748621995
1745 0.45552265179930573
1746 0.6150305919550821
1747 0.26489426737480015
1748 0.24911019032917878
1749 0.8869954788252826
1750 0.5250976434168598
1751 0.7485498282276366
1752 0.5823425798372529
1753 0.8409586114294522
1754 0.8803612056287865
1755 0.6034842575811888
1756 0.8072332641587509
1757 0.502698246671617
1758 0.554380298917843
1759 0.27784722061966804
1760 0.327611710103209
1761 0.8387659577523963
1762 0.9209006189137633
1763 0.85854129713881
1764 0.6389486303781382
1765 0.9777928071819064
1766 0.5918072347738558
1767 0.9356486641943916
1768 0.6595639590789826
1769 0.8239662235072231
1770 0.38827217572432976
1771 0.1476145632688005
1772 0.7674413916608972
1773 0.30055605250614364
1774 0.8941017996411738
1775 0.9439333475546419
1776 0.7026387397243233
1777 0.9574159113723734
1778 0.5439112611796416
1779 0.9515643237011604
1780 0.700602079367131
1781 0.8672473228464287
1782 0.7310372695826263
1783 0.688053091147902
1784 0.45606753481836654
1785 0.8894276250511546
1786 0.9909617569874786
1788 0.5823910390141365
1787 0.8462420514274926
1789 0.041538004329618884
1790 0.9912759302038155
1791 0.7711833317128737
1793 0.9523838857891598
1792 0.9940771194164959
1794 0.9590718246588393
1795 0.9088247516593573
1796 0.8762538767923858
1797 0.9913545971247492
1798 0.11716151072500362
1799 0.6393613195576959
1800 0.4839377622597501
1801 0.39093542201443954
1802 0.8651981040823762
1803 0.5258430125711064
1804 0.9955024716588213
1805 0.9499681320129753
1806 0.5710189249196214
1807 0.07025151506751805
1808 0.06268107642215026
1809 0.9168646072941002
1810 0.733912525933048
1811 0.9646497393242757
1812 0.43918283779966094
1813 0.994394124572858
1814 0.6669520636394702
1817 0.25494314001026475
1816 0.613498033023867
1818 0.5447024755850657
1815 0.7101304841828084
1819 0.41534732627366305
1821 0.7434829184024137
1822 0.7021273013853585
1820 0.8571044970169663
1823 0.3468982981304833
1824 0.6700794497834774
1825 0.7608663441545042
1826 0.7096697530509058
1827 0.6352116299213856
1828 0.684465996441892
1829 0.44618640820783306
1830 0.7011303005473957
1832 0.7010995058851271
1831 0.6247646824085041
1834 0.21247120694570332
1833 0.8022378995286525
1836 0.6802738825187651
1835 0.9071001099803492
1837 0.22840775342329697
1838 0.8493555362802901
1839 0.6761727842047224
1840 0.9369255692416317
1841 0.7074545761943418
1842 0.7066522741268322
1843 0.9310071361713969
1844 0.5170534297718796
1845 0.6363598205505351
1846 0.6744673299329011
1847 0.7755712688063391
1848 0.972849090508046
1849 0.8703811869822382
1850 0.7213805600957918
1851 0.5132739593149689
1852 0.8595918136862627
1853 0.5192808217665875
1854 0.769527755747954
1855 0.3557059585867574
1857 0.8718558741686404
1856 0.5380904990280917
1858 0.8590405076951924
1859 0.6610485582304757
1860 0.8011654245647692
1861 0.9626413445115988
1862 0.650890980644044
1863 0.673831139546708
1864 0.872928722538813
1865 0.5014359335788822
1867 0.9190774729335902
1866 0.5472263492342272
1868 0.6967531035019732
1869 0.43357198097336863
1870 0.9621891453386852
1871 0.7218909936203589
1872 0.8864819976002012
1873 0.9167728632920943
1874 0.9055952825007014
1876 0.8011882659558116
1875 0.884777330923918
1877 0.9278408730916783
1878 0.6033956717906949
1879 0.8447798521529903
1880 0.8455634678986251
1881 0.8438161774924506
1882 0.8179275417271133
1883 0.37691583112469396
1884 0.45871936753956505
1885 0.8131278978406967
1886 0.5930672502914067
1887 0.7667903168157422
1888 0.8175680930743354
1889 0.895280743882933
1890 0.3807427897102841
1891 0.47905008275456373
1892 0.6887294581265626
1893 0.7198898065232928
1894 0.8473471847977915
1895 0.6808112505743305
1896 0.43590924694363736
1897 0.55325858831044
1898 0.83648372421794
1899 0.8374577411427827
1900 0.3819271694137777
1901 0.853488270849462
1902 0.679469605295519
1903 0.7103193687995325
1904 0.901676421547647
1905 0.6750974191081341
1906 0.8913588102799104
1907 0.8947305905806311
1908 0.573028238063061
1910 0.8446016195539637
1909 0.47645246602892866
1911 0.35207734264666846
1912 0.4903460229249405
1913 0.80052602502622
1914 0.2917340476343247
1915 0.565798615478911
1916 0.9992940723372004
1917 0.768417114804647
1918 0.5961742095940645
1919 0.5936584500569777
1920 0.919741649240888
1921 0.5086806238654986
1922 0.7222185264006266
1924 0.2502809473708861
1923 0.8425464168795813
1925 0.7911073558937782
1926 0.7306900012625498
1927 0.9285464348779734
1928 0.1892174903495852
1929 0.3812767803833415
1930 0.5915709509847815
1931 0.7439736230825181
1932 0.7241561547836415
1933 0.8055376131318969
1934 0.6057426941071302
1935 0.7313938987894716
1936 0.6211170366342222
1937 0.2981535875191771
1938 0.34198759732022493
1939 0.6701755474633173
1940 0.8314006525267206
1941 0.7124653355999784
1942 0.7564761321159942
1943 0.8631846147260619
1944 0.7211230877915916
1945 0.9599667750077666
1946 0.5989327012163501
1948 0.858291839770377
1947 0.2925322224313303
1949 0.7045238943741633
1950 0.7202605122662629
1951 0.5135460830778982
1952 0.8656714625719314
1953 0.8021080624748181
1954 0.2062063260251729
1955 0.5277246033755986
1956 0.7370837268534526
1957 0.4984371194260599
1958 0.6134694323933446
1959 0.8349534806433928
1960 0.6875159415229731
1961 0.848913562267765
1962 0.8562148308349616
1963 0.7598518671418062
1964 0.6427914389995812
1965 0.7994749404541629
1967 0.8775824856403767
1966 0.8308186246442208
1968 0.982282548952041
1969 0.5526514491182639
1971 0.8592084839678817
1970 0.6321453540165196
1973 0.817436357123447
1972 0.6748608556293457
1974 0.592223772840853
1975 0.9969421181147693
1976 0.9039309669321912
1977 0.9082212481012035
1979 0.7716644955189492
1978 0.8213080166427427
1981 0.6583097032821651
1980 0.7217310169601174
1982 0.8938276896377334
1983 0.815308269353846
1984 0.9063260503914191
1986 0.9397145383582294
1985 0.5101507606224432
1988 0.8792523768799136
1987 0.8669370901760254
1989 0.8874935390555879
1992 0.8431471374116293
1990 0.4457379290675606
1993 0.6504102257418563
1991 0.7353162682688102
1994 0.7611590040097197
1995 0.7518681254402748
1996 0.5717045881747694
1997 0.8158180635785642
1999 0.47122311915351783
2000 0.9228699216694473
2001 0.9284602727676103
1998 0.6731848883596201
2002 0.7294898879887882
2003 0.9976314755788087
2004 0.8427106980268826
2005 0.6879843302529256
2006 0.9923605518983595
2007 0.9472928651089683
2008 0.6544027685101209
2009 0.3568870476043269
2010 0.8253558450280299
2011 0.8392078182231688
2012 0.8269007371725452
2013 0.32020402648940743
2014 0.5628652729126639
2016 0.41239320711379296
2015 0.6762206367384243
2017 0.9030133179978804
2018 0.9311291687938941
2019 0.5290718754564511
2020 0.6569826303048714
2021 0.4500950040648616
2022 0.8163559284543166
2023 0.6872992567954663
2024 0.7138845742584602
2025 0.8085837417928231
2026 0.8011288483300206
2027 0.8216172392271177
2028 0.9273244274960462
2030 0.7445864236694484
2029 0.4297980590538696
2031 0.9220902831636161
2033 0.5319859136651783
2032 0.937869732246565
2034 0.6606896739074055
2035 0.731385113047087
2037 0.6018828747006709
2036 0.13843705847390242
2038 0.7353287344331624
2039 0.9172632025746885
2040 0.9803083636676392
2041 0.8497239539096673
2042 0.9697629140522002
2043 0.7037449039976165
2045 0.8855960242798367
2044 0.45858444435560747
2046 0.7860478400277923
2047 0.7651490632760691
2048 0.8049812364527223
2049 0.7345575906723698
2050 0.8901401906024549
2051 0.9824498748402617
2052 0.9990070359794073
2053 0.866817894586904
2054 0.9621027947426465
2055 0.8878982124254017
2056 0.6581749434853174
2057 0.8716999696135305
2058 0.3211509264396298
2059 0.6268543850240713
2060 0.938588421935183
2061 0.9759587916374504
2062 0.35339764950445296
2063 0.9359075972123804
2064 0.5279708034242288
2065 0.548884341717098
2066 0.8816558349205729
2067 0.38937050271191515
2068 0.8983086007894269
2069 0.7816442213098631
2070 0.5928173667622697
2071 0.18028512615346387
2072 0.864587944408239
2073 0.9249521489905662
2074 0.4932013358585984
2075 0.8469417999025083
2076 0.8093455787967445
2077 0.4037082831820965
2078 0.774947723954646
2079 0.5802992713015372
2080 0.7260431446490485
2081 0.8516957930927386
2082 0.8414145821480866
2083 0.7353523725829882
2084 0.6617467586342225
2085 0.50957251845653
2086 0.922152126596421
2087 0.6122707583970526
2088 0.7933477851007446
2089 0.9110212646815506
2090 0.9682230636780919
2091 0.9725422436438398
2092 0.6251933879160423
2093 0.9025339389447801
2094 0.4838954342394402
2095 0.6019465317801217
2096 0.9617063927776506
2097 0.8511154539173152
2098 0.7002160958935786
2099 0.6307451764061264
2102 0.8982325606533819
2100 0.561563184064264
2101 0.5318091845809818
2103 0.9173511997948237
2104 0.9326822257843292
2105 0.6332033448031782
2106 0.5267930117126446
2107 0.24473028284508708
2108 0.9618347909857796
2109 0.5629638294345151
2110 0.7127000300039854
2111 0.9359743685949898
2112 0.3952531495698691
2113 0.7774550048601794
2114 0.9368359974593409
2115 0.9095440581534165
2116 0.7738963721322726
2117 0.2817415206108234
2118 0.9647969343062087
2119 0.9304591480572896
2120 0.8841541717744306
2121 0.42600532459107854
2122 0.6536395863591894
2123 0.89559431199808
2124 0.8988950804205003
2125 0.7981667896007033
2126 0.66486105909378
2127 0.39890500960396746
2128 0.9457904181420667
2129 0.7609094993287485
2130 0.8510363532901896
2131 0.7264965795845055
2132 0.4703878850499625
2133 0.44467327839495757
2134 0.8799351760771706
2135 0.9602913171023344
2136 0.6868272141433323
2137 0.7127000300039854
2138 0.7862814287726871
2139 0.44211326234003917
2140 0.9001296998575772
2142 0.678782521678894
2141 0.8087614889275377
2143 0.7079837103601082
2144 0.9207953865031571
2145 0.7719734500886758
2146 0.7220626686313592
2147 0.9181915445822937
2148 0.7756964702158866
2149 0.6116721621628117
2150 0.664860063780864
2151 0.43383763999540476
2152 0.8854989392310443
2153 0.8470124424028763
2154 0.6026828927571858
2155 0.8072498110119736
2156 0.7527303673842535
2157 0.8566304681161787
2158 0.9159287165115979
2159 0.9077869778595187
2160 0.7644427338263274
2161 0.8186547554581609
2162 0.995688900392586
2163 0.9988292488325592
2164 0.9453270303390522
2165 0.9989828341593637
2166 0.4922631478445304
2168 0.9535421613066292
2167 0.5981444837542699
2169 0.8880764419102224
2171 0.7765455854031103
2170 0.8491837240261226
2172 0.8372163294964894
2173 0.20558807769461557
2174 0.9682519302271495
2175 0.7962085937632556
2177 0.8002001617309017
2176 0.8829841488502809
2178 0.8372558612124738
2179 0.6859317789412488
2180 0.28333337778004847
2181 0.4198693900672346
2182 0.76690388993695
2183 0.45248269771263927
2184 0.5993002511172407
2185 0.9824965569185169
2186 0.738023543192013
2187 0.3687301939421034
2188 0.6941998317566483
2189 0.8458412085396533
2190 0.7721038300269962
2191 0.6052199775974404
2192 0.5694171511400361
2193 0.28960515087388733
2194 0.6954336554144346
2195 0.9913810706427709
2196 0.4425074309704324
2197 0.7350120081391235
2198 0.7229995164582099
2199 0.3546449183044007
2200 0.4351903795205294
2201 0.42537451320272857
2202 0.9578903512328867
2203 0.9549592371232187
2204 0.8188785027867895
2205 0.8439038092995953
2206 0.682364781227894
2207 0.26728236125194604
2208 0.7398425838438791
2209 0.8037848259603991
2210 0.7976448964694468
2211 0.35429952515218355
2212 0.5085568667885615
2213 0.9233769307967961
2214 0.7303584133351286
2215 0.823224465909421
2216 0.5748958546285773
2217 0.8823187729779152
2218 0.8495710923352964
2219 0.5351874684661792
2220 0.3084303852095664
2221 0.8824489401612134
2222 0.8291683807148448
2224 0.45112020261315855
2223 0.6404513353857482
2225 0.5405213600592602
2226 0.8932731255553618
2227 0.9145304038624955
2228 0.9340815632611554
2229 0.9893773598049905
2230 0.6352568881748979
2231 0.9621855351521077
2232 0.676439759351201
2233 0.6786689795715772
2234 0.676675023552843
2235 0.8059460171072116
2236 0.04977897041499442
2238 0.8096473577872206
2237 0.85481449559193
2239 0.5709103815147917
2240 0.9000966881457442
2241 0.7628636038502313
2242 0.8163016731542506
2243 0.9504633243700923
2244 0.6121129826536843
2245 0.47828649103975074
2246 0.644244079706049
2247 0.6381720420005831
2248 0.5223402329070876
2249 0.4578838758508912
2250 0.6334355843447552
2251 0.5174440591142648
2252 0.5436572948031109
2253 0.6057176602273018
2254 0.9193178042490933
2255 0.903783760985792
2256 0.7254846458582688
2257 0.35740202618147954
2258 0.5484535598259761
2259 0.4929569949012124
2260 0.6531092130002502
2261 0.8615308883321993
2262 0.8668316992298963
2263 0.7412367990297705
2264 0.5147280886272115
2265 0.13521333956257797
2266 0.9220007243543159
2267 0.7290079580417009
2268 0.7648614025620507
2269 0.7678470753514073
2270 0.5709052779852416
2271 0.6526558286999149
2272 0.8930402690005093
2273 0.7665590518662875
2274 0.673272118902132
2275 0.9943077576803212
2276 0.6118601649185039
2277 0.852398570055947
2278 0.9629677479750647
2279 0.8085366008652556
2280 0.8504996424816321
2281 0.997040397144579
2282 0.7834033572375303
2283 0.6939900834980298
2284 0.6797059012743538
2285 0.6848796714930989
2286 0.1745228584425256
2287 0.47949063254138286
2288 0.7279377117076749
2289 0.556134109063296
2290 0.6313322852779728
2291 0.8789913788416335
2292 0.44977105580153665
2293 0.8687336268067986
2294 0.18312567370946825
2295 0.5172629194844324
2296 0.6301754700001629
2297 0.24149079355640837
2298 0.6315079792153026
2299 0.7940074678799797
2300 0.47372642653142755
2301 0.817827571536466
2302 0.9096054503040502
2303 0.58925502317294
2304 0.5931163401787917
2305 0.7036864725337117
2306 0.8661931703410143
2307 0.7021930079670625
2308 0.8801473560529265
2309 0.7783417125314048
2310 0.9702955363285283
2311 0.6969226876071655
2312 0.8417224842251981
2313 0.49861566103828153
2314 0.649165387284271
2315 0.9278552845533521
2316 0.37236685599392494
2317 0.5475454766016493
2318 0.6868916165959612
2319 0.7896994720688448
2320 0.7013077727577292
2321 0.9961233813161778
2323 0.8692791067127611
2322 0.83061468610577
2324 0.7419149711478983
2325 0.6815504428675772
2326 0.7455280715691339
2327 0.6325050025268556
2328 0.5680151310612304
2329 0.5366422520328469
2330 0.3011196756926329
2331 0.3795667356759155
2332 0.44527354923039303
2333 0.6969030460357373
2335 0.9014961528246177
2334 0.6905191268926095
2336 0.8660242630374251
2337 0.8498802600014516
2338 0.46846586662794665
2340 0.2359507280370363
2339 0.779606789948832
2341 0.4846982721276278
2342 0.998169087329801
2343 0.7363527029358544
2344 0.8723996744164532
2345 0.2586296064142448
2347 0.40852047493401894
2346 0.8076202744275628
2348 0.6969621051543528
2349 0.1278774954679406
2350 0.9624446480732453
2352 0.05692275122318265
2351 0.9038632102620032
2353 0.7461545256578225
2354 0.33030195863445194
2355 0.6144583404129471
2356 0.6250534222530556
2359 0.802384861254426
2357 0.9999365368045401
2358 0.004554881602595716
2360 0.8178539090118044
2361 0.9541354727108194
2362 0.680279037503588
2363 0.8187904970240146
2364 0.7656422246145049
2365 0.5670741306841494
2366 0.7272823968454253
2367 0.8939806556245479
2368 0.9985848228843339
2369 0.8686222576455527
2370 0.7944518745422762
2371 0.8276555829663258
2372 0.8872954802424778
2373 0.824956883127262
2374 0.742292254135649
2375 0.8488845439818017
2376 0.8240411452352531
2377 0.5600395223238321
2378 0.48306785699021015
2379 0.8230273850309864
2380 0.74236519849984
2381 0.5526020113253024
2382 0.7303159465683934
2383 0.7149650271111282
2384 0.9737463617010677
2385 0.7492570606791559
2386 0.9269197897591451
2387 0.7274554813971726
2388 0.3809058751072846
2389 0.3466121152468001
2390 0.9164828229082678
2391 0.7419297824884904
2392 0.6334260133579585
2393 0.7082037548815254
2394 0.8622649562235579
2395 0.8421643263996247
2396 0.3137348646327437
2397 0.5984712958970121
2398 0.6806505612510348
2399 0.9333801761913614
2400 0.44790334810857535
2401 0.8771616471107346
2402 0.7665813161470956
2403 0.8818843188663886
2404 0.3108129258530379
2405 0.43888006135426694
2406 0.7035206619959387
2407 0.6903575133761305
2408 0.777401641565293
2409 0.6898105954102589
2410 0.8207290229776486
2412 0.9623917762463778
2411 0.7168764942245222
2413 0.5917324103874492
2414 0.475544940702
2415 0.6591760199677857
2416 0.6666653666753879
2417 0.9075584174484315
2418 0.6904913208995738
2419 0.869139029223539
2420 0.9220382603933927
2421 0.5653120407619409
2422 0.7174535744512249
2423 0.9806883829815464
2425 0.9075356321094711
2424 0.6632667347846272
2426 0.8051172999571926
2427 0.7960912310236878
2428 0.7268796449223551
2429 0.9314385185489877
2430 0.7231263633949933
2431 0.7314793033187129
2432 0.7698355196011378
2433 0.8329412882010728
2434 0.5236419304746247
2436 0.8860983308526429
2435 0.69148159381373
2438 0.8410559065521193
2437 0.6577568142852555
2439 0.5122005624701511
2440 0.48730780091219345
2441 0.7268692680788867
2442 0.8208470460153182
2443 0.8630625383547993
2444 0.22907399471221823
2445 0.7902281124927595
2446 0.8320266057016835
2447 0.7623146856505595
2448 0.31321899015567134
2449 0.8146565765476911
2450 0.8212488648937339
2451 0.7456414808403113
2452 0.8911929016327088
2453 0.7536149128048445
2454 0.4151941053184942
2455 0.926016829547409
2456 0.551203317964379
2457 0.9815153130146872
2458 0.8554058203803528
2459 0.27063153289356906
2460 0.9053959956357804
2461 0.44852583781592636
2462 0.5226333832472329
2463 0.577353302096001
2464 0.9221245445104914
2465 0.7999414358028195
2466 0.7539253305009949
2467 0.7380702979036535
2468 0.1358254324343304
2469 0.9529381620497993
2470 0.8982058393208511
2471 0.6556204532488216
2472 0.7503619665689958
2474 0.8842589246159409
2473 0.8877599369717294
2475 0.6657889228366565
2476 0.6823866960568833
2477 0.5753912539690308
2478 0.4660759766951928
2479 0.8389160467183958
2480 0.5247037115200549
2481 0.9674094578040179
2482 0.460095707413661
2483 0.9998033844106792
2484 0.9144757057866998
2485 0.28910002574609345
2487 0.942044615454524
2486 0.03292110029938579
2488 0.6117833996055233
2489 0.5335203833233059
2490 0.8777040829701418
2491 0.5106182141962945
2492 0.8800654177125724
2493 0.9928918126789855
2494 0.6904689248352204
2495 0.9906473506798643
2496 0.7277193922348356
2497 0.4658428309988061
2498 0.5019954434919855
2500 0.7452761075156792
2499 0.6346530030552128
2501 0.8616690658584052
2502 0.4081387819081207
2503 0.8124544079852238
2504 0.6728555801201958
2505 0.9803740631165928
2506 0.3907189026213595
2507 0.9809734008818904
2508 0.7550586172197281
2509 0.7727880504007806
2510 0.41351161726494295
2511 0.626021668077906
2512 0.8961244534062666
2513 0.647501926281423
2514 0.6132719503962059
2515 0.6338739979445079
2516 0.6662942361167866
2517 0.8142642997480368
2518 0.8483502794524219
2519 0.9694567885574841
2521 0.9682774422683417
2520 0.3888767150661029
2522 0.9762878964792407
2523 0.5340869283671832
2524 0.8051467205987708
2525 0.737896176231038
2528 0.8651341133535445
2526 0.6162885073116801
2527 0.8720228370452056
2529 0.8106220646657065
2530 0.9042360703638773
2531 0.7705527360836891
2532 0.773093480871623
2534 0.753480279830474
2533 0.8272127402205723
2535 0.7785480443376205
2536 0.6828646338887235
2537 0.5068113903786293
2538 0.438803419404435
2539 0.9054135943661674
2540 0.8554953360331845
2541 0.6831155466481257
2542 0.6697120670238912
2543 0.9211380651867596
2544 0.7234068735179432
2545 0.3283927382040408
2546 0.7875939618586422
2547 0.6232786397299421
2548 0.8975944118527387
2549 1.0016885782094362
2550 0.7060081850041124
2551 0.41609033050901884
2553 0.87774542642254
2552 0.7181368824661825
2554 0.5459874640586426
2555 0.7616856021514078
2556 0.7052141536474122
2558 0.7054150068986458
2557 0.6103280779321592
2559 0.9828675614097007
2560 0.2864662901805518
2561 0.8953526968684344
2563 0.9428012565278061
2564 0.5348103940428164
2562 0.6509624612646018
2565 0.8202494179626619
2566 0.9950956794610069
2567 0.7603275843185127
2568 0.6938592970177327
2569 0.9952991274784746
2570 5.246694768235514E-4
2571 0.9227542923261627
2572 0.8385302041125892
2573 0.6576422687256688
2574 0.2569934676598265
2575 0.6515162818655386
2576 0.14124803826012133
2577 0.8668670749405064
2578 0.6972684966601362
2579 0.5195911375709399
2580 0.7957816749491635
2582 0.958422627037028
2581 0.8700852424629382
2583 0.7607478169848096
2584 0.7211242041028305
2585 0.6462738756403126
2586 0.8128645707794526
2587 0.5491335563127903
2588 0.49418420478883557
2589 0.5408207707841703
2590 0.5870769675270382
2592 0.6019760546028382
2591 0.9267312634689225
2593 0.5830080869410542
2594 0.7244873725406669
2595 0.9671149516716139
2596 0.8867884702808486
2597 0.99776444629581
2598 0.659333617370283
2599 0.742541545335098
2600 0.7581349748796751
2601 0.905620572601222
2602 0.9973891517277746
2605 0.5944085472678841
2603 0.6721667765187312
2604 0.5994839907245038
2606 0.8454380220188565
2607 0.3215063066628658
2608 0.5703775604589381
2609 0.8009145336259966
2610 0.8619882830303164
2611 0.14165604958715966
2612 0.927922019915638
2613 0.7400590646058748
2615 0.4849715906203946
2614 0.7641771732488556
2616 0.6167173237254229
2617 0.6874462139867697
2618 0.68266939155016
2619 0.5627028479628814
2620 0.4889506294217251
2621 0.7778008640437459
2622 0.7585513805292362
2623 0.737806847979462
2624 0.3422154966275588
2626 0.8260251652062826
2625 0.918117005910741
2627 0.4691454334361192
2628 0.828757156722716
2629 0.05596810676135418
2630 0.5591609238439991
2631 0.29995122981755595
2632 0.817490407553865
2633 0.5109548261536244
2634 0.4034632350416959
2635 0.6999220232668499
2636 0.6720830201524554
2637 0.882835108799291
2638 0.9911869382324695
2640 0.469519067407244
2639 0.38187682781163157
2641 0.8937541993769503
2642 0.8488130643147819
2643 0.374604774395013
2644 0.8357605738044219
2645 0.9646245411004526
2646 0.9262278829904171
2649 0.18148842451827416
2647 0.9165714665613505
2648 0.8017526830008819
2650 0.7105855865320949
2651 0.9234393770771507
2652 0.670185488933797
2653 0.46747061863795414
2654 0.8498208917161816
2655 0.7083970649681631
2656 0.9392660334769833
2657 0.8044060640999187
2658 0.8814274591433523
2659 0.8374320450320502
2661 0.6365198001695168
2660 0.9678718040440566
2662 0.7560828961387059
2664 0.5580403648877099
2663 0.7637581576227208
2666 0.6780334607556325
2667 0.8363959133538863
2665 0.8483409872370701
2668 0.4555591259347003
2670 0.8184287309354844
2669 0.9608003624472364
2671 0.7593885408031247
2672 0.4157795608687342
2673 0.9976488088302093
2674 0.9927024444234858
2675 0.8973327914597756
2676 0.805755220294487
2677 0.5315737104147875
2678 0.49590577666549546
2679 0.6238508158445938
2680 0.48884152238629935
2681 0.8616338284765445
2682 0.8411252386423541
2683 0.666604377004265
2684 0.7805736592587533
2685 0.9286708587249507
2686 0.22294945082786594
2687 0.6161323628431375
2689 0.864272495365455
2688 0.7147698774739589
2690 0.9314536792473278
2691 0.5117708969546726
2692 0.5621164887615732
2693 0.37962906862613033
2694 0.6454528111167754
2695 0.6886428408695472
2696 0.3178305589239939
2697 0.6799114416042422
2698 0.7839733425018084
2699 0.8534054576473772
2700 0.9813128857595949
2701 0.2867579524421095
2702 0.5790253020996671
2703 0.8604060271892158
2705 0.8474215839965843
2704 0.99487599523412
2706 0.7964904736217341
2707 0.5972723957487523
2708 0.5867073104124493
2709 0.7298468316559121
2710 0.5299597128710595
2711 0.726177017775551
2712 0.9861797604809189
2713 0.8641834882770519
2714 0.769431067678328
2715 0.5648912435150784
2716 0.5591599400664307
2717 0.29745212458358766
2718 0.8862751373858931
2719 0.811925814879726
2720 0.6342400626455983
2721 0.4586021356933689
2722 0.8446337741224087
2723 0.8391796607516104
2724 0.39583670969313733
2725 0.7567358726677494
2726 0.6671611435231257
2727 0.6474482088531384
2728 0.9323016417042823
2729 0.6903315412347434
2730 0.9845988925095529
2732 0.8463588939782576
2731 0.7061167984914006
2734 0.7627832900604469
2733 0.8032357916912858
2735 0.7603973685715012
2736 0.3489757325160133
2737 0.8767357281170476
2738 0.614552755842204
2739 0.9327130096442744
2741 0.8569025579917693
2740 0.45651829888846557
2742 0.3709583951295478
2743 0.5964628752421269
2744 0.8719314764424211
2745 0.2999738909019108
2746 0.5711164871454691
2747 0.8494238841231455
2748 0.7573549284004819
2749 0.5744884797556454
2750 0.8382280659946234
2751 0.4616311947975956
2753 0.8951312261504151
2752 0.8651832857729808
2754 0.8329819609221567
2755 0.8782632865963621
2756 0.9413121418228787
2757 0.51682383849463
2758 0.5235376059372026
2759 0.5992629414302829
2760 0.5144840325112501
2761 0.6617752722919732
2762 0.6345577341665394
2763 0.8783522430317016
2764 0.6741849710121055
2765 0.7290856300197438
2766 0.2809518760268488
2768 0.7452420645456177
2769 0.5974530258337505
2767 0.5991170865533811
2770 0.7134546921038636
2771 0.44482585471464947
2772 0.8286072531301056
2773 0.7476795343973569
2774 0.5993122970044854
2775 0.8225960415351685
2776 0.9745916102598599
2777 0.977905504719055
2778 0.8289915261781161
2779 0.8077090490605225
2780 0.8341524072285537
2781 0.7996414217351591
2782 0.38050846675383226
2784 0.1860692614841325
2783 0.7276391836164473
2785 0.8171364182242651
2786 0.5930675922851893
2787 0.7387312773230079
2788 0.5219223835692056
2789 0.4446578805965795
2790 0.6749452943549149
2791 0.8186137860542055
2792 0.8909060203669577
2793 0.5411961753656673
2794 0.4878442014429298
2795 0.9972439941660806
2796 0.8045005363710717
2797 0.5188594298881201
2798 0.6458198520359023
2799 0.7060615446398786
2800 0.8719062995196022
2801 0.8359911150169527
2802 0.7005664463473144
2803 0.734604042117186
2804 0.6100093580394192
2805 0.6227641973391751
2806 0.5298529973448116
2807 0.14321965275582468
2808 0.7020985425247
2809 0.34515134455871327
2811 0.2420196628154889
2810 0.7695734431928173
2812 0.6615518276610608
2813 0.9323281331810381
2815 0.8204841636475638
2814 0.7105431359423626
2816 0.7742662630997501
2817 0.5295406604592525
2818 0.8360457944828475
2819 0.5285786337588124
2820 0.41868775388437834
2821 0.566140220855791
2824 0.9498380154820935
2823 0.6977595869358394
2825 0.5321814407542582
2822 0.4719516659342258
2826 0.5871256865328383
2827 0.497260094969694
2829 0.5631577573030144
2828 0.18775438524315874
2830 0.6516537796607415
2831 0.5999474477148371
2832 0.5911488644209884
2833 0.40205812983921013
2834 0.8395885917458565
2835 0.13211701684889127
2836 0.7293658225718058
2837 0.29728394461500934
2838 0.832798207314878
2839 0.572198632591459
2840 0.737674311129436
2841 0.4860795019343295
2842 0.5265786457552138
2843 0.7292482932918386
2844 0.22225584020087336
2845 0.8973350115821427
2846 0.5948561059079795
2847 0.3902534777727615
2848 0.7516697105107597
2849 0.8824651818092166
2850 0.5461000004814799
2851 0.3425908269903403
2852 0.6854190465131483
2853 0.7458131312559821
2854 0.7532465501630751
2855 0.9537766121861937
2856 0.7554007514327313
2857 0.3503195396972103
2858 0.6184054259118219
2860 0.1102592655735801
2859 0.8388714648185276
2861 0.954951522372142
2862 0.830348087418255
2863 0.5041589791128116
2864 0.9713824362751318
2865 0.588345172045596
2866 0.9035050650502908
2867 0.4352739598068269
2868 0.8259700330851777
2869 0.5746901580391816
2870 0.7083736515461652
2871 0.6052972087787457
2872 0.5379694743082807
2873 0.4970859310876187
2874 0.5188147122556216
2875 0.7677183581633256
2876 0.4514834903852244
2877 0.049592756928180964
2878 0.6982647855527868
2879 0.8431471374116293
2880 0.5029315306996451
2881 0.9766049035496913
2882 0.6846046104854557
2883 0.741927604271131
2884 0.8342874769192672
2885 0.7195483338337362
2886 0.8825478257574756
2887 0.7366855839287859
2888 0.9855496197628006
2889 0.9003659802542611
2890 0.9121887706513931
2891 0.36076632365001327
2892 0.424134833090984
2893 0.9311796542347694
2894 0.3019381098928366
2895 0.993063716585018
2896 0.8617619201394577
2897 0.7793616028473256
2898 0.7563703062727557
2899 0.9065908654468303
2900 0.7764556056254859
2901 0.8953540496982201
2902 0.8303420093614381
2903 0.5230158212902926
2904 0.7527337920929802
2905 0.9070784383874719
2906 0.8207043840952196
2907 0.7134984292516384
2908 0.8748850383381449
2909 0.3846619712100439
2910 0.5254891266444635
2912 0.9687054623470689
2911 0.6904997480501136
2913 0.6840510024328411
2914 0.5480297477685924
2915 0.7022044470918279
2916 0.4835440703521044
2917 0.7190359867763753
2918 0.648752575503377
2919 0.30200298203263237
2920 0.6526567810264903
2921 0.8994024611870663
2922 0.6295596338476332
2923 0.5453155702373719
2924 0.7720467713073677
2925 0.48608095288020975
2926 0.8557709512600647
2927 0.7799540705346819
2928 0.5140352600150774
2930 0.8494624185893268
2929 0.9480561013647606
2931 0.7949178350835168
2932 0.7046094044483823
2933 0.9401096084659677
2934 0.40314145646596206
2935 0.7193445464588943
2936 0.49913560572809007
2937 0.5161692139880815
2938 0.5617833908029939
2939 0.8967566750773482
2940 0.9300667964956547
2941 0.5225038890493131
2942 0.7589069482918215
2943 0.2529845516392731
2944 0.9230719812875774
2945 0.7475571359808284
2946 0.7789797422290787
2947 0.9286240148658004
2948 0.5895391798916452
2949 0.8652611424646899
2950 0.6964560745154119
2951 0.8106665115243163
2952 0.779442615765723
2953 0.8785569975621078
2954 0.4639998436924681
2955 0.7865492791080559
2956 0.9654603067670341
2957 0.8587884964658591
2958 0.7447516711014366
2959 0.4394467160714968
2960 0.9317804249445808
2961 0.8260635133859284
2962 0.9169885539802347
2963 0.6366937219155683
2964 0.8353763687963865
2965 0.8289607240697036
2967 0.849257380866056
2966 0.8024318253831871
2968 0.5804502508304168
2969 0.5986522804200425
2970 0.7087433732507696
2971 0.6196285775660968
2972 0.9212246541818281
2973 0.5567484913507712
2974 0.6153463253533764
2975 0.684338235880404
2976 0.34837940613363455
2977 0.8998308451014171
2978 0.4425599031835256
2979 0.9273180428320649
2980 0.3916259529172859
2981 0.733190989532813
2982 0.8055165417312732
2983 0.7736483300276902
2984 0.6362275904502229
2985 0.8042229862631592
2986 0.9676313465811893
2987 0.9823050461794859
2988 0.47462391071412957
2989 0.904006067125957
2990 0.17793061792614562
2991 0.7220673540223124
2992 0.7321562906130474
2993 0.8411765645231944
2994 0.8092973246281491
2995 0.7976537618595343
2996 0.6109177491139137
2997 0.7581714110233951
2999 0.6806713687324849
2998 0.7055920335621405
3001 0.7868421816544313
3000 0.8867788497736184
3002 0.5140079155483321
3003 0.822701837849039
3004 0.9731216468559943
3006 0.508149741985741
3005 0.5656974594427652
3009 0.85292311143757
3007 0.6808019477242256
3010 0.8116310327934401
3008 0.48224048172089506
3011 0.7168735263703048
3012 0.871981439066689
3014 0.8964755646123815
3013 0.5919767569886301
3015 0.536417531039648
3016 0.8478908319092014
3017 0.749808489970427
3018 0.8464343894537091
3019 0.6702206375600052
3020 0.4669563596595165
3021 0.4505075105225683
3022 0.6844081845264081
3023 0.9569528864549794
3024 0.7015937512737586
3025 0.9702976680483429
3026 0.4638636567202276
3027 0.7597847040243728
3028 0.779256938218466
3029 0.9627812256125339
3030 0.7511217548118134
3031 0.6082494458801452
3032 0.7617859924808973
3033 0.8125787144273938
3034 0.905080429958959
3035 0.4454871823345441
3037 0.7812862010177959
3036 0.695408760896501
3038 0.5574367100794118
3039 0.8949523138000818
3040 0.8499306965407876
3041 0.8800917819755922
3042 0.8455902638140776
3043 0.9105100567304975
3044 0.7407616317391021
3045 0.9188199672770113
3046 0.7818659553118761
3047 0.8469340461831962
3049 0.6146527750891341
3048 0.6358967615108115
3050 0.9821791247348021
3051 0.25796896581196654
3052 0.6798206104034025
3053 0.792487166782082
3054 0.9008363677194994
3055 0.7784731234882294
3056 0.7928194044115674
3057 0.695318170120847
3058 0.8625771618359533
3059 0.49877654021155005
3060 0.3836833287514989
3061 0.4736823849489516
3062 0.6919387614531982
3063 0.19984060663127
3064 0.5874136359928444
3065 0.7049429238518066
3066 0.5182727645632296
3067 0.6701515307321982
3068 0.9079344579556574
3069 0.8997106211286962
3070 0.7822389424579127
3071 0.8616548369508531
3072 0.8121367721340602
3073 0.8947891921341552
3074 0.7780078818188301
3075 0.5799356441740134
3076 0.660158055525347
3077 0.5420915461398024
3078 0.9678893958278474
3079 0.8160961690168752
3080 0.9629645239759139
3081 0.8958472810722133
3082 0.4634335354690234
3084 0.7151825654696713
3085 0.4307470479195865
3086 0.32817127836032184
3083 0.9790484252103532
3087 0.6244785366260759
3088 0.5610693744977887
3089 0.9357496687291705
3090 0.6524150736078791
3092 0.01513912878781038
3091 0.8548550886114967
3093 0.8735859589578009
3094 0.47375354144048065
3095 0.8156633637099877
3096 0.9579884392045123
3097 0.8540148502099627
3098 0.9584355025731043
3099 0.8369872864645266
3100 0.44850382715569137
3101 0.5669436608573826
3102 0.9972609995146652
3103 0.3070307021190243
3104 0.729188046855646
3105 0.7921806225546553
3106 0.5730534039163213
3107 0.7054778855742146
3108 0.7713704202534274
3109 0.6992460229229885
3110 0.8815393315349221
3111 0.32780893255791826
3112 0.49814436907668774
3113 0.705282214056617
3114 0.6431435822569169
3115 0.5551087012982353
3116 0.9579472823036566
3117 0.43961754772795264
3118 0.7163221251314169
3119 0.42581540836205806
3120 0.6409851625219853
3121 0.4397262029736775
3122 0.8334823748157582
3123 0.8907997842322233
3124 0.6717017151592203
3125 0.6921989078884974
3126 0.9292692878472424
3128 0.729775968195952
3127 0.979377641847055
3130 0.9309012935882623
3129 0.34559234575944947
3131 0.3912870139996607
3132 0.7841918096233537
3133 0.29727835888044785
3134 0.60615819956805
3135 0.6227390262765075
3137 0.8658962757740379
3136 0.8769299954274478
3138 0.92144950698016
3140 0.7878823862083878
3139 0.7587086283879786
3141 0.7491268003078166
3143 0.7058826798518573
3144 0.7418649782673982
3142 0.7951143851530216
3145 0.556772652635104
3146 0.912634068971647
3147 0.7055979052954462
3148 0.9230009480130655
3149 0.6142519288479232
3150 0.8657425234721249
3152 0.7470119101417836
3151 0.9396135139090063
3153 0.7903453113183977
3154 0.623779477940033
3156 0.7170880993779966
3155 0.6912344682031055
3157 0.4341397244509043
3158 0.6017063151388524
3159 0.729221837078405
3160 0.679995536350774
3161 0.41369784017535055
3162 0.7365387665348782
3163 0.6765242214313034
3164 0.6404177667296127
3165 0.8076181188629699
3166 0.7199528339237613
3167 0.9409308801285055
3168 0.7340675520025687
3170 0.9998687650744007
3169 0.5194917672561034
3171 0.7979533919908971
3172 0.6541727365596939
3173 0.9732619406669825
3174 0.8490813796966488
3175 0.8346115550027067
3176 0.6406669225781131
3177 0.5002212371903269
3178 0.7652916978245464
3179 0.4705816086351046
3180 0.5000417454832178
3183 0.8703301744856737
3181 0.8299935424836447
3182 0.32566120709638763
3184 0.7726384460718437
3185 0.9993998155855504
3187 0.9975439469041505
3186 0.6433575911081507
3188 0.8946158562512376
3189 0.8277878867544635
3190 0.5874353293350639
3191 0.46959270451331775
3192 0.7322354758971389
3193 0.8184385432206401
3194 0.28113911892897575
3195 0.5920994709713101
3196 0.6965881077849191
3197 0.9999305874748632
3198 0.8959625223004861
3199 0.5642235171398234
3200 0.4106322633567226
3201 0.9276665565905002
3202 0.7919961606321486
3203 0.8825477663885531
3204 0.6953716512458594
3205 0.7974437211670693
3206 0.6128815247882056
3208 0.6352233731780235
3207 0.911333813011118
3209 0.8382225899249554
3210 0.42684001188505233
3211 0.9498958586258717
3212 0.8412739634135354
3213 0.8296958194092598
3214 0.6202353054075598
3215 0.857926390698998
3216 0.7949687568357412
3217 0.8242966109959866
3218 0.5208508008546354
3219 0.3673819079256602
3221 0.8955304603550973
3220 0.4844306204815416
3222 0.39614442228239277
3223 0.6469477143538903
3224 0.6533742054471582
3225 0.8976004048758318
3226 0.21596084934170162
3227 0.8177412325600223
3228 0.6784445242982681
3229 0.6115039031362574
3230 0.7877085194820599
3231 0.6278057468823984
3232 0.989353787385311
3234 0.5969744169472448
3233 0.7701404958672908
3235 0.7966965276377335
3236 0.911931061695927
3237 0.817750191852263
3238 0.8230691765107047
3239 0.762989089870665
3240 0.7090681110408334
3241 0.3903079399778252
3242 0.9478982901835331
3243 0.7909729661278035
3244 0.9958293602150584
3245 0.8201236160592349
3246 0.7760450672831806
3247 0.8306508766011883
3248 0.6231927163739149
3249 0.42211454177150826
3250 0.6368505718288091
3251 0.7070885751320134
3252 0.7892381246579506
3253 0.6123300802183886
3254 0.8425143611575135
3255 0.49195469954275034
3256 0.6572266663437313
3257 0.362189473764703
3258 0.5814321882385227
3259 0.7701833793008077
3260 0.8472500928021678
3261 0.9933163527789403
3262 0.8923276108810397
3263 0.670578180439994
3264 0.9101764633095394
3265 0.6133666005528079
3266 0.7289509086672303
3267 0.7893298499739358
3268 0.39959185963371247
3269 0.998159419462273
3270 0.6736688484497044
3271 0.687156072292814
3272 0.46851353244894345
3273 0.912061455485779
3274 0.9939552953037278
3275 0.9850843238517667
3276 0.8092688142754584
3277 0.542665032154479
3278 0.8114510246788971
3279 0.7353143489619897
3280 0.8069457000806843
3281 0.9956601067827976
3282 0.7850436140049493
3283 0.8100768705100554
3285 0.7910611839322864
3284 0.5238258403822146
3286 0.8774384416007456
3287 0.890531316915381
3288 0.8553446620327081
3289 0.8232319569426975
3290 0.5167504709284024
3291 0.4732441544043705
3292 0.8048177361704691
3293 0.7252646465272745
3294 0.6652296816655437
3295 0.7783348323963142
3296 0.5822592602510461
3297 0.7769755774430339
3298 0.6999930101339984
3299 0.43610692374562804
3300 0.9928927066779473
3301 0.3805012405615944
3302 0.2282153137746827
3303 0.34483275740777103
3305 0.9986529076961284
3304 0.4947197837168483
3306 0.5411256191666629
3307 0.9812690510390335
3308 0.9787178681443944
3309 0.961657210276877
3310 0.40586757848283417
3311 0.8282884456804628
3312 0.9943951757334336
3313 0.5244404123333597
3314 0.9760643513632563
3315 0.6492363584609806
3316 0.7880983314409977
3317 0.7626676587892938
3318 0.11263088319212843
3319 0.9421895994250152
3320 0.8247321056701458
3321 0.8344830003361775
3322 0.7377933608436938
3323 0.8379561335481411
3325 0.619097420792107
3324 0.8804773205158705
3326 0.5456055215075469
3327 0.7833653134698928
3328 0.7081166638830748
3329 0.6400325149326558
3330 0.5100227720799346
3331 0.713435294105969
3332 0.4999382346732704
3333 0.45399964832927625
3334 0.8120425758014358
3335 0.9863688483907368
3336 0.6196096242392849
3337 0.8084036279521434
3338 0.6794765264773026
3339 0.21842641119647638
3340 0.9403420478533174
3341 0.611701449570993
3342 0.9692342170818194
3343 0.4444468547444795
3344 0.2798829594329998
3345 0.7936327396004751
3346 0.6364229231504938
3347 0.918253028701081
3348 0.0012183004482622369
3349 0.3203336653425536
3350 0.6030221842417012
3352 0.6257775426351898
3353 0.9131888814409266
3351 0.5027834821429091
3355 0.31279008556266896
3354 0.8249845326887055
3356 0.8558561745244653
3358 0.0020638688740043914
3357 0.8091841976369797
3359 0.8418383220927048
3360 0.8045334387831222
3361 0.7148648666614339
3362 0.7937151199986734
3363 0.9064287469601809
3364 0.8031445787814939
3366 0.6073769581698755
3365 0.9171362691282058
3367 0.6290014168385933
3369 0.8299562373244367
3371 0.5341966193222883
3370 0.6394088632218596
3368 0.5959403492257376
3372 0.7027879102880369
3373 0.9774995335312603
3374 0.13060688472937965
3375 0.7811167686988132
3377 0.47136134869006485
3376 0.9860651553923082
3378 0.8660409860641306
3379 0.6691186703455946
3380 0.7019052262637312
3381 0.9106648419421188
3382 0.4295074950130054
3383 0.570710812378828
3384 0.5484806665571209
3385 0.7554007514327313
3386 0.6813322409409136
3387 0.8960076577408899
3388 0.46110425379831854
3389 0.32020637124605633
3390 0.8200246565373821
3391 0.7388324154996263
3392 0.921752143210623
3393 0.87458989418992
3394 0.7520032506515039
3395 0.6381642076433317
3396 0.8531941458270748
3397 0.7026921456111611
3398 0.8653462822807095
3399 0.7925518579363217
3400 0.17192515227249014
3401 0.341458209879143
3402 0.9419859841176714
3403 0.8280232556848116
3404 0.4898023328850938
3405 0.8650119455210643
3406 0.89709597681622
3407 0.5374644166968315
3408 0.7999333927471604
3409 0.6851243939916286
3410 0.7683072383318971
3411 0.9014626698965156
3412 0.7768062265662958
3413 0.6495858423404813
3414 0.060346841761501055
3415 0.7207718884312313
3416 0.5619030269396886
3417 0.11917828171759437
3418 0.6559723480094338
3419 0.8360823680213836
3420 0.5441937629698593
3421 0.9757453430188268
3422 0.6728751104538013
3423 0.2530650652973006
3424 0.7963936985647091
3426 0.9278871121500306
3425 0.8116880260523714
3427 0.5915484763811327
3429 0.4996098257719161
3428 0.5183959776929775
3430 0.5791949700604464
3431 0.8865708958432977
3432 0.7138926795743945
3433 0.7579580881134712
3434 0.6277885884458383
3435 0.6800555638346477
3436 0.4191427676323876
3437 0.8105491468490731
3438 0.6301038654302532
3439 0.6193354487027938
3440 0.36403297520015915
3441 0.6353939537364123
3442 0.6620913099597163
3443 0.545543965093415
3444 0.8678014291454834
3445 0.8284660949098831
3446 0.6023706742732596
3447 0.8772937462734796
3448 0.8141096644941022
3449 0.6743207915684765
3450 0.7041725737714679
3451 0.7421999619893284
3452 0.6625451752997218
3453 0.8065748684190042
3454 0.3572559707209225
3455 0.7603275843185127
3456 0.7181909063348131
3457 0.8773897214577727
3458 0.7594889454119838
3459 0.8796586642143576
3460 0.9304346072595988
3461 0.8011714634294677
3462 0.9625894977309062
3463 0.7674625978238128
3465 0.3517341537265146
3464 0.6638979803642587
3466 0.9880205507642831
3467 0.7469157885119788
3469 0.8025026447997847
3468 0.6204362589791547
3470 0.7222116995974273
3471 0.7852999146262856
3472 0.4079651748131849
3473 0.7933533372901043
3474 0.5032236531904685
3475 0.8341025565752824
3476 0.8549299162491154
3477 0.848671282660412
3478 0.5775269260916158
3479 0.7916056242675528
3480 0.2133400370809101
3481 0.49743422442841156
3482 0.7369316739843904
3483 0.5196779333127645
3485 0.44426182821254473
3484 0.17059409162331637
3486 0.6452393757704283
3487 0.49273763056972564
3488 0.45347673558589485
3489 0.8306971041101106
3490 0.9401911459468207
3491 0.8431688322282939
3492 0.8665860334720014
3493 0.7830072061659776
3494 0.6449028904508388
3495 0.8911928196122474
3497 0.6702541931890574
3496 0.9340469625927657
3498 0.7923347288990469
3499 0.6621939060213274
3500 0.8468033089575738
3501 0.6032081903143784
3502 0.6031465420495657
3503 0.796057008187177
3504 0.5884906985203915
3505 0.6145561019144509
3506 0.859302348605971
3507 0.43672147036278147
3508 0.7334915234271441
3509 0.7823140864268138
3510 0.48836648748380307
3511 0.9410399671140111
3512 0.8535902836529738
3513 0.8946133545851956
3514 0.6018590366724801
3515 0.9929170889458486
3516 0.6104179899292271
3517 0.3855015860795997
3518 0.532022517517875
3519 0.9338008358166541
3520 0.8118611710970405
3521 0.7962065002075351
3522 0.4153411937648323
3523 0.9005130361219666
3524 0.7691936103405488
3525 0.8547661274071151
3526 0.2992862262073783
3527 0.536418780657224
3528 0.9509640215330938
3529 0.8321614126260056
3530 0.5585818237638436
3531 0.7312620182924758
3532 0.9681033572378541
3533 0.487738310327678
3534 0.5317853638626747
3535 0.5555705118413502
3536 0.6087152564688061
3537 0.45060459265615455
3538 0.9750390922693046
3539 0.9214917788704664
3540 0.44447899959257486
3541 0.4099044099995402
3542 0.5802343688856934
3543 0.9981632212719538
3544 0.9896854985549224
3545 0.4507192069276314
3546 0.7555199763220065
3548 0.2541463761041432
3547 0.5175943309978948
3549 0.8796411940188037
3550 0.6879371416984744
3551 0.6250904230111439
3552 0.39445130557294084
3553 0.6276569770715617
3554 0.8655570655447709
3555 0.8643962959404721
3556 0.7165038718045655
3558 0.6269145382270994
3557 0.6928288242424856
3559 0.6912222599537371
3560 0.8421913801605534
3561 0.7475420233588101
3562 0.8698895093762963
3563 0.8083477100466212
3564 0.5619393510645944
3565 0.7173891134462125
3566 0.7147633458177369
3567 0.6491269983697371
3568 0.932828642765142
3569 0.1702688215262912
3570 0.5051613987601448
3571 0.4425105528466622
3572 0.8375138403937114
3573 0.48319760888290325
3574 0.8317386924519105
3575 0.7863780644089566
3576 0.7245387581052674
3577 0.9738562910377634
3578 0.9928080947989195
3579 0.7293269815642972
3580 0.19537134974851703
3582 0.27904139635925695
3581 0.8713105199475242
3583 0.8065716144870445
3584 0.515058764834131
3586 0.8435390909657489
3587 0.6488779208968336
3585 0.5680916448472573
3588 0.9203986362229626
3589 0.5405662572408447
3590 0.5093276031468252
3591 0.46998034072992373
3592 0.7323554291936966
3593 0.7217850926936309
3594 0.9550192754793839
3595 0.4044170223135588
3596 0.7005742565857148
3597 0.722934264575884
3598 0.5358525850805363
3599 0.6388995883769084
3600 0.6041184255725013
3601 0.5644079900309643
3602 0.9285201904055275
3603 0.5904216055958248
3604 0.6990750910805971
3605 0.7289035080433438
3606 0.7617128119445874
3607 0.747600341975862
3608 0.27814119431522427
3609 0.7142433798220189
3610 0.7986251302912715
3611 0.7786815269898478
3612 0.7855553017999248
3613 0.8037507942948601
3614 0.6831759237304479
3615 0.5122477963327294
3616 0.4520445832060977
3617 0.681453493290722
3618 0.7310553634299388
3619 0.22527833785649226
3620 0.5100963427262472
3621 0.8078218277082077
3622 0.6440753928297842
3623 0.7657497951795511
3624 0.6426820407805878
3625 0.9914762730056277
3626 0.749218945543073
3627 0.5456574049190499
3628 0.3100561107541603
3629 0.9471855026220476
3630 0.8586202364913933
3631 0.5150838663821335
3632 0.6763146486825354
3633 0.6518700180639272
3634 0.9137273536613442
3635 0.9376898152357117
3636 0.8500368089742222
3637 0.8519963344691124
3638 0.4439878374652537
3639 0.8055510473817125
3640 0.8322823552292822
3641 0.9354678870001757
3642 0.7154302328051525
3643 0.5795133867624135
3644 0.9442557575412563
3645 0.5710938334903702
3646 0.8004506138510924
3647 0.6764346075977998
3648 0.5404443788513881
3649 0.826687701211114
3650 0.5486596189299359
3651 0.8559810402119948
3652 0.9496817711953388
3653 0.6776757136901284
3654 0.7914492036857157
3655 0.7732521718375667
3656 0.7269164634549549
3657 0.280296878087858
3658 0.6573252307119176
3659 0.46610689090663177
3660 0.7664586472706587
3661 0.7734371720722946
3662 0.8469736998768045
3663 0.8935142668889474
3664 0.8242261394413841
3665 0.2829175278477123
3666 0.6585661439756156
3667 0.5318002104076466
3668 0.9184833025870173
3669 0.9985673751891927
3670 0.8958465111673626
3671 0.7933725038401362
3672 0.8739072339223293
3673 0.9887338124565088
3674 0.7110385469579146
3676 0.42622657008824516
3675 0.8137734457060621
3677 0.9244247294430672
3678 0.6468242335448288
3679 0.538336473980189
3680 0.5937338120276129
3681 0.9774519249197277
3682 0.7967680437357945
3683 0.6520530079028568
3684 0.49347508379469035
3685 0.728672976290707
3686 0.8957976844422897
3687 0.18768920026006136
3688 0.7802858167520439
3689 0.8735675186191846
3690 0.8250281041996418
3691 0.05188042516290624
3692 0.6812626948792915
3693 0.37887766101708403
3694 0.4588039086750874
3695 0.4952947377409536
3696 0.9461716795736319
3697 0.11022125108706479
3698 0.7737854365836805
3699 0.9490313517920497
3700 0.8461058056298648
3702 0.8638676057027251
3701 0.8771845675387422
3703 0.7105914580001373
3704 0.8405223873215526
3705 0.4360957780323718
3706 0.7806486444842682
3707 0.5789264142245334
3708 0.6637739769363383
3709 0.8236018229998786
3710 0.5273785626485117
3711 0.5378763919229634
3712 0.9571975821565347
3713 0.3381810437018375
3714 0.8963115162427616
3715 0.8890710805324796
3716 0.6703156625604436
3717 0.7656127671816734
3718 0.1202751808326899
3719 0.648881835958726
3720 0.6631632542826013
3721 0.7963626705473975
3722 0.6598487603519585
3723 0.5169024013103554
3724 0.4003022122647802
3725 0.7214441562489062
3726 0.6117767076892231
3727 0.3969722525463682
3728 0.6579187537342717
3729 0.7711326586410453
3730 0.6725599051270373
3731 0.47411483849360264
3732 0.8839648966379391
3733 0.7941026691755361
3734 0.7401304541735392
3735 0.7800874947054061
3736 0.5345923058726124
3737 0.6129582112328423
3738 0.5729664774798591
3739 0.6554288607675073
3740 0.3347313120997988
3741 0.15409875985456173
3742 0.6736883985743347
3743 0.6643572484064526
3744 0.6065125274254859
3745 0.481964360849893
3746 0.9923307778650794
3747 0.47106029613446593
3748 0.9573705971900672
3749 0.8233148546071702
3750 0.6859726020773981
3751 0.23440036738323883
3752 0.4825296630354296
3753 0.6991218895142084
3754 0.7918204369405617
3755 0.9819492213150962
3756 0.7261846270748861
3757 0.7761204530861694
3758 0.5474412763905712
3759 0.7265093429340763
3760 0.8364262128184423
3761 0.9955175365354101
3762 0.8066861665859162
3764 0.992727557583015
3763 0.7358086527387891
3765 0.9186444512697841
3766 0.7538165666057887
3767 0.9078237833799937
3768 0.703423658512985
3769 0.40770917073825036
3770 0.9995170829340044
3771 0.8870124706925836
3772 0.9872798333088133
3773 0.5682073827678299
3774 0.9952904210259094
3775 0.8281787784078859
3776 0.8941801519049684
3777 0.9682201388113666
3778 0.9410361513265709
3779 0.8956885192856424
3780 0.6951357023791895
3781 0.5408743550611842
3782 0.7247922547479013
3783 0.8826322866002713
3784 0.9360766124549015
3785 0.8942137357104853
3786 0.6216010278442748
3787 0.9755590371251527
3788 0.3149186519947515
3789 0.35795982810534677
3790 0.611576082963175
3791 0.6617729242857979
3792 0.5809099661439006
3793 0.6827446034645527
3794 0.9192275148565384
3795 0.7501444050630377
3796 0.4423759477114689
3797 0.6007948153965096
3798 0.6700393655071563
3800 0.9817457832358997
3799 0.97783971354416
3801 0.8195292850103749
3802 0.6727779238921453
3803 0.7907402788549202
3804 0.8