1 0.5249514232527714
2 0.6682934308352911
3 0.7632284670560001
7 0.523555869915223
4 0.8979518310650001
6 0.29122359390625
8 0.28480425
5 0.37436059390625
9 0.41535380165349994
11 0.8826452879760001
10 0.9045205194427113
13 0.477696
12 0.42996787056131974
14 0.868892666436
15 0.744043307581841
16 0.5194933775870422
17 0.8271765554804186
18 0.044826640423966224
19 0.3690273278759628
20 0.7229399623911668
21 0.10940112936635793
22 0.029680421761000053
23 0.780519306429776
24 0.4560573795406886
25 0.09305996523171926
26 0.21470600000000006
27 0.7726935
28 0.4144372419709619
29 0.7248048724674426
30 0.505745
31 0.9133149634004051
32 0.10398469208723138
33 0.25775208945381745
34 0.5196224980387195
35 0.0670414476449881
36 0.18582377267843597
38 0.774109875625
37 0.30283465346025
39 0.40923217146036217
40 0.713726
41 0.05875486027542909
42 0.543628
43 0.42450950000000004
44 0.20042328965800002
45 0.150070377624
46 0.4041595
47 0.420661229604
48 0.3186275
49 0.8478462577262469
50 0.7054274813804958
51 0.3255777307812665
52 0.49313724999999997
54 0.8723069544344104
53 0.054236929429589686
55 0.30421260042869674
56 0.467699068567337
57 0.1294115
58 0.1789457313003031
59 0.8270664999999999
60 0.6980394999999999
61 0.8669134653124999
62 0.21988948892045657
63 0.864723298962
64 0.5606082294589583
65 0.3209163986064283
66 0.0725490000000002
67 0.9171149487510757
68 0.523299435025
70 0.45938699431
69 0.290232614802
71 0.7483967499999999
72 0.9477536092519091
73 0.441703364802
74 0.496722563754582
75 0.16215479378772854
76 0.9070745361037165
77 0.6431370000000001
78 0.382357065129
79 0.5324462431617111
80 0.418663
81 0.7771578350972851
82 0.4422778610512821
84 0.7712542617839259
83 0.6480842500000001
85 0.746895000022182
86 0.11002600000000018
87 0.298417901461
88 0.5637016136584754
89 0.16774850000000008
90 0.6392154999999999
91 0.421419618416
92 0.36557125
93 0.390989925625
94 0.2027505961676892
95 0.494714449481
96 0.47508949999999994
97 0.1881936199067944
98 0.039047101552093344
99 0.46667898388800316
100 0.38164790907587887
101 0.7990190000000001
103 0.553804445521
102 0.6774500000000001
104 0.8245507128944999
105 0.6779368058440001
106 0.046894465744000025
107 0.7862625533521459
108 0.027598415225000172
109 0.4033574806349576
110 0.41134456161415667
111 0.04364521533985655
112 0.936184
113 0.44735106841600003
114 0.42151637762400007
115 0.4063780925051439
116 0.2014707411765
117 0.30824036828150025
118 0.6472193073763398
119 0.03998153524975895
120 0.541177
121 0.399479280709375
122 0.5098035000000001
123 0.7617645
124 0.23356811931165702
125 0.307802725224
126 0.011988935938354484
127 0.02255050408083914
128 0.7905059494810001
129 0.004878759703561693
130 0.14159812306317798
131 0.68059425
132 0.46134968871113896
133 0.9305507227080323
134 0.7691172500000001
135 0.7033835319284636
136 0.15302410895250262
137 0.754059415225
138 0.7852939999999999
139 0.19917800798521235
140 0.2501484294888088
141 0.43898738009065685
142 0.6223471781738273
143 0.480788439184
144 0.6015772494810001
145 0.3521322046790789
147 0.2913118076773576
146 0.2512620000000001
148 0.7454660824693611
149 0.10784400000000005
150 0.5180016253440001
151 0.4586021940196754
152 0.14264699999999997
153 0.6589681171773618
154 0.260223965744
155 0.34664280560713595
158 0.42794125
156 0.21042518888900003
157 0.546400662976
159 0.8612747500000001
160 0.9250738040140486
161 0.10259500000000021
162 0.42272378070937505
163 0.6114213270678912
164 0.21875
166 0.6455021148019999
165 0.3545884655162006
167 0.17449613165380687
168 0.5676465
169 0.5939464802
170 0.20074073266924997
171 0.5395093517828109
172 0.4717525
173 0.15120262677225
174 0.40727568881200005
175 0.547696469165819
176 0.33161875
177 0.08039200000000002
178 0.14313700000000007
179 0.321515576730125
180 0.7038706682125213
181 0.8327932430979552
182 0.40128888737025
183 0.4307534946560001
184 0.6159728779555416
185 0.48512773612075
186 0.3978833951269095
187 0.5576514947708262
188 0.7245384152250001
189 0.20733046207117728
190 0.901961
191 0.492586537947
192 0.2672184901
193 0.3133083554962345
194 0.763745866436
195 0.6553615290050746
196 0.16416745059600024
197 0.9000627978142431
198 0.3338559048037746
199 0.01567956372703594
200 0.29282424617732733
201 0.66617675
202 0.10895462031350878
203 0.04491056442438679
204 0.17951650000000008
205 0.8584350455209999
206 0.718298
207 0.05686250000000004
208 0.8533345000000001
209 0.836765
210 0.37696075000000007
211 0.1516204361014999
212 0.7352535
213 0.8865969503294117
214 0.5074863422633717
215 0.7234979708484208
216 0.2738633798704515
217 0.94362775
218 0.3727923070773298
219 0.46696857322498164
220 0.5297632693438746
221 0.030906205740362847
222 0.884388
223 0.41461131931245343
224 0.54558825
225 0.11337520227503584
226 0.13701900272012502
227 0.4705875
228 0.463253057401
229 0.27144599999999997
230 0.5616435249134999
231 0.11959179066674999
232 0.1363344888910826
233 0.933752
234 0.797978
235 0.12157319611700002
236 0.112848784628309
237 0.17696729465600003
239 0.44933898019999996
238 0.23172774009999997
240 0.879998524126009
241 0.05136868664582428
242 0.10275888868114338
243 0.28993500364888514
244 0.1862744999999999
245 0.8351451386449062
246 0.0230338782611734
247 0.30297559792400003
248 0.06274500000000005
249 0.8855859550826366
250 0.44877475
251 0.37883474379790266
252 0.581788584506
253 0.6350925000000001
254 0.923061
255 0.009827824951517284
256 0.38483390375280857
257 0.396869947617708
258 0.78382375
259 0.19880629685397816
260 0.836437
261 0.1805428540304026
262 0.9484039020464541
263 0.1559557508950804
264 0.4176561287726385
265 0.52728125
266 0.49264675
267 0.04680696883221144
268 0.19960230372838517
269 0.012321177273130202
270 0.7123896281877655
271 0.36764700000000006
272 0.0819661400425
273 0.6565736318805582
274 0.550788394656
275 0.2528600383207793
276 0.2792331054101391
277 0.2661765
278 0.13303775132115642
279 0.5766395
280 0.13436755013357826
282 0.7683745921530474
281 0.2017635611673747
283 0.2935775
284 0.20866675
285 0.01292774950025
286 0.5591893005054521
287 0.21946773697573227
288 0.262745
289 0.17475877361280112
290 0.8112744999999999
291 0.32752454136233106
292 0.732452
293 0.28670303949665843
295 0.331212730190375
294 0.672059
296 0.16165273888335563
297 0.1185309082447783
298 0.33536816170939765
299 0.45049075
300 0.430000580690125
301 0.7264303473411539
302 0.5003583132797916
303 0.68604512816225
304 0.14269239599116393
305 0.5334151610233644
306 0.4743614551897757
307 0.5871820000000001
310 0.0691266091815
308 0.6793861222440001
309 0.5376487495719574
312 0.68284325
311 0.24353484448335375
313 0.1789215
314 0.5528684233083822
315 0.18531323363664673
316 0.16520730222483407
317 0.20233220259942342
318 0.9302562047816771
319 0.32655351147260725
320 0.7573831917314596
322 0.709249997924
324 0.3536519990748218
321 0.24151284176091914
325 0.5785104999999999
323 0.2526546455209999
326 0.52549
327 0.3897337042874838
328 0.45345590569840644
329 0.5654304939252506
330 0.518071
331 0.045438005046178086
332 0.07778654575324873
333 0.49068625
334 0.8366008610851882
336 0.017568503001741287
335 0.919701636832
337 0.7488026221059674
338 0.12892161243334999
339 0.3010154454296875
340 0.32860171026021834
341 0.37424609390624997
342 0.2331398543970913
343 0.5653945197367686
344 0.2745224929008723
346 0.6656865000000001
348 0.8024515000000001
347 0.05445046566899037
345 0.8476260790327246
349 0.422105
350 0.6235295000000001
351 0.16656421858924997
352 0.9011061825958434
353 0.620618964238265
354 0.872549
355 0.5823022866921244
356 0.03149802151332637
357 0.746093382084
359 0.296903921841
358 0.5312467703539596
360 0.08852465826923916
361 0.56911775
363 0.1682957426271784
362 0.7088139204487823
364 0.8978482747887657
365 0.4731093081869788
366 0.1591048742402038
367 0.010779000000000205
368 0.28676475
369 0.42218575
370 0.6838708586822683
372 0.5032597302
373 0.6420690312640001
371 0.23837353709961193
375 0.36146225
374 0.7050676444297628
376 0.6955067435416505
377 0.20686300000000002
378 0.18289527736701378
379 0.686854084873932
380 0.8128679579039999
381 0.785302975609
382 0.7569033328720001
383 0.5343139985089687
384 0.6582294540000326
385 0.8267470502520573
386 0.8116221505622022
390 0.18137400000000015
391 0.718008657401
388 0.07861285689995823
389 0.297084719831125
393 0.9321484293634122
392 0.2545279046720286
387 0.23044165362077407
394 0.4477637498935
396 0.784314
395 0.5604540440339846
397 0.3872584123376746
398 0.03490788045312403
399 0.8732432331069018
400 0.36996223264001893
401 0.58285758737025
403 0.6563985
402 0.8156225430178989
404 0.39915729786385507
405 0.1899342357469913
407 0.7204192694133977
406 0.08181445059600012
408 0.5544748871045
409 0.9264410521811925
410 0.645113216959674
411 0.4646531268433637
412 0.43725753324899996
413 0.79779405852652
415 0.520588
414 0.5627455
416 0.6255841878125
417 0.38835219521728154
418 0.3726812139101179
419 0.15695550000000003
420 0.5713947500000001
421 0.14191246040000016
422 0.1369539894174589
423 0.4825265227605
424 0.25
425 0.1927918499025466
427 0.7461413699645887
426 0.5737076839080677
428 0.9419270138410001
429 0.771569
431 0.24265358993736652
430 0.7282815468864502
432 0.260839172203
433 0.05645443393314831
435 0.15128872558015874
434 0.5627485
436 0.9087088358332992
437 0.001471
438 0.560328847924
439 0.6509602965969999
440 0.12050440740099999
441 0.04591737288524511
442 0.42058850000000003
443 0.41318625
444 0.8689544324828674
445 0.185127162976
446 0.6892309999999999
447 0.7666701644828227
448 0.2
449 0.779100308141125
450 0.03383970050817242
451 0.222708562649
452 0.35464125210924036
453 0.4601760530262873
454 0.20376613287200018
455 0.3471131167229424
456 0.008823000000000025
457 0.215825086111125
458 0.43190775000000003
459 0.331850977401
460 0.09146133195666342
461 0.448523
462 0.5157444215176801
463 0.09853754669200065
464 0.559068875
465 0.16953471148399646
467 0.42542100655196546
466 0.806760710496
468 0.16395852633023034
469 0.4224697184325632
470 0.28233149999999996
471 0.31936020777675
472 0.29480454123525834
473 0.4278546423484584
474 0.6562002296039999
475 0.286494429604
476 0.3657666978811447
477 0.40588250000000003
478 0.86838175
479 0.3468254944033744
480 0.4803480544106249
481 0.47549384552100005
482 0.6745729662691727
483 0.7805171040093095
484 0.820588
485 0.403277188403307
486 0.3853042674303182
487 0.2494578054402501
488 0.3517516722390368
489 0.33025424948100013
490 0.7567268408837928
491 0.2442407302
492 0.45205711841600005
493 0.10524525932077355
494 0.11525560664805612
495 0.570588
496 0.5236557515035909
497 0.8008224488386535
498 0.8242337711490132
499 0.938061631750456
500 0.6703862132089999
501 0.8561992827883463
502 0.931880283319144
503 0.624443
504 0.6785365000000001
505 0.023039250000000067
506 0.8797021878125
507 0.564706
508 0.21376906804218399
509 0.4711785118856606
510 0.838489549481
512 0.8049014999999999
511 0.574174707305
513 0.919118
514 0.524734977296
515 0.77966030015625
516 0.15101903827451113
517 0.6541093756249999
518 0.8480154336337709
520 0.11301442176100007
519 0.35973155947144114
521 0.416618890859375
522 0.42416796039999993
523 0.8944026195674868
524 0.03585412419855638
525 0.09828303842854846
526 0.2634750569205
527 0.11274450000000003
528 0.8264372500000001
529 0.8275224999999999
531 0.590600812649
530 0.36336293502499983
532 0.8411513320544819
533 0.18768320076900014
535 0.7222738946560001
534 0.37401949999999995
536 0.6140767234622619
537 0.6215685
538 0.904902
539 0.5991286489645951
540 0.23934628548072565
541 0.9201299442492306
543 0.7413784444445
544 0.11349805740100005
542 0.07193811470026057
545 0.8686305
546 0.4543225
547 0.888131
548 0.3329640384681982
549 0.12242055335924817
550 0.17571300412429824
551 0.1440971408972389
552 0.7053925000000001
553 0.11506608710781996
554 0.43871215528600005
555 0.37126778519855885
556 0.206985357401
558 0.5960989634374999
557 0.48088274999999997
559 0.031238240100000092
560 0.1581946213347536
561 0.62057385380625
562 0.46635570149031647
563 0.823529
564 0.49050877112413893
565 0.92297125
566 0.38443827602443803
567 0.7754909999999999
569 0.41725312232814504
568 0.4464300000000001
570 0.8237882704986458
571 0.3603811424506851
572 0.23894121911125
573 0.08240758709500007
574 0.02649871891796507
575 0.4656642216575907
576 0.623066665225
577 0.5677973690829441
578 0.498694116609
579 0.582522033049
580 0.0010198527017231326
581 0.055574401358731595
582 0.3701325083045
583 0.319549118416
584 0.0669115
585 0.8509306580766831
586 0.17779222151373442
587 0.4479926656749439
588 0.1931926974067597
589 0.456687
590 0.4112281460147573
591 0.29509870544025
593 0.8091352166089999
592 0.33650250000000004
594 0.005475250000000043
595 0.9297353629760001
596 0.023990500000000026
597 0.8161805111306158
598 0.8608169812615651
599 0.6448125004070222
600 0.6209602097865967
601 0.8849429281711699
602 0.290047118416
603 0.3078327545058547
604 0.20550911014999998
606 0.43921281137943247
605 0.10985006407961787
607 0.512443023664
608 0.6583332500000001
609 0.24261899088264444
610 0.6688505697668078
611 0.10392200000000007
612 0.210785
613 0.47083405059600003
614 0.2952937368690922
615 0.3615068406334452
616 0.6617649999999999
617 0.8620281419402754
618 0.4780276650504804
619 0.6833831835559999
620 0.12205850000000001
621 0.4905134025375
622 0.40717510544025
623 0.7441175
624 0.618547016609
625 0.9486203756249999
627 0.9398270000000002
626 0.723538149481
629 0.7869761933404483
628 0.867785415225
631 0.5460501760281229
633 0.5421095
632 0.2665391138570554
630 0.3888675377738069
636 0.7653123708769385
635 0.366103
634 0.57624112816225
637 0.015370071193733126
638 0.6221449845274777
639 0.5181718781528181
641 0.028953232809000085
642 0.14343807304855072
643 0.5353193678829691
640 0.2952772401
645 0.859167489446758
644 0.22324824948099997
647 0.24144610150513407
646 0.06225732746714385
648 0.10648079822529005
650 0.8066750043246573
649 0.23046482176099992
651 0.4948585
652 0.6663757516437168
653 0.46053041522500004
654 0.5771476413741714
655 0.1319744184160001
657 0.5741049331967669
656 0.7462779858701738
658 0.29863609725610635
659 0.79330027198543
660 0.13779691264921157
661 0.574801918416
662 0.1681215412479066
663 0.4224779010660946
664 0.5955885000000001
665 0.46470550000000005
666 0.629492665744
667 0.2174084480152705
668 0.5602945
669 0.09759772893249999
670 0.04486154037783163
671 0.26975930653089963
673 0.636902665225
675 0.8559395167074147
672 0.37771363212206266
674 0.5625249999999999
676 0.5149164827983408
677 0.9188161736640001
678 0.6991309557865001
679 0.7579880011535
680 0.29614259286824995
681 0.9343135
682 0.30491409047793844
683 0.48710520115350003
684 0.29946954292455596
685 0.3803925
686 0.2714836413696451
687 0.5650887552817797
688 0.8818760581519837
689 0.10503376249735052
690 0.4286140088777334
691 0.828359716609
692 0.5328427500000001
693 0.8200977500000001
694 0.4682717108805
695 0.5686275000000001
696 0.690528022877781
697 0.40623264018074995
698 0.527496
699 0.7706930358954486
700 0.914262
701 0.13630764248624372
702 8.718811102074175E-4
704 0.8290354999999999
703 0.8602180881496353
705 0.7775196735472741
706 0.08787500000000015
707 0.6440913380394879
708 0.09179045114904527
709 0.8612582175125
710 0.23065653098654448
711 0.8031453196329009
712 0.7210701973557767
713 0.39059085380625
714 0.1488491137256056
715 0.19356644970852632
716 0.5811576438726818
717 0.099732289917375
718 0.8051961688039999
719 0.1926118595431306
720 0.8931374999999999
721 0.9187187936155975
722 0.5302411229062447
723 0.7949195
724 0.029292307761887626
725 0.24727173092255028
726 0.598562488889
727 0.1362091664359999
728 0.44745749999999995
729 0.010784000000000016
730 0.8168627381885314
731 0.5257651842241686
732 0.400323162976
733 0.8514828310449286
734 0.06749397191424333
735 0.457877697924
736 0.011268517389184551
737 0.737619
738 0.909804
739 0.0766517491401395
740 0.45704211139651535
741 0.3516245003845
742 0.615565080587217
743 0.6900929654205556
744 0.5744091041824458
745 0.7133602401000001
746 0.6182300618859948
747 0.809821298962
748 0.07396431600400001
749 0.46183537762400007
750 0.3230612060215581
751 0.3698563834339623
752 0.5378905939062499
753 0.12009800000000004
754 0.1534312499999999
755 0.6604539126489999
756 0.9171396413025079
757 0.35115950000000007
758 0.478966658593
759 0.744264336576095
760 0.5596872445673347
761 0.15446554451360606
762 0.7494470000000002
763 0.9403903075125148
764 0.8142155
765 0.17408631174592282
766 0.33627450000000003
767 0.9473532003677267
768 0.30430719536319073
769 0.5514705
770 0.3122901508046916
771 0.8812001501922501
772 0.4980665
773 0.699967848264694
774 0.016899714802000032
775 0.8375004603999999
776 0.15958256955101757
777 0.007843000000000044
778 0.27486239598056594
779 0.579827059208
780 0.047629282623849134
781 0.5902367599768182
782 0.21387927340294866
783 0.252313
784 0.5348301082014081
785 0.6465685
786 0.5700985
787 0.47449031496314625
788 0.21169858574499997
789 0.72950287403123
790 0.11410676279030607
791 0.54852925
792 0.3522916874323583
793 0.4641698893744508
794 0.7107839999634755
795 0.7034312500000001
796 0.5592988938621429
797 0.12917009144861807
798 0.31025608160918855
799 0.7401955
800 0.293114375
801 0.43853090684099993
802 0.6323464982410647
803 0.15980400000000006
805 0.922169612649
804 0.40950781409844966
806 0.4957101564230466
807 0.8089897445797593
808 0.019622382084000023
809 0.5573411133354181
810 0.344434296019166
811 0.151961
812 0.1825919177371524
813 0.015142607207492165
814 0.45627309272100003
815 0.543089688812
816 0.216090414802
817 0.5270087882410495
818 0.4410711243938521
819 0.8068625
820 0.5421858213227748
821 0.6712269784119137
822 0.9401538295064886
823 0.08433376485358646
824 0.3588235
825 0.7372555
826 0.317877397924
827 0.611015487275935
828 0.0253837844895
829 0.046996163718201214
830 0.33873
831 0.510648032141827
833 0.5615473714329775
832 0.548910110496
834 0.1858498548885059
835 0.7838397849190488
836 0.6766853671209312
837 0.2008180202993446
838 0.325884466489
839 0.6386851167506503
841 0.69902
840 0.4714334040847639
842 0.7919555
844 0.4215539580579317
845 0.6351580321418269
843 0.8313729999999999
846 0.6492654729411991
847 0.44898965263801394
848 0.19170220910614866
849 0.2003325
850 0.08803724386340828
851 0.19540204934274916
852 0.1978275
853 0.188556830625
854 0.45334663264150005
855 0.19917107168507364
856 0.23660775
857 0.06380168419079824
858 0.13434809792400002
859 0.868310032964054
860 0.2204759958519036
861 0.2525703422633717
862 0.31217368657468775
863 0.17567316508877434
864 0.24215699999999996
865 0.11619362960400004
866 0.5512867883399126
867 0.9393331227605001
868 0.20172244064681516
869 0.547059
870 0.76421575
871 0.62558869359225
872 0.265687
873 0.447510599905
874 0.6036194966710385
875 0.05011775227783999
876 0.08812514559912499
877 0.09709574124442244
878 0.6527745
879 0.10490200000000005
880 0.5415145242132212
881 0.5393337181019051
882 0.629848777201
883 0.060720328211833596
885 0.7168110472709809
884 0.8473880688082766
887 0.6791007395981836
886 0.9186275
888 0.814717
889 0.93575235380625
890 0.3804414965800398
891 0.22333172591687692
892 0.12507747457578144
893 0.40359260748629094
894 0.18306320019225
895 0.3987857073894288
896 0.21067728501894073
897 0.8221685650264862
898 0.6099205108144643
899 0.36011375219949504
900 0.7912633798077431
901 0.6714478577290001
902 0.3142304449710812
903 0.1623958686862168
904 0.804902
905 0.87026
906 0.09486727394399996
907 0.4163175
908 0.47892124999999997
909 0.3166615647519453
910 0.2608446694095
911 0.39561908988391803
912 0.9215690000000001
913 0.294330998962
914 0.6696007874659726
915 0.5348040000000001
916 0.14057112124790638
917 0.708469977076125
918 0.834314
919 0.665519688889
920 0.8658290783129939
921 0.22937229027299996
922 0.50815188737025
923 0.926335
924 0.8120222500000001
925 0.35587779505975004
926 0.134968960326042
927 0.40743157753182546
928 0.5898998874463712
929 0.36287091522500003
930 0.34999529446400035
931 0.35608831022606013
932 0.8741515484657147
933 0.16827468829995929
934 0.6942057323455196
935 0.794298575894
936 0.6294115
937 0.7662070017444239
938 0.321087
939 0.1548797198456504
940 0.42251150000000004
941 0.676458497459375
942 0.5577698616678707
943 0.7832188304500003
944 0.3127160164359999
945 0.619501282899696
946 0.4430621538203143
947 0.1078435000000002
948 0.5968775618165854
949 0.5282849523094144
950 0.8460785
951 0.41290649999999995
953 0.6623832730866738
952 0.1927293266523749
954 0.5335845
955 0.8983619512727914
956 0.3052717353565
957 0.330047959208
958 0.399604451536
959 0.5056372499999999
960 0.30730919277249047
961 0.838302644656
962 0.129957961166782
963 0.743594
964 0.12083571484430289
965 0.17334329675856175
966 0.17266037762399988
968 0.9432903145823118
967 0.499600875625
969 0.6342277558462122
970 0.686240213841
971 0.8833335
972 0.4377174609024635
973 0.00885819792400011
974 0.47141357366400005
975 0.7517966657440001
977 0.15120122529800017
978 0.39212277985818234
976 0.45475300076900005
979 0.783333
980 0.6135315
981 0.3670361727605
982 0.8607822712740594
983 0.657767415225
984 0.563822000769
985 0.6662701193979104
986 0.8740275621967947
987 0.8810869503769176
988 0.024039645994764602
989 0.34958457424826905
990 0.221573115725
991 0.9220595
992 0.2676072405246751
993 0.8378008396325327
995 0.9021435
994 0.683795558678588
996 0.645423715744
997 0.8681704888890001
998 0.5577243417252806
999 0.46617624999999996
1000 0.880737
1001 0.36136212464155415
1002 0.71335
1003 0.3466480421319525
1004 0.43000799631446907
1005 0.28206524493812796
1006 0.15462500683231284
1007 0.5786125
1008 0.155271856953125
1009 0.3666665
1010 0.6759809999999999
1011 0.5754203420703751
1012 0.3858949918561343
1013 0.3607050841877264
1014 0.8936042866119901
1015 0.2975726936134886
1016 0.6610357039056722
1017 0.03944739792399998
1018 0.432965484241588
1019 0.07280050000000005
1020 0.6187463189964849
1021 0.37789206902258754
1022 0.2705361168387086
1023 0.5575498166661765
1024 0.32828449068099996
1025 0.648601040054033
1026 0.6534712441744983
1027 0.17202583032225
1028 0.727517109184
1029 0.645697814802
1031 0.884301640875375
1030 0.5091057894992412
1032 0.71871025
1033 0.09611136514363516
1034 0.18840279295125
1035 0.6895403097267099
1036 0.7690771298488641
1037 0.6014705
1038 0.4005300351553606
1039 0.931109
1040 0.39934869913302573
1041 0.31715625000000003
1042 0.866021173664
1043 0.7763680410538412
1044 0.635294
1045 0.71366698605225
1046 0.82206975
1047 0.6899155161037394
1049 0.1970590000000001
1048 0.43355091828906606
1050 0.12451000000000012
1051 0.17474055229663144
1052 0.2751599531245
1053 0.48459946664018877
1054 0.479022978864
1055 0.5851444264368022
1056 0.8211426138410001
1057 0.41187700000000005
1058 0.5564514034079261
1059 0.3097405
1060 0.09282767312218598
1061 0.1526579563999999
1062 0.05415833288170613
1063 0.6110534217610001
1064 0.8968145000000001
1065 0.04506837562499988
1066 0.5614318319566635
1067 0.9476054656420376
1068 0.508159033994986
1069 0.6272435000000001
1070 0.45418921384100003
1072 0.3054275704296875
1071 0.05245224999999998
1073 0.8525855705801628
1074 0.0783132734908687
1075 2.3293287200010226E-4
1076 0.72194482222225
1078 0.35076462229246475
1077 0.26001843674052183
1079 0.3617106215050165
1080 0.6117645
1081 0.2849725000000001
1082 0.820588
1083 0.637025435025
1084 0.031372500000000025
1085 0.3911995058975501
1086 0.5455156931241616
1087 0.06926088616963
1088 0.146034
1089 0.659475431488
1090 0.7620143804484494
1091 0.507073935025
1092 0.9560590717861648
1093 0.8293622989077082
1094 0.4040027175125
1095 0.312826414081125
1096 0.7646039027944367
1097 0.3832415
1098 0.405392
1099 0.712521
1100 0.12290783872472673
1101 0.2135564034587567
1102 0.48196424552100003
1103 0.486466665744
1104 0.295692
1105 0.40801686802602877
1106 0.6535482507762372
1107 0.3481884325093115
1108 0.9332755
1109 0.628891300921574
1110 0.304902
1111 0.26143099999999997
1112 0.8387138162987735
1113 0.7396092613802501
1114 0.6090032842488323
1115 0.6625732128125
1116 0.33015515985225
1117 0.6547535758817412
1118 0.395022762976
1120 0.47188773019999997
1119 0.33731224992307896
1121 0.852851275367017
1122 0.9493209135978087
1123 0.4693301901430393
1124 0.12168137909699994
1125 0.6717289163909128
1126 0.17609912525947646
1127 0.048732967512500114
1128 0.4324810286148203
1129 0.709804
1130 0.25036698779250205
1131 0.22710284726446373
1132 0.19411728284290497
1133 0.4949939783221915
1134 0.18323359340363307
1135 0.8178820270761251
1136 0.020903000000000116
1137 0.669721779815663
1138 0.44565995559537497
1139 0.6711805455209999
1140 0.576953
1141 0.9482121552159999
1142 0.331499800196
1144 0.31043347363304385
1143 0.37499975
1145 0.21529383057737503
1146 0.6175910122688052
1147 0.7070955
1148 0.37247961736348867
1149 0.6458628980220842
1150 0.2980395
1151 0.5527524630519591
1152 0.25450185244926143
1153 0.45333100000000004
1154 0.09687433757267279
1155 0.5166944052899238
1156 0.0945249009632072
1157 0.5480389999999999
1158 0.176068449481
1160 0.13708553980867347
1159 0.0570868670405
1161 0.16495017416712754
1162 0.8331098639940471
1163 0.1856991742215
1165 0.1635465
1164 0.38187899999999997
1166 0.15344558737025
1167 0.441163331488
1168 0.1861165
1169 0.7303251124346368
1170 0.4096955634374999
1171 0.43751551449455917
1172 0.10218900000000009
1173 0.20147049999999989
1174 0.19451510456618104
1175 0.096941098289
1176 0.4423880071938311
1177 0.38235300000000005
1178 0.3132011122989833
1179 0.729706919524
1180 0.368873050596
1181 0.0671770502989375
1182 0.5067910012636818
1183 0.7694292166089999
1184 0.040005795921976506
1185 0.8035990160482179
1186 0.7863139297449133
1187 0.8016604226859572
1188 0.5646906774379512
1189 0.5587119478799956
1190 0.45918381792964547
1191 0.12717943071352722
1192 0.6368501733790226
1193 0.79100415019225
1194 0.937818521761
1196 0.014403691726510237
1195 0.641001930871546
1197 0.27585669963945186
1198 0.4966679926882429
1200 0.879412
1199 0.572308888889
1201 0.7225845979239998
1202 0.480427597924
1203 0.8932817616835802
1204 0.09414394844299978
1205 0.85249
1206 0.49682160418530485
1207 0.8323885979239998
1208 0.2675310000000002
1209 0.2642418084
1210 0.3833329999999999
1211 0.6719038736640001
1213 0.2504212505960002
1212 0.8999111147138348
1215 0.6189827545055702
1214 0.6579355
1216 0.2137009694490002
1217 0.5353928167191648
1218 0.22601733441000005
1219 0.8978913534602501
1220 0.23245964948099998
1221 0.35588200000000003
1222 0.07177252274600648
1223 0.4189256376350079
1224 0.010840481622500064
1225 0.8583155
1226 0.31736818502499997
1227 0.8307289999999999
1228 0.340796612649
1229 0.1382355
1230 0.27117003254281563
1231 0.4379550566801249
1233 0.8613813407785361
1232 0.571924883809
1234 0.6946035188738711
1235 0.4845251055830346
1236 0.5329784911563369
1237 0.34342366142992553
1238 0.34294852932099995
1239 0.4607835
1240 0.779412
1241 0.20393719438256608
1242 0.246556667551
1243 0.24236151468133849
1244 0.905882
1245 0.614501
1246 0.4794665
1247 0.7899685313432522
1248 0.506968291042
1249 0.44172510948675003
1250 0.6516839185327892
1251 0.2599440000000002
1252 0.3529415
1253 0.37559285996075
1254 0.007522159954000074
1255 0.7276533472370528
1256 0.5770213057855134
1257 0.915158216267246
1258 0.23914716036271624
1259 0.7890996792702499
1260 0.616086836025
1261 0.09592100000000015
1262 0.565249427874
1263 0.7431369999999999
1264 0.274779029604
1265 0.31087750000000014
1266 0.515687
1267 0.907030216436
1268 0.9261090000000001
1269 0.7095721675319534
1270 0.49258171573728937
1271 0.9388148845447214
1272 0.03770981384100014
1273 0.2114058388890001
1274 0.0792805021652777
1275 0.8102165600340161
1276 0.1999171850249999
1277 0.3060274899904658
1278 0.50332537005
1279 0.5603962217610001
1280 0.46421575000000004
1281 0.13780701004320856
1282 0.8880050138410001
1283 0.6884392311474267
1284 0.555882
1285 0.514625791042
1286 0.43769559525284285
1287 0.4958803184160001
1288 0.25692954603075
1289 0.0279417500000001
1291 0.329844916609
1290 0.623371
1292 0.6780105129759999
1294 0.29583319251854867
1293 0.06840839787028252
1295 0.7827077499999999
1296 0.5733546881979301
1297 0.6325754090886806
1298 0.48137200000000013
1299 0.10392200000000007
1301 0.1383545119533749
1300 0.54362725
1302 0.3243662475127902
1303 0.045262620856009114
1304 0.5728887342443352
1305 0.48654392176100003
1306 0.8088230000000001
1307 0.5658678317197181
1308 0.455942027689
1309 0.33132632780899907
1310 0.891948845430145
1311 0.7028815341983995
1312 0.43956682037
1313 0.25362580423140935
1314 0.7281778418129075
1315 0.1108944454519667
1316 0.13989958691773752
1317 0.048355244568644484
1318 0.7666301049599332
1319 0.24059302139112498
1320 0.7828845
1321 0.3897342430215
1322 0.6166670000000001
1323 0.30796776128221137
1325 0.6982698979240001
1324 0.33630593449583235
1326 0.2034859578003274
1327 0.67070845126875
1328 0.652714557401
1329 0.38957287456225004
1330 0.9127449999999999
1331 0.41977221361851313
1332 0.813235
1333 0.40924662005
1334 0.10235142648948226
1335 0.6951132323197178
1336 0.4439682076125
1337 0.6797246818278034
1338 0.320553713841
1339 0.894118
1340 0.02963377110647214
1341 0.12843099999999996
1342 0.192621902978375
1343 0.761524916609
1344 0.5519393001476252
1345 0.817647
1346 0.0320656250000001
1347 0.929610253929
1349 0.33461945685619177
1348 0.04664509119616045
1350 0.565216116436
1351 0.35031029247483914
1352 0.33284237657685456
1353 0.46617675000000003
1354 0.905919035344
1355 0.5518624999999999
1356 0.5151285
1357 0.7166669999999999
1358 0.41096155097554543
1359 0.12353560059436679
1360 0.20064395292475784
1361 0.6075787513121634
1362 0.106703779405118
1363 0.6600750946560001
1367 0.43340397762399996
1364 0.7244060055642147
1365 0.1949568738216021
1366 0.6046898701266263
1370 0.3262439574009999
1369 0.7341471129760001
1368 0.02986836574400009
1372 0.6465685
1375 0.4189576786726936
1371 0.6716368348402588
1374 0.24714016408112502
1379 0.208067
1376 0.24994723683199999
1378 0.2392160000000001
1373 0.838039
1377 0.6840729049248444
1380 0.21372500000000016
1383 0.5287814356100824
1381 0.14374118177873974
1382 0.12385849860290415
1384 0.733035
1385 0.6604507440562499
1386 0.260207914802
1387 0.5366225162778114
1388 0.609386979604
1389 0.12938902036675182
1391 0.612455903969
1390 0.6720587499999999
1392 0.624832662976
1393 0.5681438997167019
1394 0.8341519405988047
1395 0.6119936056249999
1396 0.85299
1397 0.8502172067091043
1398 0.256876268077743
1399 0.787254
1400 0.32687866574400004
1401 0.38774613745675
1402 0.298763199481
1403 0.01952472989147691
1404 0.8443505228231872
1405 0.23589970091164525
1406 0.0987857641970511
1407 0.639734262976
1408 0.224182402634375
1409 0.510809900207758
1410 0.4763444919486547
1411 0.909877229604
1414 0.356915432434313
1413 0.10455000671389016
1412 0.8295910157440001
1415 0.88627551628225
1416 0.415852
1417 0.06274500000000005
1418 0.8060809713433461
1419 0.32058849999999994
1420 0.8339381059655122
1421 0.16203404807628585
1423 0.70034975
1422 0.47212589465599997
1424 0.657507
1426 0.3911770000000001
1425 0.35211438433727604
1427 0.43512182960400003
1428 0.286925856957261
1429 0.571327698966
1431 0.5875843437473406
1430 0.3534301521163241
1432 0.294608
1434 0.44167659974400003
1433 0.24319166993046712
1435 0.364067612481
1436 0.5553925
1437 0.1997433904673377
1438 0.5791654415518146
1439 0.3962554389898232
1440 0.16422655966371402
1441 0.7407128362301831
1442 0.0027691779317138288
1443 0.20649680770884338
1444 0.6323419002497341
1445 0.9407688847620312
1447 0.10036268978204554
1446 0.17181477417819746
1448 0.29995961454320436
1449 0.49020199999999997
1450 0.210619665744
1451 0.06955288564025
1452 0.237803
1453 0.5847468518486989
1454 0.20723893888900002
1455 0.8052189710637853
1456 0.45958994212921195
1457 0.03921600000000003
1458 0.5480389999999999
1459 0.22526259465600007
1460 0.427513624829821
1461 0.44430908279023473
1462 0.820816569766125
1463 0.141102660544
1464 0.5268203476362177
1465 0.13787951480200022
1466 0.7649160417344238
1467 0.7554254583045
1470 0.423545866501881
1468 0.399092603001
1469 0.031371999999999955
1471 0.6330887988640957
1472 0.53331875
1473 0.596624331591401
1474 0.30023197354769104
1475 0.05329002050610221
1476 0.3876703566159052
1477 0.23796569573789955
1478 0.9476204973803201
1479 0.8595662399738435
1480 0.38262242176100003
1481 0.3142155
1482 0.44635245415225
1483 0.8814596568965672
1484 0.3470017515405
1485 0.17188007203239283
1486 0.3186792361015
1487 0.4169755
1488 0.1028366632049953
1489 0.504337488889
1490 0.874412
1491 0.0887059641250143
1492 0.6995542607260965
1493 0.6239333069205
1494 0.709077549481
1495 0.3436246594945966
1496 0.13412772978662502
1497 0.6001597401
1498 0.395034997924
1499 0.494238198616
1500 0.27818152673012503
1501 0.09432247556119777
1502 0.45319850000000006
1503 0.7409520393261169
1504 0.2186275
1505 0.35719100000000004
1506 0.9274161582306709
1507 0.87107825
1508 0.7661765
1509 0.3451755899396319
1510 0.213322150084
1511 0.16215214498865094
1512 0.770697844406
1513 0.05332200000000009
1514 0.9289018648422079
1516 0.21142663993678085
1515 0.4000884175400101
1517 0.21732745770310075
1518 0.7294082410824647
1519 0.5985429617508814
1520 0.567647
1521 0.6682415696751249
1522 0.10694346574400004
1523 0.7372555000000001
1524 0.43872791453300003
1525 0.314692524279767
1526 0.13764625182107418
1527 0.48940510777155993
1528 0.23903228402550003
1529 0.4308825
1530 0.2241775773375
1531 0.34771982093155646
1532 0.539547
1533 0.7395365755369775
1534 0.646664207974945
1536 0.020721330311127772
1535 0.6638029488467501
1537 0.2523458875168848
1538 0.517836375625
1539 0.02842573928998604
1540 0.5158758756250001
1541 0.547957944934076
1542 0.4533254759594889
1543 0.8787268796313461
1544 0.5836288464593695
1545 0.14378945931520343
1546 0.6227804535522137
1547 0.243822612649
1548 0.09327647366400016
1549 0.512135662944
1550 0.350416908333375
1551 0.31714699939628366
1553 0.153273
1552 0.6636747968860001
1554 0.6220893182815
1555 0.34435688521937685
1556 0.43858245061607204
1557 0.32444684952450004
1558 0.1722078701871889
1559 0.15131944513979412
1560 0.24890825
1561 0.2553922500000001
1562 0.3940231450202983
1563 0.20349634444450002
1564 0.13344935740100006
1565 0.843302
1566 0.34297363944244297
1568 0.39771106721753413
1567 0.191043032401
1569 0.6659871353781482
1570 0.29775021826659326
1571 0.70245125
1572 0.635049800596
1573 0.8681892055350058
1574 0.38240694331056146
1575 0.42750051085403523
1576 0.6427949604000001
1577 0.437443273664
1578 0.4605715
1579 0.23103256780033354
1580 0.192479362976
1581 0.254828286649
1582 0.139738288889
1583 0.8939193837172528
1584 0.15262978714928854
1585 0.6132016850249999
1586 0.03686806291400002
1587 0.5727008079592475
1588 0.26911728108800004
1589 0.9142973246889999
1590 0.4317049293993186
1591 0.6392550998843134
1592 0.32006437484225003
1593 0.5778755264406352
1594 0.08313460076900014
1595 0.5391639552920553
1596 0.5242260551008717
1597 0.931853228080839
1598 0.18928564016732413
1599 0.6731399841407499
1600 0.6950985
1601 0.0841175632871704
1602 0.22560002509612503
1603 0.3460552703546642
1604 0.12097513052899989
1605 0.7595211228375
1606 0.4906865
1607 0.7555900149281505
1608 0.5052851943654852
1609 0.764667997932129
1610 0.2377050706436748
1611 0.06451407223282857
1612 0.259425994656
1613 0.9394835974230871
1614 0.5750653444445
1615 0.4466593756249999
1616 0.5986097602117428
1617 0.7120595390631946
1618 0.013550848540446303
1619 0.34313257220025
1620 0.20012264524099987
1621 0.6903176473279999
1622 0.033333500000000016
1623 0.7553398282476198
1624 0.480351767285509
1625 0.716874144406
1626 0.651813
1627 0.39578023683200003
1629 0.5538340387377417
1628 0.22662300000000002
1630 0.8929003025000001
1631 0.2617533026778718
1633 0.4778074015487569
1632 0.47451
1634 0.0475116403219451
1635 0.5255434999999999
1636 0.8783292646169999
1637 0.15839095144728244
1638 0.21063622293349998
1639 0.5093721633344823
1640 0.7036921935728074
1641 0.7761035
1642 0.3408212108805
1643 0.29210013935025003
1645 0.949710845663583
1644 0.4259805
1646 0.562600341984
1647 0.9320511607267853
1648 0.24862147693643236
1649 0.263731905248
1650 0.535599228912
1651 0.17496661475619146
1652 0.8143453969514558
1653 0.43575237396199995
1654 0.22076420846693479
1655 0.5965756226938634
1656 0.49809857702039806
1657 0.04977699999999996
1658 0.501471
1659 0.059413142070375
1660 0.8072283748273544
1661 0.229273334227697
1662 0.3533922827314985
1663 0.709768862776085
1664 0.21893578737025002
1666 0.25406097139537503
1665 0.1155772242215003
1667 0.45396247634450004
1668 0.4038441637721486
1669 0.46663293502500003
1670 0.26690989294799095
1671 0.4949203706237361
1672 0.5041739421803773
1673 0.7544514885731375
1674 0.461084433321
1675 0.04688400000000015
1676 0.195098
1677 0.744121148736
1678 0.7721325000000001
1679 0.10535164600272648
1680 0.39152506141875
1681 0.830279907716
1682 0.7731476534583288
1683 0.41410725000000004
1684 0.235296036614
1685 0.48971121430832504
1686 0.08904382960400015
1687 0.684204562680953
1689 0.24828096374362488
1690 0.3288715981648954
1688 0.099842188543
1691 0.532417777778
1692 0.1919818501410125
1693 0.04215600000000008
1694 0.668737045521
1695 0.29472868414075015
1696 0.8607834999999999
1697 0.8398613940880801
1698 0.39410799984399997
1699 0.90240025
1700 0.4549710892956014
1701 0.8790434700980001
1702 0.149019
1703 0.2436275
1704 0.219559950596
1705 0.03308861443038402
1706 0.325894912649
1707 0.9355284069414034
1709 0.202306
1708 0.7454366444059999
1710 0.087400018416
1711 0.7959360746376596
1712 0.311247484241588
1713 0.8036915138410001
1714 0.12745150000000005
1715 0.5232081073201507
1716 0.904902
1717 0.21912366129025
1718 0.2259725459753077
1719 0.6171965835721134
1720 0.484965266484375
1721 0.8663268361015
1722 0.40125789967325
1723 0.686918217961
1724 0.2616029999999998
1725 0.380055625
1726 0.5945064745125621
1727 0.28475932689805616
1728 0.1177124010205
1729 0.32541221643600005
1730 0.640835841984
1731 0.5151165685877466
1732 0.3068854653340001
1733 0.35483052479501564
1734 0.195098
1735 0.2947301001150182
1736 0.7217432500000001
1737 0.36203425
1738 0.27352900000000013
1739 0.2920475198271284
1741 0.626586422203
1740 0.11352928125978656
1742 0.37439802322500004
1743 0.8940780840064999
1744 0.613841587546861
1746 0.21263079374806268
1745 0.21293183067726085
1747 0.2196085000000001
1748 0.449755
1749 0.24359801897349997
1750 0.34944837437046
1751 0.13680650804669114
1752 0.1763791658505764
1753 0.4032722480814006
1754 0.6825760000000001
1755 0.30147
1756 0.8509800000000001
1757 0.29068625000000003
1758 0.0716128676
1759 0.48040941522499997
1760 0.10987625000000001
1761 0.8499999999999999
1762 0.655980931805838
1763 0.774589510617411
1765 0.02483267426654745
1764 0.35196099999999997
1766 0.9221620524801983
1767 0.560592145521
1768 0.42924619869409786
1769 0.27746928826446826
1770 0.16281774888675504
1771 0.6794115000000001
1772 0.1762130211385028
1774 0.1499144901
1773 0.54371775
1775 0.22820899999999988
1777 0.720588
1776 0.5229824893502499
1779 0.770457
1778 0.5999911983389471
1780 0.10949376601897587
1781 0.11990467349628875
1782 0.6213705
1783 0.07549150000000004
1784 0.21097074789275003
1786 0.6860930000000001
1785 0.3417837401688961
1788 0.3768795033877872
1787 0.1405081057877775
1790 0.512083229604
1789 0.398095030625
1791 0.16398907192292844
1792 0.5941180969803044
1793 0.775864268962739
1794 0.8464842079173922
1795 0.913726
1796 0.930796412649
1797 0.15294049999999992
1798 0.9153663097919871
1799 0.07980457373051686
1800 0.559861066608375
1801 0.089509529604
1803 0.8999611781932724
1802 0.171836595521
1804 0.69951025
1805 0.08468687222225
1806 0.5902065365313474
1807 0.44193555347462843
1808 0.48186300000000004
1809 0.6486626682154158
1810 0.7049019999999999
1811 0.5676470000000002
1812 0.765196
1813 0.3499995
1814 0.04310812363184913
1815 0.743069
1816 0.23328622379481817
1817 0.40356308888900005
1818 0.10658250000000002
1819 0.024702021731600854
1820 0.3864643840839429
1821 0.2607840000000001
1822 0.3172296169099672
1823 0.28529400000000016
1824 0.86029425
1825 0.30305618020488295
1827 0.81029375
1826 0.554902
1828 0.926471
1829 0.450499
1830 0.8765864999999999
1831 0.636659473664
1832 0.02521451510977102
1833 0.537659
1834 0.12092880472850642
1835 0.47600876297600003
1836 0.6186275
1837 0.6350125000000001
1838 0.29480756176318246
1840 0.42551399999999995
1839 0.4946226220967803
1841 0.7346756411392972
1842 0.5911145
1843 0.8109629561856209
1844 0.5836961731772059
1845 0.14972911980270254
1846 0.2974764292488943
1847 0.013636500000000051
1848 0.22669535537275531
1849 0.65196075
1850 0.5401601047438408
1851 0.8100158946560001
1852 0.4754399508826439
1853 0.01568600000000009
1854 0.052702989761000074
1855 0.942448918416
1856 0.5724990000000001
1857 0.8426667245582956
1858 0.339158436111125
1859 0.741389398962
1860 0.7574810000000001
1861 0.3261535
1862 0.7286898103031159
1863 0.4288740959402051
1864 0.3851875515645
1865 0.6681448407375
1866 0.932352
1867 0.7326635
1868 0.8794120000000001
1870 0.4197036798383878
1869 0.2820926586565531
1871 0.849350316609
1872 0.4596765156250001
1873 0.11713844948100016
1874 0.48282143940378774
1876 0.69333825
1875 0.12397001375659511
1877 0.59027747222225
1878 0.35598241522499996
1879 0.544608
1881 0.28430188093645603
1880 0.544696203848405
1883 0.663362537754717
1882 0.909032643425
1884 0.27733399999999997
1885 0.28819820118482264
1887 0.05234437562500016
1886 0.8756093422633717
1888 0.38083500000000003
1889 0.05480900000000011
1890 0.71519575
1891 0.516311925240125
1892 0.7676470000000001
1893 0.45767082960399996
1894 0.4231437264458363
1895 0.28727843156500005
1896 0.504412
1897 0.17473383830860856
1898 0.7824574957671098
1899 0.59558775
1900 0.27136617262400003
1901 0.34262299999999996
1903 0.8292159357439113
1902 0.850361170666935
1904 0.30784300120091557
1905 0.31054950000000003
1906 0.06725143781249998
1907 0.3152496981224868
1908 0.14959100000000003
1909 0.7988930740228575
1910 0.8632988361163637
1911 0.06928076238400016
1912 0.045505935025
1913 0.10735552845376369
1914 0.674686
1915 0.5591278916661617
1916 0.429293059630696
1917 0.248529
1918 0.286939466444039
1919 0.1334228576159573
1920 0.2599436519430276
1921 0.43587070044370724
1922 0.6185330681355692
1923 0.6026965
1924 0.40940550000000003
1925 0.04415219792400005
1926 0.11235800508766758
1927 0.42126218002636034
1928 0.7148656896325165
1929 0.5682574511695024
1930 0.5280644453869999
1931 0.04212450000000001
1933 0.32359666654146907
1932 0.47016696492224996
1934 0.883511
1935 0.6548190611260829
1936 0.6554655
1937 0.49132326120890624
1938 0.5972025000000001
1939 0.18431350000000002
1940 0.10257448020000015
1942 0.2706998055963499
1941 0.384073239221458
1943 0.4639835
1944 0.03981550796450983
1945 0.8492846664360001
1946 0.49011
1947 0.6860372617401711
1948 0.43052385553419353
1949 0.825
1950 0.477532164081125
1951 0.258641631735432
1952 0.8272995606275486
1953 0.006776000000000115
1954 0.6513512552292977
1956 0.79558825
1955 0.7611439350250001
1957 0.9049025
1958 0.9480395
1959 0.7136108722222501
1960 0.515525118996
1961 0.3145249153307066
1962 0.45083109390625
1964 0.041120986706425625
1963 0.38774525000000004
1965 0.13837880683508794
1966 0.5935108361015
1968 0.2346687270499379
1969 0.8039159999999999
1967 0.07518078183216437
1970 0.13339474009999996
1971 0.02156899999999995
1972 0.6985109044894262
1973 0.258638332004
1974 0.8708415826116317
1975 0.28398555708400003
1976 0.3327944505960001
1977 0.6551536115463129
1978 0.47045277750400005
1979 0.6127613820839999
1980 0.45294664552100006
1981 0.009804500000000105
1982 0.04136257340000005
1983 0.16983676768601486
1984 0.907843
1985 0.5169347836160001
1986 0.6583013649134071
1987 0.173850501210518
1988 0.18100548020000007
1989 0.6773832694542501
1990 0.1529317243050021
1991 0.9181374999999999
1993 0.07969877355355086
1992 0.6107850000000001
1994 0.44634793804325007
1995 0.6660906533911932
1996 0.6190192397554997
1997 0.26973028580138114
1998 0.39098
1999 0.4294225431191203
2000 0.6206523804236147
2001 0.1753650052952964
2002 0.3432143286089999
2003 0.24715461841600006
2004 0.8200023542063648
2005 0.8336020006249998
2006 0.485802557401
2007 0.7874663444411412
2008 0.08678600000000003
2009 0.9115513069205
2010 0.8521215
2012 0.309249997924
2011 0.06678231170664439
2013 0.7207974969760775
2014 0.0596700385014854
2015 0.0026431878125001695
2016 0.6616695
2017 0.63808736138025
2018 0.22284939432899997
2019 0.6731052500000001
2020 0.17128562283750015
2021 0.293138331931184
2022 0.892537944725375
2023 0.425912495778925
2024 0.47397887372799996
2025 0.9316892666617116
2026 0.4080889604
2027 0.5155969791014328
2029 0.09999999999999987
2028 0.18776950000000014
2030 0.18725500000000017
2031 0.17731041099102543
2032 0.29145711529600005
2033 0.5065565
2034 0.615686
2035 0.6039215
2036 0.27644604181783006
2037 0.38683420761250004
2038 0.46742667176100006
2039 0.3397192144519183
2040 0.580817997924
2041 0.2957395
2043 0.22378849544443513
2042 0.195073179604
2044 0.18798694460899998
2046 0.2705331525850029
2045 0.4906515
2047 0.4854293817856654
2048 0.17784008830257103
2049 0.20797665342482674
2050 0.5635659058396665
2052 0.19027702759156462
2051 0.15460888222266223
2053 0.2685588300756636
2054 0.26219035216756087
2055 0.639323918884
2056 0.02906475867651559
2057 0.31325618269400013
2058 0.38077945415224995
2059 0.40103834948100003
2060 0.4784315000000001
2061 0.5320775189735
2063 0.7308822500000001
2062 0.4475232217610001
2064 0.8983859651463929
2066 0.7699980776760508
2065 0.1843140000000001
2068 0.7009810000000001
2067 0.9460785
2069 0.42304546436
2070 0.673566114802
2071 0.790775
2072 0.5471143861632626
2073 0.42285145794681006
2074 0.3238015
2075 0.13416571943006117
2076 0.062318113841000056
2077 0.3222320316509302
2078 0.13239674915078026
2079 0.39357664465600006
2080 0.763758
2081 0.8808387988515309
2082 0.32717952663100835
2084 0.7941247104960001
2083 0.7952866736640001
2085 0.8220587500000001
2086 0.6019673481129528
2087 0.5055943139738381
2088 0.6421570000000001
2089 0.3073728317716066
2090 0.58186275
2091 0.00910862616100161
2092 0.162966225298
2093 0.744608
2094 0.37792075415224996
2095 0.54078915346025
2096 0.065134047837375
2097 0.2970590000000002
2098 0.2473828629760002
2099 0.23565199999999997
2100 0.6091761293815927
2101 0.2854168074355567
2102 0.16422346751250005
2103 0.721320515625
2105 0.5968284084229102
2106 0.5479205568959999
2104 0.520176756709
2109 0.13454789450625
2108 0.2535876287005
2107 0.35308395043741464
2110 0.15983987687243073
2113 0.2882953802249999
2112 0.050894827369521334
2114 0.2785627604679784
2115 0.5626448007689999
2111 0.940425424161321
2116 0.8888322761130001
2117 0.91546
2118 0.9190648207614999
2119 0.6588235
2120 0.7399553455210001
2121 0.845376947328
2122 0.614278613841
2123 0.062318113841000056
2126 0.2382350000000002
2124 0.6216381669123002
2127 0.564706
2125 0.6176486325645001
2129 0.8670630183247892
2128 0.8204918178371673
2130 0.8391364410861508
2131 0.04774929145216589
2132 0.8848042500000001
2133 0.5006313630039197
2134 0.16126345680026566
2135 0.16372500000000012
2136 0.7762147354824566
2138 0.5584614552879348
2137 0.11177997368751424
2139 0.5918887825003917
2140 0.1253208612185237
2142 0.11204945086245255
2141 0.34942424009999995
2143 0.37086104767399997
2144 0.20779344359975463
2145 0.621075
2146 0.3748951665411111
2147 0.910784
2148 0.7201628906824126
2149 0.6539220000000001
2150 0.20620838888900006
2152 0.07644300000000004
2151 0.543205451089
2154 0.243533
2153 0.43992803822556165
2155 0.02966053798928492
2156 0.139706
2158 0.848039
2157 0.38356679848912484
2159 0.7792578835954738
2160 0.0948901612371651
2161 0.5217064152250002
2162 0.9854243240109763
2163 0.6735309227605
2164 1.0164186972680613
2165 0.8632169168419064
2166 0.37705500236690637
2167 0.18954985360186716
2168 0.43312973313354164
2169 0.17356459792399992
2170 0.7964455576001613
2171 0.15334011125795
2172 0.21715675
2173 0.04936096255574827
2174 0.925331
2175 0.33923779435628365
2176 0.781445729604
2177 0.3737391256401466
2178 0.368766586111125
2179 0.7088788650402158
2180 0.7749999999999999
2181 0.4041123432076009
2183 0.5603180731259999
2182 0.698006
2184 0.695098
2185 0.8676465
2186 0.537578162976
2187 0.07038885839416276
2189 0.8631746168012443
2188 0.47451
2190 0.331294
2191 0.710969133225
2192 0.38970625000000003
2193 0.9417335
2194 0.8394845520159999
2195 0.017156750000000054
2196 0.6206062054402499
2197 0.575770447924
2198 0.8635654335006201
2199 0.3305580464245
2200 0.026866801013634034
2201 0.44337577901560415
2202 0.32452804656400003
2203 0.552344473664
2204 0.4674885
2205 0.39050810544025
2206 0.14939280198842297
2207 0.153243849481
2208 0.3260593142645
2209 0.33901411015000016
2210 0.031371999999999955
2211 0.3483071526711256
2212 0.604474613841
2213 0.72696075
2214 0.691177
2217 0.6735379827041688
2216 0.33125001779510044
2215 0.8430233640031148
2218 0.1651416165168318
2219 0.53503748615
2221 0.2460587265958723
2223 0.7234044833114537
2220 0.6258767019007554
2222 0.454567639256
2224 0.28662475
2225 0.9276171309450001
2226 0.8382355
2227 0.4461426638410002
2228 0.4971895194200877
2229 0.07809162283750015
2230 0.18476753760839762
2231 0.839205632784
2234 0.2799015
2232 0.529077
2233 0.886593566331629
2236 0.3921869627096186
2235 0.682502150596
2237 0.44544659187533286
2238 0.688102
2239 0.4396733914232792
2240 0.849122045521
2241 0.13406794948099998
2242 0.528663344406
2243 0.3712366613291378
2244 0.041966457657392375
2245 0.8686835
2246 0.6142322849190488
2247 0.4589428422633717
2248 0.17337462366400003
2249 0.69512325
2250 0.12947486940025
2251 0.92399392643487
2252 0.31197032082131027
2253 0.452540875625
2254 0.515609530711765
2255 0.787320916609
2256 0.9461726704741154
2257 0.07402459056025013
2258 0.387612952032
2260 0.8403095
2259 0.7716486271183742
2261 0.856898630190375
2262 0.82117875019225
2263 0.19035564910841346
2264 0.07361597978398882
2265 0.489346688889
2266 0.7413844144910093
2268 0.49329600000000007
2267 0.7065271749471425
2269 0.31042803372230354
2270 0.620323229604
2271 0.19059899999999996
2272 0.6578800108805
2273 0.026360501553258642
2274 0.38039200000000006
2275 0.17426713517069614
2276 0.898039
2278 0.5911094417738609
2277 0.03769596583317303
2279 0.5434477754792935
2280 0.3350712774321647
2281 0.3853384542266338
2282 0.3275
2283 0.6152488206718962
2284 0.664144415225
2285 0.7066649792147225
2286 0.7134401250206898
2287 1.0368631663331989
2288 0.5508445965315532
2290 0.853052124711645
2289 0.716777472668282
2291 0.19108247188131455
2292 0.31246416058058
2293 0.11625222752300002
2294 0.050776976665683815
2295 0.876502034756
2296 0.07243004557862275
2297 0.2759157195445
2298 0.21164146333975797
2299 0.7010770007689999
2300 0.5552239350250001
2301 0.7990872942609999
2302 0.32359759390625004
2303 0.41897454552100005
2304 0.13414298020000004
2305 0.3237383454602436
2306 0.12391407744100014
2307 0.25293164117669864
2308 0.17249693502500008
2310 0.4885403756249999
2309 0.528449802498782
2311 0.04754875000000003
2312 0.729412
2313 0.597867497569
2314 0.523341237769
2315 0.23138354814042053
2316 0.13245558434475502
2317 0.7165231855628704
2318 0.24689152549782906
2320 0.8283834950661298
2319 0.4992050832325671
2321 0.3672415000000002
2322 0.6349653268351165
2323 0.9260818197706964
2324 0.32317874824022175
2325 0.601961
2326 0.71132748375625
2327 0.21832230209921105
2328 0.705233130576
2329 0.6529356101499999
2330 0.62131
2331 0.548593
2332 0.5005764604959999
2333 0.3604116667879784
2334 0.787255
2335 0.8141294148020001
2336 0.5123210196285929
2337 0.053253257401000065
2338 0.20295578208400022
2339 0.6768455069205
2340 0.19100870348729582
2342 0.20219233019037497
2341 0.6690803367473479
2343 0.3636850345695606
2344 0.885328597924
2346 0.529484
2345 0.6930095000000001
2347 0.45377216848400015
2348 0.6388772830965878
2349 0.5617012171975634
2350 0.49799281661318856
2351 0.089127
2352 0.19901999999999997
2353 0.125
2354 0.1545585
2355 0.01057928183714596
2356 0.8556787439139999
2357 0.7259833682447984
2358 0.845106649481
2359 0.27159987981278066
2360 0.2647220000000001
2361 0.907075898962
2362 0.53351625
2363 0.35298052266450003
2364 0.17402391799994277
2365 0.14970340458600018
2366 0.1475277078238278
2367 0.6352292359335
2368 0.885409816609
2369 0.7906694152250002
2370 0.6302564900774063
2371 0.01202350740100011
2372 0.7122492287920243
2373 0.06947649999999994
2374 0.7391141129435358
2376 0.3724993712538158
2375 0.016208345530551393
2377 0.4449329063245
2378 0.459325
2379 0.575818121155375
2380 0.7954818376980001
2381 0.567647
2382 0.520589
2383 0.4816432410511696
2384 0.23327625907823624
2385 0.41525325
2386 0.590306780249
2387 0.2656860000000001
2388 0.549815899332854
2389 0.8321390221739547
2390 0.6317579654981986
2391 0.5895971844799864
2392 0.09037129660866672
2393 0.24804153256449998
2394 0.57955648737025
2395 0.3159869161
2396 0.5220605884409999
2397 0.39192731221075
2398 0.25202175
2399 0.748708511417101
2400 0.21246010283509473
2401 0.39701556141875005
2403 0.20784250000000015
2402 0.49838904173479887
2404 0.8884313806901251
2405 0.8599005007689999
2406 0.8710205977356894
2407 0.82990225
2408 0.5743354287004999
2409 0.8891824350249999
2410 0.8863948839978533
2411 0.6524763306154407
2412 0.3794120000000001
2413 0.7522496162822501
2414 0.4812072059725928
2415 0.0455994884577573
2416 0.09966931264900003
2417 0.8823529999999999
2418 0.05767426020800026
2419 0.31415898935025
2420 0.889865812649
2421 0.908497516609
2422 0.5843057546473219
2423 0.7186303565607945
2424 0.21821040877616427
2425 0.7355608004460221
2426 0.3560204299558396
2427 0.24587871358812752
2428 0.2522627609138806
2429 0.6810165704546035
2430 0.10986474010000014
2431 0.3423118049992898
2432 0.9072444264
2433 0.4037836753546452
2434 0.5093404008310496
2435 0.6720339296039999
2436 0.3354350815488119
2437 0.52254925
2438 0.43274611628225
2439 0.31857745587872155
2440 0.6054147986160001
2441 0.7544409998993862
2442 0.943069
2443 0.929412
2444 0.3819521232307997
2445 0.1511606843926281
2446 0.14917075000000013
2447 0.7651182015964592
2448 0.03627400000000003
2449 0.5042425440281788
2450 0.41843197028273105
2451 0.5082726462231092
2452 0.7647055
2453 0.209850818416
2454 0.207843
2455 0.46820148365795916
2456 0.5688764346471104
2457 0.1578796029182287
2458 0.15685549463120513
2459 0.3474340649587375
2460 0.17482656895778678
2461 0.40931375000000003
2462 0.3456843093325211
2463 0.868724000769
2464 0.34727924234925006
2465 0.7455944045126875
2466 0.6411765
2467 0.031372500000000025
2468 0.7073706350344342
2469 0.510557557401
2470 0.6774871148020001
2471 0.170798232174441
2472 0.6763034084373892
2473 0.84264775
2474 0.523775550596
2475 0.562748265129
2476 0.8989693571070067
2477 0.871674562071043
2478 0.3833335
2480 0.5929359999999999
2481 0.7746590361713592
2479 0.49010219780974407
2482 0.8114011296861567
2483 0.06960800000000011
2484 0.6241709013055992
2485 0.8764750976935
2486 0.5836009009664956
2487 0.5940185682815
2488 0.3506826020658722
2489 0.8610656081006035
2490 0.11900026958898076
2491 0.092245577464625
2492 0.452615765625
2493 0.008647560704516999
2494 0.530392
2495 0.04106620904325737
2496 0.05678347450028886
2497 0.486685375288375
2498 0.11588293499622448
2499 0.20028341719515463
2500 0.593815523664
2501 0.13635940883487607
2502 0.8277107049517447
2503 0.8974867008428511
2504 0.5501565282509525
2505 0.14078900000000005
2506 0.4
2507 0.25266823715428055
2508 0.5582928082590861
2509 0.5535581881846922
2510 0.9350208354944474
2511 0.6010495543453814
2512 0.22778098019037502
2513 0.23378231820100015
2514 1.0268372703908792
2515 0.15839741384100003
2516 0.7415887014833752
2517 0.814216494229099
2518 0.18964728882025
2519 0.05687275000000014
2521 0.38088350000000015
2520 0.8124870019929724
2522 0.40656548408194015
2523 0.06822230588655565
2524 0.5517162692014299
2525 0.9317562243375
2527 0.21617700000000006
2526 0.9181974611652385
2528 0.352610412649
2529 0.16689639336100015
2530 0.212160683747306
2531 0.13223266998323724
2532 0.3346135966833357
2533 0.24281967589400022
2534 0.9020679041294889
2535 0.369607
2536 0.8647199989148949
2537 0.18419300000000005
2538 0.626832975346125
2539 0.4574630840271763
2542 0.31524687175625
2541 0.69641934390625
2540 0.17557419930800022
2543 0.215473909208
2544 0.3561016431284525
2545 0.037125500000000033
2546 0.38473599999999997
2547 0.726307230848
2548 0.6574358185860404
2549 0.46807585808304886
2550 0.953252416609
2551 0.6109703724351945
2553 0.571894920001
2552 0.6490883899680013
2554 0.005748291150720286
2555 0.911119873664
2556 0.009252824288999983
2557 0.6817589999999999
2558 0.7841250762560765
2559 0.8330983967612657
2560 0.4226523780946876
2561 0.308183101956
2562 0.8863677487407925
2563 0.17966642066525002
2564 0.8235432820840001
2565 4.739357482299589E-4
2566 0.429077894656
2567 0.2083404164162701
2568 0.09967284731688264
2569 0.568199
2570 0.211070818224
2571 0.1944487677276442
2572 0.5875685933662413
2573 0.12226768754400008
2574 0.4355748169
2575 0.51453710544025
2576 0.2238649011535
2577 0.38135655717999084
2578 0.6338900017690481
2579 0.3399872798481936
2581 0.7488169604000001
2580 0.346224875
2583 0.910880730522274
2582 0.5701127205407985
2584 0.2406784197877907
2585 0.844269
2586 0.75
2587 0.11878514291699749
2588 0.60592966211075
2590 0.21072509261469893
2589 0.580911262976
2591 0.41506797007494806
2592 0.23036180733502448
2593 0.6977065
2594 0.1051456525375
2596 0.08612400000000009
2595 0.3019605000000001
2597 0.732656099481
2598 0.400570965744
2599 0.5813879350250001
2600 0.8043191567855962
2601 0.13500488631299998
2602 0.498039
2603 0.5065787527156203
2604 0.3491365624994692
2605 0.5362545000000001
2607 0.1361655436595119
2608 0.275541896886
2606 0.16811212960400002
2609 0.853728645521
2610 0.24215699999999996
2611 0.531373
2612 0.5159772483562833
2613 0.49665449335945566
2614 0.3381555993950854
2615 0.7663530000000001
2616 0.4785761674876539
2617 0.3438030625
2618 0.23369342167733392
2619 0.3638667063450336
2620 0.474167650596
2621 0.450361157401
2622 0.4774505
2623 0.65048975
2624 0.07908369709069762
2625 0.0799020545759238
2626 0.043444111428744714
2627 0.29044680852879345
2628 0.230187377624
2629 0.04018985600272711
2630 0.10608580992748795
2631 0.17187319981678328
2632 0.11716425
2633 0.5084723709735
2634 0.36451212276050005
2635 0.5551595
2636 0.40686249999999996
2637 0.4301131241659507
2639 0.8606535
2638 0.6019599999999998
2640 0.32798900000000003
2641 0.29703971450571154
2642 0.15075278215099852
2643 0.3206776951005
2644 0.6766039875520472
2645 0.053198567384835416
2646 0.1315249110823936
2647 0.586582041609
2648 0.1044465669481216
2649 0.07237789792400018
2650 0.5428308340758949
2651 0.62719475
2652 0.4441278488470514
2653 0.19924991215940135
2655 0.600669632767832
2656 0.7043416750497424
2654 0.6998119459843637
2657 0.8822189332051046
2658 0.8561846190316527
2659 0.8782514219057638
2660 0.8031688536384798
2661 0.8032391455210001
2662 0.5657633139716369
2663 0.8870701075290797
2664 0.801730513841
2666 0.641498662976
2665 0.49153802444211814
2667 0.31452022895738896
2669 0.65651709390625
2668 0.783925045521
2670 0.4369484218990789
2671 0.084314
2672 0.440615918416
2673 0.3390907500000002
2674 0.7936050188577302
2675 0.394411947221125
2676 0.3593135
2677 0.09121699141228304
2678 0.7706508384231364
2679 0.012974545841880292
2680 0.014423472503353185
2681 0.492192097924
2682 0.6880894963651257
2683 0.325545369675125
2684 0.9357097455210001
2685 0.6244163458885863
2686 0.6069376122252927
2687 0.126181148469799
2688 0.308204357401
2689 0.2622837455034201
2690 0.24628175877721242
2691 0.08445995038450005
2692 0.572567728353971
2693 0.800207591982522
2694 0.6325207227605001
2696 0.02982600000000002
2695 0.867904016875
2698 0.009721982083999992
2697 0.029080912648999924
2699 0.26788573296100004
2700 0.423602229604
2701 0.607585
2702 0.23401544664450236
2703 0.39264725
2704 0.9127455
2705 0.5706595036452684
2706 0.8080911101292243
2707 0.35710796040000004
2709 0.2500000000000002
2710 0.34117381517286216
2708 0.828473729533214
2711 0.12992621992195913
2712 0.658492292169
2713 0.29222751735882363
2714 0.68891087005
2715 0.60512245019225
2716 0.559688388521
2717 0.10463800000000023
2718 0.022672135010528834
2719 0.32258967348778345
2720 0.2922766075555119
2721 0.20564419766827388
2722 0.604970953068375
2723 0.8204614954360926
2724 0.7583200000000001
2725 0.5662047629760001
2726 0.4840148207453787
2727 0.12310650000000001
2728 0.26232215221259114
2729 0.50163307816225
2730 0.5122049704
2731 0.5073754939245699
2732 0.19207806512899994
2734 0.8431746181139382
2733 0.675876421761
2735 0.28275478341025
2736 0.8487133759324302
2738 0.693628273664
2737 0.9124432667617567
2739 0.18419350000000012
2740 0.12314700000000012
2741 0.48480400000000023
2742 0.570165894656
2743 0.937879514802
2744 0.29810765784741156
2745 0.5716599604000001
2746 0.17186684545036474
2747 0.5346895956784657
2748 0.24243660380625
2749 0.79640491046132
2750 0.8022526007690001
2751 0.48759685369229827
2752 0.04705899999999996
2753 0.1686381494810003
2754 0.501919915225
2755 0.08449908222535396
2756 0.218702957401
2757 0.01860150000000005
2758 0.3363804607171941
2759 0.447112284064089
2760 0.558414465744
2761 0.5240651025166756
2762 0.5557542637587789
2763 0.21444476297600024
2764 0.7687544999999999
2765 0.30588038118399996
2766 0.5333335
2767 0.13329330326432828
2768 0.7160744400000001
2769 0.7058683043077733
2771 0.8166665
2770 0.81558225
2772 0.25522236067359216
2773 0.7072132436851251
2774 0.6974856664360001
2776 0.383035236832
2775 0.21003346074222967
2777 0.16387868423021645
2778 0.46351191522499996
2779 0.513887435025
2780 0.2965685
2781 0.36502916297599997
2782 0.029179886813630963
2783 0.16735561882241964
2784 0.006564567622866502
2785 0.8140479635280042
2786 0.5316159386096537
2787 0.35552700000000004
2788 0.45142435384999996
2789 0.6241563700092116
2790 0.525548045521
2791 0.169763
2792 0.6749406725492889
2793 0.3761354587688324
2794 0.26099912283750004
2795 0.17424748737025
2796 0.08410664052419814
2797 0.417199775340656
2798 0.09271050345030085
2799 0.3632749552920081
2801 0.496897181990273
2800 0.72598475
2802 0.430771
2803 0.628268786961669
2804 0.6494329999999999
2806 0.37570193502500016
2805 0.1770095673334362
2807 0.3431375000000001
2808 0.770038
2809 0.1250298317902466
2810 0.8276698009215739
2811 0.704849977624
2812 0.599019
2813 0.24362610189362502
2815 0.15784743741568952
2814 0.43536989525980496
2816 0.8035044895821235
2817 0.650478152057
2819 0.3688249604
2818 0.5647055
2820 0.34360711946600003
2821 0.24904042831192008
2822 0.51617625
2823 0.41379395392879026
2824 0.7723160179304649
2825 0.681320977624
2826 0.32865724198400004
2827 0.007144000000000039
2828 0.4400655
2829 0.41840592176100005
2830 0.402941
2831 0.5089058715470031
2832 0.19897091343893342
2833 0.03678877946525
2834 0.6135592248577298
2835 0.2729358325719051
2836 0.3231447175125
2837 0.38088275000000005
2838 0.6207648093153676
2840 0.015670757099943033
2841 0.05092201366310054
2839 0.47846500000000003
2845 0.02471980469228907
2842 0.21166022352294414
2844 0.14867964198400002
2846 0.40440486991138147
2843 0.7818395620310478
2847 0.45738598888900006
2850 0.8358278833607924
2849 0.0420726838665052
2851 0.5961951189735
2852 0.4974418756250001
2853 0.095146059208
2848 0.3230696182815
2856 0.8598281102821874
2854 0.8661770000000001
2855 0.069264335976625
2857 0.064004459396
2858 0.5622183337131068
2859 0.8346617993958925
2861 0.04187888701024999
2863 0.17575042816225
2860 0.478782949481
2862 0.3234165
2864 0.42009825
2865 0.688700629604
2866 0.09215700000000004
2868 0.5676919756502881
2867 0.4030508921299999
2869 0.4171534766437499
2870 0.5118909692785552
2871 0.12714155729969345
2872 0.38496730482114877
2873 0.914952050596
2874 0.7023435820179151
2875 0.3216439176
2876 0.23828066138025
2877 0.34118545134209777
2879 0.740196
2878 0.5647795042338721
2881 0.035585272179280536
2880 0.4659002863059523
2882 0.4644873932795085
2883 0.652658144406
2884 0.6775603625863982
2885 0.27415901916992247
2886 0.03437134948099996
2887 0.2992824713696313
2888 0.6220603157003504
2889 0.43017418610150004
2890 0.9181781337007393
2891 0.5097353481385303
2893 0.38140341266984557
2892 0.03047691050946688
2894 0.465598963214817
2895 0.2563730000000002
2896 0.239533098616
2897 0.42618301722002044
2898 0.470820244406
2899 0.48349299999999995
2900 0.28573545059600014
2901 0.22951890412948894
2903 0.2079505659555
2902 0.6567043624567499
2904 0.57020724870025
2905 0.2814835750734207
2906 0.6208367268282358
2907 0.5517326146700307
2908 0.008511794737724506
2909 0.40027844722295564
2910 0.24031639777025
2911 0.27549016943882326
2912 0.47824872431777243
2913 0.35504502905880275
2914 0.7298255973990164
2915 0.4075355157938849
2917 0.725605498962
2919 0.44903222198343296
2916 0.38806863069012504
2918 0.15196100000000023
2920 0.751093421782613
2921 0.533624612649
2922 0.564424
2923 0.9118542806386623
2925 0.19317647075654673
2924 0.679166875
2926 0.6120920000000001
2927 0.8774515
2928 0.18944088096400002
2929 0.09641737562500019
2930 0.6641729061015673
2931 0.705494390816
2932 0.31112680346025
2934 0.3163326128171875
2933 0.7961157825690001
2935 0.202563819024
2936 0.22255000000000003
2937 0.8860329582800233
2938 0.7960780000000001
2939 0.72958575
2940 0.3009254407588355
2941 0.4809049999999999
2942 0.24957445886439622
2943 0.34803768519754474
2944 0.1303924999999999
2945 0.8401959999999999
2946 0.21500483492055955
2947 0.40263953245718653
2948 0.12956397638545572
2949 0.02173867397908802
2950 0.47295757269600003
2951 0.33637922599736614
2952 0.692806312649
2953 0.21370851331600002
2954 0.501297873126
2955 0.5009142510724507
2956 0.37542565830450003
2958 0.0200019227605
2957 0.7038614403801525
2959 0.343268188889
2960 0.36176450000000004
2961 0.08841607701290388
2962 0.5333377407693766
2963 0.7192685543719785
2964 0.38578450000000003
2965 0.8111058744159999
2966 0.19934945519277675
2967 0.38284325
2968 0.8138376148789297
2969 0.5447855003844999
2971 0.83072493659225
2970 0.29063201270553907
2972 0.8576095
2973 0.6797767453766985
2974 0.19475698157949517
2975 0.5634590629760001
2976 0.707924655964432
2977 0.812068709208
2978 0.6254946449680723
2979 0.1882355
2980 0.530864028379096
2981 0.3350341981725016
2983 0.430174030709375
2982 0.569837308810125
2984 0.17353306512900013
2985 0.5650810069205
2986 0.15714777922950002
2987 0.276486799308
2988 0.30961727958348595
2989 0.3838401885940066
2990 0.46323499999999995
2991 0.6555596032151401
2992 0.8571917499999999
2993 0.6067850630404525
2994 0.1292980722222501
2995 0.3794120000000001
2996 0.5399174570838873
2997 0.10147075000000005
2998 0.7071695878645
2999 0.45637275
3000 0.9352828436082468
3001 0.606863
3002 0.369240525298
3003 0.3335157235012435
3004 0.7926475000000001
3005 0.8004905
3006 0.6643427747405001
3007 0.5719964477170081
3008 0.608824
3009 0.293137
3010 0.17456734948100006
3012 0.16378674009999994
3011 0.8509895837738208
3013 0.8416067202999999
3014 0.60611338603125
3015 0.12317352797842185
3016 0.8918179173682567
3017 0.109341664578125
3018 0.949254910496
3019 0.6720065
3020 0.914706
3021 0.2617653547622487
3022 0.5921928119599325
3023 0.7120733662280109
3024 0.5108781878124999
3025 0.44336494580847474
3026 0.14880225000000014
3028 0.9119249974713267
3027 0.6321114842499221
3029 0.02575128861913556
3031 0.4909276313569646
3030 0.274956
3032 0.570641055595603
3033 0.009116570290375048
3034 0.04385582812665767
3035 0.92451
3036 0.253922
3037 0.20788413596054234
3038 0.6513026629759999
3039 0.9215411250000001
3040 0.8696079999999999
3041 0.5777281393943687
3043 0.8513035312499999
3042 0.3686160605428397
3044 0.2892895
3045 0.19285412283750003
3046 0.06635486574400007
3047 0.061274750000000155
3048 0.9173748498449062
3049 0.57965675
3050 0.3065014875685188
3051 0.5963691878124999
3052 0.45937791522499993
3053 0.8843350967995061
3054 0.757439759204
3055 0.263471
3056 0.742157
3057 0.36901354891604865
3058 0.20651450000000016
3059 0.5227522661663271
3060 0.848210186832
3061 0.7930804152250002
3062 0.13483350000000005
3063 0.4800864269571793
3064 0.10062566592812328
3065 0.36138082975689184
3067 0.6904280455209999
3066 0.12989310100894297
3068 0.5807314350249999
3069 0.851637466436
3070 0.25297950486386545
3071 0.4945758568809453
3072 0.2341236556281885
3073 0.7499467757586863
3074 0.8110335301765421
3075 0.3123438847303149
3076 0.375491
3077 0.22281301897349998
3078 0.570841828624
3079 0.38282938208399997
3080 0.6267542776528459
3081 0.23984062378225002
3082 0.9019600000000001
3085 0.236579256853375
3083 0.4534657292106231
3084 0.3329846615559673
3086 0.48551395019225
3087 0.652212557401
3088 0.4761612630046572
3089 0.572832695361
3090 0.5582362162822501
3092 0.900859
3091 0.34014448660062424
3093 0.10308886898315617
3094 0.031193947298556512
3095 0.44132806643600003
3096 0.11813000628149117
3097 0.77846237872225
3100 0.2084197934903289
3098 0.7821687400999999
3099 0.16078400000000004
3101 0.04843273667865
3102 0.10980152288688333
3103 0.8928547776327209
3104 0.504254907641
3105 0.7087550223398347
3106 0.33966176482732624
3107 0.8044359804412541
3108 0.7165991007261353
3110 0.05041733626608269
3109 0.7593292264
3111 0.3294217852533501
3113 0.5847582499999999
3112 0.7571967285825842
3114 0.10441175
3115 0.39689772429082115
3116 0.7106828293555518
3118 0.12576700949033756
3117 0.8637255
3120 0.24780548440699984
3119 0.2388053314506497
3121 0.2776903200319969
3122 0.14834964024609376
3123 0.8936324365963835
3124 0.8332659240512282
3125 0.7226126138410001
3126 0.8158620000000001
3128 0.5000425753308624
3127 0.9350660075624001
3129 0.679565999654
3130 0.34430700000000003
3131 0.3334659631201875
3132 0.9131013368745056
3133 0.604454
3134 0.80637275
3135 0.03774549999999999
3136 0.21355448019999998
3137 0.4490195
3138 0.5559155300655001
3139 0.7644137638396207
3140 0.04726966707042389
3141 0.6380628296040001
3143 0.47674172764100003
3142 0.14348953183020025
3144 0.22893570255735318
3145 0.8648920769761721
3146 0.0461050308454375
3147 0.03476486555402229
3148 0.5682224329100752
3149 0.6127597414019983
3150 0.16950088217818626
3151 0.545621
3152 0.138284
3153 0.11077312775299997
3154 0.8624493222985714
3156 0.21589533980162498
3155 0.3651007128940018
3157 0.9173551198427385
3158 0.02674595234317323
3159 0.179354686111125
3160 0.6715685
3161 0.7581931367987734
3162 0.6342730000000001
3163 0.50792055415225
3164 0.3865610482127404
3165 0.17669
3166 0.291426
3167 0.2370512715789772
3168 0.66794318339096
3170 0.23344411264900003
3169 0.410011837320125
3171 0.21390436574399999
3172 0.07396985559314162
3173 0.8714535657440001
3174 0.6101769769821056
3175 0.6588397151290001
3176 0.04570467040082935
3177 0.855699
3179 0.7715685
3178 0.541737359056115
3180 0.2481985
3181 0.031372500000000025
3183 0.319502
3182 0.13877585415225
3184 0.6706537944445001
3185 0.3407842018491579
3186 0.9276121597791503
3188 0.28228281787861675
3187 0.6040495
3189 0.8976222154832962
3190 0.2892159999999999
3191 0.7914454217610001
3192 0.006951189479922459
3193 0.8415366037791466
3194 0.516375415504
3195 0.33499587499999994
3196 0.33480350000000003
3197 0.6326303919305588
3198 0.66517625415225
3199 0.17729074288679114
3200 0.23760411632075001
3201 0.08647010793812648
3202 0.4183392275277728
3203 0.6917337574010001
3204 0.8229337370052501
3206 0.6819430312930713
3205 0.32393390774038977
3207 0.7777872770811751
3208 0.8313065
3209 0.7260824871830535
3210 0.32205950000000017
3211 0.7596430000000001
3212 0.53070767056925
3213 0.10810653926105562
3214 0.22892099999999993
3215 0.7527855
3216 0.81105795415225
3217 0.5665950843392126
3218 0.8726180193164337
3220 0.2980395
3219 0.8987868750000001
3221 0.4406865
3223 0.622737273664
3222 0.7348045
3224 0.5411765
3225 0.19263408805774604
3227 0.7867642499999999
3226 0.9176470000000001
3228 0.46013104379280945
3229 0.04619324235912581
3230 0.6702684235839758
3231 0.39386162962363613
3232 0.04982987295275
3233 0.43099812923737485
3235 0.1471794005943569
3234 0.3577900382426052
3236 0.43505768113313326
3237 0.8482140307093751
3238 0.11977413063646813
3239 0.395759910294125
3240 0.693172197924
3241 0.05920214517942601
3242 0.131217823664
3243 0.277451
3244 0.707846845521
3245 0.21076097589400003
3246 0.6041621981961718
3247 0.8225752209919999
3248 0.5224344350250001
3249 0.7872438217808411
3251 0.015195750000000063
3250 0.050867346677830216
3252 0.3794384980343375
3253 0.935098884672
3254 0.8290223013756985
3255 0.5323529999999999
3256 0.0754430076703716
3257 0.36288594059999996
3258 0.07515299829303146
3260 0.4009419876875284
3259 0.32026
3261 0.30245075
3262 0.6482221177822499
3263 0.13529350000000018
3264 0.021266503129119485
3265 0.31665669125982915
3266 0.0947064393286843
3267 0.590742198616
3268 0.9276613307545931
3269 0.5589624054
3270 0.22137987447908047
3271 0.9484666241852009
3272 0.5219617606476605
3273 0.09313749999999987
3274 0.5865354976296335
3275 0.241084
3276 0.159032942289546
3277 0.583616423721
3278 0.5225697160326852
3279 0.441714870973
3280 0.2619410550979804
3281 0.9095492835242225
3282 0.13968062960400007
3283 0.209005836269611
3284 0.9234963700500001
3285 0.9455882499999999
3286 0.6302644224039999
3287 1.044085622758342
3288 0.038270597923999894
3289 0.3141094925440002
3290 1.0181685192795726
3291 0.846079692070375
3292 0.264851744013
3293 0.2527127444445
3294 0.72451
3295 0.8591470210562501
3296 0.6914265802152593
3297 0.933357029604
3298 0.648653622273375
3299 0.14673351660900003
3300 0.2130416693616588
3301 0.631109484981547
3302 0.26135525000000004
3303 0.48466093883091316
3304 0.32962150000000023
3305 0.24375074010000009
3306 0.5874472534602501
3307 0.45345306574400013
3308 0.4773350657440001
3309 0.27529829648213044
3310 0.030941880242667752
3311 0.3303607678119909
3313 0.24705850000000007
3314 0.34692902324630753
3312 0.808736415225
3316 0.0981479999999999
3315 0.8181375
3317 0.525236915225
3318 0.457833370694
3319 0.43431300000000017
3320 0.5941082074009999
3321 0.5939447969531251
3322 0.66165661463225
3323 0.021329093320640813
3324 0.6663239604
3325 0.6019362421
3326 0.6214839999999999
3327 0.60294143589025
3328 0.3746789724754764
3329 0.6362073700499999
3330 0.8031756530482244
3331 0.5122064505960001
3332 0.5271405447712499
3333 0.8088235
3334 0.6888360664359999
3335 0.299338895521
3336 0.23930559272899998
3337 0.8357227500000001
3338 0.2873109156401916
3339 0.28324099999999997
3340 0.48284325
3341 0.02166478672304306
3342 0.01160051782910021
3344 0.2514705
3343 0.6467144592080001
3345 0.360294
3346 0.057228500000000126
3347 0.5889544204569441
3348 0.30314874999999997
3349 0.8306450000000001
3350 0.019622382084000023
3352 0.7956308103690001
3351 0.430748425288375
3353 0.3012833188495325
3354 0.22675784646377428
3355 0.41834574010000003
3356 0.09127300076899991
3357 0.63726148711075
3358 0.2786529379941268
3359 0.6176470000000001
3360 0.06393916812786937
3361 0.23627592276050002
3362 0.840686
3363 0.6755091674583797
3364 0.2982503601952162
3365 0.7312942226067679
3369 0.7442472499999999
3366 0.05705498500588883
3367 0.2701356997982755
3368 0.22089390683401766
3370 0.17107800000000006
3371 0.7859379233812501
3372 0.3247927399886468
3373 0.5452012762167235
3374 0.009385533295037218
3375 0.8387255
3376 0.821445872324
3377 0.8401959999999999
3378 0.47647100000000003
3379 0.800054375
3380 0.735063
3381 0.7696080000000001
3383 0.360939875
3382 0.33970575
3384 0.284804
3385 0.3764325
3386 0.697062565129
3387 0.24764539247224998
3388 0.14506650814112498
3389 0.466136244786347
3390 0.07597823908526768
3391 0.2466577851131803
3392 0.8974327226325405
3393 0.6095547302365287
3394 0.1732610000000001
3395 0.620909712648
3396 0.054350856873160325
3398 0.1200577685553842
3397 0.07373549465600004
3399 0.86684594842225
3400 0.5050860473436425
3401 0.33410770096953685
3402 0.6775665
3403 0.16102597670870944
3404 0.3083504021775745
3405 0.22692458624439715
3406 0.3171370956029518
3407 0.09199064295100842
3408 0.805224662976
3409 0.07360175000000013
3411 0.9469445000000001
3410 0.808978143685125
3412 0.9284315
3413 0.020906336831521804
3414 0.9333885903498901
3415 0.35812491049600004
3417 0.9123681373889688
3416 0.373449931228375
3419 0.4696055
3418 0.7215625
3420 0.42993448888900004
3421 0.7618210000000001
3422 0.8794245
3423 0.26220645059600023
3424 0.10708745936137665
3425 0.25931375
3427 0.4936725
3426 0.9035223756249999
3428 0.4388492798657586
3429 0.36493639792399996
3430 0.7767908018626859
3431 0.6547792095611539
3432 0.15197559069442626
3433 0.82499975
3434 0.20049
3435 0.6914456120898413
3436 0.336312
3437 0.47812127124200005
3438 0.4485295
3439 0.3308321542863319
3440 0.8362745
3441 0.9424544300034555
3442 0.335294
3443 0.14785112893357266
3444 0.05799299999999996
3445 0.109945716522039
3446 0.5785910626490001
3447 0.8896911973680303
3448 0.7461325561080001
3449 0.26867764238822667
3450 0.6322975456975103
3451 0.7239450510308779
3452 0.541707713356054
3453 0.7258280012654821
3454 0.734314
3455 0.33870159959972423
3456 0.87915580394
3457 0.9139709927052083
3458 0.16096652204218542
3459 0.7365845
3460 0.33975050000000007
3461 0.9343699338932604
3462 0.229735767193333
3463 0.5772128697811783
3464 0.5098333307295946
3465 0.424002368482
3466 0.4236349675125
3467 0.49782488113237505
3468 0.547618561181125
3469 0.760703013841
3470 0.8147065
3471 0.052451000000000025
3472 0.40383775692050006
3473 0.7140815255675464
3474 0.44738894440599997
3475 0.6201920000000001
3476 0.010161473006295219
3477 0.893969
3478 0.7617781631264287
3479 0.5713949946560001
3480 0.6456770531975006
3481 0.8979514233463669
3482 0.10090337277578931
3483 0.2641029733187381
3484 0.8034989643157581
3486 0.7274125
3485 0.45580151660900003
3487 0.023983798270175827
3488 0.26894324999999997
3489 0.1308347259503726
3490 0.7649535000000001
3491 0.5392051403546875
3492 0.924118516225
3493 0.8921960600032668
3494 0.353042313730181
3495 0.448855165744
3496 0.1715698205928735
3497 0.814364150596
3498 0.6604648290081715
3499 0.8323981879956431
3501 0.5804074350250001
3500 0.06833253333350009
3502 0.485271168416
3503 0.54795295346025
3504 0.5050000806901249
3505 0.8304110658387691
3506 0.429412
3507 0.35035653454892013
3508 0.46359986000658715
3509 0.199120574726
3510 0.43411012816225
3511 0.224997305075
3512 0.592723511991514
3513 0.05376132826424285
3514 0.682407
3515 0.826287981863917
3516 0.06892976815938523
3517 0.946709608017335
3518 0.91066425
3519 0.029030232641500064
3521 0.2444370838393235
3520 0.206888448443
3522 0.48855375591024996
3523 0.2685795140125
3524 0.09503011110309698
3525 0.13622112627456437
3526 0.5107840000000001
3527 0.328587651442
3528 0.61959625
3530 0.680219829604
3529 0.7122834622554461
3531 0.6460785
3534 0.424337829604
3532 0.8794011184135245
3533 0.322010929604
3536 0.7395928656601811
3535 0.20605899528160965
3537 0.28718878920324564
3538 0.6669973641640001
3540 0.11658463870751334
3541 0.18585205454294296
3542 0.7175640000000001
3539 0.11967174999999997
3543 0.3274505000000001
3545 0.11176499999999989
3544 0.690959030709375
3546 0.1470607468346803
3547 0.050865314081125046
3548 0.1058825000000001
3549 0.6846735
3550 0.9773714797573216
3551 0.2005725553784774
3552 0.2529410000000001
3553 0.860784
3554 0.707920599824
3555 0.83404275
3556 0.5117147956664838
3557 0.2709227500000002
3558 0.7654601888710888
3559 0.804412
3561 0.04032008033087375
3563 0.9227345269764379
3562 0.553993186111125
3560 0.13588344144603703
3564 0.5180316315883092
3565 0.30921988440399995
3566 0.4100972678003789
3567 0.6482005813469891
3568 0.435294
3569 0.7011902727086847
3570 0.7799543132065762
3571 0.441298659712
3572 0.45388300000000004
3573 0.7939285835864738
3575 0.5867125860774447
3574 0.7122461031555802
3577 0.29277793888900006
3578 0.03235744552100006
3576 0.78872575
3580 0.3645100220601991
3581 0.560490623503125
3583 0.6222815
3582 0.7088235
3579 0.3327933962668752
3584 0.112779597924
3585 0.43578400000000017
3587 0.11398415920799998
3588 0.015103797814243092
3586 0.8984558662680098
3589 0.5750631138410001
3590 0.7377452499999999
3591 0.1750768120290065
3592 0.5384498758191236
3593 0.515840300769
3595 0.463354050596
3594 0.641454947328
3596 0.8236684152250001
3597 0.8178810748038213
3599 0.08236607629124126
3598 0.1855594224605
3600 0.246908919369
3601 0.897906
3602 0.7498996396753006
3603 0.556445021761
3604 0.303987916609
3605 0.6810755
3606 0.7372741130431878
3607 0.2498278787864066
3608 0.27035840914075
3609 0.026859335170394738
3610 0.43325800000000003
3611 0.38570899999999997
3612 0.3252415
3613 0.71323475
3614 0.134874830690125
3615 0.09085063711895547
3616 0.2787775
3617 0.43360927388243065
3618 0.5257209994637732
3620 0.307353
3619 0.47168969861599996
3621 0.141291739083
3622 0.12660747134282624
3623 0.23562204046525
3624 0.508002042224502
3625 0.42593716138025
3626 0.275746533611263
3627 0.44330976643599995
3628 0.8953346324733173
3629 0.15063908288008238
3630 0.680523
3631 0.8628234839676875
3632 0.5175165288527992
3633 0.806684437966992
3634 0.0315809754457253
3635 0.5978176078850794
3637 0.8802029807529026
3636 0.184605600769
3638 0.18292354678754658
3639 0.34211421700409517
3640 0.71805825
3641 0.462199454221102
3642 0.6068307388035912
3643 0.42087774751721485
3644 0.537886838916869
3645 0.34441885025
3646 0.38869887685599996
3647 0.667749924827
3648 0.793571556023448
3650 0.11555449446174992
3649 0.04235514884675007
3651 0.865686
3652 0.229262549481
3653 0.5938669723207195
3654 0.715686
3655 0.3741008193874527
3656 0.9400755114201551
3657 0.06750757202188784
3658 0.745436318416
3659 0.8051256201
3660 0.260022
3661 0.40624075
3662 0.38049432251115217
3663 0.8044119999999999
3664 0.9155058936083476
3665 0.0041661250000000205
3666 0.6938124749275676
3667 0.22082850685948507
3669 0.6895456574009999
3668 0.13278072085313042
3670 0.6662794320489049
3671 0.051247019890396636
3672 0.035048707368999996
3673 0.6917850052244334
3674 0.3423356827271748
3677 0.713111918416
3675 0.3647027613498286
3676 0.608452584721
3678 0.2559358275540675
3679 0.011251681524333756
3680 0.12365374009999999
3681 0.676791