2 0.7177638233182537
1 0.8124792286497682
3 0.9835049452157876
4 0.8803476189792224
5 0.8546780637298217
6 0.7195049653843948
7 0.4101297073920639
9 0.6811519668021978
8 0.27042581093861556
10 0.9034851672104918
11 0.8813179770080413
12 0.9914926186555
13 0.8266461126452355
14 0.8096776324949089
15 0.6118166686834002
16 0.7066768245267223
17 0.4450202738191195
18 0.6925740221505231
19 0.6976716605287161
20 0.7651126795924206
21 0.8488293792794508
22 0.5754093327449575
23 0.8203968473637652
24 0.7163015187926884
25 0.7294132947641224
26 0.016848464080591697
27 0.024924907720012924
29 0.15106669414087143
28 0.6079329618707586
30 0.09100076394263387
32 0.24074341527547657
31 0.7619962739244079
33 0.9781027250210205
34 0.9980109310596635
35 0.7943355937296633
36 0.8622426601268324
37 0.8145982369790234
38 0.6828540396626914
40 0.6796679808330248
39 0.736665541548613
41 0.2767974667718414
42 0.5644023505888253
43 0.32038121204612885
44 0.4936799176703534
45 0.7242771169958944
46 0.5896702000476193
47 0.9786505215295251
48 1.0
49 0.8073580916424541
50 0.4658232528054224
51 0.7552740755878072
52 0.7183216184507046
53 0.07197857025356638
54 0.7079360582368875
55 0.5514472977811866
56 0.6566200661100858
57 0.5213540366759933
58 0.5931642665141301
59 0.9737203281291951
60 0.8803019904318167
61 0.06797657109843133
62 0.77742958660977
63 0.709934537098232
66 0.9773395061392931
64 0.8609643529147037
65 0.8528147610330179
68 0.7697827466039425
67 0.24760324628275351
69 0.7369138542386177
71 0.6542221322496752
70 0.6281645388302509
72 0.8124045240204746
73 0.8009379467132237
74 0.53166546472389
75 0.7306954933203457
76 0.7083716498664514
78 0.34078318797573226
77 0.9120691114592434
79 0.43113162780116565
80 0.976390081606552
81 0.7632077327754571
82 0.9356744884094621
83 0.8126109833345732
84 0.9775528130538831
85 0.15849583658372862
86 0.8230736270095562
87 0.5104595826441273
88 0.38493085576039704
89 0.9635134818186715
90 0.7938134143810072
91 0.1895776050813573
92 0.30405996549522346
93 0.9989765973668039
94 0.5252655454293694
95 0.5651258887440639
96 0.7738061011260227
97 0.17712041039666152
98 0.8081553263228564
99 0.9953152658677191
100 0.9957088736483201
101 0.9340926630915014
102 0.3006998822680671
103 0.7384380971640226
104 0.9236244703667594
105 0.6775638123866778
106 0.5400912292631916
107 0.9588436102601224
108 0.8555698160385893
109 0.6531707958803583
110 0.3462597547695104
111 0.9095954442895325
112 0.9421533255353999
113 0.8812372494492329
114 0.43749798113888194
115 0.20348246867406555
116 0.9001897232299597
117 0.48738943499471893
118 0.5571462753274348
119 0.5459977114507919
120 0.9301810928850028
121 0.6678021575697581
122 0.9999639903700643
123 0.9408082143888644
124 0.7538631208541652
125 0.9050816413723408
127 0.7309266191441844
126 0.4582934171707745
128 0.9322143965189091
129 0.9990500318406401
130 0.8184574833708879
131 0.6189514508894429
132 0.5204807885466338
133 0.6950993739288512
134 0.42710941140427205
135 0.6643533439652106
136 0.22535828754678117
138 0.37510579945248734
137 0.7897378491593714
139 0.40230690964563764
140 0.8717420193101673
141 0.336083333509269
142 0.564968561002581
143 0.13536263785360653
145 0.9983483139515917
144 0.7997239275307986
146 0.6505838493711311
147 0.19988776643835204
148 0.9086770840042976
149 0.7978740219704806
150 0.3191535274433921
151 0.23410503729310989
152 1.0
153 0.0
154 0.09953470940589886
155 0.713707660572047
156 0.7694675233203145
157 0.9678990656006761
158 0.4507948156181101
159 0.16760301956014484
160 0.9479032433593898
161 0.936271017355836
162 0.5424750496001919
163 0.8287077626398414
164 0.15882331568166355
165 0.7249902472006363
166 0.45347138026756223
167 0.5764153981543564
168 0.7358280022464092
169 0.8526914126335362
170 0.5066492724804058
171 0.18486010608527115
172 0.8082414289017491
174 0.6239265438150782
173 0.3742582852064204
175 0.9847457707276587
176 0.6083460123683279
177 0.45774399713711195
178 0.7379953595926446
179 0.8510737976164108
180 0.5299121585780897
181 0.4328387832221301
182 0.7377674848791423
183 0.9694069232949648
184 0.019211856078169772
185 0.56441173060961
186 0.9861187343166807
187 0.5657289195445607
188 0.6711723549876607
189 0.2412045940011678
190 0.897943729521958
191 0.7549871961328488
192 0.997989432462916
193 1.0
194 0.9681798496318333
195 0.6875330489134697
196 0.7514763566510395
197 0.9323994435677101
198 0.7143888642841035
199 0.7205041893634032
200 0.4540566457152698
201 0.7309120826838806
202 0.5331121139900437
203 0.1692438753084847
204 0.5173225255795185
205 0.8674605643115774
206 0.8392333742604899
207 0.7509465041980842
208 0.4278065710062561
209 0.6102028270811412
210 0.6535209589326861
212 0.9170191647154277
211 0.7930940479702624
213 0.8053963259751531
214 0.8503300497341856
215 0.7250074150607081
216 0.7838881311099329
217 0.947706457026923
218 0.3222515164991128
219 0.70239422255976
220 0.8104400419338466
221 0.6067829264936198
222 0.9411310442819945
223 0.7754296660020128
224 0.42710900655220435
225 0.8831449315365093
226 0.9441692042559239
227 0.32723437049287096
228 0.614313684592988
229 0.42441244014984614
230 0.23545753651680357
231 0.608520327685932
232 0.6884381562220846
233 0.6727810539127734
234 0.9980865020116902
235 0.7182342627374748
236 1.0
237 0.9843628427649417
238 0.7048892384028387
239 0.9508446177741167
240 0.4685559791784614
241 0.5983837256658535
242 0.4241411703724897
243 0.904507702379333
244 0.18184695915113444
245 0.5243635767103338
246 0.4654521053588954
247 0.29967086995415065
248 0.7243991461711774
249 0.9972198378823419
250 0.9530623005485392
251 0.3991403724153906
252 0.4598675762515671
253 0.960314108483067
254 0.14235884824023412
255 0.5494675301794956
256 0.6779041129518443
257 0.9552888897165219
258 0.7223352647118628
259 0.1504399761541689
261 0.13424092781015945
260 0.5361411479565401
262 0.9161737674193108
263 0.6429668074754703
264 0.5243398326205911
265 0.9254977738495973
266 0.9920557394983955
267 0.7109213429385607
268 0.9562955873388856
269 0.8649853786138129
270 0.3499148448008208
271 0.06223463297551554
273 0.33021054873221684
272 0.4993683553847447
274 0.8679536947445097
275 0.6525182052659466
276 0.6992053892635833
277 0.9877500922908066
278 0.9143458647910438
280 0.9738375592774798
281 0.3769214892693622
283 0.6227771005776422
282 0.7559740380422948
279 0.8662618823333326
290 0.7979129605839345
288 0.6624389921513589
286 0.764432307997599
285 0.6448481795317335
289 0.9999865833299988
284 0.941101304376707
287 0.7841544611930876
292 0.40851342315153544
293 0.7466949486332504
295 0.8126357454572993
294 0.8082378198862357
291 0.9639698972879855
296 0.2155321739902686
297 0.68487149484607
298 0.7263362370677408
299 0.8908810072575206
300 0.8461951006236407
302 0.9801435415336881
303 0.9086040835226362
301 0.7774080827805452
304 0.0769633707777436
306 0.9061043451781398
305 0.5712352842118051
307 0.6595343830174845
308 0.9990515254084348
309 0.999835972133444
310 0.8653072484480852
311 0.6834354360618999
313 0.6867585713767257
312 0.6124995009311878
314 0.9216014360017515
315 0.8525982628508597
316 0.488691036336486
317 0.6308265599235795
318 0.8742603404018043
319 0.8142275922135093
320 0.4048266336144254
321 0.2271545112707406
322 0.09137366726833783
323 0.7054147055940817
324 0.9750606767520517
325 0.8183185835982141
326 0.8171214640827696
327 0.5757054435912611
328 0.8615471750382139
329 0.7191241467299886
330 0.9624716839424269
331 0.6743108115692641
332 0.7010891502249439
333 0.9032809635489525
334 0.5967304187361837
335 0.8996814626963971
336 0.13643345427645667
337 0.9919585934454928
338 0.5297290376933835
339 0.88327439667631
340 0.8141844925176323
341 0.8206869435232915
342 0.8037969791094479
343 0.5323375147889902
344 0.7379000024059784
346 0.16165965658564913
345 0.9966681458195557
347 0.7908930185825399
348 0.9194271039080212
349 0.8196666081711572
350 0.8730053808665359
351 1.0
352 0.9067021763648335
353 0.01169874135376995
354 0.9889774206240639
355 0.8788643535628228
356 0.7061839003552288
357 0.2086530549599125
358 0.5565219805225097
359 0.6695930643195473
360 0.06624232318048717
361 0.6606742990916601
362 0.6669124983782497
363 0.7844064637301891
364 0.6588901275659884
366 0.7379084327885813
365 0.9342929553827491
367 0.6199550542123432
368 0.6196749792925526
369 0.8745764775027676
370 0.03616663619321105
371 0.8359335935322207
372 0.6916511995881439
373 0.6028006692314163
374 0.7785416028896994
375 0.9997652785252039
376 0.7830757052308149
377 0.5214392278605761
379 0.9033587596341263
378 0.7898316601206548
380 0.1809555525830598
381 0.9168600298987983
382 0.6869186330733901
383 0.8976159626672376
384 0.91373165812638
385 0.07879520629801548
386 0.9998979913173784
387 0.6844305112670727
389 0.9716382386954543
388 0.9999176785076719
390 0.7064593576927222
391 0.526049366096893
392 0.8450081147558706
394 0.17948305921971397
393 0.522646378941099
395 0.6502380296834988
398 0.40972015671785755
396 0.6158900061255248
397 0.7217487303875812
399 0.930401682758395
400 0.26691881183536664
401 0.9588641054180572
402 0.5439879247044935
403 0.7336216787617659
404 0.4540369706172208
405 0.5525076250021004
406 0.858238556713558
407 0.7911005990285858
409 0.5393383464197291
408 0.24168699628991105
411 0.6192445620724486
410 0.22393871370810578
412 0.6052919557188482
413 0.7758563920267595
414 0.4673916223459279
415 0.5082121453602361
416 0.7494755570043491
417 0.8607520753470874
418 0.8531193880491361
419 0.1434019642320665
420 0.23156233579932833
421 0.8605362964262436
422 0.728262901687902
423 0.247212313179321
424 0.7626306065578501
425 0.7676230348695718
426 0.9999768619728068
427 0.99998477244011
428 0.5864635845276567
429 0.7920113577102055
430 0.678046201119422
431 0.7117905558237249
433 0.1860397696461514
432 0.9144875470989595
434 0.8304905125285101
435 0.9531483008638769
436 0.9403903479692325
437 0.9139775811827107
438 0.9999670907980358
439 0.5090446603575761
440 0.9983844650183216
441 0.9853712449420093
442 0.891376396853911
443 0.8962887903686906
445 0.837989861046104
444 0.8075277258523024
446 0.9650637204001792
447 0.8606175728018611
448 0.5036516827732198
449 0.2208457120225378
450 0.11040703458377332
451 0.7311160866939926
452 0.6275790421354039
453 0.642363536172604
454 0.47334433621066657
455 0.9979914918850153
456 0.3202026610820604
457 0.23558595974192528
458 0.4836642255823156
460 0.9311957719902169
459 0.9025415741002895
461 0.2868696994646565
462 0.9348823296452354
463 0.8367408325626433
464 0.7057825385808717
465 0.9630745400867895
466 0.22455306935343036
467 0.25785546216001753
468 0.22494046594116932
469 0.5448147975645025
471 0.05004567225236381
470 0.7933245549252762
472 0.5457420299347263
473 0.9654016344502055
474 0.8472683953147117
475 0.7625431132439343
476 0.7385780392697141
477 0.9958817513194463
478 0.7574828831356061
479 0.8779257816928532
480 0.8556158522985418
481 0.9181532996702217
483 0.5989592847817811
484 0.6430198807284785
482 8.046385231281454E-4
486 0.1719843582091358
485 0.8840419006310671
487 0.8332781100794625
488 0.9921698431326929
489 0.7465919450706767
490 0.6785246634138314
491 0.6611697462773837
492 0.8163532604975235
493 0.973464740030512
494 0.1784938079606589
496 0.48846574441803864
495 0.9197983284136526
497 0.6892757586712114
498 0.7742904417695509
499 0.7437159181950783
500 0.9330373997855453
501 0.6028839841986882
502 0.8602491636966038
503 0.19449271468346435
504 0.7309355204859708
505 0.16418570961732104
506 0.9007603087373871
507 0.8666287539947585
508 0.23903109659241978
509 0.9495315576663648
510 0.785916967683536
511 0.7183829819014784
512 0.5841402422700233
513 0.584161785874784
514 0.014043550724632724
515 0.825894372411725
516 0.969079947433401
517 0.9871632890029697
518 0.9375338429089258
519 0.8703350706805564
520 0.9514472197056261
521 0.23937654465813032
522 0.3051824123742468
524 0.7814429349468626
523 0.0
525 0.43414679966218067
526 0.9787138077007007
527 0.2534543983247043
528 0.417977694845349
529 0.6212329631791098
530 0.26484044220131103
531 0.9011202263390403
532 0.7649247003545705
533 0.8284980402249708
534 0.5189592620698765
535 0.3984901892977344
536 0.0
537 0.5121165098383285
538 0.8825410518086634
539 0.6122554813057596
540 0.10302499937623869
541 0.4900916263083482
542 0.7954163276160915
543 0.7412359801222606
544 0.8792809650727278
545 0.8954732098641908
546 0.9712372418285639
547 0.5861181592362406
548 0.48212269398963775
549 0.41703100637527124
550 0.17266269310423163
551 0.48526582684639796
552 0.6863217370662043
553 0.557996263510472
555 0.08484641819175476
554 0.2873836972905887
556 0.8405845767822673
557 0.766351096752721
558 0.9005150297444795
559 0.8150023176715403
560 0.538848246307691
561 0.8467060175729929
562 0.8357804769120224
563 0.3981674726517692
564 0.04965713648880983
566 0.700019459046491
565 0.9892720337523918
567 0.9270298967875611
568 0.755639001863591
569 0.05129299592361609
570 0.7748855597427421
571 0.6763109947300698
572 0.9416491410437484
573 0.63940970234665
575 0.6262275849369106
574 0.877511569158899
576 0.9528311090935728
577 0.6251149381635517
578 0.9629955282088205
580 0.7150042171327999
579 0.30445869388505936
581 0.9707163329168249
582 0.6174093920816557
583 0.8774918421258151
584 0.9999660206838418
585 0.7280252161672129
586 0.8822986634642198
587 0.40131144598554264
588 0.40304579265706564
589 0.9810313153961419
590 0.25346157252911977
591 0.7632280534940344
592 0.6538917933115214
593 0.9388749718470134
594 0.12498343240572332
595 0.9053802870373188
596 0.6834797005621137
597 0.7912607573096727
598 0.7035756755158121
599 0.8919878660030438
600 0.6952322156843355
601 0.21777662234734133
602 0.8627436507901434
603 0.8490270275834146
604 0.751480701395145
605 0.5255767970646171
606 0.7181820043396523
607 0.6332580410624344
608 0.5136955488791325
609 0.7891623437937765
610 0.5249018934453298
611 0.8439667334889076
612 0.924813986672644
613 0.9945550412586742
614 0.7889634989322601
615 0.9588494233482485
616 0.0
618 0.7902927553650624
617 0.47954619499598894
619 0.4406653274219407
620 0.6466308485612048
621 0.6227660273459695
622 0.22831942014463524
623 0.994592619561868
624 0.5403015965829401
625 0.9882511141266178
626 0.725267467390625
627 0.26097544975111575
629 0.7104246724341136
628 0.774650530231938
630 0.6918612947507613
631 0.7223528197492252
632 0.752659242754259
633 0.787456333817867
634 0.9663410586422339
635 0.6043099617039567
636 0.9998795729750491
637 0.645616236573634
638 0.516631365292113
639 0.31871037872358937
640 0.9943299481737986
642 0.6887852839603416
641 0.9328406274788039
644 0.7969318126637798
643 0.8845356274536976
645 0.8118110150916394
646 0.9391297159405375
647 0.5129908691101606
648 0.9502271749912763
649 0.7917383685914485
650 0.88697817538399
651 0.5661784974047911
652 0.8199864925683616
653 0.8710250915729327
654 0.7119684398317906
656 0.9699528255677856
655 0.9904815577450268
657 0.8180272282125327
658 0.08676073307898358
659 0.8675294953885772
660 0.4350539107465823
661 0.941658754901319
662 0.7058908313557567
663 0.9565284994630968
664 0.21890536177855965
665 0.4597422052830982
666 0.8162788430467378
667 0.6855893127190456
668 0.6967156677402725
669 0.11712568263357001
670 0.6273346409922347
671 0.6433260248639445
672 0.9993117539224763
673 0.9227127776738857
674 0.5427911445664128
675 0.7131322632736087
676 0.6884714874784438
677 0.7204186433452943
678 0.9791939789557431
679 0.8437340071608841
680 0.8145285779575508
681 0.9638460656164617
682 0.7845837579735915
683 0.7361981010568321
684 0.6814802712954048
685 0.9834543110101576
686 0.06715455510469658
687 0.44875568077484607
688 0.6781879422438859
689 0.9067545523104289
690 0.004796988402582671
691 0.13046768343854068
693 0.9380763185145867
692 0.8231870134447091
694 0.0027656835723669595
695 0.7494581549451204
696 0.06817445134450766
697 0.7269019339713593
698 0.8305739156658093
699 0.8431046014255136
700 0.9812842352421473
701 0.9271893949352603
702 0.8594336788482037
703 0.4314758440613442
705 0.7512821509925451
704 0.7870193101383529
706 0.8614943670774313
707 0.13392376697662509
708 0.9100699839441594
709 0.8805354815836121
710 0.05219804017014828
711 0.6847973361636855
712 0.53051819176213
713 0.781739645009377
714 0.5279966375582762
715 0.7108980479380741
716 0.898106207051306
717 0.7986916195001948
718 0.763259008121259
719 0.5758534069568159
720 0.5446932332866777
721 0.8133649472253651
722 0.9928771437152356
723 0.7385956115295417
724 0.7354252097189018
725 0.9405473091112911
726 0.49694030822968677
727 0.9221978852478171
728 0.8839626816239552
729 0.6617242785569194
730 0.6918632215047146
731 0.6798363929099022
732 0.6027481730622211
733 0.7978038058418933
734 0.3684745669749353
735 0.5346717862071304
736 0.835267766838614
737 0.7094704730789552
738 0.9149447330814381
739 0.3246802292709245
740 0.7966137358365669
742 0.5033135520798663
741 0.3583078303494441
743 0.4179254642737214
744 0.2579800509084052
745 0.7598095768841215
746 0.8326455096970127
747 0.22282830129758385
748 0.8492341580429507
749 0.3778031120727535
750 0.5539511580131826
751 0.9973885031103047
752 0.9707130249142161
753 0.9888588361530891
754 0.9902649577027979
755 0.46367785635361425
756 0.8567078961689295
757 0.8424226085302747
758 0.9375166263384201
759 0.7728523762655589
760 0.9984048219988189
761 0.9990686389615193
762 0.8163529641208678
763 0.15279322189431163
764 0.9776301049923951
765 0.9561099340830029
766 0.9259141238684055
767 0.5826347611193301
768 0.8724118746320494
769 0.6458888015734061
770 0.30893852730675303
771 0.3260962316217197
772 0.16494868475189636
773 0.29748090878662514
774 0.7557993873891342
775 0.7764594205184306
776 0.37105751515675856
777 0.5339889752329304
778 0.9760300765833687
779 0.5495073920606849
780 0.3916815065014144
781 0.7480766991510556
782 0.8739779334122442
783 0.729507131322289
784 0.4410717935410084
786 0.4211081577176518
785 0.003621300328588427
787 0.9805668899832465
788 0.9704696243137237
789 0.7055473298896591
790 0.5776092186764308
791 0.992459078062955
792 0.4624025327155668
794 0.8264430674999915
793 0.3553416877934306
795 0.9990048039713134
796 0.9861714316029779
798 0.9801664194620433
797 0.7814427732568483
799 0.8787847959160442
800 0.9767701524912592
801 0.8035067676728703
802 0.08963180267660255
803 0.7282664992359786
804 0.7069576839912328
805 0.9185012760158747
806 0.6503204343402385
808 0.4715366796883591
807 0.8228723596652909
810 0.3983200549458585
809 0.6468156897655937
811 0.17805829620795968
812 0.7970938896315961
813 0.8053198270292911
814 0.6552781459435921
815 0.5471218748434364
816 0.9422112816445846
817 0.9045189596252817
818 0.24663264127247278
820 0.8950554991797138
819 0.6959578521502655
821 0.6680663333909308
822 0.5920315663104116
824 0.678392535858169
825 0.25929971074705976
823 0.1612555064737736
826 0.55712940536268
828 0.6769848746612309
827 0.8581042384781382
829 0.6960826298699473
831 0.49350675758088314
830 0.8920326828647409
833 0.8354455976936114
832 0.5518122365334532
834 0.45210979807339924
835 0.9842226170497939
837 0.7718741004208176
836 0.8157977647162408
839 0.43432055283172327
840 0.44640698270041257
838 0.04308289305690419
841 0.07724623892381202
842 8.581797591151139E-4
843 0.7145273621127287
844 0.704177131578288
845 0.3358136186271236
846 0.49563310569846136
847 0.28584019346826023
849 0.7104211862460748
848 0.7095212537110522
850 0.0043406426352060375
853 0.3991556582406344
851 0.7239311283509653
854 0.9459293934679072
852 0.6443100658495863
856 0.9967258967698166
855 0.4938178365761154
857 0.9578796673275944
858 0.9955661670432807
859 0.8279042020118095
860 0.6415392888654096
861 0.9980489292947269
862 0.41516268502538917
863 0.6803377099090534
864 0.8958932147166379
865 0.3193114991892818
866 0.8419226181168664
868 0.9987718916359961
867 0.4051102689701143
869 0.8478896957933797
871 0.3746605413189001
870 0.7865898588545432
872 0.5364398985709277
873 0.5231914079258975
874 0.722890589630579
875 0.8465424170953383
876 0.5042785563341177
877 0.6698421556454457
878 0.20037246678948262
879 0.8451737101293224
880 0.6259201025056086
881 0.7656501068767075
882 0.0
883 0.019797782680065552
885 0.8751408062402414
886 0.522764839436951
884 0.9353612458595242
887 0.5406681143067479
888 0.7298486869328981
889 0.9123537572794578
890 0.8610604260253941
891 0.31410233152016176
892 0.4461440006228086
893 0.932272039119301
894 0.38840837346913976
895 0.5697308904004661
896 0.8696403185016284
897 0.015032956189968572
898 0.11374046519524761
899 0.6955277178528677
900 0.6573121653319
901 0.12238463014045353
902 0.2276375477512982
903 0.13523998224040465
905 0.9739280380757966
904 0.5715612092617747
906 0.8989912610656975
907 0.9701371348138483
908 0.8248156185313141
909 0.7200432929562588
910 0.9119465893979617
911 0.5167646575762337
912 0.43793584493122023
913 0.24430924060267645
914 0.8212915402818567
915 0.657418544063706
916 0.8468659682074674
917 0.8838933663899292
918 0.67262618163322
919 0.7992016716381027
920 0.24464524967341755
921 0.9648088490095817
922 0.964094244760306
923 1.0
924 0.8325155724699809
925 0.3074941166618343
926 0.652897199727955
927 0.5054660146769486
928 0.7123011569151976
929 0.5490706452072425
930 0.6154394431948206
931 0.8264220420301558
932 0.5872476670012692
933 0.9857540691567056
934 0.6187726786840725
935 0.9861164286466991
936 0.6220401380171688
937 0.22322701326090022
938 0.8383417731560399
939 0.11263805591743101
940 0.6506369492581601
941 0.9837878685663101
942 0.9018815504222245
943 0.12308431654060804
944 0.518725688202809
945 0.9379559103517303
946 0.652339512455491
947 0.25690763827314717
948 0.9867715525396009
949 0.38549683488892283
950 0.6406450420684697
951 0.9299631272840545
952 0.5857172188836905
953 0.8147816140100671
954 0.963166196369475
955 0.7427327019840122
956 0.6472335995316197
957 0.3382282666052131
958 0.5334717228024087
959 0.736984605835051
960 0.3300635571575103
961 0.09487145870349717
962 0.916576160821287
963 0.21639306187411672
964 0.6036470624266094
965 0.5439525167663803
966 0.9403611283173677
967 0.9457304268485284
968 0.7454469473054464
970 0.23292854021092652
969 0.8955712655774308
971 0.9999994608828905
972 0.15086171589580363
973 0.7515797338754061
974 0.7489133998801849
975 0.2833629335508094
976 0.7783486910037174
977 0.5585028063920188
979 0.923331987014561
978 0.5300544922589322
980 0.8610928464069222
982 0.8409450324659101
981 0.9744036252641711
983 0.7846986148252276
984 0.7229163793272115
985 0.8014228984470063
986 0.3446595131056282
987 0.9307963363965288
988 0.8600679106129857
989 0.9431647744388895
990 0.5349027490203925
991 0.4924874960989376
992 0.5804659132053949
994 0.16570937098183672
993 0.8486548634724288
995 0.3305347958827582
996 0.6024681293222538
997 0.6069453845854162
998 0.7336663137932019
999 0.8689191353605822
1000 0.41480763170703877
1001 0.2393952319290689
1002 0.8143692720879958
1003 0.89451360148285
1004 0.6834343660933734
1005 0.9732857220172817
1006 0.4350774791177736
1007 0.69490778068698
1008 0.8542702813750366
1009 0.9193613182993374
1010 0.8249421834603924
1011 0.35212928123977527
1012 0.9871670739360168
1013 0.5092897024097289
1014 0.9645558005650345
1015 0.6010540381422673
1016 0.8031288422898465
1017 0.8376127662989026
1018 0.6928340385851548
1019 0.8819090427931532
1020 0.5412409850830187
1021 0.7020090460623999
1022 0.7887823947412222
1023 0.9565858683150935
1024 0.8510953451124401
1025 0.5996551485793111
1026 0.6494593191095145
1027 0.2903707787528542
1028 0.297614979519927
1029 0.797851157933291
1030 0.927652836192514
1031 0.6690509056588372
1032 0.8567016273046596
1033 0.8727005146312953
1034 0.924547725107915
1035 0.8631974989340048
1036 0.7170415954002284
1037 0.7841308283392918
1038 0.6166929565787563
1039 0.86696972366067
1040 0.5445480860122625
1041 0.9970227664346085
1042 0.9016342221468584
1044 0.4447444350930781
1043 0.15303193802897858
1045 0.7212167115545383
1046 0.6218666797458395
1047 0.7747231377647801
1048 0.24921267949193124
1049 0.8312707361812987
1050 0.7093946709916045
1051 0.9698887042334987
1052 0.7744756387113254
1053 0.32780822998043324
1054 0.7094611824636996
1056 0.7930957573308013
1055 0.32243549980630304
1057 0.511523527549432
1058 0.48159210417310666
1059 0.22432522705477656
1060 0.9173843966279517
1061 0.9417615296499741
1062 0.4497373896525062
1063 0.46686893185251344
1064 0.9385783679714949
1065 0.6868392785261385
1066 0.777172071759396
1067 0.3813912559475753
1068 0.8727091887852073
1069 0.24630023742286503
1070 0.5740408715996397
1071 0.9832923839853552
1072 0.2681481213123484
1073 0.8401085266605451
1074 0.8617206060138728
1075 0.4880395512586334
1076 0.5124651001391362
1077 0.7560400160805184
1078 0.9406234318354573
1079 0.8665650384306234
1080 0.9963719645729523
1081 0.6963151767465235
1082 0.9337106561954195
1083 0.3842900154272801
1084 0.7424783685735679
1085 0.592363712206364
1086 0.8045067156452722
1087 0.6065202248142482
1088 0.8011739864441333
1089 0.46820764127931175
1090 0.4559438128254074
1091 0.3900131074839436
1092 0.763543849641008
1093 0.4611587672635685
1094 0.6692740970808069
1095 0.6747948510765451
1096 0.6605574725195964
1097 0.869682438751921
1098 0.8804843534938811
1099 0.9847578551107841
1100 0.6276531327974025
1101 0.7767194057022493
1102 0.2321908303683692
1103 0.583841964971067
1105 0.3050092905354911
1104 0.28492178007518726
1106 0.4301767529187459
1107 0.9041278906876398
1108 0.23067428527151784
1109 0.9241300269026024
1110 0.8075526146934805
1111 0.9113875837009092
1112 0.5916646796545187
1113 0.8260748986298234
1114 0.6759133552730279
1115 0.8650752108248362
1116 0.8414363965940121
1117 0.16810186469364322
1118 0.49780972090810405
1119 0.6148250452734787
1120 0.80919880366254
1121 0.9771907527879273
1123 0.30849528470106136
1122 0.2518045688844388
1124 0.23156405057092536
1125 0.9604706418040253
1126 0.8265157777740243
1127 0.6699967195955822
1128 0.3522356106206798
1129 0.031743678231494835
1130 0.9226372365739146
1131 0.8670929946138936
1132 0.733611752016058
1133 0.8322153493453699
1134 0.9614859687320192
1135 0.8703886647169579
1136 0.29152490405660847
1137 0.9131695632804783
1138 0.9149368050369041
1139 0.8679555691030513
1140 0.4826565654761536
1141 0.8727898044554925
1142 0.39978440682400923
1143 0.6027724410859334
1144 0.42165534453234826
1145 0.6685470609626285
1146 0.6939914943868352
1147 0.804960190060466
1148 0.5425212643707783
1149 0.5555361129969117
1150 0.8415710322219063
1151 0.8539383417902608
1152 0.40614735750847925
1153 0.568094677900652
1154 0.5521670763783576
1155 0.7167086201302448
1156 0.658085998301991
1157 0.20308035438139863
1158 0.3768327774756212
1159 0.6600298475664143
1160 0.9915575925857373
1161 0.4955952184720183
1162 0.8478725504751912
1163 0.8470212318813835
1164 0.796949145140666
1165 0.8344242122617593
1166 0.5529617138097989
1167 0.7238249854564839
1168 0.9822482265498039
1169 0.9650416485289948
1170 0.684363063874327
1171 0.9492758908829381
1172 0.6351249682504103
1173 0.8073558221192858
1174 0.7638966097029017
1175 0.6801228399415252
1176 0.7344237478697613
1177 0.7432646411704271
1178 0.8787139469021324
1179 0.860426054352351
1180 0.6530659282941121
1181 0.5863038537078886
1182 0.8160321234071342
1183 0.5727231005903299
1184 0.4544359189234744
1185 0.7855858674802286
1186 0.6975470889892422
1187 0.8142703582108459
1188 0.5208596674988801
1189 0.7740322982920883
1190 0.8222265486058224
1191 0.29235773679487237
1192 0.21578085906376782
1193 0.49961769943126405
1194 0.30780882664473397
1195 0.7453037119523449
1196 0.12783285550583345
1197 0.5815816832312358
1198 0.49409330691922126
1199 0.17136223997180797
1200 0.5677995308068909
1201 0.8980112389510305
1202 0.9332599772532724
1203 0.27436455411936855
1204 0.7626216296198759
1206 0.4655316603041716
1205 0.5635646290299822
1207 0.9980988575649483
1208 0.9081346333391788
1209 0.9713528502830895
1210 0.7382561044207829
1211 0.5490856523918723
1212 0.9205537551383896
1213 0.4064754691252645
1214 0.6089993038654434
1215 0.6560620333880806
1216 0.9628652958283237
1217 0.5908763870601139
1218 0.9998970293893887
1219 0.20985982856496452
1220 0.9787785260735332
1221 0.6666855272270966
1222 0.9995858203277689
1223 0.9868329626683641
1224 0.9973294861284235
1225 0.3846093020441872
1226 0.46516729837332754
1227 0.9736998439265698
1229 0.6867718880021695
1228 0.22723697452982794
1230 0.07690500244117646
1232 0.5855532146308543
1231 0.9999601957972107
1233 0.07426719003144194
1234 0.7803406458680676
1235 0.3218787413029645
1236 0.35416531646732574
1237 0.3469127981336863
1238 0.5022598157815987
1239 0.6223354890787052
1240 0.09717655649133221
1242 0.6404545991586601
1241 0.9902600419446977
1243 0.8710699527373281
1244 0.7638732775542492
1245 0.10754776884292812
1246 0.8657105317523388
1247 0.9740621052579909
1248 0.5639202215836066
1249 0.9354660950602147
1250 0.945486156608288
1251 0.8334672746881561
1252 0.999271299571825
1253 0.07626951374636368
1254 0.6297690464075181
1255 0.3949747431920947
1256 0.21411109012833282
1257 0.6777867409361251
1259 0.3630075396705149
1258 1.0
1260 0.6878809674967172
1261 0.34313553346086834
1262 0.7129371754844075
1263 0.3085981005443047
1264 0.8468577606677328
1266 0.013230858088122174
1267 0.6887499677683765
1265 0.9566655338841041
1268 0.42060617661933275
1269 0.9230644342192466
1270 0.8909004028166133
1271 1.0
1272 0.976114635279326
1273 0.9774793140853069
1274 0.3800203753609063
1275 0.7816227314547425
1276 0.9302585788378304
1277 0.08160883588006813
1278 0.9952971571301983
1279 0.7941902475052515
1280 0.6222828931969695
1281 0.7542186519147474
1282 0.7434834282795741
1283 0.9249781005641533
1284 0.7387348987576126
1285 0.9821434026788594
1286 0.6783481704309712
1287 0.6846655025158707
1288 0.16164377838683947
1289 0.24149112177707513
1290 0.8367437475885192
1291 0.700085174528078
1292 0.584366687891241
1293 0.7053049856016016
1294 0.9486707904030098
1295 0.9363944417225596
1296 0.7293646276339192
1297 0.0018805399764604423
1298 0.9999250811162372
1299 0.582996376916013
1300 0.8888452952900666
1301 0.9093400501752045
1302 0.858568993082969
1303 0.9260892199397918
1304 0.8783329471348966
1305 0.8724697006082875
1306 0.7008213608052627
1307 0.9692548486546022
1308 0.9840344527414153
1309 0.6769283184166799
1310 0.5592887434217748
1311 0.5774063424592577
1312 0.5020087466357745
1313 0.9779612880645435
1314 0.8298810334203613
1315 0.9985124108779637
1316 0.6482480762963496
1317 0.8957349519979667
1318 0.7072484311509496
1319 0.5103187071835327
1320 0.7473663902757427
1321 0.67285199187605
1322 0.5050821373926331
1323 0.4088126768353383
1324 0.638763686847554
1325 0.8808796424273102
1326 0.9258463866727477
1327 0.573687343043868
1328 0.5544292634986239
1329 0.8816589581745735
1330 0.8049398136735456
1331 0.9422839526781204
1332 0.3048444154066576
1333 0.5393052181070674
1334 0.47214365375370365
1335 0.4253577290829757
1336 0.9315812545616515
1337 0.8342884333317431
1338 0.6640869052197172
1339 0.7997988474702007
1340 0.566273944213293
1341 0.7540516176963948
1342 0.7409719075041715
1343 0.8938835785673191
1344 0.060553693085468596
1345 0.9511532759947408
1346 0.9537061411579575
1347 0.364509060772406
1348 0.923227276318551
1349 0.6744955505218394
1350 0.724148553305925
1351 0.8892420366264621
1352 0.7983033151280089
1353 0.7023150584401374
1354 0.777531417071053
1355 0.9556534591863679
1356 0.971505067786146
1357 0.6355428152935614
1358 0.8111733568378228
1359 0.7071937239561119
1360 0.3438636570115929
1361 0.9976682947377223
1362 0.4044775797954878
1363 0.8593299064442473
1364 0.6716073386602267
1366 0.9565283424227256
1365 0.7076077748902627
1367 0.4643327429703724
1368 0.9952133644516838
1369 0.45234891211185013
1370 0.7833957971258559
1371 0.8561848769565464
1372 0.9157810533067128
1373 0.761579938471506
1375 0.9139291558465145
1374 0.8199814466449948
1377 0.6143343110465099
1376 0.9963696106126598
1378 1.0
1379 0.9282687079584705
1380 0.4657564422874484
1381 0.8007593748181312
1382 0.5017239175760361
1383 0.6438246366731626
1384 0.7473464847604525
1385 0.4420979020251374
1386 0.8361504017030942
1387 0.7063847418534704
1388 0.6975899805265249
1390 0.797794753558096
1391 0.7872412572562242
1389 0.7324163760715534
1392 0.838089626805964
1393 0.8892244611658601
1394 0.8232348626631141
1395 0.9222806948612179
1396 0.0
1397 0.23804038019732732
1398 0.9986096938504404
1399 0.06602270156023703
1400 0.7215866028626187
1402 0.4141280786832986
1401 0.7264482374767496
1403 0.6561519687849232
1404 0.7216434804090723
1405 0.8969030512311238
1406 0.9581056698104393
1407 0.8647243566957974
1408 0.9634188402054354
1409 0.951241573790063
1410 0.9005886889117921
1411 0.8805042618719924
1412 0.9063077830941377
1413 0.8561265140787903
1414 0.8782154323276823
1415 0.5344162351041223
1416 0.75705171442867
1417 0.5650736168518213
1418 0.38362090099494256
1420 0.7067227327598717
1419 0.6195220271274793
1421 0.9820570599303884
1422 0.8519421849775826
1423 0.8517067996769664
1424 0.7123878795970253
1425 0.6853502563740872
1426 0.959812288092665
1427 0.8483192435761004
1428 0.8168136682344947
1429 0.8890825470664017
1430 0.9381455175955966
1431 0.9388515799063784
1432 0.5054623632490977
1433 0.35679196905725197
1434 0.7828514755806972
1435 0.46900778919647396
1436 0.7711603371631196
1437 0.9435782716468365
1438 0.6062491860318253
1439 0.5812338091093361
1440 0.8465756481785933
1441 0.5136009501070257
1442 0.9611476297517505
1443 0.7030545297968726
1444 0.5025906489336439
1445 0.689735743925863
1446 0.6149336478569056
1447 0.40100376958685097
1448 0.8362399394842241
1449 0.5681395829514633
1450 0.6174531945937743
1451 0.16773601689855078
1452 0.3608080074229123
1453 0.6445813565255768
1454 0.8919269565745248
1455 0.6116152794655965
1456 0.550407795066646
1457 0.18266000037617844
1458 0.29873484651872273
1459 0.45927964117561526
1460 0.24133646413208268
1461 0.48260594027951154
1462 0.9795866119200701
1463 0.9860215053289643
1464 0.9342710068986733
1465 0.6283911125908139
1466 0.9010430456001878
1468 0.92151518364661
1467 0.9688219115164838
1469 0.8148347604300905
1470 0.7320429853071146
1471 0.831286032540267
1473 0.6295006687663787
1472 0.6339984551707775
1474 0.7855998046613402
1475 0.4530333876194687
1476 0.7898030214041301
1477 0.46606282708496116
1478 0.44276560119980135
1479 0.985865732053797
1480 0.48129557026256786
1481 0.9844514526333001
1482 0.9405293418475864
1483 0.9717724650433814
1484 0.7309997033455579
1485 0.7176156927823978
1486 0.9742257273848896
1487 0.8490527170382389
1488 0.7708969882613131
1489 0.916465540259765
1490 0.6284129258417707
1491 0.5354821709158808
1492 0.996059113011024
1493 0.6767086731325818
1494 0.5353277223509892
1495 0.28323695967589724
1496 0.8179969010364896
1497 0.27851131593723627
1498 0.6425938915439315
1499 0.4509692415751873
1500 0.9478786179661673
1501 0.5678981622592043
1502 0.5093129141677673
1503 0.7101708441535814
1504 0.7689488232741387
1505 0.9203941092961185
1506 0.7704783238951081
1507 0.6520239162583451
1508 0.9983725523303647
1509 0.8528804677288063
1510 0.6796619915747162
1511 0.7021798682457876
1512 0.8973005578342721
1513 0.9196571660423014
1514 0.4413681521612432
1515 0.37114845587949546
1516 0.9833708734594917
1517 0.9891777093574039
1518 0.7522823876816789
1519 0.9604210126775913
1520 0.8310907077273665
1521 0.5615070366274321
1522 0.4612517123756509
1523 0.8182767653021774
1524 0.6775490674992874
1525 0.8020858853209659
1526 0.8840589347887494
1527 0.5572030578310125
1528 0.315340054253877
1529 0.678562469027462
1530 0.8254002986788427
1531 0.800100651866923
1532 0.5713442751720295
1534 0.9805029820768989
1533 0.15358229364308668
1535 0.8516350656291916
1536 0.5077688429495105
1537 0.991433241935338
1538 0.9458855861069065
1539 0.5788231470810726
1541 0.6696611975367178
1542 0.8812792400839853
1540 0.9833018560215987
1543 0.6261131892716154
1545 0.7230918983340834
1546 0.852241826953013
1544 0.9844669112037293
1547 0.36498756321534453
1549 0.8833271604884735
1548 0.871047008936103
1550 0.47753738134418644
1551 0.005688920326897309
1552 0.8950968608126889
1553 0.9634746415608341
1554 0.9357749648217172
1555 0.23032927316508608
1556 0.9974290908073197
1557 0.9980749834154019
1558 0.9164462260318046
1559 0.9173604472269049
1560 0.2826831150804679
1562 0.035871935904167054
1561 0.35457853717939325
1564 0.525652197678916
1563 0.8547071040795237
1565 0.7356016549116665
1566 0.15202066652057197
1567 0.29714414814312023
1568 0.9973451804006073
1569 0.7438076067030713
1570 0.5010043972287302
1571 0.9452225500312833
1572 0.8198145131739967
1573 0.11877875136919198
1574 0.8196532463019935
1575 0.039328632278791575
1576 0.745828557790308
1577 0.7015097839729838
1578 0.6839761505457236
1579 0.997890497168847
1580 0.5909035191203339
1581 0.5218032204422126
1582 0.938118778587035
1583 0.9604744005919811
1584 0.9007829041345661
1585 0.6456915146340871
1586 0.8306599474779919
1587 0.6037100463274331
1589 0.9944561446277258
1588 0.8857601310905905
1590 0.882443297841107
1591 0.6697879204436409
1592 0.47962253774367125
1593 0.3877054719156871
1594 0.32097983498267085
1595 0.9018652809858
1596 0.9999453289421804
1597 0.2881711724103912
1598 0.5657812245169281
1599 0.7975199690540128
1601 0.1748475249428324
1600 0.4804835014342196
1602 0.5733063459008653
1603 0.6207317844969263
1604 0.05844627403537238
1605 0.9256584527890714
1606 0.8996400288906854
1607 0.9889258983451519
1608 0.6942214990810317
1609 0.9784760816492379
1611 0.50596954920954
1610 0.5987140097687844
1612 0.6538013269818236
1613 0.6246354748735822
1614 0.7397216272959747
1615 0.4343314904784152
1616 0.9954951913515184
1617 0.3367885040371169
1618 0.8457700933915426
1619 0.9747984714752391
1621 0.3855331840435936
1620 0.9877082987746341
1622 1.0
1623 0.015767266358272164
1624 0.47336870414023724
1625 0.8242666139773506
1626 0.9703772704471253
1627 0.44699339327515325
1628 0.6071044667439325
1629 0.6315743555606236
1630 0.5232548464988765
1631 0.6851389565958247
1633 0.6902034235045595
1632 0.5844024312379839
1634 0.8200336775951028
1635 0.8854668910803001
1636 0.7821366058845081
1637 0.823844783668783
1638 0.4908879255183516
1639 0.9161529306128662
1640 0.9709219310752961
1641 0.9041151546457256
1642 0.4257796849718401
1643 0.633053262624536
1644 0.135405010613575
1645 0.9868184713755846
1648 0.5371191618598283
1647 0.4833761571053719
1646 0.7540846068006125
1649 0.3009595875353483
1651 0.937371459329304
1650 0.4059810967203914
1652 0.20804174240311574
1653 0.8074320558396053
1654 0.9958035590567595
1655 0.7184175052929345
1656 0.9999927923412585
1657 0.5327345301049004
1658 0.9891379531679216
1660 0.9533435327593098
1659 0.8483756304916812
1662 0.7479557468691804
1661 0.8216622284956421
1663 0.6446853031737058
1664 0.4509552544140481
1665 0.7613494102923903
1666 0.36783813202057136
1667 0.8203662640522298
1668 0.9928640855381099
1669 0.21579036122856926
1670 0.9921102656713584
1671 0.7147363669028137
1672 0.9561254419908434
1673 0.9993927700429281
1674 0.9859926861849376
1675 0.823132529938961
1676 0.5306894558610519
1677 0.6744172295822587
1678 0.8351877307740857
1679 0.9997153469943106
1680 0.7217592491897784
1681 0.9387724847273089
1682 0.5293605573756681
1683 0.6440455652421776
1684 0.31722950696139374
1685 0.7793115775228459
1686 0.9087020226835357
1687 0.6668649000092728
1688 0.9431061573751756
1690 0.09944733781626966
1689 0.8510156547730617
1691 0.880458366039905
1692 0.4351890773193988
1693 0.6926686099533009
1694 0.7890285851466281
1696 0.8800464830692514
1695 0.7938626376042517
1697 0.7222506111852273
1698 0.9256652172304976
1699 0.694931156505265
1700 0.9556860935611446
1701 0.27598117424600455
1702 0.910120324805775
1703 0.8084526550001087
1705 0.4295006868276276
1704 0.512591043963451
1706 0.5359663373675291
1708 0.9924320567768182
1707 0.25572047037931767
1709 0.8814954750890115
1710 0.5100311249549064
1711 0.47773069166241905
1712 0.19998599810607212
1713 0.919025212769364
1714 0.7940597458708383
1715 0.10688349108594578
1716 0.9955357529585057
1717 0.3445833929627574
1718 0.7693899621763672
1719 0.9333100455373353
1720 0.7420705575036598
1721 0.6882125907419366
1722 0.44425584197542495
1723 0.1627301812647133
1724 0.9523791508292819
1725 0.8762392872036887
1726 0.45007832511911067
1727 0.9829764171606822
1728 0.3612138760167325
1729 0.7545013636235955
1730 0.19701053270649696
1731 0.3340643997285982
1732 0.8483387745068576
1733 0.9852400195995866
1734 0.9026064771171068
1735 0.9343771104041859
1736 0.20855748360811227
1737 0.4202623000160687
1738 0.8792834095251936
1739 0.9687090444926737
1740 0.4914729038339377
1741 0.6921232542720492
1742 0.49238907824804656
1743 0.9741113645228819
1744 0.11392244173114544
1745 0.8432765414698746
1746 0.2666602446246054
1747 0.8920619332610874
1748 0.5210257018631919
1749 0.6517529989356123
1750 0.6757088177878865
1752 0.8597679940417177
1753 0.41628020593694076
1751 0.672972927586096
1756 0.6496808235512458
1755 0.8200063863173931
1754 0.8620610182274215
1757 0.7733039659950437
1758 0.7431744892597707
1759 0.21900631185653943
1760 0.46824513015592917
1761 0.9789672719463814
1762 0.11685447426565337
1763 0.9595871260600408
1764 0.9149562941198579
1765 0.9440344771708268
1766 0.7190944505685289
1767 0.5278304679985989
1768 0.7432100736784447
1769 0.6951832283720242
1770 0.7481420814149362
1771 0.381804859385786
1772 0.8890183497701182
1773 0.6187626215145753
1774 0.8099229342900562
1775 0.4327916212115501
1776 0.8946596991908813
1777 0.2863664227832448
1778 0.8589162361234493
1779 0.7810183826128041
1780 0.996585291172569
1781 0.7080328920000901
1782 0.7711076507738784
1783 0.983481204773507
1784 0.9559970473867785
1786 0.9913931219501825
1785 0.14702397976670614
1787 0.7876845069276908
1788 0.6705361318775795
1790 0.993990639513087
1789 0.8563635489013199
1791 0.773465253418545
1792 0.47229916589145576
1793 0.7643935158884791
1794 0.8436980668989643
1795 0.7937563448286916
1796 0.7771165592743121
1797 0.3897484176985501
1798 0.7039816649084099
1799 0.603716538989239
1800 0.33104259555919296
1801 0.9939320499924212
1802 0.7239498501219866
1803 0.10602368129041191
1804 0.4843225759145196
1805 0.9186193285044009
1806 0.9976860758487559
1807 0.8453395545573954
1808 0.9978711229755571
1810 0.8347183208077545
1809 0.102599704229845
1811 0.820534004954966
1812 0.9974601631287111
1814 0.6662923309417577
1813 0.1411922191150252
1815 0.9938596216011258
1816 0.700403387219309
1817 0.9628113709141022
1818 0.40239703592582715
1819 0.4874142954004664
1820 0.9936921823905782
1821 0.301563956926114
1822 0.9988858742642311
1823 0.6060930592620607
1824 0.9346240369018174
1825 0.9436846191340212
1826 0.6893348571704623
1827 0.017589795330649617
1829 0.9983872187449713
1828 0.6042969811029285
1830 0.12603358907526263
1832 0.3380270208957643
1831 0.45338099235613144
1833 0.276405340812207
1834 0.9069729513297321
1835 0.08815953372051336
1836 0.03058720082113288
1837 0.9620612858145501
1838 0.6459840686819983
1839 0.5129335869630018
1840 0.4477243687522839
1841 0.5932839331892448
1842 0.5607033742012673
1844 0.5525602796153647
1843 0.8784469020305123
1845 0.7367047349438236
1846 0.8529249834810815
1847 0.8816054269029797
1848 0.7150387440390069
1849 0.849619122073358
1851 0.27935101551305563
1850 0.9884944593766104
1852 0.9693638703514359
1854 0.5146818715770878
1853 0.6587008406608047
1855 0.9791151486301635
1856 0.8955692712015875
1858 0.5691273051814532
1857 0.9861591243391219
1859 0.8924066245878991
1860 0.6439922794759501
1861 0.9510959769449905
1862 0.6097432208503517
1863 1.0
1864 0.4350777996988854
1865 0.7399662913861226
1866 0.5554002909509826
1867 0.16709083156339688
1868 0.6963794439820262
1870 0.9044728877536812
1869 0.26537759710962
1871 0.5567966734484701
1873 0.7990802175959795
1872 0.6991719589456855
1874 0.5096705310456543
1875 1.0
1876 0.5703556059062216
1877 0.08866892773760948
1878 0.28778231286645195
1879 0.7472134525819223
1880 0.6807594978034576
1881 0.4458211314324472
1882 0.9248307837945863
1883 0.8321369400497137
1884 0.9721321938641498
1885 0.5062338538537267
1886 0.8804465761326992
1887 0.9322767589494209
1889 0.9888600237440908
1890 0.5072998583565563
1888 0.5535045829878914
1891 0.8240135081615262
1892 0.6269088830649311
1893 0.16810975498789982
1894 0.6939100256259367
1895 0.7469748439324575
1896 0.9600290284640486
1897 0.3660583212201937
1898 0.9926547811706694
1899 0.9590498868548781
1901 0.8709486921813198
1900 0.5140104216249901
1902 0.5304814199733034
1903 0.6982266361512723
1905 0.9544591200841254
1904 0.5484865803544763
1906 0.7518383004008785
1907 0.9543778631836559
1908 0.9991709254995697
1910 0.9988348492539136
1911 0.9083594319222277
1909 0.45142520082923654
1912 0.612665716634532
1913 0.8297897962915378
1914 0.8618770607352669
1915 0.9182705825160853
1916 0.9940157394232016
1917 0.8999799066678449
1918 0.6957834066415166
1919 0.9103678121821382
1920 0.926469718182202
1921 0.9593275486745183
1923 0.8594002756236945
1922 0.8503883916973931
1924 0.6595628284128509
1925 0.8343243780593721
1926 0.7434163140073331
1928 0.6989391170367982
1927 0.6347842004904625
1929 0.3364132093093324
1930 0.8942536040615184
1931 0.7866821903628697
1932 0.6013329736663763
1933 0.811497514192578
1934 0.6287067011968244
1935 0.6266951700294494
1936 0.6498925682781929
1937 0.20940443274707576
1938 0.5027635282745629
1939 0.5502449196503537
1940 0.825204155204073
1941 0.9877435078232101
1942 0.4849942416760935
1943 0.238461986391598
1944 0.21776908262651568
1945 0.5831743724655926
1946 0.8352961926122042
1947 0.2613531251150545
1948 0.8094979542522738
1949 0.6891642503286283
1950 0.20165264617303047
1951 0.45412031798455565
1952 1.0
1953 0.9555187308133111
1954 0.41339726937168947
1955 0.03827089847331967
1956 0.47378427457371003
1957 0.725781606509528
1958 0.8336592822462594
1959 0.2517440473841868
1960 0.6048375782994612
1961 0.6949362327937854
1962 0.6678386110641902
1963 0.3733229706085661
1964 0.27003199220584234
1965 0.4716187782770776
1966 0.34125813722118903
1967 0.7276393197063
1968 0.3298834833719313
1969 0.8861203928638381
1970 0.6578654883907248
1971 0.3937821381593735
1972 0.040339043866959454
1973 0.8105116631319035
1974 0.9482077930102676
1976 0.4513433609144928
1975 0.9455167194822868
1977 0.44502356673412735
1978 0.7432070839671558
1979 0.7245542371811059
1980 0.7552907948992367
1981 0.6823386200988741
1982 0.4831912874983227
1984 0.5432309268743676
1983 0.9783182029969378
1985 1.0
1986 0.9209898920684062
1987 0.8181271383814511
1988 0.49331171542876834
1989 0.9355020312855316
1990 0.634584777881817
1991 0.11624794896553073
1992 0.6664204033524528
1993 0.9697435708078577
1994 0.8978859857977208
1995 0.9632073013334024
1996 0.33901532183269356
1997 0.8270110332002821
1998 0.9559283059967618
1999 0.9997908615519
2000 0.7705755965474793
2001 0.5762108916928592
2002 0.4603349796584416
2003 0.8952947804673069
2004 0.2136126191797664
2005 0.8094014944577833
2006 0.7202191515653775
2007 0.8867148146928936
2008 0.5663767329746436
2009 0.29607037247968865
2010 0.47400189502137813
2011 0.7118748014098827
2012 0.8691335773400711
2013 0.23736158853859315
2014 0.9072890060676039
2015 0.5798482570861236
2016 0.9291464417431007
2017 0.5914957244596497
2018 0.36675575934738747
2019 0.9142066504764156
2020 0.9464405892628047
2021 0.7448584442842714
2022 0.05899779934200062
2023 0.47550921763093673
2024 0.9162406674864781
2026 0.8440050993767411
2025 0.70205001159317
2028 0.878404167835269
2027 0.06567833165748664
2029 0.9693385517133053
2030 0.721518537530395
2031 0.9862260218479032
2032 0.5414834751529529
2033 0.94103411290986
2034 0.9122047917413616
2036 0.12830063407087827
2035 0.9136885728909027
2037 0.5883046871360524
2038 0.8980676703941433
2039 0.46421437717345293
2040 0.23943262115594133
2041 0.8552404398285373
2042 0.8122655988662915
2043 0.7109295467281915
2044 0.6117869445356521
2046 0.8771795174500445
2045 0.7777507478233715
2047 0.5664274156116701
2048 0.9063463744582287
2049 0.9445621774398874
2050 0.23022120533703924
2052 0.5460108817204218
2051 0.8602014916034075
2053 0.969148243054475
2055 0.9539756295447112
2054 0.897978811929847
2056 0.42365455306650573
2057 0.8701970550889122
2058 0.651919937470188
2059 0.735001356416877
2060 0.6897193965404529
2061 0.9061235181740156
2062 0.03297069930609142
2063 0.634425909847087
2064 0.5743296351196424
2066 0.6221119050656241
2065 0.8315831792598729
2067 0.23411645082939767
2068 0.857646027007978
2069 0.6386356909160051
2070 0.8216800614378108
2071 0.5826581897514983
2072 0.8989476779047019
2073 0.9854253036481745
2074 0.8185505194661457
2075 0.9730849354762457
2076 0.7896116843890656
2077 0.837189246881903
2078 0.815965784243718
2079 0.35581213964645386
2080 0.6859028432630707
2081 0.8933191965516583
2082 0.27656038103858066
2084 0.8166455276717022
2083 0.796283920882374
2085 0.9671619672211403
2086 0.7237228085447537
2087 0.8356166050691929
2088 0.9391682541890986
2089 0.6700137122811127
2090 0.6934713366159637
2091 0.7347729965871896
2092 0.5875800044203384
2093 0.5173929857769153
2094 0.41957631108257637
2095 0.5676990856324103
2096 0.8268321414774761
2097 0.8138557135204112
2098 0.7870079179743338
2099 0.9428382307259118
2100 0.9016494467699956
2101 0.6121916440242661
2102 0.6683946408369554
2103 0.21394365081968605
2104 0.5277004332174289
2105 0.6271262852141489
2106 0.5573946299892316
2107 0.6842370424744004
2108 0.3250845466610444
2109 0.5842108800324352
2110 0.4533945997196301
2111 0.22954121560273255
2112 0.9256355844535797
2113 0.8045833209664468
2114 0.5088614698960642
2115 0.9869066206679818
2116 0.5873405980108203
2117 0.9846315468133497
2118 0.08826597167757656
2119 0.8616099236115415
2120 0.8206857232183139
2121 0.8265965213274792
2122 0.8378062467759381
2123 0.6598547085015196
2124 0.9716960376807244
2125 0.5538092296044782
2126 0.7895610458781215
2127 0.6095992182372528
2128 0.6108183988228677
2129 0.8120950315922139
2130 0.6980453808962501
2131 0.959965135381877
2132 0.028087553212904785
2133 0.8688184706248054
2134 0.9562259683455754
2135 0.5577008349374141
2136 0.7075306421883109
2137 0.8268295708155984
2138 0.8835638739648654
2139 0.7243776937098788
2140 0.7018714547669058
2141 0.6305875899443756
2142 0.8490135041929167
2144 0.8674537164943086
2143 0.23849451545645056
2145 0.9599430523470022
2146 0.7404664535634826
2147 0.9178090290226518
2148 0.044943706412591
2149 0.1793184408269216
2150 0.5224582952876048
2151 0.902025465422257
2152 0.842889530203757
2153 0.7033762258639152
2154 0.33746328298669764
2155 0.6949980014559208
2156 0.1562352593827005
2157 0.08932646148925762
2158 0.7983083835210895
2159 0.2269995682516035
2160 0.8160856898131561
2161 0.8234629466065477
2162 0.9991713624435632
2163 0.8453616551775529
2164 0.047452721095525195
2165 0.7073586547126857
2166 0.7847460904588428
2167 0.9961047787415271
2168 0.8244196602747408
2169 0.4391610540509236
2170 0.4448169299423819
2171 0.6608878057696925
2172 0.009877593451052128
2173 0.23724104526152354
2174 0.9995237399639114
2175 0.5617137282723473
2176 0.7255792550840955
2177 0.6463486300427774
2178 0.9994369524772945
2179 0.22043024830728808
2180 0.12625290294059852
2181 0.8609717053221422
2182 0.8465635366891372
2183 0.5054660146769486
2184 0.07625581295151805
2185 0.5114235133290891
2186 0.2626899954579939
2187 0.6979982121454735
2188 0.8069376012723024
2189 0.5112579807522378
2190 0.6367707814991206
2191 0.3564693287083517
2192 0.3208859731509826
2193 0.7352600223129482
2194 0.630409370501916
2196 0.7437680895644365
2197 0.6222186623950599
2195 0.782257607234648
2198 0.4311763844568301
2199 0.7850225554180357
2200 0.6709145152712173
2201 0.8121995099717829
2202 0.9331458896580926
2203 0.817668408699986
2205 0.6471932958027552
2204 0.6015284297050545
2206 0.6905350141696129
2208 0.07651198133504035
2207 0.5957162283217329
2210 0.9156846363117512
2211 0.575515629340374
2209 0.6157591400266244
2212 0.644101160317646
2213 0.4567092524417005
2214 0.5343241574741174
2215 0.6493610224728011
2216 0.3620066068751528
2217 0.7961616332673118
2218 0.4380381467211154
2219 0.7766957435934841
2220 0.5775390996880253
2221 0.0
2222 0.3964621175627806
2223 0.9020854911553263
2224 0.84023400698918
2225 0.8130806853741785
2226 0.6239781938654478
2227 0.92398756738373
2228 0.9919378896688887
2229 0.5156527567160367
2230 0.7854875119771836
2231 0.8514645652643932
2232 0.04249008036620569
2233 0.8586387268204804
2234 0.9176724332482813
2235 0.0925842655984688
2236 0.45165256270902315
2237 0.8687436734436312
2239 0.8359028010944243
2240 0.6040009902532998
2238 0.5955718754510224
2242 0.5975863795001951
2241 0.9519867708316588
2243 0.3457621666097894
2245 0.9923666873002303
2244 0.83237098159882
2247 0.5041187296071872
2249 0.7706116881399372
2246 0.49204916529080306
2248 0.5253703300502998
2251 0.47330533462700386
2250 0.7570238258700184
2252 0.26661162119812015
2253 0.7905220486318839
2254 0.5778348565889772
2255 0.7255857832995737
2256 0.2904587398081152
2257 0.8883652381926523
2259 0.4966898712474916
2258 0.8023427851727213
2262 0.9229974426706843
2261 0.4535269130679858
2260 0.8047777306366677
2264 0.7823722874481547
2263 0.9264872479977702
2265 0.9971965992314042
2266 0.5493015842360229
2268 0.7639451748028201
2267 0.5700947046153335
2269 0.47308019626426717
2270 0.40780429595481194
2271 0.8128022782959331
2272 0.45269490928143025
2273 0.28691894049588695
2274 0.8156651151070801
2275 0.48087579390073104
2277 0.5673767064803817
2276 0.22841963245336688
2278 0.7397911046957866
2279 0.6060423068536601
2280 0.3785025842602906
2281 0.95863526168981
2282 0.06852726979092008
2283 0.42406684188858673
2284 0.6331313079583962
2285 0.560112605998375
2286 0.8177341535771745
2287 0.6149288921846529
2288 0.928451591914359
2289 0.5600029914591331
2290 0.9001512725824257
2291 0.6050083971409395
2292 0.86223312608949
2293 0.6332030206086898
2294 0.9918017637810016
2295 0.24110422505034756
2296 0.618133555240014
2297 0.9024621981362174
2298 0.920906809350582
2299 0.7565717675044419
2300 0.6259938750162776
2301 0.9517291464958376
2302 0.3832160381856938
2303 0.7235268972954108
2304 0.7279726541426681
2305 0.9340728238853944
2306 0.03909699799061761
2307 0.8270056147726194
2308 0.5727523421683176
2309 0.7231387972990657
2310 0.957403466226266
2311 0.3139713019238571
2312 0.5635099264995278
2313 0.658948003606404
2315 0.0812973079554034
2314 0.9650055629325245
2316 0.9458616194213282
2317 0.8831999048207436
2318 0.24369740246983718
2319 0.017180488957037426
2320 0.22555795152669256
2321 0.6140123780676434
2322 0.8322664324453353
2323 0.798891333981827
2324 0.8804369344863127
2325 0.8712877312964615
2326 0.9804986706040248
2327 0.8614687882200559
2328 0.5436512714791994
2329 0.0
2330 0.3829006041950981
2331 0.22539558624914102
2332 0.896620326249794
2333 0.4534803783394904
2334 0.6068667126363417
2335 0.4806667620139661
2336 0.8884946894680633
2337 0.9924553240473183
2338 0.6554364797808463
2339 0.5656216434783332
2340 0.7087202427579666
2341 0.711706275438087
2342 0.8403934412927324
2343 0.3650120693170452
2344 0.821935662498528
2345 0.9639727920990371
2346 0.8477812681867175
2347 0.7780759727719951
2348 0.33555811131988894
2349 0.6298444165247843
2350 0.5267338987388658
2351 0.5102124573539113
2352 0.47271214251720217
2353 0.6273219183250847
2354 0.8327595970208247
2355 0.3305531743741902
2356 0.7170626622716735
2357 0.5410104247898712
2358 0.45960188460487106
2359 0.4390415577455191
2360 0.9393853800342499
2362 0.9658294531253105
2361 0.4254637963794092
2363 0.8892955946543186
2365 0.7062670129599183
2364 0.43659975192947575
2366 0.7462274638665594
2367 0.962594463898451
2368 0.7920259184544136
2369 0.953787818060068
2370 0.9256019001170082
2371 0.9343255465757084
2372 0.9861375549014032
2373 0.44112050433658917
2374 0.6270335004647508
2375 0.8619986950692649
2376 0.4432327603784014
2377 0.8852809432706389
2378 0.8676400013906398
2379 0.9832124392074839
2380 0.4869504258551226
2381 0.7291209079685269
2382 0.975247798818207
2384 0.24034490596872332
2383 0.8684043977709422
2385 0.2689565377009178
2386 0.9965409300594511
2387 0.7390365562573455
2388 0.784693313463049
2390 0.7153735631945878
2389 0.9834033529487818
2391 0.8215677853283115
2392 0.9131992584100499
2393 0.6388858050239828
2394 0.45443481170619077
2395 0.9803965560576285
2396 0.6765252090313856
2397 0.7278127135496687
2398 0.9073533439979535
2399 0.7407822811876303
2400 0.4991440827214702
2402 0.9355790475979747
2403 0.6895788180772385
2401 0.9949465179373792
2404 0.8969150584154367
2405 0.7572873024438829
2406 0.48294426276308455
2407 0.9930936420887679
2408 0.8979821993104685
2409 0.11412454198061815
2410 0.5359797781416982
2411 0.9223835861815632
2412 0.0
2413 0.5601086074783578
2414 0.03563342423771682
2415 0.8499623412182894
2416 0.5156569753255712
2417 0.49566620282954543
2418 0.33799181984669174
2419 0.5493384223147847
2420 0.9788361584926144
2421 0.0664807158879006
2422 0.318576682952956
2424 0.8218509334742361
2423 0.9650612984403858
2425 0.5968279636336352
2426 0.6564810137537576
2427 0.12625975557300012
2428 0.4185336532969212
2429 0.40710299713210096
2430 0.8592770966900806
2431 0.9256091421940169
2433 0.9588855403538403
2432 0.36958833864996293
2434 0.9194922015071632
2435 0.14413106260160236
2436 0.8752262922204634
2437 0.7389682897014667
2438 0.5986329185458267
2439 0.9479533677833453
2440 0.13712118462710843
2441 0.6753735883779816
2442 0.9488474968154945
2443 0.7004706507158621
2444 0.07164429010738695
2445 0.0414512278756254
2446 0.4687218467563276
2447 0.5841902981829067
2448 0.8098822920073725
2449 0.8193009427857142
2450 0.8050337699352511
2451 0.4585463549987632
2452 0.877561913151191
2453 0.9925044698361599
2454 0.7425810181889129
2455 0.7323842174610464
2456 0.6807379734170088
2457 0.9671298230334532
2458 0.6072686298604945
2459 0.5725835324546441
2460 0.819930777658007
2461 0.7971738656159871
2462 0.8595965534473438
2463 0.8144968074229176
2464 0.707473669324792
2465 0.7637152459157845
2466 0.8085485266525791
2467 0.9668747187996386
2468 0.554481692393213
2469 0.9980976650927094
2470 0.43902566823946604
2471 0.9675315509731847
2472 0.9799422963231111
2473 0.9995731208447873
2474 0.7672757948916838
2475 0.943286281286316
2476 0.7526163265801864
2477 0.6869387693101816
2478 0.844630590656274
2480 0.6145117891003975
2479 0.9888857988586822
2481 0.9663916004050502
2482 0.5429032266374313
2483 0.5721741376873862
2484 0.7270559503222459
2485 0.9249676401267879
2486 0.405831077554186
2487 0.7618559949620967
2489 0.7362825142457236
2488 0.8591479821709992
2490 0.7172643724854902
2491 0.7331399946564137
2492 0.44395998335449266
2493 0.8366531096675225
2494 0.8113676448417763
2495 0.7512282584996812
2496 0.8724813157634742
2498 0.4737898806193533
2497 0.2866354743079781
2499 0.8682653308079656
2500 0.9066376069687256
2501 0.3380490179927038
2502 0.7876610255677459
2503 0.7282894936885507
2505 0.9483608495806064
2504 0.7864768558073545
2506 0.6720195988096317
2507 0.4161518898390785
2508 0.928702362876251
2509 0.9407023404494876
2510 0.7959984397577466
2511 0.7670987570116442
2512 0.7068318112075815
2513 0.5357681666243618
2514 0.5915419694356863
2515 0.7842355334602631
2517 0.8320511288964981
2516 0.8067940407568569
2518 0.9947292178092629
2519 0.9981773676243438
2520 0.498832333659018
2521 0.37153398758383793
2522 0.24106047270762762
2523 0.1364053199099939
2524 0.7237844146501031
2525 0.9643513057565632
2526 0.8257757304193352
2527 0.7970715161745718
2528 0.7526695145258792
2529 0.2538677747877583
2530 0.006110765378461498
2531 0.9973156624258998
2532 0.8523769795802135
2533 0.8196931930979469
2534 0.7220060959371116
2535 0.515009913889097
2536 0.9767324155091154
2537 0.7201353048428485
2538 0.7667447556811328
2539 0.7446391359057395
2540 0.24307031415944486
2541 0.00936533109819932
2542 0.8283561222047632
2543 0.8502065742859553
2544 0.8598885911260629
2545 0.991255879009618
2546 0.03720396680938232
2547 0.9951152437443468
2548 0.3051680025089648
2549 0.5168467627368915
2550 0.47812711786488926
2551 0.015419821986139679
2552 0.45684193984199806
2553 0.999999039561591
2554 0.7724496050081745
2555 0.9970058229068169
2556 0.9850527244283119
2557 0.6955970398631443
2558 0.7069829739408042
2559 0.47458326895760383
2560 0.8623198594738852
2561 0.7513164230275843
2562 0.5352819827107149
2563 0.5223846718344644
2564 0.7799376651150258
2565 0.6514182295559762
2566 0.5567336386538162
2567 0.8227426410233535
2568 0.7448247793860377
2569 0.033312950096730645
2570 0.08818580341158293
2571 0.7224855193484152
2572 0.904937386930652
2573 0.3867148669825187
2574 0.9102807527811753
2575 0.4247879039272465
2576 0.9354871698253513
2577 0.3014997120423773
2578 0.7704014598735414
2579 0.6866211444852751
2580 0.7771044142563993
2581 0.40478964478158136
2582 0.8725853215531478
2583 0.9636195215185316
2584 0.6716248145063636
2585 0.8834235104911659
2586 0.4981593717801563
2588 0.4645168459495831
2587 0.9613527817078469
2589 0.9988847955340165
2590 0.7765658302167847
2591 0.1329608329822025
2592 0.6270160704931284
2593 0.9080894064919773
2594 0.4168456470213311
2595 0.555596574728087
2596 0.9045205445911473
2597 0.5593758842063876
2598 0.7191126650813999
2599 0.9913908860864699
2600 0.3468338341627028
2601 0.7384316427015073
2602 0.5735413249339898
2603 0.7895695963658652
2604 0.9592539190859651
2605 0.8478373088835822
2606 0.9803579593101098
2607 0.9013184798885405
2608 0.9233428316030691
2609 0.5444042350945616
2610 0.8339972279881864
2611 0.4976606797103251
2612 0.6226457928378032
2613 0.7940705338081907
2614 0.9522892453556192
2615 0.46937374324833364
2616 0.824163537394357
2617 0.6910678168072966
2619 0.9880155593839832
2618 0.9939797217029059
2620 0.8287839729589774
2621 0.5594859951407689
2622 0.383398471790651
2623 0.3749714767735894
2624 0.5624803329449279
2625 0.6550909501127571
2626 0.990367357792959
2627 0.5826410475138434
2628 0.3620216882107197
2629 0.4303091052140401
2630 0.725375893757293
2631 0.856379766335194
2632 0.9973013565467234
2633 0.3716835107263405
2634 0.8306535721425206
2635 0.6698806507460048
2636 0.9675732314561356
2637 0.012827715023912058
2638 0.7082369581471057
2639 0.4245567364488335
2640 0.3384845830651587
2641 0.9716350474593523
2642 0.6948289181428153
2643 0.9316619964850268
2644 0.865442106607509
2645 0.6919160007010824
2646 0.7853785112760573
2647 0.9497842523436857
2648 0.9466405499227606
2649 0.8072156389526396
2650 0.43049247279502395
2651 0.8230843872243291
2652 0.11696912040544136
2653 0.40759504864955903
2654 0.9881377360245792
2655 0.4032948130943161
2656 0.6002326638104047
2657 0.24794544915262556
2658 0.3945208370978484
2659 0.9655267892672101
2660 0.8108097951519609
2661 0.8063669510312634
2662 0.06639770314659052
2663 0.9695855106114868
2664 0.8360617958636266
2665 0.9740635038533626
2666 0.7529508347140175
2667 0.5141700354361504
2668 0.9533707834075229
2669 0.7055791515109092
2670 0.7458068618816492
2671 0.9036124510918047
2672 0.9911665554329817
2673 0.5279307669149778
2674 0.9529726426154187
2675 0.6502128986482323
2676 0.5637534110489256
2677 0.9937845328786256
2678 0.7736334593529989
2679 0.14973856217301024
2680 0.3607125597054034
2682 0.4064553219480889
2681 0.5941915156321683
2683 0.9011529223726804
2684 0.758104600975665
2685 0.8475596775793317
2686 0.6878285909573246
2687 0.9490622549158554
2688 0.807076460569534
2689 0.5058188158382325
2690 0.997349439506463
2691 0.17867936148178334
2692 0.5666323096441268
2693 0.9879726802364596
2694 0.7852851159032885
2695 0.7186146739424593
2696 0.7738624791890478
2697 0.5127694338416096
2698 0.8145491610303403
2700 0.920042350368481
2699 0.8107815246773687
2701 0.9784571253532774
2702 0.09964619409185951
2704 0.8336250662877764
2703 0.6675129506802705
2705 0.9395240568119537
2706 0.961701176804912
2707 0.7698054292385698
2708 0.8516853663045767
2710 0.5363917994778542
2709 0.30000709490673927
2711 0.693011634187945
2712 0.9738197850163695
2714 0.9557703891401377
2713 0.735094751063237
2715 0.26126355292985814
2716 0.9913342518390895
2717 0.6095085442522905
2718 0.6153685232255859
2719 0.6871560629217011
2720 0.7370067737795827
2721 0.7299996124851503
2722 0.966349686967277
2723 0.9204762954379991
2724 0.8844113547116846
2725 0.535586007591995
2726 0.3635038373511274
2727 0.9382272090092781
2728 0.6876255906995059
2729 0.7234513729130305
2730 0.8928016553529466
2731 0.1984221571523531
2732 0.30608242213787146
2733 0.6608642695176775
2734 0.8961150303382571
2735 0.9059508668063759
2736 0.7836593873469997
2737 0.908952011597377
2738 0.4866648667255014
2739 0.42266793935620295
2740 0.3780192411669556
2741 0.502897652047951
2742 0.9324071538308478
2743 0.9762969203607476
2744 0.8736402862730798
2745 0.22860645992901313
2746 0.8047080676673624
2747 0.846278971299974
2748 0.7868293908847068
2750 0.8263923466623
2749 0.8862677136533832
2751 0.7336875765091974
2752 0.8998763637226495
2753 0.8294484220866418
2754 0.0377206871099909
2755 0.05084113599455135
2756 0.15072388336701098
2757 0.38211518149451285
2758 0.9659495369458274
2759 0.7985855438067857
2760 0.9813464656445962
2761 0.6804002604234958
2762 0.6831967778993867
2763 0.48173635768667256
2764 0.6346505796558213
2765 0.8913696085420052
2766 0.5481687505470519
2767 0.5018998944344658
2768 0.7902440447591943
2769 0.8763479946120805
2770 0.8375524461565521
2771 0.5690403018481449
2772 0.8640311804200955
2773 0.6726849631871447
2774 0.9987422089467219
2776 0.17024728273864145
2775 0.7081457747076292
2777 0.4110494945020693
2778 0.8452813193591056
2779 0.9770620763543798
2780 1.0
2781 0.678008988105253
2782 0.5272250225927751
2783 0.9143635198025442
2784 0.99956187628611
2785 0.5990585772434369
2786 0.4367322678327244
2788 0.68615933394129
2787 0.893072165829958
2789 0.7145234934003254
2790 0.9884129847172037
2791 0.7517677137095671
2792 0.6434101182884244
2793 0.9780876186748539
2794 0.20394353633089632
2795 0.49192159645399697
2796 0.6954391204377995
2797 0.6986292234827417
2798 0.8908289568191837
2800 0.8229696292080465
2799 0.39324636478175035
2801 0.5536103123179321
2802 0.9469221510456116
2804 0.9373495517764875
2803 0.9894838532178603
2805 0.9243144827324197
2806 0.9863277884827351
2807 0.9671182530545133
2809 0.9249154764989165
2808 0.8216214015102632
2810 0.9139026248399993
2811 0.9087444969710188
2812 0.9925883679974391
2813 0.7599664920587933
2814 0.8382308890757795
2815 0.8870401942969319
2816 0.3456317564769137
2817 0.8983477023301449
2818 0.9437164751725642
2819 0.7140083504990428
2820 0.7668001250151764
2821 0.6491783909810804
2823 0.9690535454828576
2822 0.9950080571457894
2824 0.6719962159580273
2825 0.9811652004171058
2826 0.7467726182178401
2827 0.7721173185379906
2828 0.502940504681367
2829 0.709986367377115
2830 0.7000761373180449
2831 0.8651977842141588
2832 0.40552688901315675
2833 0.8679042954185162
2834 0.9427634735386781
2835 0.9976491852320606
2836 1.0
2837 0.46311335390515596
2838 0.4462062255885709
2839 0.5674332625617378
2840 0.9473805929161899
2841 0.9998971504766007
2842 0.7097705817141395
2843 0.7015341681653977
2844 0.0
2845 0.40017580287619164
2846 0.5493244217134932
2849 0.07884480596484844
2847 0.910461150733149
2848 0.48969071352851457
2850 0.9383785653484582
2851 0.5422937751596837
2852 0.5338848160223942
2853 0.644209384219212
2854 0.7059693737928888
2855 0.8679305600768862
2856 0.7692128253995124
2857 0.8814346624622208
2858 0.36698738094897654
2859 0.8952760777384388
2860 0.9049361531465349
2861 0.9755495402319695
2862 0.09526935786831105
2863 0.8492835850089367
2864 0.5721367858770898
2865 0.5027111315399944
2866 0.723466388452849
2867 0.37219664785713624
2868 0.9187463779505728
2870 0.27243553513957325
2869 0.7533507766552343
2871 0.951889907143246
2872 0.5889659783138618
2873 0.11839693599573184
2874 0.7798389278244763
2875 0.4671542226447349
2876 0.9199841219282051
2877 0.7335724729457614
2878 0.38018459542799066
2879 0.7860141015760873
2880 0.9560544024771762
2881 0.9879804745329318
2882 0.8754106880263784
2883 0.9867817467091942
2885 0.3608434775394759
2884 0.2396178581562052
2886 0.8795511452986189
2887 0.7768560478852026
2888 0.9596390597876417
2889 0.6005643375230822
2890 0.532918624847735
2891 0.9259567870516017
2892 0.9619297609065894
2893 0.9432038190783224
2894 0.654641837133638
2895 0.9557481390508348
2897 0.9084533025143664
2896 0.9309303829930399
2899 0.9669201412289183
2898 0.9605043008129994
2900 0.9414085143251265
2901 0.25992316364719664
2902 0.6814717696209274
2903 0.2517323338774804
2904 0.4159285923567601
2905 0.8991616914850232
2906 0.35572196830777947
2908 0.06361467528627436
2907 0.6194230511308191
2910 0.3291796054422302
2909 0.4951030943052867
2911 0.7161288719201794
2912 0.8582297468884237
2913 0.8841227554471098
2914 0.7640349795239508
2915 0.6441978910011498
2916 0.9310815882736654
2917 0.5426155942945435
2918 0.07541138815402262
2919 0.29980625257423105
2920 0.9985510474409459
2922 0.7179895404689917
2921 0.7746554997780379
2923 0.4198573317160088
2924 0.6931779841227546
2925 0.6841704540858062
2926 0.6359397088645856
2927 0.6571461171084161
2928 0.730842146108175
2929 0.8628407566243335
2930 0.1450052783668025
2931 0.24277595942777666
2932 0.9162149690056148
2933 0.9734964473506398
2934 0.8436190164669621
2935 0.41167126117087083
2937 0.8863485278912799
2936 0.7417814273842686
2938 0.7464021009143564
2939 0.6756044412487199
2940 0.9679510672836936
2941 0.44828582361801395
2942 0.2835763965748647
2943 0.7105669865235765
2944 0.22098662758723425
2945 0.5450322390825655
2946 0.7026839182542302
2947 0.8295333352369337
2948 0.5256210660295707
2949 0.732451431547923
2950 0.1451450985538346
2951 0.5269272575061378
2952 0.7712641256563453
2953 0.675633158690537
2954 0.3645834076745756
2955 0.5856601489226225
2956 0.39928607115667736
2957 0.8697869874098525
2958 0.8272833053128994
2959 0.9749510380489071
2960 0.7295378381722736
2961 0.8792863925421872
2962 0.7727423569037758
2963 0.463182329892854
2966 0.992651502194
2965 0.7904391194884792
2967 0.756946479800928
2964 0.09214238618628719
2968 0.5488633061730566
2969 0.7722198808002813
2970 0.8557720954968193
2971 0.5993351296649765
2972 0.15828090326507294
2974 0.6294596083529559
2973 0.720786265172026
2975 0.8405583063353942
2976 0.8337341411112719
2977 0.9995641209005798
2978 0.800225539021829
2980 0.7756995101572624
2982 0.04708284946037082
2979 0.9839622748878862
2981 0.9024139462546966
2985 0.9846947357208903
2984 0.9685094420499395
2983 0.9685314300420603
2986 0.5762614979683265
2988 0.31781441197887345
2987 0.4229988254461406
2989 0.6768806922497519
2990 0.8645250878580719
2991 0.9674135839155555
2994 0.5952396941109385
2992 0.9692720893232304
2993 0.8700544064338702
2996 0.6514171231982486
2995 0.23506175646724103
2998 0.24268443719883404
2997 0.7443758640945441
2999 0.8835900038573226
3000 0.5324527025875804
3001 0.9977721204729809
3002 0.4337692205964799
3003 0.8093146137637962
3004 0.844342215199967
3005 0.09883126946544249
3006 0.22428783374820374
3007 0.637535723685998
3008 0.511604766609641
3009 0.5037062701720673
3010 0.3318658297661757
3011 0.6417285673049683
3012 0.6921249265504145
3013 0.456994482481274
3014 0.8950523231324302
3015 0.9059527957060464
3016 0.9677973041520481
3017 0.7933514744187177
3018 0.9423112518675434
3019 0.22057761485445077
3021 0.934654493149882
3020 0.8295754273777515
3022 0.8136345634854267
3023 0.24407970518888344
3024 0.9990790063669159
3026 0.9078583022391018
3025 0.9395179310818745
3029 0.5389151068274961
3027 0.24647744085707596
3028 0.8205744696081583
3030 0.9521308914974049
3031 0.30810492279636603
3032 0.7070669293389193
3034 0.9646781155425709
3033 0.8772334830640343
3035 0.6438218481764687
3036 0.9998542208015414
3037 0.9645003555045012
3038 0.7726511785614618
3039 0.5880820401607749
3040 0.5695254507364446
3041 0.5570213886088345
3042 0.1533455156100312
3043 0.7947674883343105
3044 0.8731425291001893
3045 0.5167530399512117
3046 0.8317849703114781
3047 0.6671884432050984
3048 0.7813945589092319
3049 0.7540383432592569
3050 0.474530524306379
3051 0.8103615517265006
3052 0.7689436077077169
3053 0.40595001769422345
3054 0.8862584908303094
3055 0.8278160674539646
3056 0.04225533112645487
3057 0.9238991811198848
3058 0.9530331604354888
3059 0.5421528493280594
3060 0.2169175833190851
3061 0.6580635194994244
3062 0.9600797567032446
3063 0.4538857246468875
3064 0.7031820308013738
3065 0.4068671811202393
3067 0.3782030048932566
3066 0.046942075860387546
3068 0.9967478326316421
3069 0.9692485253381637
3070 0.09656847896789733
3071 0.8103374526097654
3072 0.5647261420725813
3073 0.1663800340859621
3074 0.7314527023752887
3075 0.7531867861105869
3076 0.6043642718982393
3077 0.20187863802247302
3078 0.020659887099791312
3079 0.8750976959713377
3080 0.9869379207894706
3081 0.630860712411042
3082 0.015138041143564868
3083 0.7126287724874314
3085 0.8111980299713288
3084 0.4279956405701092
3086 0.4779436761046135
3087 0.9123781166605354
3089 0.6810992496666334
3088 0.9999524162282039
3090 0.26569905197170696
3091 0.8133451863905583
3092 0.0032313272589422548
3093 0.5306817476243646
3094 0.8742154365383826
3095 0.9999937496082563
3096 0.3624427980768152
3097 0.3236917674691565
3098 0.6430818665709787
3099 0.8561468753206327
3100 0.7809919650191967
3101 0.9841070223160906
3102 0.08456887312065382
3104 0.7075928774821277
3103 0.7549008498333816
3105 0.17916916148063805
3106 0.7143694900193343
3107 0.9512064562958871
3109 0.7077822903753084
3108 0.9658551411968251
3110 0.23523764957907298
3111 0.9437090160054193
3113 0.8075287366407545
3112 0.5244897010223927
3114 0.9935839794981657
3115 0.5277981954402988
3116 0.7251524462922799
3117 0.6543216084580267
3118 0.5242127951328301
3119 1.0
3120 0.4335041775271116
3121 0.33618256634923877
3122 0.9188209956997085
3123 0.9131223825640437
3125 0.7915049626002666
3124 0.823091748543458
3126 0.99927949782217
3128 0.8663588250948783
3127 0.5609048360272304
3129 0.7720693145113736
3130 0.7455375905393771
3132 0.9185015143599372
3133 0.6461636702840394
3131 0.5451709095772208
3134 0.9949213426973809
3135 0.8999070402290144
3136 0.9847455742743386
3137 0.851158592404271
3138 0.15242115717589383
3139 0.3934760808349988
3140 0.9825641244047355
3141 0.9782333768483216
3144 0.5886936274293788
3143 0.6003689791110002
3142 0.22584109007907183
3145 0.6710148037133342
3146 0.9746851161496989
3147 0.8991623960175367
3148 0.7206433405291777
3149 0.8524171787046911
3150 0.7076605004779781
3151 0.6906573086874812
3152 0.6906917670431832
3153 0.8227091306301466
3154 0.8771150481839259
3155 0.6698277479967502
3156 0.7991756601374903
3157 0.3318091480580238
3158 0.7370890858364738
3159 0.6596429590780362
3160 0.14937097156155885
3161 0.40526776190190733
3162 0.904821152288832
3163 0.42053777958164135
3164 0.9979630747104041
3165 0.9060560789510651
3166 0.5165048416627896
3167 0.9056182634442631
3168 0.9084477460057911
3169 0.5962398399248907
3170 0.6868084516331685
3171 0.821023582462349
3172 0.9640859806461561
3173 0.9467778924998629
3174 0.8394190899655387
3175 0.7785719248318286
3176 0.7454939061068021
3177 0.23531870360691112
3178 0.9074113505675594
3179 0.8835707607516814
3180 0.5553874643297435
3181 0.6113351634964088
3182 1.0
3183 0.8073094824229383
3184 0.8450866364648361
3185 0.7098979470392531
3186 0.7175634076671875
3187 0.8515222979455705
3189 0.9999940037845322
3188 0.07592843529860989
3190 0.5373472699195505
3191 0.6886968500588235
3192 0.4025382838589823
3193 0.9073641697106537
3194 0.47198901824789186
3196 0.28377604117726263
3195 0.2057243886244097
3197 0.3585442050441789
3198 0.2774830103695162
3199 0.5717219450977578
3200 0.9969425347630139
3201 0.9511836124551601
3202 0.8973250930650091
3203 0.7978312520326148
3204 0.6060825788652453
3205 0.8308436997804226
3207 0.8941119726865323
3206 0.9998792409463981
3208 0.5172632446992816
3209 0.8570706923522411
3210 0.7989033825303753
3211 0.5129050234573383
3212 0.6946129134921142
3213 0.3963836883881192
3214 0.7769794269034915
3215 0.20658450251866906
3216 0.8313674965516514
3217 0.8174920795821958
3218 0.7849300610835116
3219 0.9900200289631489
3220 0.956153577445241
3221 0.7661051871532639
3222 0.6766849723586722
3223 0.7658885886215973
3224 0.8871873560242778
3225 0.0737826404741241
3226 0.15520523061250602
3227 0.4783434930901743
3228 0.6652310848275322
3229 0.9606142582012569
3231 0.9876687363896144
3230 0.8344832261894812
3232 0.6363916867976971
3233 0.8698887867779275
3234 1.0
3235 0.721426620301301
3236 0.9084464269630045
3237 0.7577621701007048
3238 0.06275883783381934
3239 0.9877083747820079
3240 0.8581949952443804
3241 0.6381198496643127
3242 0.6363706857429358
3243 0.8757699491241155
3245 0.9954069898958149
3244 0.3678314211118765
3246 0.4029735504504382
3247 0.9966180187714492
3248 0.7482686947702772
3249 0.17869631588288493
3251 0.910334860069919
3250 0.8959756900001792
3252 0.7219060940827887
3253 0.45424669860251277
3254 0.5796396474002439
3255 0.5510357054572236
3256 0.5466022473730686
3257 0.9233614814663018
3258 0.5821889601908924
3259 0.7143692690813623
3260 0.534497278024615
3261 0.7668120410667917
3262 0.6793714265755839
3263 0.781911581215847
3264 0.9998424729493423
3265 0.8787397556712886
3266 0.3730456447414258
3267 0.840032516758047
3268 0.80939923455085
3269 0.7358432623175453
3270 0.9635777615597005
3271 0.6138951399980972
3272 0.7889989163417941
3273 0.8100153488952111
3274 0.9538136706130377
3275 0.5199900772114441
3276 0.23616735464717695
3277 0.2849319378833429
3278 0.7683901380428795
3279 0.8139507487034776
3281 0.9988162955733887
3280 0.305988192711235
3282 0.8849240410171842
3283 0.976559236907955
3284 0.5163162526811825
3285 0.8112971997811181
3286 0.856696225545245
3287 0.4408200235321523
3288 0.8101667426768356
3289 0.9555039014595277
3290 0.8945167194528248
3291 0.9751949992420484
3292 0.8718502726619674
3293 0.957089548850575
3294 0.9824378568600834
3295 0.9190861911360997
3296 0.7985660593187878
3297 0.7909687984190922
3298 0.6820315659909939
3299 0.3005153185074785
3300 0.5844771669331582
3301 0.5707370294426671
3302 0.3977708376236622
3303 0.2230321779493775
3305 0.3481121950355898
3304 0.4876790965583705
3306 0.8155151318780709
3307 0.3546013798067748
3308 0.9289017274855293
3309 0.7651657714464446
3310 0.642938703672506
3311 0.9887911134940182
3312 0.9010092180909329
3313 0.7030836657609655
3314 0.0
3315 0.5369159974476613
3316 0.7949268486645023
3317 0.5986745300541103
3318 0.17323212856444944
3320 0.6507553356613083
3319 0.5177722919338221
3321 0.49076148687555976
3322 0.284477445609288
3323 0.4396623507185228
3324 0.4287270804286576
3325 0.9042152639356835
3326 0.5261898399538882
3327 0.7107236642735969
3328 0.2591870324050935
3329 0.7360837418374179
3330 1.0
3331 0.48374336479746327
3332 0.9512521293627751
3333 0.7921908686724729
3334 0.1366635930291768
3335 0.8677240363275179
3336 0.591285646622694
3337 0.7902295933189213
3338 0.9716457071845197
3340 0.43153294047883844
3339 0.36328543279619363
3341 0.9650508498421108
3342 0.9932424365392915
3343 0.9216005132642716
3344 0.6396162631625957
3345 0.9360391620573656
3346 0.9255297674714785
3347 0.6296621619071425
3348 0.4372060365742156
3349 0.8082278801617977
3350 0.6713937587138556
3351 0.8447769679784993
3352 0.7080489865889401
3353 0.8798175434679256
3354 0.6578801735231022
3355 0.9389946340457617
3356 0.7654361823710809
3357 0.037898207275535244
3358 0.1902716312945882
3359 0.8687758576181803
3360 0.9762848209763159
3361 0.9158420553624638
3362 0.22893236527596728
3363 0.36626990023022366
3364 0.43806854062248146
3365 0.24917289963361064
3366 0.9981567033987934
3367 0.6492920215206881
3368 0.06747115455482387
3369 0.6639966258435211
3370 0.920075789510294
3371 0.5724434287630031
3372 0.5126329451471073
3373 0.42417452739587047
3374 0.5579256346581257
3375 0.87759461527195
3376 0.6676796721289353
3377 0.9846303092859623
3378 0.044377483113228484
3379 0.9093796362465557
3380 0.41460501660172755
3381 0.3529826359984403
3382 0.37291140893145136
3383 0.0
3384 0.5566466041703426
3385 0.661937154379294
3386 0.008564663051652769
3387 0.7973947615673509
3388 0.597248127539128
3389 0.7090193259024711
3390 0.6438452604013435
3391 0.9970882722703801
3392 0.4503969255256271
3393 0.9079705483510147
3394 0.9627701984504367
3395 0.0064613693544569055
3396 0.6034304864658713
3397 0.8401679434866303
3398 0.1649757188593184
3399 0.848755299063717
3400 0.5334355670327072
3401 0.8828414932249828
3403 0.776043666695349
3402 0.7468741782545245
3404 0.8827643014601142
3405 0.8883695458204881
3406 0.674498263732516
3407 0.5577671365052279
3408 0.6554635444179966
3409 0.0473636980761993
3410 0.4618350230669202
3411 0.8223284276204224
3412 0.8445044299756437
3413 0.8525230535772994
3414 0.9763667890091214
3415 0.3402832338386008
3416 0.5125951333829426
3417 0.39418028343123945
3418 0.7048199622727551
3419 0.8993991842093071
3420 0.37299946780352894
3421 0.20565639351733103
3422 0.4992709000321168
3423 0.5655702283344675
3424 0.5502965719385821
3426 0.17158645714338763
3425 0.9830975740045662
3427 0.8727278297090676
3428 0.885080717621355
3430 0.8457304629137633
3429 0.08672875598100728
3431 0.009538828313184073
3432 0.11698836781691241
3433 0.4581355900555872
3434 0.7469735545038936
3435 0.7436608464582897
3436 0.3394581970614641
3437 0.5278278169343905
3438 0.690127340590595
3439 0.9186854878671881
3441 0.9974336178822554
3440 0.59940270440495
3442 0.9775486794605972
3443 0.9158543630898018
3444 0.7827085706204491
3445 0.36361405920671674
3446 0.8657232751168835
3447 0.7925192297058147
3448 0.3742875674113819
3449 0.6755766208494288
3450 0.8665627063719213
3451 0.8160026044677179
3452 0.31844260173111005
3454 0.6650748864110506
3453 0.46907579458838655
3455 0.6581894179467473
3456 0.8549322420025218
3457 0.8958985784738237
3458 0.8523595975490018
3459 0.7829955248948295
3460 0.8203851598016473
3461 0.889081076497798
3462 0.8988348655786337
3463 0.8540887856228311
3464 0.6292358192105962
3465 0.700592274795843
3467 0.8843558333884413
3466 0.8028909823361371
3468 0.5820281212326457
3469 0.31127505224350926
3470 0.7519184937016655
3471 0.9963083061373591
3472 0.9470834416809768
3473 0.9962489514109821
3474 6.894602238625488E-4
3475 0.7173463807327018
3476 0.6092231991852365
3477 0.7173457703081347
3478 0.7336782616387711
3479 0.8843721038193292
3480 0.470775731164229
3482 0.9111668364150829
3481 0.8339592916514528
3483 0.6234384277395204
3484 0.5259168628164256
3485 0.6118040770201735
3486 0.7125394006628714
3487 0.3001198155465501
3488 0.6123080473519168
3489 0.23379076509421842
3490 0.6991132991212082
3491 0.03553251381221697
3493 0.8932404078162979
3492 0.40084246967656945
3494 0.5307252852871074
3495 0.9966618279990337
3496 0.83445027424483
3497 0.6904137656425211
3498 0.9787746386262696
3499 0.8683150387232169
3501 0.6436748208862517
3500 0.8284389359111336
3502 0.7835427612206013
3503 0.44472681485722915
3504 0.7466215998284
3505 0.9317821175692262
3506 0.6564543972630456
3507 0.9240956505216077
3508 0.8677740164672002
3509 0.6810020592999285
3510 0.8754108717057847
3511 0.22669202287805024
3512 0.3596778521529119
3513 0.7855843397338569
3514 0.8005928570326816
3515 0.7007994632689593
3516 0.9616087393187881
3517 0.454524234512454
3518 0.5699485462478969
3519 0.8667600605693733
3520 0.6737060187200036
3521 0.8873626282644667
3522 0.9881891556509175
3523 0.21357909238380052
3524 0.7788988536309854
3525 0.7909546815521352
3526 0.638654035150421
3527 0.8052063905852125
3529 0.6962135720707923
3528 0.9791091284927753
3530 0.502174561826734
3531 0.5151146091599343
3532 0.8857690207748761
3533 0.7037032987525296
3534 0.3376123632420857
3535 0.33137268659001623
3536 0.8100313271256309
3537 0.9943889027085715
3538 0.4385359353611628
3539 0.23823594265644657
3541 0.6137074162008571
3540 0.9871584176174839
3542 0.7096185975968757
3543 0.6333065687888264
3544 0.6188164812271051
3545 0.39772153481568645
3546 0.6023537475628816
3547 1.0005220432677495
3548 0.9978098391339675
3549 0.7055326033037528
3550 0.6508598413773894
3551 0.41483633180615964
3552 0.1685718926589821
3553 0.9673766715061438
3554 0.9836886278759138
3555 0.7354452680848373
3556 0.7580016416976524
3557 0.4661699770049569
3558 0.07424044468680528
3559 0.9318278495132517
3560 0.3546352263192499
3561 0.9995568387965301
3562 0.7078648561554497
3563 0.28485517015841133
3564 0.8259903390921006
3565 0.47855294357947
3566 0.3609502726960335
3567 0.12915098009633097
3568 0.5123098295927819
3569 0.13646473189990163
3571 0.9536283864236047
3570 0.029531617674418278
3572 0.8329960786219156
3573 0.9420510030940958
3574 0.8546329583274974
3575 0.5666948083798237
3576 0.9576703814265904
3577 0.486076639301326
3578 0.6818771599989175
3580 0.9003281903133861
3579 0.4905600104566049
3581 0.23548840318088665
3583 0.9500613053508729
3582 0.41101315339648054
3584 0.9914234297164974
3586 0.7890377504469809
3585 0.782691469315653
3587 0.8472103717678029
3588 0.2801944723014701
3589 0.8883210357493893
3590 0.36459992954233306
3591 0.5072912482793653
3592 0.5376804580906029
3593 0.6172549247799399
3594 0.49237174009972745
3595 0.6655490041270444
3596 0.714675529865528
3597 0.3407058666311579
3598 0.4484382289262324
3599 0.48294765646830584
3600 0.7285755139222496
3601 0.8386200742602962
3602 0.7500475693123404
3603 0.8512852957879062
3604 0.40227814581667987
3605 0.6814735422389603
3606 0.7793524388862697
3607 0.8291775286242248
3608 0.5773259181734808
3609 0.7866163150944946
3610 0.7635428761201323
3611 0.9303544218344366
3612 0.6518471555604084
3613 0.6278251126678035
3614 0.9300725041658165
3615 0.865344492145634
3616 0.960875003356405
3617 0.5250388741219902
3618 0.9630885214408499
3619 0.16991242430780357
3620 0.2753588288856458
3621 0.43542981162948446
3622 0.9767514553841573
3623 0.9987416007136455
3624 0.9060497892714454
3625 0.7450722895953376
3626 0.558339344995811
3627 0.526419064496914
3628 0.49484122619511167
3629 0.7882639530924234
3630 0.5395027672286893
3631 0.07516268502982293
3632 0.9102121562480617
3633 0.7010489094927322
3634 0.889288998722657
3635 0.8872954578491797
3637 0.3557500615660335
3638 0.6006586343783717
3636 0.6920025031754689
3639 0.7979849214674792
3640 0.47533217839063596
3641 0.1432593531500781
3642 0.9393811036100451
3643 0.3459008802481502
3644 0.8488838622619628
3645 0.7370664435045525
3647 0.5234010782810166
3646 0.9675954010448488
3649 0.9593882265188447
3650 0.8502664030432373
3648 0.13712723011153768
3651 0.4876633643213694
3652 0.5624367371807345
3653 0.6348882076582084
3654 0.904833822618673
3655 0.3691363649179942
3656 0.6578313906946974
3657 0.6721780383642173
3659 0.4487116367363351
3658 0.9390960232834541
3660 0.758692787748769
3661 0.9978664049185347
3662 0.3074076971345892
3665 0.761794883639035
3663 0.8763208316461912
3664 0.8914860013166649
3669 0.47186397261728585
3666 0.9675591786692793
3667 0.2684939075857748
3668 0.40782821244272066
3671 0.332912935631165
3670 0.6746778362772435
3672 0.7030995295303003
3674 0.005819621528419079
3673 0.8667828595483205
3675 0.7552183756022827
3676 0.9189948945945416
3677 0.5264375610111613
3678 0.8386731493171921
3680 0.6604741920302297
3679 0.5582673325739315
3681 0.456878399581711
3682 0.6765638299906589
3683 0.5033569133147132
3684 0.8824965076592393
3685 0.32556011710384275
3687 0.3308303744949285
3686 0.8889668315143046
3688 0.9303440234148209
3689 0.7720184156777855
3691 0.9999428485355512
3690 0.9801645521859281
3692 0.6897884890859368
3693 0.03435161404267715
3694 0.27481765654007784
3695 0.9282012719139251
3696 0.9908669602167817
3697 0.6783839885322289
3698 0.42866562128672236
3699 0.9839045758720957
3700 0.7393488259254372
3701 0.6838222596127528
3702 0.9596367750011223
3703 0.4858711982909961
3704 0.5302607879794371
3705 0.42771466361082394
3706 0.9489693058420483
3707 0.6050476087845946
3708 0.7773413397263502
3709 0.5186939159508668
3710 0.8456829273934489
3711 0.7104812276297764
3712 0.011119556692863958
3713 0.877420824813785
3714 0.9904573147561603
3716 0.7773705044480993
3715 0.8184979930979597
3717 0.7067842798671843
3718 0.7530525472129003
3719 0.6899134397115116
3720 0.8447033667030451
3721 1.0
3722 0.6953449395682919
3723 0.4048990001369359
3724 0.5833214360766877
3725 0.4655800960217309
3726 0.7007660004531647
3727 0.511235344879394
3728 0.9566044258050985
3729 0.9379589544292606
3731 0.8993384864502588
3730 0.7619863844688574
3732 0.976233455527411
3733 0.8452027861256262
3734 0.9601676111476654
3735 0.7199431089717343
3736 0.8277196974417578
3737 0.6460202000690294
3738 0.7231437692374614
3739 0.2177510379444393
3740 0.4562997700995512
3741 0.6483653575613477
3743 0.8662360619511279
3742 0.8459611583780071
3745 0.9987817283507814
3744 0.7710124467594969
3746 0.5282447104359481
3747 0.6358107527251716
3748 0.6245313935151197
3749 0.7402250628198408
3750 0.5739604345100803
3751 0.7204739237103577
3752 0.9752185341521891
3753 0.8043228951222533
3754 0.5705233030512082
3755 0.3632790037952972
3756 0.6100234932743749
3757 0.8152681805026747
3758 0.7124447441941697
3759 0.7545831493686106
3760 0.9786189642002912
3761 0.9806352793009917
3762 0.5139492655760017
3763 0.6334193715262875
3764 0.9992514482263399
3765 0.5503579846329705
3766 0.8964529267238907
3767 0.7118968941505736
3768 0.8147122181019759
3769 0.9654718369872421
3770 0.8001084323445076
3771 0.5066606510732063
3772 0.7651249789727894
3773 0.09212136951885878
3774 0.7474863274092052
3775 0.5176156756090888
3776 0.9963956490302025
3777 0.46141498470498
3779 0.888495664448568
3778 0.6751656713837677
3780 0.4990432188267444
3781 0.880577579134579
3782 0.8510035153909979
3783 0.993486353608315
3784 0.8485873899838908
3785 0.7752089038344886
3786 0.6603487115007111
3787 0.6392353856557474
3788 0.8349914180641137
3790 0.3388405446391646
3789 0.8986672863790091
3791 0.8382873393894407
3792 0.8698511743488574
3793 0.9858339358758977
3794 0.9517093343645294
3795 0.8682880419934155
3796 0.6155137514718109
3797 0.3012844746012483
3798 0.4863923219099939
3799 0.1847344240933172
3800 0.8389160467183958
3801 0.9267973350875056
3802 0.727924583158357
3803 0.16813176789783332
3804 0.8276673347671548
3805 0.7954042704591696
3806 0.889622942830216
3807 0.8369392639780641
3808 0.5274149019430459
3809 0.019089746120923175
3810 0.9999873770227672
3811 0.7220832836047205
3812 0.9852751590865625
3813 0.30052188383106204
3814 0.5060582884046217
3815 0.8