2 0.6444157043784079
1 0.8701888019976507
3 0.23635812041817927
5 0.3236945440542437
4 0.9806260166041881
6 0.6423029849706386
7 0.6650148561831449
8 0.8079840819517038
9 0.6564099724004056
10 0.4987683422145511
11 0.9072155864217429
13 0.7075551408382184
12 0.5761213627715758
14 0.3297103039090167
15 0.8611157208110255
16 0.9295823307633655
17 0.8648560993554605
18 0.6269921367770455
19 0.6051797554474762
20 0.38941199445730784
21 0.20560145118399384
22 0.836405072105078
23 0.79290870770742
24 0.7841608784476345
25 0.6558898222043651
26 0.594079480918224
27 0.865215395962259
28 0.5575125451589011
29 0.9713505139397145
30 0.726403142196091
31 0.415095580716951
32 0.7654381187302084
33 0.7431256650378959
34 0.8601940843122521
35 0.4015638344191488
36 0.7062330254935753
37 0.9784434587959151
38 0.8843651357615635
39 0.8612186675419589
40 0.6812014897470452
41 0.9787675281290947
42 0.24844318030263313
43 0.6336771463908536
44 0.1215538532826211
45 0.8396731153952722
46 0.11924002451995717
47 0.718943361586418
48 0.7175693145864985
49 0.9191607207129089
50 0.5498061373512303
51 0.6668518508515624
52 0.7530200477801189
53 0.9583418736045141
54 0.4585739248282153
55 0.8876426628067693
56 0.8142528953038782
57 0.7329433952159823
58 0.7707754830227224
59 0.995328589564871
60 0.703886991902337
61 0.6515603905576267
62 0.9844228185559668
63 0.9716398754979584
64 0.9127218744399018
65 0.8942525264588956
66 0.54006676816632
67 0.2837577384842774
68 0.7445725033628005
69 0.44594587417191334
70 0.969996542683366
71 0.6101152699291807
72 0.8528866112485266
73 0.8858452995777402
74 0.6849899269591363
75 0.9945386766847181
76 0.7249869177162043
77 0.8154565104226443
78 0.6103139948611807
79 0.9934395896705837
80 0.9795039062769555
82 0.871593254312672
81 0.913233197374837
83 0.10509142579614765
84 0.8720195113069151
85 0.6963646932494253
86 0.5244272343050712
87 0.1309892281722501
88 0.33492775282930765
89 0.48007481464010393
90 0.46816951188599926
91 0.9676195895352029
92 0.9540889518561756
93 0.8288920282662359
95 0.870468095424437
94 0.9491591536274486
96 0.7520667257465478
97 0.018516669342090317
98 0.9927057834475649
99 0.8131467768489185
100 0.3532942956059279
102 0.9843594058307573
103 0.942529937983977
101 0.8127607962674833
104 0.7702608967574817
105 0.7034120470896722
107 0.6275088379170114
108 0.7472443872151586
109 0.6472423355280656
106 0.4397235530470028
110 0.9119064986751398
111 0.9234455962172518
112 0.638841940169974
113 0.8133065916121938
114 0.8410595696001243
115 0.9411291709528278
116 0.30155463039763575
117 0.9028828371938982
118 0.6263419552205542
120 0.8585275792322692
119 0.437699077682481
121 0.8931498365699352
122 0.3831284744756206
123 0.6129203849352941
124 0.8307019713667312
125 0.8303225231384046
126 0.6181051851578191
127 0.5980731930437222
128 0.9138052563760961
129 0.6905857155562269
130 0.713494
131 0.9019178806143768
132 0.04842946237397213
133 0.5858459572810337
134 0.7782016102537631
135 0.5013511902349194
136 0.6350785118502075
137 0.9063452340737682
138 0.5054660146769486
139 0.5094295981225059
140 0.9047118708150799
141 0.6818655881708707
143 0.7515244997700259
142 0.8828305287575186
144 0.9325048687589983
145 0.16645054357026287
146 0.9378439096980817
147 0.4941525978700786
148 0.49459309378055605
149 0.9155247285068386
150 0.7475379943714483
152 0.9263073804774001
151 0.714066429227017
153 0.558033722972501
154 0.823177922535373
155 0.6905933254409422
156 0.5853579706334174
157 0.9848037023958469
158 0.9841492531493001
159 0.37858922506306075
160 0.7766370588500198
161 0.635477992003318
162 0.7705228754898892
165 0.4165865242843389
166 0.6840830262251442
164 0.46654
163 0.3601641672420389
167 0.2510964368080988
169 0.7897514398679498
168 0.6977403403459411
170 0.9623337844109925
171 0.9106240890370157
172 0.6286094437719032
173 0.7780623904387989
174 0.5192041890349975
175 0.9129282741096458
176 0.9415632765500527
177 0.7845467311374383
178 0.09902317684891769
179 0.7841674090692601
181 0.9200082393223029
180 0.8252526480805145
182 0.7851368553566178
184 0.3672555922144161
183 0.217528108880017
185 0.7455280715691339
186 0.6933601455867333
187 0.7334585725580587
189 0.3288589059296271
188 0.6520629964582885
190 0.9158693733257399
191 0.8566037678401234
193 0.41078382294568533
192 0.7620815944498347
194 0.9832469190266943
195 0.8229998191695373
196 0.9047368789767667
197 0.8950169890208212
198 0.5764470268465283
199 0.7844889182275185
200 0.39930113624807245
201 0.9888733037790782
202 0.961925472782465
203 0.756759224499838
204 0.7394777616383746
205 0.8117268399689833
206 0.26618702026435714
207 0.7978460079397518
208 0.4453034002307181
209 0.8942173050871259
210 0.6260006289463054
211 0.45923190204711845
212 0.9198771018555394
213 0.1925028795579969
214 0.9245811882233972
215 0.10789608708443624
216 0.5836536305354277
218 0.9923200449928875
217 0.3858621047763662
219 0.8179210041612655
220 0.29843378880163934
221 0.8407588114553837
222 0.6654991790996104
223 0.5788302799021257
225 0.6667202694833226
224 0.8273379422354524
226 0.7383962060383015
227 0.8304568772738663
228 0.9023679457824723
229 0.8941735276406917
230 0.6015964940146992
231 0.45478515622474
232 0.7528199997808586
233 0.7892803434500112
234 0.9563043630127864
235 0.79603840761037
236 0.8012974705779529
237 0.5058604430426021
238 0.8193985646103902
239 0.8429974525340922
240 0.8008905869833942
241 0.163920541076093
242 0.9991534302790149
243 0.8151111643008934
244 0.540072237058115
245 0.9005023606352333
246 0.9999725990477849
247 0.8734753813732586
248 0.8528850856910304
249 0.7885855170796161
250 0.6075718476679164
251 0.3841599306926522
252 0.9999555700619602
253 0.29021881348607526
254 0.23220024401429334
255 0.9980237777940444
256 0.8141463946633326
257 0.24495101579910183
258 0.6027157216277641
259 0.993332225893081
261 0.5232244948324549
260 0.6394930438641666
262 0.6667670764255558
263 0.8266273769583926
264 0.9347901578429918
265 0.7433129927740105
266 0.7992860127128699
267 0.8089913119378722
269 0.25433589751292446
268 0.5756073875280989
270 0.5105792752421159
271 0.7962430167222493
272 0.9272288986256115
273 0.6860513088104196
274 0.7237190949854584
275 0.2747473489375537
276 0.5791603922926493
277 0.9440637553843518
278 0.5583644910076991
279 0.29814613328848033
280 0.9712629475963208
281 0.8264135871534988
282 0.7305588368552742
283 0.31778621245750066
284 0.9983030324886877
285 0.018742617230556126
286 0.9950553750923855
287 0.4405089137207941
288 0.40603553021138206
289 0.8134954983419516
290 0.349733696830084
291 0.9064674526128683
292 0.82654567185936
293 0.8498549084162133
294 0.49628520026291334
295 0.7506008626973195
296 0.39551479231684106
297 0.8402034582641612
298 0.9425422384031734
300 0.8882968485318772
299 0.39418495100257006
301 0.6100958543267305
302 0.7842430202641941
303 0.5303658688439705
304 0.9615745884573168
305 0.6746156763345709
306 0.8808553084440289
307 0.6696917033173466
308 0.5552158144604956
309 0.31007660153296157
310 0.7128509866595575
311 0.9055448073301039
312 0.8818481844094421
313 0.9820707308800662
314 0.6810797217594284
315 0.6352063026286258
316 0.3844962552984472
317 0.8234391579695307
318 0.7502269346047497
319 0.6721539870061305
320 0.47091422135354405
321 0.3361638290948568
322 0.5087677098990457
323 0.8157506305723233
325 0.43241102352362254
324 0.3971432292863787
326 0.7748288524013399
327 0.5735815116100516
328 0.4645553512787579
329 0.6843399625682469
330 0.7894662727492436
331 0.6846237093220613
332 0.5069033515773828
333 0.4068584933648995
334 0.8607763687527574
336 0.9594224404244701
335 0.5674580406971999
337 0.04218657354535564
338 0.36666239716899834
339 0.7065056789392202
340 0.8656910564782857
341 0.6936853913189652
342 0.9882843267088168
343 0.6076752758291952
344 0.9505913023997172
345 0.8209526642415169
346 0.8565184996393889
347 0.4280330110384931
348 0.3778123740017903
349 0.9342381143115127
350 0.47467320724741763
352 0.701196874963202
351 0.7065995806741392
353 0.7570483291517898
354 0.6825104890680632
355 0.6110141770156846
356 0.6718199172194218
357 0.18624831798338848
358 0.8167939411564592
359 0.5338494577601883
360 0.9766496081173945
361 0.47004855961254716
362 0.9031900282582239
364 0.4786521794207
363 0.9243037947743928
365 0.42681072423059274
366 0.531059589905896
367 0.6261214687770753
368 0.8295350374627862
369 0.5057764338363565
370 0.6605841054617394
371 0.7934893019283459
372 0.7436134769584235
373 0.926356419493129
374 0.6246781951462567
375 0.1994161035871975
376 0.6488533099198215
377 0.5341569932833873
378 0.8259090146806726
379 0.9533364721911554
380 0.9685590548678172
381 0.9870006240554352
382 0.9098999906972475
383 0.8836676805268179
384 0.8057877675851784
385 0.8348366287307483
386 0.9191261236292126
387 0.747615160259208
388 0.554752163495449
389 0.40656450018076495
390 0.7491036016533064
391 0.7516471285455988
392 0.9140962435983184
393 0.9059217468203429
394 0.581441290209375
396 0.6177845869103779
395 0.7785139633245342
397 0.588682098863402
398 0.9294797618680061
399 0.8045838517823951
400 0.7106442137129855
401 0.45961292711862806
402 0.9652735813203408
404 0.8252838062024306
403 0.9133443529962307
405 0.9417033927327978
406 0.8343141045384359
407 0.2845481175623489
408 0.7636227218342352
409 0.7318419416259276
410 0.48983188130941885
411 0.6048896998426356
412 0.43204827237592414
413 0.41294853248205093
414 0.4775471097773475
415 0.694730944238788
416 0.815264622335083
417 0.7300686533242589
418 0.723636699434512
419 0.7071696774098238
421 0.7995829726396042
420 0.9294698076387418
422 0.9970666834483084
423 0.8876878733069982
424 0.9706559660654247
425 0.4516253565134812
426 0.36708524410086907
428 0.7863440522975388
427 0.35252581712336245
429 0.5150778221487035
430 0.5206027497805458
431 0.6166763003272597
432 0.6405357744825806
433 0.4398669445634875
434 0.5151184669782596
435 0.9284183482462819
436 0.9076539294903025
437 0.8200658974926892
438 0.902971858926809
439 0.883564016147665
440 0.9890532956386121
441 0.9991496699438042
442 0.04393279643434137
443 0.7165765835517568
444 0.5689388964624084
445 0.8824045078812929
446 0.8454380951371588
447 0.16610021810914352
448 0.9953216736186351
449 0.9272042646273114
450 0.2759184836204732
451 0.7268670417033117
452 0.5446841923994082
453 0.5886058074246686
454 0.9071860391326173
455 0.46989955154441365
456 0.34567801146312777
457 0.7403315018491067
458 0.643758078549191
459 0.6768088427065148
460 0.18595525015506276
461 0.9277941756546937
462 0.8703605129149966
463 0.7758924911238555
464 0.9838309429625665
465 0.8452567107792589
466 0.7388454845002982
467 0.9944692870301121
468 0.7984711988811998
469 0.46659636364717855
470 0.8940051653882733
471 0.5885699080438039
472 0.8942650937240078
474 0.8078823283734037
473 0.8714284598761654
475 0.5810431436597762
477 0.8714556080936362
476 0.8210710460530685
478 0.8898353890609075
479 0.9394304689297008
480 0.2788526204007491
481 0.8175587821821472
482 0.17900331928250898
483 0.012032268220248355
484 0.5003893212847952
485 0.8711724390217211
486 0.9968986842814975
487 0.9137380529013865
488 0.8220068918628198
489 0.3875440003397398
490 0.9546495271666835
491 0.760165374057023
492 0.8444089269862899
493 0.9902916503156266
494 0.5374157302323226
495 0.9971065635960202
496 0.035982539241996986
497 0.5723608773847828
498 0.6855019546639931
499 0.4050878224577825
500 0.8031158628286569
501 0.8597853065691959
502 0.9602894594005567
503 0.7042199403548944
504 0.3946589977168154
505 0.8195525344442477
506 0.9132152927219664
507 0.6331580691141939
508 0.9926365187592581
509 0.9309738944495497
510 0.34638541609033424
512 0.8692829200829767
511 0.8704314426723324
513 0.05009822850010297
514 0.6187545895098636
515 0.5676138261903791
516 0.7147357686315786
517 0.9468518820569867
518 0.8542911365012751
519 0.27180945894014497
520 0.09934416907023734
521 0.6670923451828935
522 0.4342629833729345
523 0.40533081264639687
524 0.7271173641972382
525 0.3416826893643309
526 0.428808445359399
527 0.7896608298784473
528 0.38419864059759234
529 0.8721129103359004
530 0.8534386262672584
531 0.6377820763786555
532 0.8841857537610331
533 0.20305131548919497
534 0.6460733471142591
535 0.7065811400369127
536 0.6383335493039953
537 0.7972824086853887
538 0.26945514094611245
539 0.9877788373413071
540 0.8916461686923918
541 0.879934803137527
542 0.7240716681371373
543 0.16030583594617326
544 0.6113376593271588
545 0.48527310881614905
546 0.9591378636387986
547 0.9127454538673287
548 0.9172919556348352
549 0.9931860619094124
550 0.638762315752199
551 0.10471264755523335
553 0.42390487338341265
552 0.8149889038606608
554 0.9598152356182351
556 0.7106748690588225
555 0.309843583514842
557 0.772577907673185
558 0.9973407970018981
559 0.9141455314309371
560 0.23107605064582862
561 0.08183803808705493
562 0.9391047475109652
563 0.9960158145439972
564 0.9105261599002779
565 0.8332390674049566
566 0.659981859330914
567 0.5149777936384471
569 0.9480460291312534
568 0.8201497335090215
570 0.7052279680783455
571 0.5656058650588786
572 0.889886166943891
573 0.42386706229374826
574 0.904673468180875
575 0.05326217645400779
576 0.5584127577305732
577 0.5294048477009458
579 0.9625566260924886
578 0.4461861330334159
581 0.9245743678941571
580 0.29952013355968715
582 0.9994431510737658
583 0.9888082815894711
585 0.7682386485211088
584 0.2675129088892674
586 0.22061984690346148
587 0.7364127702698672
588 0.9496003426231964
589 0.511820066885072
590 0.928497506180727
591 0.6115814798041388
592 0.5730992626875199
593 0.4124130224851686
594 0.9152859315824128
595 0.6844492286077477
596 0.4913552987759859
598 0.8095631813362788
597 0.9705803458068186
600 0.3107246459479609
599 0.5665178940161785
601 0.5876048430560873
602 0.9154066557064661
603 0.7422802705178146
604 0.6826110144421128
606 0.7054504257735859
605 0.5085558490464681
607 0.9284399881381684
608 0.7417663307671486
609 0.43058073918194495
610 0.8500694667204023
611 0.8637245506863199
612 0.38881246662720303
613 0.7138503971779591
614 0.7573615207281251
615 0.9708980962768388
616 0.5052050485818657
617 0.8603969663439599
618 0.5797289746084592
619 0.873761409395226
620 0.21850466421328854
621 0.7339585586487603
622 0.8603955105712104
623 0.9184704388594773
624 0.3097978970776866
625 0.6629708173916894
626 0.7781786750076037
627 0.6542574364814313
628 0.3706505424502317
629 0.544336119598757
630 0.4362456633120699
631 0.10324309283640952
632 0.5470770426270684
634 0.8140634169841993
633 0.8317425888338341
635 0.32982078249039554
636 0.9198430329794113
637 0.35187175723698844
638 0.8063476245553687
639 0.9382327371495531
640 0.9059523286298784
641 0.4055687636630104
642 0.36086145092090244
643 0.7620758127506674
644 0.8874510366728079
645 0.32969130954158204
646 0.651138923322686
647 0.2442355021680664
648 0.4431438363135637
649 0.8328438366072948
650 0.6533118271674749
651 0.6725166557822994
652 0.9533685366117394
653 0.955221638848367
654 0.7342211945909115
655 0.7257567716376728
656 0.8196808726823526
657 0.725767969071249
658 0.7000215834876283
659 0.8734012451544975
660 0.7077342971897259
661 0.8801511539162405
662 0.807213763459351
663 0.6608768682178071
664 0.9607814565937166
665 0.46263737919291836
666 0.5414666364682873
667 0.5435579799943469
668 0.7009948658608254
669 0.49043029785489456
670 0.6748664199613872
671 0.6002816771147091
672 0.9450653457782827
673 0.761341618040485
674 0.6739455882597264
676 0.5451610586444707
675 0.6119940241312105
677 0.9586911835582462
678 0.7365758931497529
679 0.9288295114385019
680 0.9405149402940919
681 0.6913490704429412
682 0.6332857379863931
683 0.7427796789323061
684 0.7582456568026658
685 0.4670250995876104
686 0.6962745483573601
687 0.46751903071289197
688 0.7749169906425086
689 0.05636353075043287
690 0.9924763930787516
691 0.2114298444769913
692 0.9794947364989824
693 0.945331765057111
694 0.8998511702974017
695 0.731472985968679
696 0.9823794385359002
697 0.7130750056208353
698 0.8789511795082514
699 0.8053990144001024
700 0.5861868914061219
701 0.8021054722497473
702 0.4592287106197421
703 0.9999494122360991
704 0.7726338679479626
705 0.38469237448396304
706 0.7269164634549549
707 0.21013483239772002
708 0.821186839300634
709 0.8636636430559087
710 0.9424745635765399
712 0.7760345166286349
711 0.9312664094806894
713 0.7328372760205303
715 0.7496926950268015
714 0.9258415131653277
716 0.8944658036155608
717 0.864464574437297
719 0.9252994029328554
720 0.3829777939447705
718 0.8605384359869674
721 0.8430487748653953
723 0.8943248410144721
722 0.9945621862280916
724 0.8171774125401985
725 0.9933744218008222
726 0.9551101782889015
727 0.6902665561181529
728 0.9050395714979883
729 0.47602255066374227
731 0.9099893306855281
730 0.8416131636940652
732 0.9131788116490754
733 0.7136215489517334
734 0.8729857623469736
735 0.8589746117103669
736 0.6735079239114646
737 0.9772216569027824
738 0.9977374299597453
739 0.44310813564388374
741 0.9999877557406318
740 0.9944231264552089
743 0.9896473447871147
744 0.5419382133545391
745 0.713913017344599
746 0.5598525647249409
742 0.5390228775569673
748 0.8870299024175897
747 0.9004019972402072
749 0.3961028945244149
750 0.780103010801065
751 0.8515929236324838
752 0.44860263366569886
753 0.8088802955555412
754 0.9704946906645886
755 0.9394060216182878
756 0.9574332871524139
757 0.5969421937311336
758 0.9191486907229265
759 0.7928319442225971
760 0.7580089260171269
761 0.6902018566214769
763 0.01970884762971896
762 0.3665292183490957
765 0.41977423721039564
766 0.2445125282407011
769 0.46550577312998187
767 0.3024106954234777
768 0.6952954544664247
764 0.9096353329643222
771 0.430643706672677
774 0.8335159115397262
772 0.8742841833827403
773 0.8982587808802444
775 0.627971060003533
770 0.30426741464361035
776 0.8783643814861812
777 0.7205404649333439
778 0.5029835486863982
779 0.7144709228386752
780 0.9671772692268363
781 0.26204352427713407
782 0.785109900263079
783 0.48010010958636645
784 0.3660361427265797
785 3.923219975944876E-5
786 0.3510796364719785
787 0.8090553814099146
789 0.991292218395894
788 0.41482712172212177
790 0.8852148495509579
791 0.44776919155731315
793 0.9004213914659397
792 0.028305016928647973
795 0.6665230011756758
794 0.9952160206295416
796 0.9988279833515403
798 0.9983512132921631
797 0.17212732396066263
799 0.4355642710957238
801 0.9766423805214506
800 0.8000946315985872
802 0.5199485926151199
803 0.6644770965608251
804 0.6930322689122216
806 0.7279771059607213
805 0.8392400775969148
808 0.39260145977133976
807 0.8329416204010992
809 0.678376504756033
810 0.5311439434346595
811 0.5753949867383453
812 0.7990598392383336
814 0.7997992091629841
813 0.9430139362861008
815 0.9245999970383069
816 0.359104228444775
817 0.9121041444323505
818 0.3532531268506358
820 0.999175388580767
819 0.8411076982995986
821 0.4955993817112804
822 0.23169660916332707
823 0.7080112336285579
824 0.643058029016948
825 0.7311642480528385
826 0.7829085186695245
827 0.8952251424276371
828 0.5695326798923955
829 0.9758864003267141
830 0.3810819182773155
831 0.6111617703117355
832 0.9192734589159485
833 0.6422642519065159
834 0.7143453793162563
835 0.9934994185106363
837 0.7401653882362896
836 0.5974901453250122
838 0.7233564746555151
839 0.5301429301017024
840 0.365676108097635
841 0.8083559129861576
842 0.9366619948221325
843 0.5377128527290826
844 0.5360553832590577
845 0.5889896010822584
846 0.960445426205094
847 0.6746281893887178
848 0.8849232129679726
849 0.9454395630155624
851 0.7264396569009135
850 0.9997184116452537
852 0.27099353204520726
853 0.9557768962358829
854 0.9324605611360628
855 0.5593471520627773
856 0.9993785419679254
857 0.8085269291087759
858 0.8718301115936014
859 0.7126254601325561
860 0.5983037617406033
862 0.6738062282399503
861 0.6860872821860455
863 0.6456189490223723
864 0.9306235769541072
865 0.8957644418479197
866 0.3140483701176447
867 0.6643123444650951
868 0.8513913665871029
869 0.7726023561818278
870 0.7465316677217043
871 0.6011237491852187
872 0.35851834177690767
873 0.9520689525160326
874 0.7909414153903859
875 0.6899375488426388
876 0.25019927879099263
877 0.40586959874230866
878 0.06909210828576853
879 0.5969074651737016
880 0.936048488710415
881 0.7188635137498746
882 0.5627150775832557
883 0.8542575836103572
884 0.8102489671474016
885 0.9243144913843708
886 0.8129726705548962
887 0.8463135433784412
888 0.9667998483274673
889 0.7066406576507862
890 0.6303173386099223
891 0.9462606070878218
892 0.8210895338516024
893 0.5391880710899289
894 0.2741126544958356
895 0.14323011692154672
897 0.8517517500555635
896 0.42852232802315693
898 0.9883824210007705
899 0.4677694239721595
900 0.8621201434545721
901 0.9571228600857581
902 0.9621375058675184
904 0.12236958925051257
903 0.7544975685557505
905 0.7557511321944272
906 0.6614373780867145
907 0.8746985656826174
910 0.8326843663242524
909 0.7408623171530281
908 0.895620999971481
911 0.7793083024995785
912 0.6110408021494419
914 0.3180703220607776
913 0.917547804137777
915 0.577181393256226
916 0.6089558920158789
917 0.648215975193452
918 0.8337309306193617
919 0.944065859231861
920 0.9970017389927723
921 0.9622665816093268
922 0.9610559212525952
923 0.20299846872016908
924 0.7360190717308509
925 0.9528808143787413
926 0.7856590260587517
927 0.7637022485949146
928 0.9199825577478831
929 0.7856217707257379
930 0.3521179064338543
931 0.21193428182648721
932 0.21998550530533914
933 0.9931461373423671
934 0.9213861510723093
935 0.10430177827517635
936 0.7802015392744899
937 0.869105779371281
938 0.8112184528915409
939 0.9838368985932084
941 0.8614941679642669
940 0.9878021525696474
942 0.6785100978976569
943 0.5106450560037704
944 0.4604350193145979
945 0.6266188244799528
946 0.8450495711890141
948 0.7700488437360166
947 0.872443150423191
949 0.8174512840472797
951 0.7814790646157739
950 0.8655141409767565
952 0.8242644592246686
953 0.8085789540759276
954 0.9243948953325806
955 0.7019938947194094
956 0.6228510591207703
957 0.7612594528101848
959 0.6986509372226527
958 0.6791364050127512
961 0.9291513837903094
960 0.4419670834441123
962 0.45516719824403756
963 0.941208403998265
964 0.9985544982032019
965 0.8935454366942185
966 0.9958975317195982
967 0.9192292662373511
968 0.9557823286432459
969 0.307244693371141
970 0.521356055200206
971 0.8501186434197475
972 0.54469304143687
973 0.7697311135855238
974 0.6586764122310658
975 0.6230487459755946
977 0.7520551505059737
976 0.7727701964360093
978 0.179105002184402
979 0.6788705878911793
980 0.8206250221329467
981 0.8629714797422627
982 0.5243272033182836
983 0.19446609795937916
984 0.5913560414436229
985 0.43120844537016284
987 0.46429725146002054
986 0.7106653151887065
988 0.9862071484464109
989 0.925225868319014
990 0.751006551950201
991 0.7509943695496438
992 0.7301426084259424
993 0.47860313610294297
994 0.23455584778630145
995 0.8870922764475598
996 0.38797105260474685
997 0.576880418369725
998 0.9184404942284212
1000 0.9324865724095743
999 0.602666057552944
1001 0.8635675490411844
1002 0.5277616735263247
1004 0.6760503365705943
1003 0.709320881633218
1005 0.331686801137644
1006 0.6993418440840479
1007 0.029754545165586278
1008 0.5630049658679336
1009 0.0024495580430240298
1011 0.49359695890146976
1010 0.2844696475107609
1012 0.8910017984972097
1013 0.3750137761976442
1014 0.4722653603861645
1015 0.41585343608584935
1016 0.4375721628483683
1017 0.8638331441743782
1018 0.7824472218731493
1019 0.8766737280849155
1020 0.94247687575952
1021 0.5332508172378438
1022 0.9861770059258257
1023 0.9523502332404518
1024 0.809697167060741
1025 0.8845269391236497
1026 0.9032760373491157
1027 0.6168908528408327
1028 0.7395014488847169
1029 0.9808240278642503
1030 0.8298211218361308
1031 0.7933595316876467
1032 0.9663676282707276
1034 0.8701626584661742
1033 0.76913874123706
1035 0.6270834003254945
1036 0.9623516050538408
1037 0.06660912695691103
1038 0.21089942522764482
1039 0.5389194041998412
1041 0.41605373161505366
1040 0.9941086368269575
1042 0.9619042012021293
1043 0.4074505647757058
1044 0.8794082709862896
1045 0.8404507454266438
1046 0.7984664137314963
1047 0.7749045795290787
1048 0.7946573690007961
1049 0.6912433417056774
1050 0.9247912105227911
1051 0.8992288363965045
1052 0.6871881224325413
1053 0.7485814351136475
1054 0.235539961169089
1055 0.9447914806150361
1056 0.5104744260571932
1057 0.5733970483594126
1058 0.630607631262524
1059 0.5711538215942789
1060 0.6968653506508873
1061 0.32623894598725056
1062 0.8968836661934833
1063 0.6174931041656981
1064 0.9161638320325385
1065 0.32214183605639196
1066 0.9142871339519214
1067 0.6784590472652077
1068 0.8978682243726333
1069 0.818135980600197
1070 0.5866010048996392
1071 0.9157669648439091
1072 0.41834619912366516
1073 0.8593008893327565
1074 0.9314638110370624
1075 0.7455504747231436
1076 0.8109944534059006
1077 0.8187696149201232
1078 0.12957871640640972
1080 0.4974576771369892
1079 0.45954066196213195
1081 0.6543649284858695
1082 0.8565644019192787
1083 0.6994826258582556
1084 0.40714573714715147
1085 0.6895999450978854
1086 0.897830445384509
1087 0.9084910543255743
1089 0.5335760996804165
1088 0.9465520912787403
1090 0.791860438313208
1091 0.9241576487324629
1092 0.4564174800128787
1093 0.801769927941836
1094 0.7039717348363999
1095 0.2532784735515428
1096 0.977931700432443
1097 0.7243402656991811
1098 0.6783327050286263
1099 0.9452538840342398
1100 0.4880081533641556
1101 0.6159931323239006
1102 0.7306319521436561
1103 0.7182930545041554
1105 0.8778773089881804
1104 0.9116234246260204
1106 0.961814676475649
1107 0.9381234029068337
1108 0.8668209158018884
1109 0.8874087083568571
1110 0.36205694213583206
1111 0.5739129948628042
1112 0.4025424446267065
1113 0.7792608320483237
1114 0.5101349009072907
1115 0.6886181717073482
1116 0.3318091759397034
1117 0.5336266390293682
1118 0.8286342673254705
1119 0.43690099977571145
1121 0.08923064410033676
1120 0.9769116767852357
1122 0.935855490623088
1123 0.8085818353327129
1124 0.6642598322398036
1125 0.7189648533557983
1126 0.7362904455054698
1127 0.4613650197022976
1128 0.4315554497546761
1130 0.6495067123268409
1129 0.952732057155501
1131 0.7458487626659313
1132 0.9128359170970963
1133 0.9514044393257036
1134 0.9995761982462175
1135 0.8549527492727437
1136 0.7391721298362938
1137 0.39881913470262437
1138 0.8053146015635971
1139 0.42156041146163553
1140 0.7969323567097711
1141 0.25342734331888345
1142 0.8591849077937429
1143 0.5218742992884179
1145 0.19743744115318687
1144 0.9122979132623587
1146 0.13886848828817533
1147 0.8571354557076143
1148 0.5056434326943358
1149 0.20798161725466582
1150 0.47183570684134984
1151 0.9793808679829623
1152 0.9420007056309707
1153 0.9870224916793078
1154 0.4223903435218992
1155 0.9332843256192523
1156 0.802683069512392
1157 0.27871064452191435
1158 0.8344494203749002
1159 0.35226661421156796
1160 0.40410014063904814
1161 0.7736590676712205
1163 0.8220910727434589
1162 0.7206103163318586
1164 0.7720801030538857
1165 0.838310123888125
1166 0.6689194220098514
1167 0.8682546186739953
1168 0.9968911120370807
1169 0.3382539537388373
1170 0.8416083907194426
1171 0.7979920254701112
1172 0.902677173451298
1173 0.8784257974162323
1174 0.623529797627501
1175 0.9036449061393482
1176 0.7891173795790664
1177 0.7409216213300367
1178 0.9798394917708517
1179 0.9968329719549037
1180 0.4770057620948632
1181 0.22113405606556233
1182 0.5696062650114572
1183 0.6644966554430308
1184 0.6557394639383589
1186 0.5154240695709542
1187 0.8722599531301165
1185 0.7060224001308769
1188 0.4972260585192459
1189 0.5794681956499478
1190 0.8624238554073513
1191 0.31949194850122276
1192 0.8503887939616976
1193 0.9879883390329952
1194 0.8329673512335306
1195 0.46089939550557957
1196 0.9124130696651018
1198 0.5445700367631527
1197 0.853527749275726
1200 0.762992224182818
1199 0.006785064539157033
1201 0.8030473845794244
1202 0.7846715536008482
1203 0.8216870887785558
1204 0.6107227739937299
1205 0.4569272286757758
1206 0.9972853808889538
1207 0.7449109735962398
1208 0.9573280971080322
1209 0.9350204529984214
1210 0.6790682420834472
1211 0.8568096952252188
1212 0.08439371471665295
1214 0.8680786604856883
1213 0.7903532300958949
1215 0.38217330790713916
1216 0.7812607665555684
1217 0.20376097559967263
1218 0.4464390642727407
1219 0.7643011288092685
1220 0.6946568316339669
1221 0.4669292073490669
1222 0.34698792018438185
1223 0.9133676115477588
1224 0.6772023909221637
1225 0.2882517227562022
1226 0.726450112688146
1227 0.44980132422854335
1228 0.8220252121576005
1230 0.7894915674281912
1229 0.9411345536061673
1231 0.9913871365962729
1232 0.6939765550718352
1233 0.8492488735500577
1234 0.9764633930453595
1235 0.7721852469410568
1236 0.36635821586708084
1237 0.3420272198155312
1238 0.6800480141074051
1239 0.790468410843307
1240 0.34151368363514656
1241 0.678753178926008
1243 0.7924481157003646
1242 0.9203689555329143
1244 0.8647905589664101
1245 0.8974545343862114
1246 0.8550813012652119
1247 0.9647392025601244
1248 0.5683107559182945
1249 0.9347976637754731
1250 0.9940436293391981
1251 0.9243600996957536
1252 0.8575578422999678
1253 0.18427822789549822
1254 0.5402844716284128
1255 0.7351720875736385
1256 0.0765758637629598
1257 0.8611826388162339
1258 0.26360910090355405
1261 0.748916075547932
1259 0.5825852311899449
1260 0.7579217789931717
1262 0.7388449004763529
1263 0.817500652516725
1264 0.7210367805597727
1265 0.6837860960426863
1266 0.9982535644097446
1269 0.970806294472505
1267 0.7898763661861457
1268 0.8627228944157598
1270 0.9227437713477826
1271 0.21823738431151346
1272 0.8910145357930164
1273 0.9738259271393781
1274 0.9201191286195026
1275 0.9031427857425349
1276 0.8899551770690352
1277 0.6832676393292797
1278 0.6662399980400147
1279 0.9816714503387505
1280 0.9012632263307776
1281 0.9236943445239117
1283 0.8021682507030838
1282 0.7371476472695477
1284 0.5263006319325072
1285 0.8730727132159637
1286 0.6591426884817079
1287 0.8392770965458415
1288 0.74244487851798
1289 0.901014739266881
1290 0.8087648567450333
1291 0.5777065807493419
1292 0.8228754776116877
1293 0.9931215203445768
1294 0.5298018723623015
1295 0.3928783058465956
1296 0.25612516208289093
1297 0.4851195036123777
1298 0.6810017774802005
1299 0.4981149600483355
1300 0.5802301578164544
1301 0.9689468352428054
1302 0.7097491630255087
1303 0.7562419248750897
1304 0.7972491367421121
1306 0.6654946685528106
1305 0.4695941286021371
1307 0.881362533389082
1308 0.8934184993598693
1310 0.33884990492667594
1309 0.721099371686022
1311 0.18287674157786538
1312 0.7450625577467104
1313 0.2886686542222036
1314 0.6408743391776992
1315 0.42734565923151596
1316 0.8235989127077327
1317 0.8192219162409423
1318 0.8752669717892797
1319 0.4891161356887765
1321 0.6808755172927664
1320 0.5944134529904708
1322 0.9313181325855209
1323 0.42758017216019206
1324 0.3944719221578041
1325 0.7368747256459894
1326 0.748102720248569
1327 0.6711830047882842
1328 0.40077807419353845
1329 0.9111850350978584
1330 0.8375206685777912
1331 0.7388502633545592
1332 0.817721340843687
1333 0.3619966547105638
1336 0.573046787208204
1334 0.8765623313239351
1335 0.34582919547271374
1337 0.8608149950064304
1338 0.6541672127085782
1339 0.17829389536717197
1340 0.970048603760101
1341 0.33513702277866286
1342 0.5946336940965791
1343 0.5675268043300987
1344 0.862583563715175
1345 0.8996846793551697
1346 0.9658695711587917
1347 0.6826793373808273
1348 0.9512296150881653
1349 0.9209659785309189
1350 0.8188620733243308
1351 0.2731239429881381
1352 0.454295624410946
1353 0.5230118013405718
1354 0.8575251619795521
1355 0.9090620275546368
1356 0.47894120755495667
1357 0.9068314383677071
1359 0.6224518645431315
1358 0.822109829178687
1360 0.4301286845333701
1361 0.9089747359959046
1362 0.5383378872787861
1363 0.34389570186032065
1364 0.9999085830151794
1365 0.8646769927948856
1367 0.44355813926761367
1371 0.7544556726682959
1372 0.8707544108202702
1369 0.8535138741397075
1374 0.9179868980730695
1375 0.8840203005638738
1373 0.9447208574267552
1368 0.8460684056269615
1366 0.330015231149039
1370 0.01077801185143584
1376 0.19321914717314026
1378 0.7703450082142091
1377 0.9389164750679256
1380 0.7550229286874358
1379 0.9028115563056115
1384 0.7810113811607913
1383 0.5240851297494203
1381 0.6530999652867077
1382 0.9940212600589176
1386 0.6409332092243815
1385 0.7163674504452757
1387 0.7462075788269427
1390 0.9559317035621349
1388 0.8323222839306053
1391 0.2997153127781707
1389 0.37489310197599746
1392 0.18248250773903574
1393 0.5211425748936602
1394 0.6204693503282751
1395 0.47786974724274595
1396 0.9360795277986305
1398 0.5760420519476145
1397 0.8285184234505073
1399 0.4901781128968482
1400 0.9118242893086016
1401 0.4466331469184117
1402 0.8336881115579162
1403 0.7887599406784901
1404 0.41466888702960797
1405 0.4275472823485243
1406 0.9711180136464748
1407 0.5126918996326271
1408 0.36540754473276477
1409 0.9335544545713681
1410 0.44738696771793157
1411 0.021520068499432502
1412 0.46326676001146605
1414 0.5766956318767108
1413 0.4725601266258532
1415 0.9100983808946332
1416 0.9386808425552403
1417 0.6450813988029911
1418 0.6733044341020145
1419 0.38129017701265416
1420 0.94678271819588
1421 0.9124974300758452
1422 0.5916106326241449
1423 0.7569494580337378
1424 0.9880979179838
1425 0.889822141913776
1426 0.22514695773225515
1427 0.34200550112344663
1429 0.7905665907180934
1428 0.7859556406427819
1430 0.7994330411684827
1431 0.18835666509556534
1432 0.8985258223954151
1433 0.7102004680436247
1434 0.9470446246425391
1435 0.980174954879279
1436 0.4500495267620925
1437 0.7007393574320445
1438 0.41156467662201135
1439 0.5904511100587829
1440 0.924970489237418
1441 0.2554080875142792
1442 0.39375329169804985
1443 0.7037790490449362
1444 0.9646341376598551
1445 0.756296274399357
1446 0.977611762286096
1447 0.7047044352079922
1448 0.5441420089601396
1449 0.5748982375422478
1450 0.7632518563857156
1451 0.48458478137213323
1452 0.5616432293469477
1453 0.6070001014852918
1454 0.8556894205694207
1455 0.7301071533234171
1456 0.33927468729112814
1457 0.3838733000229236
1458 0.9169690612530015
1459 0.9222756752224464
1460 0.38154196171728433
1461 0.7742127184834007
1462 0.26109997600793017
1464 0.6456275524442391
1463 0.845579134584399
1465 0.4505866983830377
1466 0.889436588450467
1467 0.8750300768167651
1468 0.3841279732745897
1469 0.8484488872291617
1470 0.9577255299742164
1471 0.867289913039469
1472 0.42599797522534105
1474 0.7320007298329717
1473 0.9452351070275121
1475 0.1380438191677201
1477 0.20820359802257615
1476 0.3157224368112906
1478 0.3645560551721848
1479 0.22404527953283399
1480 0.8813059710926326
1481 0.5396963885457167
1482 0.8443274918703707
1483 0.9775007664715818
1484 0.5225550094383757
1485 0.7003719532430996
1486 0.415767021970114
1487 0.8375374048183724
1488 0.556968296213083
1489 0.8994410921116351
1491 0.7179118819524747
1490 0.13301601417157127
1492 0.8438997014849519
1493 0.34864556729163937
1494 0.43049983905630923
1495 0.7007355454972204
1496 0.13388298286955985
1497 0.527145977228787
1498 0.8923190718201882
1499 0.7460427820579065
1500 0.42145295561307544
1501 0.7090703406947354
1502 0.908471039733008
1503 0.9326861652402586
1505 0.7562839394289081
1504 0.9807659630366937
1506 0.4858408811048738
1507 0.966831885165991
1508 0.7444292586974829
1509 0.6761851367456376
1510 0.9822710637104378
1511 0.9028725841841968
1512 0.5717797359664498
1513 0.5416698739044783
1514 0.5818058907610492
1516 0.6039975976279426
1515 0.6634425829626154
1517 0.8452844757543567
1518 0.8409581118954441
1519 0.6053823047261822
1520 0.5456780765235736
1521 0.10198210950639447
1523 0.8374026414470301
1522 0.7443971564240012
1524 0.8067798842852172
1525 0.7823180502372356
1526 0.8184460164534056
1527 0.5945461456931529
1528 0.981363805780239
1529 0.8411283215398022
1530 0.5112624375499703
1532 0.5406996626961939
1531 0.6023006280925891
1536 0.7889706655543303
1535 0.6803486260854067
1533 0.4862495046785099
1534 0.7220011430152247
1537 0.8906267735599528
1538 0.6043778893894641
1539 0.7595835467523333
1540 0.9557448587631205
1541 0.9750761725063374
1543 0.2660832725875941
1544 0.7563185657765098
1542 0.14593130390395895
1545 0.661367148790148
1546 0.9869633690208638
1547 0.7300901569673468
1549 0.9969720842419028
1550 0.9987425182497346
1548 0.9851906809893372
1551 0.5991312621458463
1552 0.5132820233886823
1553 0.4369175054660658
1554 0.6805538332860227
1555 0.9691171503021412
1556 0.9120019495107836
1557 0.7281137544774661
1558 0.9177382266188093
1560 0.3665842821130854
1559 0.9858962799097245
1561 0.6425285370592089
1562 0.9533810984152272
1563 0.7598182386946073
1564 0.4570231184764859
1565 0.7176646853034353
1566 0.8246059545859505
1567 0.9804689415460063
1568 0.7868154506720878
1569 0.6524936745639516
1570 0.7235268972954108
1571 0.7374162046512799
1572 0.6061654475818579
1573 0.7759574027848346
1574 0.8787566706382909
1575 0.5954467255373199
1576 0.95119619005656
1577 0.5225631501694958
1578 0.7141440793470368
1579 0.5075852754174783
1580 0.735451511139825
1581 0.4956122577916911
1582 0.8498517822033779
1583 0.8322692474543814
1584 0.8825612621518167
1585 0.8637381305935631
1586 0.6334582299084275
1587 0.7695559911858401
1588 0.7014734765964916
1589 0.7188002626692492
1590 0.8861367914743506
1591 0.8655707518413656
1592 0.8225191163821107
1593 0.8504685842650334
1594 0.930229247183817
1595 0.9809923160639151
1596 0.9443241445899117
1598 0.40730989693999636
1597 0.8076348359421656
1599 0.8522125858758884
1600 0.930722561663512
1601 0.9858975396303337
1602 0.16987729485060332
1603 0.96535361995205
1604 0.05009044263651095
1605 0.21200880315890414
1606 0.7562540136851963
1607 0.3801980697289222
1608 0.9898497027856152
1609 0.29434074300538515
1610 0.46335100289286774
1611 0.753156293558761
1612 0.8084288768597898
1613 0.8795746090542516
1614 0.9972069676636652
1615 0.8148754143078378
1616 0.9704310266292769
1617 0.9610127394400894
1618 0.5166202214271434
1619 0.5474307853518965
1621 0.8766807797011644
1620 0.7713725751946987
1622 0.4786614695958359
1623 0.8935365881010882
1624 0.8951785289319724
1625 0.8032346041573049
1626 0.46337421503307025
1627 0.6152609483793928
1628 0.5395715327677243
1629 0.8344557753430489
1630 0.5085232088251082
1631 0.5787319073046137
1632 0.7423184483834459
1633 0.7946145262246618
1634 0.9030350483003252
1635 0.05205018653368259
1637 0.7227742153248576
1636 0.9199725725926454
1638 0.42509052783774687
1639 0.7706323850577904
1641 0.8928098840097662
1640 0.8601395388635756
1642 0.8159083073273551
1643 0.29221579695643546
1644 0.7475193052401943
1646 0.5656608860167031
1647 0.9982588241053667
1648 0.9450125222364544
1649 0.9140606388843927
1645 0.931425560993109
1650 0.9766077806268394
1651 0.9025769168441707
1652 0.8706639286604385
1653 0.7562586543850961
1654 0.6435159340608005
1655 0.7640841331183087
1656 0.7853843052760822
1657 0.9154472788779786
1658 0.0
1660 0.8374041291291735
1659 0.6672129257818773
1661 0.6958199428461914
1662 0.7957333627667327
1663 0.993531685253026
1664 0.940109837889329
1665 0.7459974649184429
1666 0.9349794375345062
1667 0.8634959066458665
1668 0.2711731446345479
1669 0.5016333166371787
1670 0.519299621945486
1671 0.8860250586644348
1672 0.7880384705101758
1673 0.8164062603015031
1674 0.9732344840784352
1675 0.19734894200393943
1676 0.662522317202324
1677 0.8800920971788756
1678 0.6763418848728858
1680 0.7057638641501872
1679 0.82224703544928
1681 0.9976888232260506
1682 0.9672721839011736
1683 0.6721422211081122
1684 0.8283752714258494
1685 0.945278361799421
1686 0.8800643884829153
1687 0.2688185229267209
1689 0.8219622080466108
1688 0.8462893796409248
1690 0.9774448434506918
1691 0.7526418199871422
1692 0.10948917593801076
1693 0.732629149923773
1694 0.877767034411553
1695 0.7586179548840707
1696 0.9095546652551915
1697 0.2267420249989627
1698 0.9215834762192766
1700 0.9827702774030549
1699 0.8256202762911012
1703 0.6517612481070628
1702 0.9821540969541115
1701 0.4507393697810175
1704 0.6942266340599355
1705 0.997497085030057
1706 0.3929410839302543
1707 0.8592701561444218
1708 0.9833291587462355
1709 0.5894655833440605
1710 0.44147571771296484
1711 0.996434188184887
1712 0.17453459968235258
1713 0.2165040937983549
1714 0.7951650709702044
1715 0.45448482015526004
1716 0.5662351211915052
1717 0.7801543159303254
1718 0.8841481162987236
1719 0.6503752491644964
1720 0.9008499000020748
1721 0.977420200218325
1722 0.8840205347800085
1724 0.7749463301544545
1723 0.6091807741150168
1725 0.7552842167769683
1726 0.9423392772551672
1727 0.9677966494846638
1728 0.8815967193901296
1729 0.8406054696540641
1730 0.4591562026269552
1731 0.4467818122823323
1732 0.8500942391712007
1733 0.5968718364285839
1734 0.8035862662599058
1735 0.7766524985777252
1736 0.9671065680160512
1737 0.7334390751106492
1738 0.45283295445102534
1739 0.7761673501590397
1740 0.8548357534135479
1741 0.7533250751040284
1742 0.8155578149500912
1743 0.3991529593348614
1744 0.8839152229746947
1745 0.7059344165376895
1746 0.8103408193695755
1747 0.3759994117202982
1749 0.8828869161826265
1748 0.32921778039778316
1750 0.7485978847285787
1752 0.31242026881529855
1751 0.6613120010673219
1753 0.06740518486125388
1754 0.949250630290553
1755 0.5307225677572924
1756 0.9571594854400497
1757 0.44219845278681835
1758 0.7398557416718706
1759 0.7495137263085577
1760 0.5221484905040438
1761 0.9953592147608897
1762 0.29658593933298777
1763 0.9386259952840239
1764 0.5243559928973992
1765 0.5347278449174047
1766 0.9429940869125529
1767 0.6677432022231711
1769 0.7375224711902278
1768 0.6689728806969234
1770 0.8028684934626213
1771 0.6135356518969478
1772 0.41706783090362787
1773 0.907178285892625
1774 0.6233716380589468
1775 0.8384242694854168
1776 0.7495114844409353
1777 0.7037221467406265
1778 0.7138073944569318
1779 0.8437472968530983
1780 0.801053288362782
1781 0.934176103149958
1782 0.7422582205358544
1783 0.9966508785994685
1784 0.9944322242075352
1785 0.5455709695581006
1786 0.5745037679981094
1787 0.95654507008404
1788 0.9986150392359379
1789 0.26110068583311824
1790 0.9242649733144912
1791 0.6208652924777673
1792 0.8123099265761602
1793 0.886420136908628
1794 0.8044837579963738
1795 0.991236881819315
1796 0.9769246181338761
1797 0.3874256049239509
1798 0.6552355866541449
1799 0.7655544197042894
1800 0.9175554357106938
1801 0.694644062496132
1803 0.4929596911418796
1804 0.5942355034951926
1802 0.40677955957685097
1805 0.4969811356219899
1806 0.29007101369321203
1807 0.1751727555755381
1808 0.9420487994338973
1809 0.3489534824334741
1810 0.616599808112403
1811 0.5328237989139317
1812 0.5618984548671927
1813 0.2411741124924444
1814 0.4976552699424679
1815 0.9748554142343421
1816 0.6482148581225424
1817 0.782008232281809
1818 0.813775994267978
1819 0.9351187414878966
1820 0.9803014063939623
1821 0.9418417705421702
1822 0.8707078909709819
1823 0.7933758480581116
1824 0.9966666973667231
1825 0.9757212722465206
1826 0.8759898477142508
1827 0.35075731095060503
1828 0.6454837825301947
1829 0.6848910460899202
1830 0.703633193236212
1831 0.6043689531568037
1832 0.717910506374862
1833 0.794597043515896
1834 0.8578287330486958
1835 0.829740435831421
1836 0.5318875986879764
1837 0.5980137937206236
1838 0.7991564554963388
1839 0.9560788238380952
1840 0.1639514153918776
1841 0.8819425298457688
1842 0.9759285007816938
1843 0.8894896556209582
1844 0.8632933921591248
1845 0.8557518253028703
1847 0.5380316555263717
1848 0.6885528605918195
1846 0.7950978100666263
1849 0.5578950426327797
1850 0.7774093885739722
1851 0.33582660390833674
1852 0.9292268741575006
1853 0.7295942685945522
1854 0.5765912223405512
1855 0.8408281569387371
1856 0.8307579287788819
1859 0.8565907710786597
1858 0.7109870453687515
1857 0.6135687837331423
1860 0.6699975956947224
1861 0.8809989136892362
1863 0.8159155321804412
1862 0.97730728401651
1864 0.7010287525547515
1865 0.9215652134241366
1866 0.43378293275621344
1868 0.7237194187902309
1867 0.8865201114033472
1870 0.5031361131209258
1869 0.9527928113566435
1871 0.8796122908788753
1872 0.8879117671876471
1874 0.906956596129516
1873 0.9366125901071458
1876 0.9209361740845875
1875 0.7851402344653142
1877 0.41832781531700003
1878 0.7427319037208435
1880 0.7152168089066876
1879 0.40437642183348765
1881 0.046675697388944684
1882 0.6927982311585738
1883 0.5000808879119463
1884 0.33298402207132255
1885 0.3851600566126335
1886 0.8188206127469783
1888 0.08933054359442609
1887 0.9612903782337385
1891 0.7657521476001848
1889 0.7803806946870794
1892 0.43205445220977107
1890 0.7441121511767544
1893 0.5089468373595488
1894 0.3408597025819498
1895 0.6508033275198318
1896 0.868697250033372
1899 0.7844591499719458
1898 0.6785191072732107
1897 0.9070857568740059
1900 0.38466538012606566
1901 0.7573166287057461
1902 0.29508407450836033
1904 0.7875829307077725
1903 0.3475635226736768
1905 1.0139440186355844
1906 0.8168251850076682
1907 0.06476588153806552
1908 0.27906088017551933
1909 0.8120943014729297
1910 0.9590242969368222
1911 0.7828635733294036
1912 0.7564967557500086
1914 0.896656532457995
1913 0.9600081204347426
1915 0.994898606283992
1917 0.4787937899316587
1916 0.5689460263205353
1918 0.9745522534312768
1919 0.8159182770565688
1920 0.6224564851922243
1922 0.911088853281927
1921 0.8938912986324021
1923 0.7937368470864968
1924 0.911773624951563
1925 0.4107578362409916
1926 0.39744764557106244
1927 0.2885534663636833
1928 0.8077434013269691
1929 0.9743097241076778
1930 0.616838970088114
1931 0.894573848391662
1932 0.24470049089732576
1933 0.8032305576935641
1935 0.5390047149255598
1934 0.2415904242262415
1936 0.7690982540078972
1937 0.44809601401812
1939 0.4106225318179506
1938 0.3202920740567132
1940 0.8549547150108118
1942 0.511866331960408
1941 0.8605781281700873
1943 0.2901579691966703
1944 0.8382710811270015
1945 0.36250529163514783
1946 0.688686623308231
1947 0.8492606323050801
1948 0.7400350171229418
1950 0.9942044572552953
1951 0.7361818687177214
1949 0.7809117724520132
1952 0.8408127193300102
1954 0.5714697635740608
1955 0.8346802826100805
1956 0.4530582994494161
1957 0.9155305812595045
1958 0.8029498254818758
1959 0.6763634097710781
1953 0.9221518689812539
1960 0.4822540307611079
1961 0.9635503075215114
1962 0.9350938174899749
1963 0.3516952908213899
1964 0.3675190635381806
1965 0.8590741264618766
1966 0.6077547904503876
1967 0.8805096370223379
1968 0.9083200609169267
1969 0.9261958730403512
1970 0.4431370491079574
1972 0.4710281378888928
1971 0.8476304970556902
1973 0.6868714366647772
1974 0.7579672371321762
1975 0.5752306693912356
1976 0.746331205907998
1977 0.8657875621798442
1979 0.6995936165707588
1978 0.7430578908325302
1980 0.8941498748067227
1982 0.7620941751014831
1981 0.5364973485413435
1983 0.9427030031658139
1984 0.3638636111394891
1985 0.8674197662003273
1986 0.823232071723603
1987 0.9106063467294286
1988 0.5563442883494254
1989 0.7330211782124075
1991 0.954253891246158
1990 0.0479906930606799
1992 0.9894523368244433
1993 0.20788605957976028
1994 0.290053644080015
1995 0.754460137571943
1996 0.65830339748086
1997 0.3872423553962162
1998 0.7126221565453532
1999 0.7668361438321537
2000 0.6914985465900758
2001 0.9837479245753521
2002 0.7626009230070618
2003 0.6217512432388436
2004 0.9359989247222704
2005 0.6220638388778512
2006 0.8526813024706092
2007 0.8919407509758412
2008 0.4033352565926205
2009 0.5819228475438744
2010 0.3931976295443055
2011 0.8240519774319283
2012 0.6817443048402089
2013 0.8336073503966549
2015 0.7814812027592888
2014 0.8186723225966578
2016 0.883696783902824
2017 0.9124039764683989
2018 0.0027101312704158756
2020 0.14985515404724253
2019 0.8745417776651775
2021 0.2909355379018856
2022 0.8177317124760862
2023 0.6631970536087862
2024 0.8548691930751432
2025 0.4351522423740181
2026 0.8433503062186101
2027 0.9003659594819166
2028 0.6672826685984192
2029 0.8919717939550381
2030 0.5726634523698765
2031 0.6210584942729286
2032 0.937323319092266
2033 0.36262181978465446
2034 0.5841273056515934
2035 0.8141879511034519
2036 0.15916265892451306
2037 0.9806968439899809
2038 0.6729747236422563
2039 0.6770845004402365
2040 0.9568803878428489
2041 0.9833620622185335
2042 0.600763929842387
2043 0.7859939401930688
2044 0.6091529843145668
2045 0.9788378083359038
2046 0.7315254229484985
2047 0.6992076342960523
2049 0.9943246010317004
2048 0.6768507834643184
2050 0.9438725068263691
2051 0.6652208361650584
2052 0.947564180091986
2054 0.6231920772035494
2053 0.7153417960007973
2055 0.8486892369513088
2056 0.8862631978784931
2057 0.5310998411266095
2058 0.9585789941092425
2059 0.9846252056749155
2060 0.6434828476801717
2061 0.14722217374907814
2062 0.9872803653867783
2063 0.8154901754168079
2064 0.7482702709835262
2065 0.7960340148384646
2067 0.7937191158434663
2066 0.6272160754539793
2068 0.8649409179979186
2069 0.8660174539499966
2070 0.850598048364999
2071 0.9153509887083093
2072 0.701766134208592
2073 0.6013162483939487
2074 0.7477120152022207
2075 0.24277254807375076
2076 0.9790195696131245
2077 0.996258105816412
2078 0.7602622119019516
2079 0.8083173438457376
2080 0.9047186290292936
2081 0.8837996075816257
2082 0.8943134648742324
2083 0.8890386979512831
2084 0.9187098172566907
2085 0.7570483291517898
2086 0.8271927694444493
2087 0.9575124326081981
2088 0.7178264896705542
2089 0.5342942564115443
2090 0.5888677580599261
2091 0.27229515615775013
2092 0.3313008278051406
2093 0.7337887535053896
2095 0.8118306227031483
2096 0.9264041077241197
2094 0.8587329961220129
2097 0.5348592827071841
2098 0.4691317832121639
2099 0.9986233222033942
2100 0.8674752064103876
2101 0.9094898960629589
2102 0.9525381219737928
2103 0.40195830650755443
2104 0.6023496507501425
2105 0.9752677408353094
2106 0.9321667979181267
2107 0.15809613548832188
2108 0.3503565560672511
2110 0.2780810403688044
2109 0.9676004119707124
2112 0.7817850226624539
2111 0.7101126861863802
2113 0.9905222779554457
2114 0.7141343529533983
2115 0.7950406396944948
2116 0.3906859202820841
2117 0.644021372076325
2118 0.41018825603737985
2119 0.8286684426881548
2120 0.8960751101074546
2121 0.9727133370339641
2122 0.686543465067002
2123 0.9234117352173918
2124 0.7672965291976497
2125 0.8349951357420785
2126 0.9489303531473975
2127 0.32665714738198026
2128 0.9252968495377115
2129 0.8099973961312973
2130 0.8237126243618986
2131 0.8909214236172254
2132 0.7382628311011629
2133 0.716014011978211
2134 0.6880564176204103
2135 0.5206876131079059
2138 0.7796725725520446
2137 0.39889996372116393
2136 0.6582022406094596
2139 0.667062518833715
2140 0.8403253412864932
2141 0.8258145412295934
2142 0.9126113989800341
2143 0.976857103858331
2144 0.5129987951290809
2145 0.9649895841310675
2146 0.8163923460433099
2147 0.6634427776469181
2148 0.880736322752665
2149 0.19406236945929228
2150 0.2725701376883179
2151 0.5930613810455497
2153 0.8362567019065952
2152 0.497470419397631
2154 0.9697721706167814
2155 0.5331943119668221
2156 0.9516173991206717
2157 0.7041255619047702
2158 0.5561310626064406
2159 0.6986040234848
2160 0.8107093362354989
2161 0.7674121087477214
2162 0.7322223068706314
2163 0.41830297586367915
2165 0.16953822438107843
2164 0.7142067738962625
2166 0.7826442190497792
2167 0.9989574982891819
2168 0.8721067783496822
2169 0.7961663728762886
2170 0.7226878500202616
2171 0.7993713511777155
2173 0.2431552195403883
2172 0.8990059678971358
2174 0.00710495894148354
2175 0.8497223964501971
2176 0.27516998499201906
2177 0.6017857158131568
2178 0.6981307878895058
2179 0.8804584587038929
2180 0.7498725322336558
2181 0.9380254932157558
2182 0.71335681253024
2183 0.3767553625172172
2185 0.7161398086028556
2186 0.9034512851285604
2184 0.7384670927247035
2187 0.9663223912031829
2188 0.555848620119509
2189 0.9052601427065616
2190 0.9680125867326808
2191 0.706662156670171
2192 0.7101106637695245
2193 0.7996599105259604
2194 0.9220372010373457
2195 0.7224161052357788
2196 0.16123839685755503
2198 0.7282102672316598
2197 0.9406186314893282
2199 0.2670887180884208
2200 0.5849077331951033
2201 0.882040751537392
2202 0.5136796963839366
2203 0.77391799046702
2204 0.697075715740103
2205 0.647755337850674
2206 0.9962580177386668
2207 0.8511143800440563
2208 0.7629709755292393
2209 0.7841478110316845
2210 0.8356977040354042
2211 0.8705555260395265
2212 0.39998472672125596
2213 0.5014634004926835
2215 0.9574328969788876
2214 0.5572916716022662
2216 0.8230137761795279
2218 0.9880317891842642
2217 0.8153002985871017
2219 0.31059104003238297
2220 0.49548676472583114
2221 0.19082023136067647
2222 0.7307647677548665
2223 0.6736914142094226
2224 0.7752069343296594
2225 0.9218633483254457
2226 0.8370438105416411
2227 0.9120422324199504
2228 0.7617849053005694
2229 0.9984959001690882
2230 0.930896105247537
2231 0.7747600368886264
2232 0.44207441595392893
2233 0.7574884584009897
2234 0.766267474301541
2235 0.7482490300213555
2236 0.9079544719714053
2237 0.5555601137989189
2238 0.8595637064515511
2239 0.6593295897837909
2240 0.9099470808210446
2241 0.8905975146248786
2242 0.7620820501381826
2243 0.6144554487605297
2244 0.9981923689325016
2245 0.868754055041211
2247 0.9221824353487725
2246 0.9932728914832721
2248 0.7725242456999899
2249 0.7841142087165881
2250 0.7171987136608199
2251 0.6836610071121517
2252 0.9067004489556926
2253 0.5347926986649694
2254 0.5495357660072694
2255 0.4389684442226171
2256 0.7156771099251035
2257 0.5608856208007782
2258 0.7573046143048534
2259 0.7946957546628218
2260 0.8769711489004177
2261 0.7992238910597423
2262 0.9415906841114742
2263 0.5701715719368167
2264 0.5564577708222853
2265 0.7479701158381565
2266 0.7054882644154766
2267 0.905261667230091
2268 0.5427557071541115
2269 0.6631579812500861
2270 0.8902173163446274
2271 0.9017564444162228
2273 0.12000090367397014
2272 0.5129676249311119
2274 0.9910944438738387
2275 0.8565694725273344
2276 0.7402449038717164
2277 0.519255950766382
2278 0.5428351350407427
2279 0.8718734609573703
2280 0.35918548087290914
2281 0.9438102280942313
2282 0.9616131960002131
2283 0.5984378205299045
2284 0.7089749198624167
2285 0.9957176948350601
2286 0.9986224218176674
2288 0.8968719077080911
2287 0.842963581404379
2289 0.5090170761670091
2290 0.8353211453963124
2291 0.5347564117836079
2292 0.8753672607168009
2293 0.3756821200639125
2294 0.6620175574348233
2295 0.8722354623588818
2296 0.5139677190049797
2297 0.6956513178956368
2298 0.2711517505710241
2299 0.9897495736171618
2300 0.9224265145953715
2301 0.46225716324189087
2302 0.746561469195359
2303 0.5237526062513764
2304 0.9402944822231843
2305 0.7066613715292409
2306 0.34266307063013735
2308 0.8740784074365963
2307 0.5913048993708906
2309 0.9756094555542112
2310 0.9847738652667147
2311 0.9728776380527149
2312 0.5962210148613319
2313 0.87679542833496
2314 0.5947595040330562
2315 0.6687672896296404
2316 0.22036857587523892
2317 0.7592935961079498
2318 0.8600325417956997
2319 0.7055817748044613
2320 0.8564757403404117
2321 0.9909176973305693
2322 0.9040923612769718
2324 0.7974699742980101
2323 0.6751246164927824
2325 0.6940349283564279
2326 0.49366060953312474
2327 0.9296078081323986
2328 0.5828707684821869
2329 0.773862342120921
2330 0.7442689018096883
2331 0.987239801259238
2332 0.8033894549526487
2333 0.8649294156993022
2335 0.9058813162908663
2334 0.9217933513839832
2336 0.3696282942689017
2337 0.6490554190659443
2338 0.8755865526350662
2339 0.6867391958818369
2340 0.6534783007858022
2341 0.5094761949333826
2342 0.8520969125295146
2343 0.33144662840431505
2344 0.915127736382496
2345 0.9072644616625387
2346 0.09017167158570412
2347 0.0904593656619234
2348 0.8490644060077948
2349 0.923146056834279
2350 0.49455193259616864
2351 0.9591147114809511
2352 0.6475730966129333
2353 0.9001758258943259
2354 0.9969570239119803
2355 0.8623802646077442
2356 0.09657639493637123
2357 0.45391436479958897
2358 0.1482182785916354
2359 0.7710298483296165
2360 0.3722837201345316
2361 0.43903208030779856
2362 0.9026065593104977
2363 0.5123690670230139
2364 0.9933795647589517
2365 0.6655348482320089
2366 0.3937384299806129
2367 0.9944460764584121
2368 0.06356160480128549
2369 0.9194314815263954
2370 0.3714859200993166
2371 0.9918865067764687
2373 0.922053922421347
2372 0.6328081618411918
2374 0.5986272544558064
2375 0.9042221845227387
2376 0.42474333002799886
2377 0.501503690951785
2378 0.9295277426887057
2379 0.8378172987399353
2380 0.1506849449820551
2381 0.3517835442119858
2382 0.8730412860710601
2383 0.8564233148541592
2385 0.8125969021348594
2386 0.8051963170384988
2384 0.7967461287098251
2387 0.8202710730424941
2388 0.8741865486123416
2389 0.6148022135296247
2390 0.7089424901129568
2391 0.5448419388436824
2392 0.8396524423204059
2393 0.5208033579730753
2394 0.7716152148202889
2395 0.48583407892030595
2396 0.8448134111041207
2397 0.4934996042420812
2398 0.5928239906328938
2399 0.838089626805964
2400 0.5510241363141348
2401 0.8371907658652114
2402 0.32726405467326153
2403 0.8739074434417666
2404 0.7172838718823099
2405 0.8172835487499844
2406 0.7579082656144381
2407 0.8387983810395673
2408 0.943159647453313
2409 0.9742057367787677
2410 0.940888810252661
2411 0.9720266414741348
2412 0.7972308477128336
2413 0.9349716913143766
2414 0.799352669255876
2415 0.9864671169379283
2416 0.7115793783918256
2417 0.9303186573717751
2418 0.16273267180675322
2419 0.9070874422583044
2420 0.6245205956716188
2421 0.49105308150290305
2422 0.9240923052100724
2424 0.6409017714713117
2423 0.3749927523663856
2425 0.9464037193566653
2426 0.8823850851015309
2427 0.7010675748905842
2428 0.3913439715649831
2429 0.45352010405836135
2430 0.7170159011582915
2431 0.8584884858261699
2432 0.7762708452951679
2433 0.7774577464890213
2434 0.8260662344271942
2435 0.3624921527733159
2436 0.8447764881010523
2437 0.5428388998090734
2438 0.31974483890498057
2439 0.7544314704798399
2440 0.6989006930872853
2441 0.8248101284792201
2442 0.7090633048931428
2443 0.7460199163359957
2445 0.4753094475525864
2444 0.2671046324196357
2446 0.9548277505629665
2447 0.9127155823706508
2448 0.44610292396258605
2449 0.3845185978252382
2450 0.6117904515243516
2451 0.8979609930483012
2453 0.7620965884913355
2452 0.8409886728171552
2454 0.8754439468265274
2455 0.8836905147514721
2456 0.9117002843645887
2457 0.4234622660412155
2458 0.9503246559843054
2459 0.829617872030799
2460 0.6191514468998993
2461 0.709729582109341
2462 0.1391091880669109
2463 0.7957288847203686
2464 0.3315761703117011
2465 0.7702944301017618
2466 0.7039233928918714
2467 0.8590764807154354
2468 0.7602341961242726
2469 0.4419670834441123
2470 0.7126293304701777
2471 0.7359104828510945
2472 0.9729715827415006
2473 0.7931050840116493
2474 0.9477569328998217
2475 0.3755954981195667
2476 0.7104674996859215
2477 0.9576237228977179
2478 0.8062978488507692
2479 0.8728878367925288
2480 0.6786649303472281
2481 0.7710661912315645
2483 0.8248122388136003
2484 0.6822099533343221
2482 0.6420888003543239
2485 0.25940298517547905
2486 0.6250871918746351
2487 0.526950187226925
2488 0.9646042872254436
2489 0.9381122915539638
2490 0.5807751173363296
2491 0.923989103314058
2492 0.5078644408402546
2493 0.7219196978364132
2494 0.5210500410449574
2495 0.9872809136270831
2496 0.8730619097369551
2497 0.7449954598322989
2498 0.871375423192765
2499 0.7903984397020558
2500 0.6702998560485385
2502 0.32205238368174266
2501 0.5109917839867946
2503 0.1928351918250326
2504 0.7478341617443492
2505 0.6533584383297484
2506 0.9342910218824843
2507 0.4371335262084854
2508 0.7899207689201548
2509 0.7633037698811013
2510 0.7067050304051896
2511 0.9963789626870146
2513 0.9468743188471042
2512 0.6902687882267313
2514 0.6349476517288862
2515 0.9934585948191678
2516 0.12858499024801517
2517 0.9916906077307057
2518 0.8765493061721839
2519 0.5507573496573118
2520 0.07524321592467982
2521 0.7846020585494798
2522 0.4459377907402457
2523 0.35397363264592213
2525 0.13220730408611708
2526 0.5068673096234875
2524 0.953956355325368
2527 0.4078058300970719
2528 0.6720717897187145
2529 0.7422977711054192
2530 0.9358556011597488
2531 0.9545863541983928
2532 0.9535890365566656
2533 0.38118136711509226
2534 0.516574838591228
2535 0.9253729560760378
2536 0.808196622282178
2537 0.8207581334587813
2538 0.7324431940881304
2539 0.6680305137782813
2540 0.32517099263727106
2541 0.4360431350943048
2542 0.5201713061386766
2543 0.9308286558334868
2544 0.818842218746774
2545 0.34184932189052547
2547 0.9911887360880502
2546 0.7730145046337675
2548 0.4416901331785035
2549 0.49493015155472636
2551 0.9995353673457108
2550 0.9271834108426725
2552 0.3545301070066172
2553 0.7794499990932923
2554 0.9838151021468927
2555 0.5833966653430122
2557 0.4694802775397445
2556 0.5735638580749908
2558 0.5652159479619459
2559 0.9933179130296294
2560 0.03229969575947089
2561 0.7922497431631648
2563 0.8286855198856757
2562 0.501547633811059
2564 0.9700764654848012
2565 0.9994507441130588
2566 0.9134175276789729
2567 0.9288168833791646
2568 0.8902356278218732
2569 0.0024549000317812203
2570 0.4328337936632919
2571 0.549885040733415
2572 0.9067565387378154
2573 0.902745223097564
2574 0.7041147340284608
2575 0.9689251899270667
2576 0.5769738842626334
2577 0.8605741273050369
2578 0.035194271082570644
2579 0.8086469812889734
2580 0.39037229696577186
2581 0.4507328838245153
2583 0.7510978402273203
2582 0.8501336632244595
2584 0.3849867900188699
2585 0.4819918436594342
2586 0.5527824067203997
2587 0.6920777178809984
2588 0.8287191464953454
2589 0.8126949377971061
2590 0.9891631849905316
2591 0.07466898504235132
2592 0.783285816839552
2593 0.42318131934116554
2594 0.9977787875312926
2595 0.9988538908815506
2596 0.7197542943693133
2597 0.5733503454172878
2598 0.3577788330127021
2599 0.9650202601511215
2600 0.8868704231228344
2601 0.861667134115226
2602 0.020015625502618723
2603 0.7334459477052603
2604 0.8052510754887863
2605 0.5720256064229825
2606 0.2571922953472661
2607 0.6603913553908918
2608 0.877276285470023
2611 0.13111407608662926
2610 0.8039446846545799
2609 0.4837913971770035
2612 0.7721271921495892
2613 0.4021713768048369
2614 0.3981352785538478
2615 0.7040186620785756
2616 0.8715399021795017
2618 0.8696427309093447
2617 0.8952443599104931
2619 0.6806709207687686
2620 0.7178932946261407
2621 0.7562050726272922
2622 0.6316206858468765
2624 0.4719415377955375
2625 0.5277768626603035
2623 0.7021508182620437
2626 0.07752606997088285
2627 0.5461626088669823
2628 0.0723565074310979
2630 0.8075994401664682
2629 0.8034686792874622
2631 0.631239868580955
2632 0.36755376340890145
2633 0.028694148708179264
2634 0.9999503618380816
2636 0.9554019833044963
2635 0.03161522542464405
2637 0.0
2638 0.7411000372568471
2640 0.84103989530894
2639 0.22624707856612025
2641 0.9059082821948345
2642 0.9015792134616953
2644 0.5800417831783566
2643 0.7306937923194122
2645 0.5815560331154422
2646 0.9917691266406421
2647 0.8940498662652793
2648 0.6996731370138305
2650 0.9364045041336639
2649 0.8955807160316729
2651 0.07625786816092214
2652 0.40972451242424074
2653 0.426748469197188
2654 0.6312700866544392
2655 0.9907126156259409
2657 0.9912136676103795
2658 0.475518528570375
2659 0.5744808860915137
2656 0.8257820585163634
2660 0.4682685995740345
2661 0.6307518160248452
2662 0.7263414037246939
2663 0.6206141229793529
2664 0.7908792575355609
2665 0.8896007124800468
2666 0.49010411420630207
2667 0.89366887937238
2669 0.897972495327172
2668 0.7075370315990895
2670 0.8001119616106805
2671 0.7706519939525179
2672 0.8105768585587911
2673 0.8524650584674196
2674 0.43087195880318935
2675 0.9776402559328341
2676 0.9947394255101154
2677 0.3807592687447694
2678 0.7246880765695648
2679 0.3222098819156446
2681 0.5791586291223472
2680 0.619995861369109
2682 0.18354021923333796
2683 0.4770021692429557
2684 0.3367889658386077
2685 0.7150529255850547
2686 0.5913380321599047
2687 0.12040719970689646
2688 0.9400874512168329
2689 0.5779087339901751
2690 0.7436141775818327
2692 0.06014464416936303
2691 0.7447075997312865
2693 0.46174848153408987
2694 0.3063278410116659
2695 0.9709481373037219
2696 0.09407027372745369
2698 0.8725238106590036
2697 0.7407899917574945
2699 0.8435714957758067
2700 0.0876144062861758
2701 0.9273540358285586
2702 0.9994052707168236
2703 0.9166845219535145
2704 0.926205119355994
2705 0.40415301920594054
2706 0.8228532170796863
2707 0.9832899778907438
2708 0.9734672870784039
2709 0.8864651536126367
2710 0.5938495741142508
2711 0.8107907460616297
2712 0.5062175993506534
2713 0.4336652535314673
2714 0.35559941734841166
2715 0.8706176062106329
2716 0.7379017070356888
2717 0.9784537480601494
2718 0.30657839367701095
2719 0.8451277746458864
2720 0.7549584442467171
2722 0.8350487255894766
2721 0.9326810625229406
2723 0.779885391699622
2724 0.3683928670886984
2725 0.6696470056639964
2726 0.910923581660683
2727 0.8161512176497535
2728 0.9567070826831248
2729 0.1827662796364845
2730 0.5434180140892899
2731 0.6144889415357765
2732 0.7397609773623999
2733 0.36306939664782084
2734 0.5047835748143141
2735 0.0
2736 0.5632788738726364
2737 0.5642555480099734
2738 0.8867379256740325
2739 0.8080685587931109
2740 0.7805281567942521
2741 0.8398136486384048
2742 0.8539243378212469
2743 0.7398769882383968
2744 0.7854908949669283
2745 0.7776745243843491
2747 0.7368172941413367
2746 0.9503727787609886
2748 0.9530268274289141
2751 0.8196581976861604
2749 0.707009721237812
2752 0.4547665722313941
2750 0.8911689549423408
2753 0.8820734027034044
2754 0.8212381236721603
2755 0.9888045256446603
2756 0.6243228789777099
2757 0.7637066376655747
2758 0.48445632412432893
2759 0.8554458188641718
2761 0.9265643752356928
2760 0.7189623596643161
2763 0.8764126313365773
2762 0.7598518671418062
2764 0.7158252090384749
2765 0.6797999875498388
2766 0.42373983318936714
2767 0.9018311704459853
2768 0.900772983987111
2769 0.7163949779727192
2770 0.9959680425859024
2771 0.7942803871696282
2772 0.9503112159532959
2773 0.7280801168941061
2774 0.7635574004991548
2775 0.9646964851067497
2777 0.7292119542278691
2776 0.8572767469156662
2778 0.9042066038133202
2779 0.3628037160258477
2780 0.8067514531193948
2781 0.7415455281050347
2782 0.39431092003301066
2783 0.401893773044455
2784 0.9646208076087669
2785 0.7170164241068347
2786 0.9193297732108672
2787 0.8577443310853771
2788 0.711654124381063
2789 0.3950270002447588
2790 0.8439452338051884
2791 0.7063316666302492
2792 0.60196570013905
2793 0.6969106394762006
2794 0.6926232585560509
2795 0.33485346265711385
2796 0.39674529075643455
2797 0.4070355806112188
2798 0.026982365584524996
2799 0.7784729883694658
2800 0.4649586126246302
2801 0.7142653515550076
2802 0.9103631645148134
2803 0.7426589850954493
2804 0.740241279697926
2805 0.5884579796426433
2806 0.9613744998048855
2807 0.40495700033410303
2808 0.5316486922871818
2809 0.9958501112171557
2810 0.46156247827399355
2811 0.3168463006982016
2812 0.717108139468972
2813 0.9562135630836156
2814 0.990299754662304
2815 0.9529708167258867
2816 0.8897510260049399
2817 0.6919945773275591
2818 0.37020313948657096
2819 0.9619701517683418
2820 0.5335123833362958
2821 0.4985922866155614
2822 0.6761137920985207
2823 0.8818262656272551
2824 0.887279665640555
2825 0.5812222756602767
2826 0.5799031591585494
2827 0.9634720558321788
2828 0.8212174818814676
2829 0.7171596948401664
2830 0.6111161479139843
2831 0.9190872827610145
2832 0.27602872808815315
2833 0.9917638352069085
2834 0.908903593426392
2836 0.5014844043459397
2835 0.4690827662265929
2837 0.8215416920440312
2838 0.6888545764600412
2839 0.5436769378502141
2840 0.24466892087230574
2841 0.9556531738925049
2842 0.6360180490459474
2843 0.9279710819884752
2844 0.9925344069518056
2845 0.6936712111851462
2846 0.9867019850865595
2848 0.9504675574315348
2847 0.6240370122154024
2849 0.7344301042695768
2850 0.7720196517480317
2851 0.27312437322493255
2852 0.9035854000792156
2853 0.28505583830062753
2854 0.5246222678765006
2855 0.4446944364452964
2856 0.7474691003039856
2857 0.875054340209724
2858 0.9873301836843376
2859 0.9982889099449714
2860 0.9998853691551078
2861 0.6215000342879408
2862 0.9872845896860504
2863 0.5615308352209492
2864 0.3587348743541245
2865 0.9552597314445639
2866 0.946977669832726
2867 0.40984651181816917
2868 0.7056411192044982
2869 0.05527555706015733
2870 0.21846012230788736
2871 0.8453217146436413
2872 0.8871836624915141
2873 0.6084731961733018
2874 0.8114782213784628
2875 0.36448922897015756
2876 0.5248232771708983
2877 0.9496663133714144
2878 0.8784467881022486
2879 0.9761716461736449
2880 0.3870701676153064
2881 0.9826617010109708
2882 0.6484394241125191
2883 0.7982256435913614
2884 0.3820919808663422
2885 0.7167386277229588
2886 0.3448192951384864
2887 0.9788891931761461
2888 0.8376383424021295
2889 0.9216898580711386
2890 0.787922561019846
2891 0.7567370524010485
2892 0.9497901447754606
2893 0.2991847297992076
2894 0.6155572960390737
2895 0.9895428003278742
2896 0.5013394310146951
2897 0.5444563156652376
2898 0.28620961166758824
2899 0.9254609052251259
2900 0.722230184297105
2901 0.845692119798466
2902 0.8545052128240873
2903 0.017628441780489442
2904 0.444355864366592
2905 0.6798685145785025
2906 0.35191845678879086
2907 0.9100825674688704
2908 0.7012444970201883
2909 0.29351205268175623
2910 0.7367171288302953
2911 0.3383714853031631
2912 0.9131037447731537
2913 0.8956448586224428
2914 0.43918662594612873
2915 0.813273188358051
2916 0.6953733316371173
2917 0.7553560971575892
2918 0.9464335123406198
2919 0.7736680489972748
2920 0.6579530671455562
2921 0.7119541757732437
2922 0.6357997035983322
2923 0.8397717191637033
2924 0.6974744606374419
2926 0.8259096551904485
2925 0.5991289740031333
2927 0.8903105084370077
2928 0.9311826279348372
2929 0.7491264670873713
2930 0.17134663486312682
2931 0.8065576942737855
2932 0.6850626807282906
2933 0.7781800523522826
2934 0.6092721014522509
2935 0.671071990536223
2936 0.5851180821525914
2938 0.9994857709782687
2937 0.8178740054262895
2939 0.6791620877228135
2941 0.6907200457664893
2940 0.7710544168042138
2943 0.5160594541005652
2942 0.8060509653340355
2944 0.6790609778798072
2945 0.9299961092831136
2946 0.8451661401888096
2947 0.36407522660315744
2948 0.9833725785966168
2949 0.679475700750886
2950 0.6194283296132189
2951 0.847868731187504
2952 0.49983063192709365
2953 0.8943447502267546
2954 0.7921480152731732
2955 0.5677808307679164
2956 0.6144817952167199
2957 0.7308744586019016
2958 0.8366758329413603
2959 0.6536832481777196
2960 0.5679107149456788
2961 0.7875038471661178
2962 0.4096359686521587
2963 0.94506028650112
2964 0.792532939596031
2965 0.968901622152783
2966 0.2947578911160727
2967 0.7358240588840574
2968 0.4942503581965921
2970 0.9205769563481825
2969 0.8278620629817065
2971 0.8195804883352694
2972 0.7304137638761461
2973 0.20962453622577265
2974 0.4831914723437771
2975 0.6429905409301448
2976 0.8464895352653963
2977 0.648998337427182
2978 0.6207208358694198
2979 0.36102576788387963
2980 0.5879677026736955
2981 0.9429959996235264
2982 0.8699250552325493
2983 0.6375907001050989
2984 0.918892430787323
2985 0.9200830668503668
2986 0.7621082403092639
2987 0.9840927514019215
2988 0.6639474470436396
2990 0.8961592421408895
2989 0.9789810054512853
2991 0.6105661825098191
2992 0.9718075886767666
2993 0.726128956396788
2995 0.5208543845804426
2994 0.9035188977090155
2996 0.6227295623171031
2997 0.9269625849951967
2998 0.8773234406676537
3000 0.8345485763555494
2999 0.8276955572411527
3001 0.9092847836039952
3002 0.8073633760992889
3003 0.21187193099073173
3004 0.6894459800283627
3005 0.7075395016054653
3006 0.5750641367987125
3007 0.5447064183776356
3008 0.20210698415731204
3009 0.928152457024755
3010 0.4869258369754152
3011 0.47956767095485386
3012 0.9386101277579111
3013 0.8352808230449636
3014 0.8471900684652973
3015 0.7684048037814684
3016 0.6167939058826831
3017 0.7863584559330419
3018 0.8604627552823271
3019 0.8223006356482153
3020 0.6900180468549242
3022 0.1660090742535636
3021 0.5857000840496831
3024 0.9234700640649658
3023 0.9659970759788795
3025 0.9534432068679188
3026 0.6349699977757796
3027 0.11374451750799011
3028 0.9393962198916627
3029 0.7764811479370533
3030 0.6987020227391346
3031 0.7864132974480571
3032 0.9777852765792281
3033 0.8205261250202626
3034 0.7140508938003808
3036 0.393634899835314
3035 0.6974566318330913
3037 0.5266779051810824
3038 0.9912966343432814
3039 0.7349624524237287
3040 0.6412328535760874
3041 0.5312104518400997
3042 0.1788842144541942
3043 0.8990574008411958
3044 0.07748550849495199
3045 0.6805346207111127
3046 0.5926753858970756
3047 0.06215332302665642
3048 0.8860336201266307
3049 0.5556460240461184
3050 0.8778728762430754
3052 0.7250879389144141
3051 0.909785346057351
3053 0.5644013799851982
3054 0.843272938625163
3055 0.9986387567894178
3056 0.9404433540808099
3057 0.5818164782501268
3058 0.9065680399319658
3059 0.07972425564920498
3060 0.9634670832781012
3061 0.7603275843185127
3063 0.5191525105202184
3062 0.7806899078602689
3064 0.6036587890412956
3065 0.9507720385697357
3066 0.6738936182086486
3067 0.4168961672927284
3068 0.39825262897437264
3069 0.8986237926609912
3070 0.5327685113897075
3071 0.9179695958478807
3072 0.9464470059228065
3073 0.9145262997083557
3074 0.9108803181221289
3075 0.7985431286181747
3077 0.4499523154962979
3076 0.7612678594206139
3079 0.7624928138257593
3078 0.37492025819789493
3080 0.7461240847284909
3081 0.9278233272791523
3082 0.4951467193969346
3083 0.8987485418930807
3084 0.6450162854043466
3085 0.538868344211437
3086 0.7377624859140113
3087 0.38297834533508834
3088 0.948554695340341
3089 0.7708956882944061
3090 0.9038211464993967
3091 0.4902277822306637
3092 0.8186879425247522
3093 0.5172940610402419
3094 0.0937806205425058
3095 0.9786016485083233
3096 0.39044187568192723
3097 0.7512593228408095
3098 0.8957503170383775
3099 0.41193783149559887
3100 0.9875179814764282
3101 0.8548176956503855
3102 0.6269744284125244
3103 0.02881362221914823
3104 0.24538300606552363
3105 0.8596052654502147
3106 0.7396191830565909
3107 0.7132461485773472
3108 0.5379481273668482
3109 0.3256226358696305
3110 0.8153532238852045
3111 0.47897779705855914
3112 0.8365847530469783
3113 0.7846353979766066
3114 0.153816245370667
3115 0.3311875682747825
3116 0.6983392868073176
3118 0.7466515464636749
3117 0.6101915469661636
3120 0.5052192518241672
3122 0.813392989693272
3121 0.9462828219773085
3119 0.8039470005802426
3123 0.8872696852463804
3124 0.7362423965170871
3125 0.9483443480677706
3126 0.2519482743096607
3127 0.48022795070104923
3128 0.10562891809509915
3129 0.7747723174348585
3130 0.7389769723006557
3131 0.21431141463509154
3132 0.7853653731230175
3133 0.9427668842714799
3135 0.9354054613934749
3134 0.49879150685471035
3137 0.8725104622844951
3136 0.5650914703650916
3138 0.9296751807591478
3139 0.9975513729487608
3140 0.9760957146250969
3141 0.6116982399431897
3142 0.41699799027019285
3143 0.6774748725561258
3144 0.6350147567838086
3145 0.41508306211215285
3146 0.8536945046727629
3148 0.45980395793569245
3147 0.7062089363350161
3149 0.7562241417316624
3150 0.44537316883317024
3151 0.5670227773135372
3152 0.8101818057829636
3153 0.4563426958238434
3154 0.9612497844795571
3155 0.9243443984685404
3156 0.9758135305181703
3157 0.6705423974141259
3158 0.8322320233172912
3159 0.43946998104341806
3160 1.0
3161 0.46718224451713297
3162 0.8219694762962926
3163 0.3928093010357081
3164 0.18242394101813414
3165 0.9591028007947753
3166 0.26144276181815435
3167 0.9164413336899688
3168 0.6521297588911403
3169 0.8210072141192445
3170 0.9830734474314748
3171 0.7919255423643314
3172 0.7089511741837349
3174 0.8278054467059942
3173 0.9132147451601829
3175 0.5566650171637492
3176 0.9603581366154953
3177 0.5177624137585026
3178 0.34666977761173406
3179 0.960718196091971
3180 0.030955527569128727
3181 0.41602810476940955
3182 0.9307823954237853
3183 0.7050727028893579
3184 0.7996860572589758
3186 0.9981164491154854
3185 0.5456101853553584
3187 0.9053019744027002
3188 0.18256122250518986
3189 0.46855995148963026
3190 0.47725821061961426
3191 0.8864505277038086
3192 0.8247583607145778
3193 0.5167014612540843
3194 0.6786318567694388
3195 0.6281718811956875
3196 0.00877018468344023
3197 0.3509023795278273
3198 0.07888978401147316
3199 0.41768437631050237
3200 0.9922438375423626
3202 0.0975410897751171
3201 0.9586358774608814
3203 0.9943015010704438
3204 0.06740954408119526
3206 0.7275822354715942
3205 0.8047950711367851
3207 0.8275293421484896
3209 0.896030705796866
3208 0.8453643651718077
3210 0.8277169583393527
3211 0.46451947192736054
3212 0.8344087492665997
3213 0.7440541131415412
3214 0.9094982809174684
3215 0.1542448846214401
3216 0.9379618441888669
3217 0.8014227895113868
3218 0.15956190219713898
3219 0.2324520891113542
3220 0.8263194371958774
3221 0.9592519615707065
3222 0.27910519121299854
3223 0.0371925675981623
3224 0.7818948003321492
3225 0.18607727409382568
3226 0.22147520189252673
3227 0.4416908702379236
3228 0.9991053677701174
3229 0.7699025025050437
3230 0.5031674711013792
3231 0.9154667413576081
3232 0.9784559126605931
3233 0.1526893240387443
3234 0.6801890400921167
3235 0.9375592635360638
3237 0.8660753219710707
3236 0.9384399850080578
3238 0.23741962800498384
3239 0.850211308665533
3240 0.7364401917331292
3242 0.2413127794426402
3241 0.14845142064407796
3243 0.8123400891607652
3244 0.684504182721082
3245 0.9016637576957879
3246 0.7124937343079278
3247 0.7773048352483815
3248 0.2639219573824813
3249 0.32114811506480234
3250 0.8661084108729531
3252 0.03063729925625656
3251 0.49949259464891804
3253 0.20240202930902224
3254 0.9794287830921982
3255 0.9152720909316896
3256 0.8977626377087442
3257 0.6534957784398107
3258 0.7949315552305021
3260 0.8822237794329997
3259 0.6914044225860331
3262 0.9969102579807896
3263 0.4085080587691241
3261 0.7227460614395198
3264 0.9776645060202469
3265 0.7665223261421382
3266 0.5340379226699079
3267 0.8071766614081513
3268 0.9967978719562387
3269 0.9196973099539572
3270 0.7696377512483282
3272 0.8957004982036446
3271 0.21956654136175063
3273 0.9518518391341984
3275 0.4466906088110651
3274 0.4276307398436446
3277 0.299658897956918
3276 0.555826
3279 0.7040155377637096
3278 0.9336903412782069
3280 0.5248025989904053
3282 0.43344690878899433
3281 0.8805637298124852
3283 0.8739992454177671
3284 0.9667611413115685
3285 0.9993214049578466
3286 0.8916908643184186
3287 0.39055645062625555
3288 0.37230073119803564
3289 0.9994905279233631
3290 0.9986076799272061
3291 0.876405788589097
3292 0.9946701239961754
3293 0.6072529603539252
3294 0.7271375940274827
3295 0.634001041992809
3296 0.47411677714044315
3297 0.6907606406611816
3298 0.7196287971849712
3299 0.670587264362446
3300 0.8370181140432525
3301 0.3180948062982939
3302 0.8510249777826654
3303 0.8811698979370421
3304 0.9245784801502086
3305 0.2708620761868067
3306 0.9527769162646843
3307 0.9910061732488573
3308 0.9206605389227092
3309 0.9100462302564322
3310 0.5805537187514834
3311 0.9388957550941978
3312 0.9841524265236705
3313 0.8642077472754226
3314 0.3351959706821
3315 0.0
3316 0.44241127388774093
3317 0.8265212674419463
3318 0.10208769211089445
3319 0.7718327352202168
3320 0.998198356489762
3321 0.536350702585968
3322 0.9699672058581638
3323 0.25069419696960044
3324 0.5508185246007441
3326 0.11251732127059016
3327 0.7702239476203796
3325 0.7432813069962253
3328 0.9879571839506234
3330 0.9103662992357305
3332 0.45780283495276414
3335 0.3680938017219252
3331 0.9860863265437266
3338 0.6977984706668662
3333 0.49310177645458636
3339 0.9940562789037464
3329 0.9187699531025145
3337 0.6594635180830648
3336 0.4813892046867628
3334 0.7312290894650388
3340 0.13507235734419884
3343 0.3175120929326414
3341 0.9878070287221
3345 0.9584368938052937
3342 0.055201583843588115
3344 0.709789138436559
3347 0.03501583344707133
3350 0.36261281204177315
3349 0.7696833637800873
3346 0.286205594302113
3352 0.880203092131482
3351 0.9146929027820419
3348 0.8965528486322161
3354 0.710338351617946
3353 0.35227154305903274
3355 0.7347586396754785
3356 0.7354415705849872
3357 0.8902648067885415
3358 0.4108094689563655
3359 0.9937566805970143
3360 0.11013511660859499
3361 0.5280555749385502
3362 0.9465465217458756
3363 0.6794646717339959
3364 0.9988875385398708
3365 0.30260429528046934
3366 0.9824558837294476
3367 1.0216709940112527
3368 0.773778015935824
3369 0.5294393843687007
3370 0.3403990351358082
3371 0.841396168860522
3372 0.13323614285003033
3374 0.9865561257193572
3373 0.9753743396951977
3375 0.4592596402192458
3376 0.721838818053611
3378 0.8397648321401955
3379 0.6056269673262771
3377 0.6834543038539254
3380 0.6775457698212225
3381 0.6835284652443949
3382 0.772126129232318
3383 0.9413151856416173
3385 0.5692050175882931
3386 0.7586269426718052
3384 0.7384097575250245
3387 0.46986636033586254
3388 0.45664512128532203
3389 0.6286094437719032
3390 0.7031067127189238
3391 0.6668851105032751
3392 0.6014037131776472
3393 0.8448682036418963
3394 0.6628709684675138
3395 0.8966903198569575
3396 0.7789167221384763
3397 0.8857338370076341
3398 0.9960702718921641
3399 0.5941772477834545
3400 0.36155891551775754
3403 0.8452458180065541
3401 0.4834117176387964
3404 0.9560136337935948
3402 0.39849441364952626
3405 0.16009251950934283
3406 0.8103610585624291
3407 0.8659740394847388
3408 0.7623634982113038
3409 0.910053924151988
3410 0.5200183848458985
3411 0.8610042822212401
3412 0.8339496615630058
3415 0.8808694703540347
3413 0.7329850744398837
3414 0.9101102124492854
3416 0.1823806386262523
3417 0.8220934402902271
3418 0.6903723789253432
3419 0.8841873675085469
3420 0.3220604953909432
3422 0.6319283737108429
3421 0.6888340325761421
3423 0.28772536736604243
3424 0.6442630918770172
3425 0.43315240014857764
3426 0.1946614866745153
3427 0.8181999869494258
3428 0.8209718462416266
3429 0.7135023405053477
3431 0.8427244971627723
3430 0.7744259062279866
3432 0.7858040058415151
3434 0.10895369596881008
3433 0.9540685403245941
3436 0.9897616380505841
3435 0.2518973894127178
3438 0.8817605792602673
3437 0.5994224446750418
3439 0.3342998963555518
3440 0.8682047069355294
3441 0.5915919060348703
3442 0.3009421789803872
3443 0.6599451301765931
3444 0.8094584030798084
3445 0.9183930516480157
3446 0.8566941309202566
3448 0.7282381927955908
3447 0.8204466094455825
3449 0.636850141555748
3450 0.28286318467820726
3451 0.831378060025888
3452 0.9621264037654951
3453 0.7182609887972209
3454 0.47970365974902607
3455 0.17710286832460903
3456 0.3112165979644914
3457 0.8764915618149816
3458 0.9286143793777218
3459 0.8158514584018147
3460 0.95357017158047
3461 0.8431809923464318
3464 0.9386395987134999
3462 0.7020443498209994
3463 0.8402182298178825
3465 0.41479318173470614
3466 0.3974344718088909
3467 0.5750614013780156
3468 0.9462454526514322
3469 0.7851698530660273
3470 0.728943472661929
3471 0.9473701503725368
3472 0.9881113400695737
3473 0.7625871207220589
3474 0.9218841094120784
3475 0.8241732809366791
3476 0.20560155514471776
3477 0.9809480011429192
3478 0.8554336045180594
3479 0.765132784675736
3480 0.6433124899905401
3481 0.6148260637122154
3482 0.10228655098013165
3483 0.37211416304627115
3485 0.11629189501108733
3484 0.44389114511695377
3486 0.6252650447917442
3488 0.146062575493852
3487 0.7381597252002486
3489 0.5166069180421903
3490 0.8956659578838526
3491 0.8677760917943607
3492 0.5004629948109396
3493 0.9669105226466012
3494 0.6476309023395891
3495 0.6791013633369657
3496 0.2904607948270122
3497 0.8787164596273975
3498 0.8413918604772085
3499 0.6149552754064738
3500 0.9150346146426196
3501 0.5875067233831525
3502 0.5085974716402838
3503 0.779486039765725
3504 0.845210189163836
3505 0.17256556164729892
3506 0.9004024491502542
3507 0.7064353062151175
3508 0.7514771221061418
3509 0.6490050487461669
3510 0.9059043679477853
3511 0.9754343091222766
3512 0.6338006617426429
3514 0.9768602045428537
3513 0.9931267813275526
3515 0.6267006663871627
3516 0.42614731551221596
3517 0.7835086938584844
3518 0.6377361215337031
3519 0.5190634639914083
3520 0.6712634567410045
3521 0.9478520036324249
3522 0.6855285174584493
3523 0.8114109319006776
3524 0.7439886287383077
3525 0.8025393560996757
3526 0.8814965255673105
3528 0.9861875086073393
3527 0.7485007285438919
3529 0.5886976339184712
3530 0.8091230176285641
3531 0.647892987919444
3532 0.50399266758306
3533 0.6919162387295194
3534 0.9867009273558471
3535 0.963020701852182
3536 0.9830538301174371
3537 0.8452621528698822
3538 0.8910783675210074
3539 0.661777720962333
3540 0.9091126314516196
3541 1.001071520285801
3543 0.8066691022072239
3542 0.024213851226509087
3544 0.5378274867162469
3545 0.9751515990070498
3546 0.9801011715198069
3547 1.00151655478696
3548 0.9959773699837973
3549 0.7067695710123956
3550 0.3426865779391914
3551 0.48913093853372197
3552 0.4549739957398089
3553 0.9751586327652347
3554 0.5302402301141734
3555 0.9092081626988981
3556 0.7703184062359298
3557 0.841337377641877
3558 0.5804331747984214
3559 0.9294553461166881
3560 0.6568913376078683
3561 0.6989689815648104
3562 0.36951441204231994
3563 0.7825378397312636
3564 0.7946163013984963
3565 0.6009865480156745
3566 0.6356095276985453
3567 0.22529855722924264
3568 0.5213195429508015
3569 0.9382080211263872
3570 0.8440048220271928
3571 0.5074109497872872
3573 0.6628519356233721
3572 0.9521403877245443
3574 0.9904318891062127
3575 0.8143514931887076
3576 0.8116632682291491
3577 0.1370151942838785
3578 0.7040565799503102
3579 0.5137186523667581
3580 0.9684023951365778
3581 0.9408483368338142
3582 0.4972923526594522
3583 0.12349098613001444
3584 0.964193212560169
3585 0.7496303014428348
3586 0.8443514788681696
3587 0.8272932523413623
3588 0.8652692989236428
3589 0.6537061544213982
3590 0.5637484450153478
3591 0.694769846965138
3592 0.34061685742064485
3593 0.7933655377626255
3594 0.8743353343260787
3595 0.949231583935156
3596 0.9340937759075828
3597 0.13101210294052693
3598 0.5146570765914326
3599 0.8849710539710903
3600 0.8193696271618777
3601 0.2738915233879304
3602 0.4780257824860709
3603 0.9762328242877709
3604 0.7715294385819257
3605 0.810116968271166
3606 0.9014849382892018
3607 0.8020798131477533
3608 0.8229086659614518
3609 0.9604636874963718
3610 0.6492597690268037
3611 0.6172464486362526
3612 0.573215872559387
3614 0.7133782328697141
3613 0.7224015983547345
3615 0.5373865214129259
3616 0.874386042822076
3617 0.7167820368162507
3618 0.6831161374898505
3619 0.923135231555429
3620 0.9562814188258989
3622 0.8562813552881067
3621 0.9557619399935441
3623 0.5330770756295977
3624 0.38964856868934605
3625 0.7780377610498778
3626 0.8423903694377128
3627 0.16437181437769105
3628 0.954415397922584
3629 0.47674079654095
3632 0.9452260406490702
3630 0.7439055273715391
3631 0.9324044225707748
3633 0.8672905805829184
3634 0.6277787603700905
3635 0.7809857698907405
3636 0.3528143793532399
3637 0.43600276484226796
3638 0.9551671240748769
3639 0.8099480208643424
3640 0.9623300070571494
3641 0.4420156414523156
3642 0.29101472576769777
3644 0.5691665613290703
3643 0.46277512151830363
3645 0.7160436882460058
3646 0.3667967554322998
3647 0.7036620041787229
3648 0.8400169333955352
3649 0.33716504901814937
3650 0.8575035501801889
3652 0.72637399910699
3651 0.5472611901470357
3653 0.9322025103952876
3654 0.4360304400481642
3655 0.7776514480330124
3656 0.7291626000918335
3657 0.7241870331358929
3658 0.7166279619095575
3659 0.2827774521282507
3660 0.046527439508623376
3661 0.7273007909202998
3662 0.49969380465181684
3663 0.6769658698490523
3664 0.42686803891645764
3665 0.7708009180951549
3666 0.5572244990994082
3667 0.950191228354114
3668 0.9016454791539692
3669 0.7201871836188859
3670 0.6812508504464586
3671 0.7120288777972529
3672 0.6367909055042975
3673 0.8030255758080032
3674 0.5432577837703699
3675 0.7300055342804236
3676 0.9449708364794485
3677 0.7031389456786102
3678 0.801600094138938
3680 0.6303002611038957
3679 0.3611003142498238
3681 0.8046482167212318
3682 0.857030920134647
3683 0.09127420193212528
3685 0.9683349257857846
3684 0.9591153704312516
3686 0.987943065055158
3687 0.7957816749491635
3688 0.5014989622554461
3689 0.7832301835485719
3691 0.4684075349044649
3690 0.829332654099294
3692 0.28329101218016783
3693 0.20061488859360443
3694 0.9307166907495
3695 0.3186855366896174
3696 0.8376634862075021
3697 0.3308777685687136
3698 0.27398395812420034
3699 0.6771665445729076
3700 0.9786067310426466
3701 0.3417612092318999
3702 0.41413407769240507
3704 0.9548710909687094
3703 0.7850519204057106
3705 0.9445407971560204
3706 0.38167694970202404
3707 0.9521482757966767
3708 0.655399986849198
3710 0.48648759722564583
3709 0.5366812104792997
3711 0.5297522279587266
3712 0.7306176969505774
3713 0.8618114608734756
3714 0.5673118831826849
3715 0.72317657180783
3716 0.9774411937598981
3717 0.1258550965803322
3718 0.4290910240267505
3719 0.8366692105089213
3720 0.3820132822335142
3721 0.17580909752663945
3722 0.06344069938345095
3723 0.6297000460522839
3724 0.8523627347731778
3725 0.4553178037011309
3726 0.517727003045799
3727 0.6410412318276215
3728 0.9408419443992154
3729 0.9003759309380442
3730 0.5812934056687747
3731 0.764123833325424
3732 0.7214574126069977
3734 0.510446455879874
3733 0.4014800207268824
3735 0.6000474794321278
3736 0.3783034923609574
3737 0.636235883493416
3738 0.6142702276126986
3739 0.7335013236260757
3740 0.3758068657113861
3741 0.3847983858167437
3742 0.8987634606841584
3743 0.8012155784875913
3744 0.8230788080441465
3745 0.7626745771807042
3746 0.6126272474841051
3747 0.7429782855346485
3748 0.7488298403321804
3749 0.9941361421946656
3750 0.5293118101292569
3751 0.46979718604847287
3752 0.806647006637384
3753 0.560785212220317
3754 0.563937454131959
3755 0.9960615540861391
3756 0.912008561655901
3757 0.4823496347331598
3758 0.4857855470851833
3759 0.3338519183062887
3760 0.9367115080887732
3761 0.9994632261448604
3762 0.9956365137984332
3763 0.8764325430599971
3764 0.9999564675777086
3765 0.7644540768832273
3766 0.6365001359052442
3767 0.8928406186571154
3768 0.9901274156621419
3769 0.6137679105494647
3770 0.3020408761275084
3771 0.5950132813128586
3772 0.5516243990523709
3773 0.9976173690030039
3774 0.99996536085757
3775 0.892913535337973
3776 0.9942180706634153
3777 0.9128766477460584
3778 0.9733216445799928
3779 0.8389913757628312
3780 0.5582088286980559
3781 0.7597162295799856
3782 0.9108605395172811
3783 0.6522999495175157
3784 0.5685435191950147
3785 0.9358397229101835
3786 0.37626819170979703
3787 0.46523542030443216
3788 0.9650360119290078
3789 0.5041751738672288
3791 0.8614012597029141
3790 0.7572610599784995
3792 0.8834292872854983
3793 0.391031366195064
3794 0.3542757248913063
3795 0.632508904886261
3796 0.7911105483760945
3797 0.541826988876482
3798 0.697100072062797
3800 0.863968071830797
3799 0.6094193974923285
3801 0.7543005679720823
3802 0.756826470961