1 0.673218155499392
2 0.8039450924939594
3 0.07499200727724054
4 0.5728849953942972
6 0.8089059999999999
5 0.993136
7 0.6512083086687328
8 0.6699350362047237
9 0.7594365
10 0.6396505
11 0.04127463648477914
12 0.832717
14 0.37174150747984525
13 0.66040825
15 0.7562080000000002
16 0.4427301120626318
17 1.904902
18 0.1332971057511973
19 0.19503845368214923
20 0.3231764743429517
21 0.5068619999999999
22 0.5020068276140519
23 0.83114
24 0.7790519197728076
25 0.05581284648563822
26 0.5695266628465944
27 0.5813330000000001
28 0.32276250000000006
29 1.5892150000000005
30 0.797059
31 0.9230263867444061
32 0.27087953126545616
33 0.7777108615358375
34 0.1959464167408056
35 0.8117131500713161
36 0.6696074999999999
37 0.5530419405544834
38 0.26649250000000024
39 0.44454299999999997
40 0.517647
41 0.5322065
42 0.21635271749178928
44 0.46780629383964634
43 0.45424901388900696
45 0.856863
46 0.4813700000000001
47 1.6343119999999998
48 0.229412
49 0.6627895
50 0.2866188107395016
51 0.9169173782903176
52 3.3499999999999996
54 0.15571265306550883
53 0.8433434104686408
55 1.0928990000000003
56 0.31666649999999996
57 0.9382355
58 1.4784310000000003
59 0.38414050000000005
60 0.05502831378449091
61 0.8568635
62 0.12445086965263807
63 0.48529500000000003
64 0.12352950000000007
65 0.5180437769719028
66 0.35362341780394413
67 0.3196070000000002
68 0.5599167265118774
69 0.5921189145229877
70 1.0225479999999998
71 0.6196079999999999
72 0.8234753799024944
73 0.487255
74 0.15794200000000003
75 0.07104685070345829
76 0.592157
77 0.41225525
78 0.58872575
79 0.6972453865369416
80 0.9462248598720537
81 0.17645626493122957
82 0.46202873366018654
83 0.01145987357003041
84 0.17647100000000004
85 0.7898051773134636
86 0.8953314410272849
87 0.9862750000000002
88 0.46293974539723726
89 1.4241848767093257
90 0.6094538387022688
91 3.0617659999999995
92 0.3088240000000002
93 0.881751769001746
94 0.35232600000000014
95 0.7553563234137416
96 0.2764715
97 0.2155378167791362
98 0.5740195
99 0.18413649170022178
100 1.2058830000000003
101 0.19496777399958298
102 0.597059
103 2.25
104 0.8338850123214467
105 1.2901960000000001
106 0.437805748468294
107 0.019633847496291823
108 2.6911769999999997
109 0.845056
110 0.0169180000000001
111 0.92009825
112 0.08235250000000005
113 0.8111346869310074
114 0.41458949999999994
115 0.05857850000000009
116 0.243382
117 0.024058458833116525
118 0.14205599999999996
119 0.2889410874299394
120 0.8478169999999999
121 0.6768102296750582
122 0.534200845874729
123 0.6019950000000001
124 0.92888
125 0.1279364111196206
126 0.6930723023920866
127 0.860796521988095
128 0.459805
129 0.6117645
130 0.49213792965901093
131 0.7049392714681441
132 0.6666442464804379
133 0.7003163934530492
134 0.20540800000000004
135 1.6315100105275764
136 0.11274600000000001
137 0.7107442423793342
138 0.7663851302610545
139 0.878431
140 0.0931375000000001
141 0.7426853092874572
142 0.39879903994862986
143 0.8754027220953151
144 0.2552631247758873
145 0.27594615400703704
146 2.014798
147 0.4676469999999999
148 0.8440178247049613
149 0.762516107745774
151 0.4265755
150 0.8274509999999999
152 0.555882
153 0.4414856341807243
154 0.634803
156 0.5318635
155 0.4171111556364475
157 0.8008580000000001
158 0.5308195
159 0.6565127938292251
160 0.4139094100588387
161 0.6026358561416723
162 0.5113660994487131
163 0.40556349999999997
164 0.6869674339491544
165 1.2166075
166 0.9285778538623026
167 0.0308790000000001
168 0.148039
169 0.612103533749627
170 0.7665725
171 0.738307
172 0.6832280629242407
173 0.1604681746264141
174 0.7691175
175 0.6917533396935898
176 0.6294109999999999
177 1.0794110000000001
178 0.3637924623884037
179 0.5156875000000001
180 0.38031901391733197
181 0.47358850791329377
182 0.6190280000000001
183 0.957843
184 0.6462820003075949
185 0.6026267343416944
187 0.43288974678101777
186 0.5122640059836929
188 0.8253705634284307
189 0.7720585
190 0.5470931551602997
191 0.37324
193 0.8264114386007821
192 0.5264710000000001
194 1.236274
195 0.762339
196 0.3687929999999999
197 0.9993597294955283
198 0.7179238864427673
199 0.31180998292239837
200 0.06568600000000013
201 0.7118655518332925
202 0.547164
203 0.3843135000000002
204 0.7394240000000001
205 0.76296325
206 0.8911912867570385
207 0.07351775423843177
208 0.7367543358110522
209 1.0977949999999999
210 0.38904475000000005
211 0.679136
212 0.676471
213 0.766764875
214 0.643816173871786
215 0.3838235
216 0.5605450466373242
217 0.6488235
218 0.7644755619165222
219 0.29275521405899824
220 0.9599650336730172
221 0.793137
222 0.6486989572195104
223 0.760784
224 0.729756677209365
225 0.32058900000000023
226 0.5115533166909668
227 0.7458986765931648
228 0.13971048019962873
229 0.99951075
232 0.0724540512830043
230 0.7289718208797742
231 0.8240149999999999
233 0.42383591583961183
234 0.751715375
235 0.718628
236 0.427451
237 0.19733287469381056
238 0.3599525
239 0.4523822447431683
240 0.1945153100389945
241 0.3362750000000001
242 0.758254
243 0.536464
244 0.572549
245 1.6480400000000002
246 1.586340244136465
247 0.6072195761676282
248 0.03823500000000002
249 0.8778025
250 0.13088175
251 1.0941165
252 0.1206157663107097
253 0.8637250000000003
254 0.17095751149504235
255 0.653826128342595
256 0.14802749999999998
257 1.002803
258 1.183946
259 0.8247903593436385
260 1.462744
261 0.913725
262 0.7352489883871215
263 0.0881320000000001
264 0.3093140000000001
265 0.38618520972540316
267 0.634113845814513
266 0.3087893692432686
268 0.7888674999999999
270 0.5421565
269 0.23845838230507346
271 0.928432
272 0.5303475
273 0.022926000000000002
274 0.6598035
275 0.5666770720613741
276 0.542723818128756
278 0.9392149999999999
277 0.557994
280 0.2638538260666888
279 0.868627
282 0.205882
281 0.4506065
284 0.5196069999999999
283 0.8166659999999999
285 0.31105150000000004
286 0.42552218804505865
287 0.705584
288 0.3516966769210243
290 0.450318
289 0.7615644908680805
292 0.404293
291 0.033333500000000016
293 0.5960780000000001
294 1.1763080000000004
296 0.498039
295 0.4803554036506118
297 0.38137200000000004
298 0.2772139583114261
299 0.2670766950624563
300 0.1074858969551363
301 0.0822664739915746
302 0.047911775546811364
303 0.945098
304 0.8049025000000001
305 0.17479088181736446
307 0.491177
308 0.21828486416850745
306 0.7688311752026719
310 0.2667940219628364
311 0.50481
309 0.10644004858872624
312 0.38615423399805165
313 0.607843
314 0.29453625065464706
315 0.606597
316 0.523302
317 0.45490150000000007
318 0.378438728856755
319 0.5391367499999999
321 0.4950919786817476
320 0.26931029300634174
322 0.6570049796731592
324 0.7852940000000002
325 0.5649920307196443
323 0.6882365000000001
326 1.5143100000000003
327 0.35300599999999993
328 0.13627500000000015
329 0.895522
330 0.650298
331 0.3824825762121195
332 1.204903
333 0.2822324139448793
334 0.08039299999999994
335 0.8872549999999999
336 0.780022
337 0.60441225
338 0.692157
339 0.11715625000000007
340 0.9862735
341 0.41525350000000016
342 0.45098000000000005
343 0.469608
344 0.19215700000000013
345 0.1727706057300841
346 0.8774500000000001
347 0.617471
348 0.7066801921987813
349 0.5577985000000001
350 0.786274
351 0.9457984999999999
353 0.640297174726112
352 0.24721500291358134
354 0.3194083306465385
355 0.841976997106459
356 0.21274499999999996
357 0.741824796502601
358 0.017924250947278342
359 0.35743199999999997
360 0.30000099999999996
361 0.554468
362 0.39920449999999996
363 0.4035150537776724
364 1.1427623896939185
365 0.03098602730852129
366 0.20245075
367 0.20724573373468647
368 0.22184800000000005
369 0.20612699999999995
370 0.837300556046418
371 0.2574225000000001
372 1.3112800000000002
373 0.15865850000000004
374 0.17239500000000008
375 0.887256
376 0.6119973740754572
377 0.7360912932107458
378 0.4866704150744764
379 0.0017157500000000159
380 0.595761
381 0.20271896983051918
382 0.5729983402366401
383 0.026675018737974843
384 0.8257873546313326
385 0.35196099999999997
386 1.283333
387 1.1793569999999998
388 0.7475143984543969
389 0.05726399999999998
390 0.7635912854914502
391 0.372717477035698
392 0.6362750000000001
393 0.504172
394 0.25110435198619957
395 0.28099456728543526
396 0.8254943794278067
397 0.6654164211398391
398 0.687895600484877
399 0.3843591588881193
400 0.7147064999999999
401 0.6414717956224932
404 0.5710694999999999
402 0.6383041286939246
403 0.602309
405 0.3830959999999999
406 0.7831724776113017
407 0.8147055000000001
408 0.221124
410 0.7645289659865322
409 0.3264705
411 0.3857299999999999
412 0.47684616645956157
413 0.480257401648376
414 0.49964699999999995
415 0.8304977044473683
417 0.5049904853747484
416 0.8874615897393741
418 1.378754
420 0.665606316147263
419 0.3132856517171357
421 0.14753450000000012
422 0.7605615000000001
423 0.06315320422394888
424 2.5919309999999998
425 0.8452793707929875
426 0.547537477189147
427 0.48545661294101594
428 0.9255869999999999
430 0.21764700000000015
429 0.3787447774076522
432 0.5382347978179853
431 1.7030800000000001
433 0.3167117514584101
434 0.9423360000000001
435 0.850981
436 1.451977
437 0.5989277944636404
438 0.31806900000000005
439 0.374681209887761
440 0.3362740000000002
443 1.5595386600430625
441 0.7269440087407439
442 0.6095158126525908
444 0.7251704000420846
445 0.6715683333333333
446 0.2473784643000514
447 0.14167905205300452
448 0.04658286746376951
449 0.6653723886817583
450 0.45861299999999994
451 0.906863
452 0.7375093765026597
453 0.46375
454 0.21274533333333334
455 0.429991478993154
456 0.45962564847003906
457 0.4226986545943738
458 0.9093759301093587
459 0.1037958145824144
460 0.9863075000000001
461 0.401588
463 0.6711594999999999
462 0.5612973564856578
464 0.365686
465 0.09362775000000001
466 0.3078430000000001
467 1.3926299999999998
468 0.39829894887258166
469 0.677451
470 0.2510084650244242
471 0.29805799999999993
472 0.5100298264009282
473 0.36689814829377776
474 0.11561675874090915
476 0.7602986437828728
475 0.9264699999999999
477 0.7051764083529513
478 0.3950975000000001
479 0.5873949768633706
480 0.19322066875086263
481 0.5028313501410719
482 0.7176864999999999
483 0.6428898264741101
484 0.6064006979219687
485 0.6795396052355676
486 1.306863
488 0.6621853410435552
487 0.7947596989310697
489 0.08600790563125882
490 0.741989
492 1.2049009999999998
491 0.46183272436115463
493 0.2133231446175014
494 0.918453
495 0.732353
496 0.74099
497 0.7844175051327619
498 0.9980385
499 0.8320414575574524
501 0.09019645681864197
500 0.94804
502 0.3019615
503 0.3007744683021192
506 0.68970625
505 0.05197710558203925
504 0.973887
507 0.5718664641150855
508 0.7676465
509 0.7090768275810475
510 0.737112
511 0.6477654503077885
512 0.34508301922365026
513 0.05814549999999996
514 0.9479240087242002
515 0.4266641073350845
516 0.7256973886357225
517 0.3864542545321877
518 0.7147990208596262
519 0.4021311127456979
520 0.5029420000000002
521 0.5954159868093125
522 0.4818827966238178
523 0.9549020000000001
524 0.6901654759022481
525 1.1421570000000003
526 0.6646264810493502
527 0.7272689999999999
530 0.06402649999999999
528 0.6509805
529 0.08393811065829815
531 0.5497699784499102
532 1.0333340000000002
533 0.7974005716666029
534 0.560921915778132
535 0.6392154999999999
536 0.4038693954608154
537 0.61029375
538 0.4796889856710869
539 0.7515615543517147
540 0.024202275834935727
542 0.0466736059223426
541 0.847072
543 0.5519670000000001
544 0.05686250000000004
546 0.7006107362556604
545 0.6549015
547 0.5529435
548 0.887661
549 0.7791783165608457
550 0.38406225000000005
551 0.5125169941265126
552 0.17806153060005503
553 0.513876
554 0.611765
556 0.08431450000000007
555 0.9432161249682716
557 0.42352900000000004
558 0.1794115
559 0.5797030531796417
560 0.681372
561 0.6320908270592331
562 1.7264700000000002
563 0.8991325000000001
564 1.671569
565 0.48315583358374153
566 1.325505
567 0.44999999999999996
569 3.0715700000000004
568 1.004902
570 0.44959966945386154
571 0.5791423472057271
572 0.7242362858744236
573 0.6277515798768964
574 0.07894760725517846
575 0.42254899999999984
576 0.19963638483027998
577 1.069577947303255
578 0.8274725
580 0.43367500000000003
579 0.7350135
581 0.1443767913842118
582 0.4574201585121527
583 0.5499999999999999
584 0.8666670000000001
586 0.6862347373493145
585 0.5755035
587 0.680391
588 0.7373136890417888
589 0.491177
590 0.21045568645328808
591 0.28578167398053833
592 0.8205875
593 0.22613100000000008
594 0.7778723629640716
595 0.8165916886993156
596 0.921579811803772
597 0.42254900000000006
598 0.5313730000000001
599 0.6819535670136284
600 1.19804
601 0.292157
602 0.433679152332786
603 0.30658984714215776
604 0.10294200000000009
605 0.9265464999999999
606 0.3577793170853028
607 0.4037102119260553
608 0.3845402044005683
609 0.9238713616239348
610 0.3940590868866272
611 0.3225148678416889
612 0.1788310893206781
613 0.6212785000000001
614 0.9098050000000001
615 0.11994610387298733
616 0.9441167500000001
617 0.348529
619 0.8226636560304577
618 0.28401527432841084
620 2.0797888493301375
621 0.8754905000000001
622 0.348088
623 0.20225684489308593
624 0.8523196491996207
625 0.926064
626 0.8794124999999999
627 0.37702217566715324
628 1.1516106703682045
629 0.8991525218775246
630 1.237246
631 0.330392
632 0.05906462851510841
633 0.033170433382307296
634 0.8758170000000001
635 0.6961860000000001
636 0.7676268852361108
637 0.33039300000000016
638 0.18182969482413114
639 0.8307815628003241
640 0.3235295
641 0.7862635127155442
642 0.7856804555621393
643 0.4584383630232391
644 0.7236189653049581
645 0.7455448575010244
646 0.6057110795491493
647 0.5745104999999999
648 0.719306
649 1.0483645000000001
651 0.2848022365315929
650 0.31967234968456515
652 0.8725485
653 0.3441179999999999
654 0.45270374535489155
655 1.1313730000000002
656 0.20158828900238454
657 1.388562
658 0.0018009999999999415
659 0.4274500000000001
660 0.6527180242003054
661 0.8156257617647764
662 0.47445167879917804
663 0.595098
664 0.5783553917272968
665 0.18207503644413903
666 0.5397593388987711
667 0.5498020270210267
668 0.19868778083007443
669 0.13451265789196132
670 0.3490195
671 0.625491
672 0.2932709645194782
673 0.8767279614583943
675 0.6562817258992528
674 0.291323
676 0.8528753672518798
677 2.070863
678 0.7286309193730157
680 0.780392
679 0.0939019976331615
681 0.41423984954216897
682 0.3217939352738377
683 0.43102870931606224
685 0.89153
684 0.27999124926211416
686 0.4813139378303372
687 0.271606400761381
688 1.0343052049146666
689 1.376533
690 0.7032335170521131
691 0.8965459973992198
692 0.2950324595805607
694 0.2509798333333333
693 0.2514526437216482
695 0.41700413133703174
696 0.31045368974009213
697 0.702071
698 0.953921
699 0.5402067571934089
700 0.47791327630034575
701 0.3561517111078829
702 0.24607800000000002
703 0.47319600000000017
704 0.4071997785091912
706 0.33062516502577033
705 0.7757340000000001
707 2.237102341053153
708 0.5166660000000001
709 0.6776421476947346
710 0.8703786093436384
711 2.0121599999999997
712 1.0558819999999998
713 1.013186
714 0.366682169715026
715 0.1274504999999999
716 0.8737959670389986
717 0.36475329208683926
718 0.3914715666935072
719 0.3903363980031225
720 0.49386027285558876
721 0.8595210000000002
722 0.5073313565162108
723 0.6888518310129189
724 0.5607675982686072
725 0.7396
726 0.7847640632814018
727 0.22840700000000003
728 0.4088235
729 0.5706855775415267
730 0.46955616278826506
731 0.07579578533416753
732 0.3191175
733 0.3292284972209766
734 0.5614815
735 0.6121732363384245
736 0.7431365
737 0.306451
738 0.8901965000000001
739 0.12944301857717666
740 0.6577538380766
741 1.659804
742 1.359679
743 1.5852930000000003
744 1.0517
745 0.48763871636149847
746 0.013456000000000135
747 0.811882
748 0.6637240000000002
749 0.3774505
750 0.710784
751 0.21012700000000017
752 0.07045209261339447
753 0.0875336706620855
754 0.9036310000000001
755 0.12549049999999995
756 0.37843099999999996
757 1.1065007500000001
758 0.52892175
759 0.27805392191719286
760 0.9417673421633554
761 0.4264700000000001
762 0.512712382600845
763 0.30098100000000017
764 1.39764018377461
765 0.10565917580929618
766 0.8848305684232336
768 0.15217679335297626
767 0.46402320707216904
769 0.5967238604337799
770 0.1372549999999999
771 0.5960785
772 0.8265005000000001
773 0.3475548489167494
774 0.6450694917282751
775 0.6643557095502401
776 0.6511720000000001
777 0.8904650674871628
778 0.17776764560258884
779 0.5023495
780 0.6187944619985148
781 0.6501506068387135
783 0.6882355
782 0.588829779942646
784 0.7458094799716404
785 0.87812
786 0.577786
787 0.4641169999999999
788 0.89117775
789 0.6500054280181953
790 0.58503866343749
791 0.6294110000000002
792 0.656862
793 0.263211
794 0.7735300000000003
795 0.25840641093332245
796 0.28212063840267404
797 0.07352899999999996
798 0.29615500000000006
799 0.23791520553824186
800 0.1935690000000001
801 0.14901950000000008
803 0.4373469184193321
802 0.810513
804 0.5725499999999999
805 0.747059
806 0.8383498325107746
807 1.0808029999999997
809 0.15050715161358771
808 1.22353
810 0.48596428713907314
811 0.6862302950909089
812 0.30963700000000016
813 0.75
814 0.5937855000000001
816 0.39460775000000003
815 0.71029425
817 1.1097700000000004
818 0.3789159990350408
820 0.818627
819 0.703633
822 0.841505029402728
821 0.4508280012321493
823 0.9490190000000001
824 0.5372288393554425
825 0.7644540688799566
826 0.2010408442878316
827 0.6284448248323923
828 0.733333
830 0.4209525435840097
829 0.35754600000000003
831 0.660193724965855
832 0.2535995
833 0.9252157736045706
834 0.15910910347005544
835 0.6965555119099822
836 0.9251065696406054
837 0.08529399999999998
838 0.43543850000000006
839 0.6423805
840 0.8786548344910246
841 0.3785144783572524
842 0.6182984518019301
843 0.29268218239772675
844 0.5931375
846 0.16757964191245817
845 0.34290200000000004
847 0.7617659999999999
848 0.3446374076606026
849 0.4725625
850 0.3254895
851 0.22683193986622777
852 0.199575
853 0.2686280000000001
854 0.8034994023494635
855 0.6044995
856 0.5922149732964663
857 0.2508784441227452
858 0.0632186018053369
859 0.684376
860 0.3948585
862 0.439215
861 0.18804823511378044
863 0.01764650000000001
864 0.56323475
865 0.17433609222511715
866 0.9470585
867 0.7509805
868 0.9014672822502308
869 3.1872559999999996
870 0.39767603421513614
871 0.37799718268352317
872 0.2887717561093259
873 0.8664270000000001
874 0.3062756555535675
875 0.3386372624269336
876 0.33333349999999995
877 0.04607900000000009
878 0.6238840874459108
879 0.40482876642321725
880 0.5396322078601751
881 2.965688
883 2.0828120017570555
882 0.5055047708086657
884 0.8481991229784854
885 0.902941
886 0.33683808531507875
888 0.9266920000000001
887 0.4650347617850213
889 0.5696075
890 0.30535500000000004
891 0.38872575
892 0.9098040000000001
893 0.6657740326129843
894 0.7493700000000001
895 0.5838045599563066
896 0.6515849903352549
897 0.9050988241432387
898 0.02994139332160574
899 0.1901965000000001
900 0.586735305549505
901 0.7753147866405684
902 0.7610170271101979
903 0.030391999999999975
904 0.2739895801012744
905 0.534314
906 0.36625223921672645
907 0.642157
908 0.3546465319198851
909 0.46764700000000015
910 0.5833335
911 0.8623534911152815
913 1.853702
912 0.886964
915 0.047409000000000034
914 0.8367218908029332
916 0.78342923999919
917 1.062037
918 0.8447895000000001
919 0.8225495
920 0.936274
921 0.18713599999999997
922 0.8097744622235842
923 0.3476430415304026
924 0.6369928564620664
925 0.18064893060849366
926 0.5145040353725736
927 0.06431127795694835
928 0.5382359999999999
930 0.7529405
929 0.6197670108553447
931 0.005627531421764864
932 0.6684730246999464
933 0.9177938898338451
934 0.07500050000000003
935 0.8709436916295927
936 0.7193954152494644
937 0.934754
938 0.20015503900551246
939 0.08074550000000014
940 0.8594300686079861
941 0.8133090000000001
942 0.9187284050779443
943 0.5873918026355606
944 0.8391175
945 0.4901549999999999
946 0.7935157084230556
948 0.5375203526554193
947 0.4839519567526187
949 0.03993600000000008
950 0.9044631857546372
951 0.5901965
952 0.6921710851739802
953 0.6431649727498598
954 0.26432153722271806
955 0.5151369541920627
957 0.05980350000000012
956 0.6233646671231704
958 0.12638738679258377
959 0.49426054537422315
960 0.507023149288433
961 0.13676475
962 0.40828918637380784
963 0.6306799070539535
965 0.4264699999999999
967 0.04658300000000004
966 0.6539897718997301
964 0.2319811833119816
968 0.41421525000000003
969 0.33774550000000003
970 0.522614702649424
971 0.8441190000000001
972 0.11325607997797138
973 0.9357570000000001
974 0.39931741854765535
975 0.559804
976 0.5000370000000001
977 0.74046
979 0.06568700000000005
978 0.024218923463404374
980 0.45053550751030463
981 0.8823529999999999
982 0.16372600000000004
983 0.325491
984 0.29992417662664184
985 0.6421574999999999
986 1.0305183042627832
987 0.31826299999999996
988 0.43503350621776593
989 0.6066870298069844
990 0.3132355
991 0.8352945
992 0.6098933834321929
993 0.7069301337001378
994 0.7007050718920748
995 0.7493962210802796
996 0.007843000000000044
997 1.1427009476270988
998 0.333815
999 0.651875
1000 0.0805773909098122
1002 0.554042597819556
1001 0.20392100000000002
1003 0.29540236399166464
1004 0.6598035
1005 0.3490171458625526
1006 0.05663295337326102
1007 1.1617660000000003
1008 0.8236140000000001
1009 0.3578201741139274
1010 0.8627455000000002
1011 0.7524627625195106
1012 0.8627450000000001
1013 0.36568599999999996
1014 0.703456979593736
1015 0.3944239809223791
1016 0.6625695
1017 0.664482
1018 0.8306605
1019 0.809804
1020 0.8479069636113864
1021 0.5181407499999999
1022 0.39705800000000013
1023 0.7209028713300438
1024 0.8848499999999999
1025 0.2800929999999999
1026 0.48149767539751764
1028 0.704363108374962
1027 0.5406229223232204
1029 0.5442344177759292
1030 1.9960775000000004
1031 0.2720585
1032 0.15843700237908867
1033 0.22418957677075668
1034 0.40723076700293137
1035 0.6480400000000002
1036 0.7775835
1037 0.160994624006916
1038 0.8533049893422777
1039 0.31176500000000007
1041 0.9182675
1040 0.5973315
1042 0.414706
1043 0.2855731713981365
1044 0.37156900000000004
1045 0.876401669817068
1046 0.353948632231373
1047 0.28517400000000004
1048 0.8960725755383984
1049 0.27074387779181114
1050 0.7205885000000001
1051 0.6152149588959875
1052 0.2084798594502347
1053 0.310022
1054 0.3256530000000002
1055 0.26505813104078374
1056 0.5906501570940486
1057 0.26581854320246934
1059 0.23032092566311313
1058 0.8074390528502191
1060 1.0080401499867178
1061 0.8288899649379668
1062 2.712212
1063 0.780393
1065 0.6316658779616042
1064 0.6163488350216418
1066 0.8411769999999998
1067 0.17129830501615406
1068 0.5113925769944905
1069 0.207562319256809
1070 0.9102412453977051
1071 0.1273471817215277
1072 0.1960557500000002
1073 0.7239136501016967
1074 0.367647
1075 0.3400920233725978
1076 0.9559710000000001
1077 0.5754900000000001
1078 0.016033572808949015
1079 1.0547875
1080 0.2967556812864598
1081 0.7541
1082 0.5004635
1083 0.24906272447539418
1084 2.2892159999999997
1085 0.20739050000000003
1086 0.45438073260292744
1087 0.509449
1088 0.7080127078798419
1089 0.7002679999999999
1090 0.9725495000000002
1091 1.3867645000000002
1092 0.27292486326545484
1093 0.13869399650062175
1094 0.44509850000000006
1095 0.0067190094057565375
1097 0.33627450000000003
1096 0.06832499999999997
1098 0.7292049016339271
1099 0.8394765
1100 0.48578449999999995
1101 0.8289134999999999
1102 0.23286149829368816
1103 0.20850254780182212
1104 0.27272569450813305
1105 1.2232468441292166
1106 0.7285124728530972
1107 0.5911770000000001
1108 0.2869340606144366
1109 2.3639194999999997
1110 0.5807885746409358
1111 0.8178969166657037
1112 0.0715304119243526
1113 0.80479
1114 0.110784
1115 1.285382
1116 0.9383879620229094
1117 1.57549
1118 0.6039225000000001
1120 0.7068619999999999
1119 0.7897335000000001
1121 0.06077745375356103
1123 0.6940646507294727
1122 0.6900879991497617
1124 1.1758114122581629
1125 1.370303
1126 1.6134579999999998
1127 0.08382350000000005
1128 0.9089815000000001
1129 0.7450984999999999
1130 0.063577
1131 0.11178766200638912
1132 0.3569178329988536
1133 0.12700056936938142
1134 0.5421579999999999
1135 0.22156850000000006
1136 0.06293199999999999
1138 0.3388032781185331
1137 0.44986844975094264
1139 0.4041699999999999
1140 0.777452
1141 0.52940818811803
1142 0.7612462411319807
1143 0.6019605
1145 0.3909369775733619
1144 0.1194079410653841
1146 0.4079979361304642
1147 0.701465123542427
1148 0.24411800000000006
1149 0.5460780000000001
1150 0.7034315
1151 0.7714696090307898
1152 0.6035432263849887
1153 0.21639800894646213
1154 0.92549
1155 0.4184175
1156 0.5907247344609816
1157 0.22451
1158 0.2638025
1159 0.32401975
1160 0.798039
1162 0.3001110763315262
1161 0.06443350000000003
1163 0.4772239124517819
1164 0.40128600000000003
1165 0.2386875
1166 0.147059
1167 0.7947305
1168 0.303238
1169 0.4137280000000001
1170 0.6588235
1171 0.9372765000000001
1172 1.653922
1173 0.7521465748943585
1174 0.31478109869903004
1175 0.6416662500000001
1176 0.5960136584125898
1177 0.61223
1178 0.0033500093663961783
1179 0.28070799096889687
1180 0.12647000000000008
1181 0.6273565190077418
1182 0.7107845
1183 0.5013073240645989
1184 0.05248600000000003
1185 0.20335889470293278
1186 0.8502893124062095
1187 0.06973710011436607
1188 0.35764137127066165
1189 1.610991
1190 0.970782
1191 0.7038068300789353
1192 0.890734389319991
1193 0.6906222951672696
1194 0.3460430000000001
1195 0.5411606106815552
1196 0.8117655000000001
1197 0.21862700000000013
1198 0.7689043361703674
1199 0.528686
1200 0.9421569999999999
1202 0.43905525
1201 0.08850718486942522
1203 0.72794125
1204 1.2754899999999998
1205 1.561765
1206 0.43382350000000003
1207 1.1887869999999998
1208 1.2467987500000002
1209 0.5257350301959052
1210 0.2281373821258475
1211 0.11372549999999992
1212 0.3224895000000001
1213 0.36738899999999997
1214 0.4331802347041811
1215 0.43444459434639904
1216 0.21960800000000003
1217 0.5434105938689775
1218 0.5323530000000001
1219 0.28138677325282235
1220 0.7075285
1221 0.5442015
1222 0.6737953615019299
1223 0.7627727500000001
1224 0.24905724149878522
1225 0.6059306259631201
1226 0.031762245824522806
1227 0.405623982649556
1228 0.13333250000000008
1229 0.632817175575708
1230 0.738761
1231 0.7107840000000001
1232 0.5911740339524133
1233 0.9093555
1234 1.4496870000000002
1235 0.015762000443508173
1236 1.9332460000000002
1237 0.4020482898314237
1238 0.4471363091397971
1239 1.1196065
1240 0.9279545
1242 0.72303925
1243 0.07156800000000008
1241 0.15274729016103758
1244 0.5514490000000001
1245 0.8555659497264034
1246 0.10686400000000007
1247 0.31003000000000003
1248 0.7753207066437815
1249 1.22794175
1250 0.7600369564087008
1251 0.7599975055190791
1252 0.634343816583707
1253 0.06768381150910906
1254 0.8051948164277206
1255 1.739215
1256 0.6068629999999999
1258 0.7994972531498248
1257 0.6242935000000001
1259 0.7973414768472388
1260 0.5970600000000001
1261 0.22781418302031065
1262 0.3862025637564805
1263 0.8109977198488331
1264 1.134314
1265 0.38435155867491205
1266 0.2603540671837372
1267 0.04586100000000004
1268 0.13592096274601484
1269 0.35098000000000007
1270 0.6755699964977712
1271 2.4985444999999995
1272 1.1960370000000002
1273 0.7009885
1274 0.3842239999999999
1275 1.003921
1276 0.767647
1277 0.3393735870318822
1278 0.30920016515149706
1279 0.8741620131955148
1280 0.9348044999999999
1281 0.0517732668701234
1282 0.6383549180696526
1283 0.14117650000000004
1284 0.5220883848822524
1285 1.910071
1286 0.027451000000000114
1287 0.19103350000000008
1288 0.6268692462944992
1289 0.3568177946004687
1290 0.3039210000000001
1291 0.4775771957394998
1292 0.259803
1293 0.03441899999999998
1295 0.8022893148221605
1294 0.643293978812711
1296 0.5389188303946294
1297 1.4250165000000001
1298 0.408994287110503
1299 0.33134960249894574
1300 0.31274500000000005
1301 0.45022993113376375
1302 0.746078
1303 0.44534826951445705
1304 0.28177435256668193
1305 0.32120046243110556
1306 0.5270571521544787
1307 0.721416
1308 0.8307265508827328
1309 0.06720199568017793
1310 0.6500081831181871
1311 0.13449305979397708
1312 0.6944266007938051
1313 0.8411765
1314 0.7778686950031275
1315 0.191176
1316 0.946965709255269
1317 0.9110395579125335
1318 0.31757100000000005
1319 0.8110199064271771
1320 0.5996733303077477
1321 0.598541
1322 0.553661521336364
1323 0.5985152210615842
1324 0.06988167965261494
1325 0.011765000000000025
1326 0.7193630367189169
1327 0.24868415509724762
1328 0.466037340860024
1329 2.180585938072541
1330 0.899586
1331 0.17774314635953278
1332 0.050000000000000044
1333 0.6104775
1334 0.9401664999999999
1335 0.5654005
1336 0.29497686707125326
1337 0.6257895
1338 0.3005687181262531
1339 0.624509
1340 0.2656861176467451
1341 0.041684332323785434
1342 0.3828434999999999
1343 0.40550600000000014
1344 0.5761465
1345 0.8059263309819711
1346 0.4607870674779462
1348 2.3161632264034093
1347 0.9101900000000003
1349 0.1562665665683982
1350 0.8929610000000001
1351 0.8157999806627875
1352 0.48578425000000003
1353 0.811560740943496
1354 0.6330723706207959
1355 0.4862755000000001
1356 0.1605554996011389
1357 0.40490099999999996
1358 0.6167389875896807
1359 0.40667047702006837
1360 0.73271
1361 0.9032245685208351
1362 0.7558819999999999
1363 0.43823499999999993
1364 0.93480375
1365 1.107464
1366 0.6304039171682605
1367 1.017647
1368 0.9182162900473376
1369 0.3218881728793226
1370 0.16224400000000005
1371 0.32362958881634196
1372 0.8036847285871093
1373 0.7882340000000001
1374 0.6991640141567794
1375 0.886028875
1376 0.40772350563382964
1377 0.094117
1378 0.10902992248919036
1379 0.33046234875888736
1380 1.1539210000000002
1381 0.95735175
1382 0.757843
1383 0.8029271944291515
1384 0.028988000000000014
1385 0.11988540136951431
1386 0.6012315
1387 0.39094268304416624
1388 0.5186280000000001
1389 0.5861514999999999
1390 0.13551775000000021
1391 0.9323524999999999
1392 0.624858
1393 0.6187742290510203
1394 0.18662200000000007
1395 0.1723281490156906
1396 1.3725479999999999
1397 0.8087448277232654
1398 0.4664399280469447
1399 0.06611051103046095
1400 0.44107326683949444
1401 0.342044
1402 0.3132413327224604
1403 0.29461151707892574
1404 0.727065583274496
1405 0.4752067107847354
1406 0.613726
1407 0.2745089999999999
1408 0.20567587603845583
1409 0.7588453126394986
1411 2.2708285000000004
1410 1.9284299999999999
1412 0.5522736982420383
1413 0.08645349999999996
1415 0.6166669999999999
1414 0.64712875
1416 0.18685473881507808
1417 0.5556037158222333
1418 0.6205308776440059
1419 0.6574353559063366
1420 0.518627
1421 0.70185275
1423 0.865159
1422 0.6284315
1424 0.39040675303658173
1425 0.5598865000000002
1427 0.4928024304584002
1426 0.48692099185509563
1428 0.6715680000000002
1429 2.0735279999999996
1430 0.2834239381196776
1431 0.5081232980370792
1432 0.886274
1433 0.671245
1434 0.05980399999999997
1436 0.501961
1435 0.6663093755165199
1437 0.39705900000000005
1438 0.42064388734733615
1439 0.18350599999999995
1440 0.4589669999999999
1441 0.8207549590943133
1442 0.7546661607994132
1443 0.6480326637807828
1444 0.13117092435852662
1445 0.5525175
1446 0.591349589907938
1447 0.5250176634182027
1448 0.3419256811227278
1449 0.540212
1450 0.49215600000000004
1451 0.2983878342655564
1452 0.46041600000000005
1453 0.5862405259818521
1454 0.11878130992122493
1455 0.6057029999999999
1456 0.75735325
1457 0.7339611393115779
1458 0.7526869863923829
1459 0.03713528927945283
1460 0.4587558503510768
1462 2.530023
1461 0.09901239267008655
1463 0.32019713041380465
1464 0.42450999999999994
1465 0.9186270000000001
1466 0.539184304183401
1467 1.099019
1468 1.246078
1469 0.1456853723077891
1470 0.467646
1471 0.36382978708035185
1472 0.348439633680089
1473 0.8364963224636008
1474 0.9190470000000002
1475 0.22004100000000015
1476 1.6784305
1477 0.91341575
1478 0.7049015000000001
1479 0.1945030000000001
1480 0.48212682246438776
1481 0.16639620984676462
1482 0.3913093849020315
1484 0.4783290009740543
1483 0.9381248834015308
1485 0.776606
1486 0.616424
1487 0.92107825
1488 0.7264912517020272
1489 0.5639976277979165
1490 1.0401838779353456
1491 0.7637255000000001
1492 0.14969452607983563
1493 0.10304678148829027
1494 0.8774520000000001
1495 0.5455885542409787
1496 0.5933238803367459
1497 0.5263387769459092
1498 0.7950985
1499 0.648424
1500 0.4398915
1501 0.521432
1502 0.5323530000000001
1503 0.5555840037806518
1504 0.1734734691215729
1505 0.49057901419750394
1506 0.014764764835707322
1507 0.9453342535381585
1508 0.6165898937614611
1509 0.086862
1510 0.13916884602133406
1511 0.025022472025213904
1512 0.3401021569928347
1513 0.7239105
1514 0.5762164999999999
1515 0.9029415
1516 0.5323520000000002
1517 0.19573150000000017
1518 0.28090000000000015
1519 0.027450500000000044
1520 0.3241864637528189
1521 1.3107850000000003
1522 0.49281394203429774
1523 0.29138149999999996
1524 0.017048686560400705
1525 0.3185187621398835
1526 0.05518572029861302
1527 0.04690733154517912
1528 0.24411800000000006
1529 0.6727589563532332
1530 0.849462982430022
1532 0.23682045764559212
1531 0.7386825
1533 0.02352949999999998
1534 0.7869577495521319
1535 0.03823600000000005
1536 0.15651793350815468
1538 0.2745660000000001
1537 0.016040832971692343
1539 0.9794120000000002
1540 0.02573512500000008
1541 0.5311313757715532
1542 0.4977609999999999
1543 0.972512
1544 0.9906870000000001
1545 0.26805599765234306
1546 0.83419848706214
1547 0.35431880682622086
1548 0.4811574999999999
1549 0.35709415215060347
1550 1.0237040897788
1551 0.027885500000000008
1552 0.4315125433195864
1553 0.16371441519275037
1554 0.8009366250000001
1555 0.46184952582599004
1556 0.9443131198243175
1557 0.31128808599907964
1558 0.7709794523796436
1559 0.26603881086838194
1560 0.635673
1561 0.7500454999999999
1562 0.12671900000000003
1563 0.6256837909218398
1564 0.015558840894770524
1565 0.9009800000000001
1566 0.656862
1568 0.48590654170960756
1567 0.1396376857079391
1569 0.85906875
1570 0.22691349840502345
1571 0.14240580074263573
1572 0.581372
1573 0.6728507264510498
1574 0.2481485342832623
1575 0.04071424112542521
1576 0.7169325
1577 0.06764700000000001
1578 0.6303920000000001
1580 0.7392110000000001
1579 0.1510890769543889
1582 0.357426
1581 0.739568
1583 0.6828425
1584 0.549019
1585 0.41112550000000003
1586 0.2513952943804607
1587 0.75147075
1588 0.6070047904346358
1589 1.4872540000000003
1590 0.35196000000000005
1591 0.8335598445123753
1592 0.8279252282489061
1593 0.3669646690970281
1594 0.650466875
1595 0.004984356390046796
1596 0.27588896417250053
1597 0.823528
1598 2.1860333748752394
1599 0.8156865
1600 0.37555451136998075
1601 0.46078399999999997
1602 1.3455720830737283
1603 0.8584797500000001
1604 0.552941
1605 0.722124613115986
1606 0.30958206969042695
1607 0.5226760000000001
1608 0.17156833692983708
1609 0.2019325
1610 0.4137250000000001
1611 0.6144213793341741
1612 0.0047476511319355374
1613 0.0991014612754116
1614 0.43823600000000007
1615 1.4378549211413845
1616 0.38865603510259744
1617 0.783654127087827
1618 0.7591527499999999
1619 0.3290576431294613
1620 0.4710597057226167
1621 0.3884480177763402
1623 0.8080800000000001
1622 0.6802549523728256
1624 0.5534925
1625 0.3820675
1626 0.5457524611828164
1627 0.45610608387973695
1628 0.43595908725122734
1629 0.5253370000000002
1630 0.6444338197280243
1631 0.6310139201605263
1632 0.69547
1633 0.14313700000000007
1634 0.8380455
1635 0.916012
1636 0.24215699999999996
1637 0.1574529324274585
1638 0.45974271361004027
1639 0.023185368159757802
1640 0.007034938328153162
1641 0.45286857562743293
1642 0.796568
1643 0.2725485000000001
1644 0.8026480306546157
1645 0.045858515626030716
1646 0.2950980000000001
1647 0.8821350699950041
1648 0.8394139999999999
1649 2.061764
1651 0.7277933341526295
1650 0.9813720000000001
1652 1.0606820000000001
1653 0.05830749999999996
1654 0.4031574297735725
1655 0.47548900000000005
1656 0.836659
1657 0.537255
1658 0.7811969999999999
1659 0.743134
1661 0.901397
1660 0.5009804999999999
1662 0.639213
1663 0.653999
1664 0.4772167203702506
1665 0.315327058580855
1666 1.309744708460394
1667 0.5383260783084374
1668 0.7104977721592036
1669 0.9799010000000001
1670 0.7665742023214668
1671 0.9162408298412912
1672 1.3323520000000004
1673 0.4077765
1674 0.2900105041064338
1675 0.706863
1676 1.210784
1678 0.0333325000000001
1677 0.871572
1679 1.6627470000000002
1680 0.12148054235373085
1681 0.7614127263674373
1682 0.07745100000000016
1684 0.19147507176147127
1683 1.2147059999999998
1686 1.1493019999999998
1685 1.295453
1687 0.9269829999999999
1688 0.48638119136769054
1689 0.1582952446917267
1690 0.243440305856929
1691 0.7618836497191932
1692 0.5912355
1693 0.48978845804500915
1695 0.8007052648461251
1694 0.6220015
1697 0.247971
1696 0.468426341730225
1698 0.8578435000000001
1700 0.4441170000000001
1699 0.42449400000000004
1701 0.3418239343243621
1703 0.3379099066254209
1702 0.01743046887934474
1704 0.6674179829644407
1705 0.28661575
1706 0.7990455
1707 0.226698
1708 0.15567142578671267
1709 0.660022
1710 0.12549000000000002
1711 0.4648642826842735
1712 0.300734
1713 0.9827564118985423
1714 0.2535819902748857
1716 0.9081404942039921
1715 2.1196450000000002
1717 0.8885269999999998
1718 0.8952662683731648
1719 0.18400067596094183
1720 0.766884
1721 1.2666740000000003
1722 0.1905446859330946
1723 0.8862755000000002
1724 0.46754650276518733
1725 0.020090692740215573
1726 0.3180265413309977
1727 0.39126000000000016
1728 0.27843150000000016
1729 0.42254900000000006
1730 0.46786748253296023
1731 0.406887
1732 0.8401959999999999
1733 0.6994490000000002
1734 0.8030649999999999
1735 0.5047367849225355
1736 0.8461388730825836
1737 1.8245090000000002
1738 0.2866760678828765
1739 0.7367645
1740 0.8671941188264558
1741 0.27708985107243644
1742 0.6430196074114835
1744 0.7476929999999999
1743 0.914579
1745 1.4029419999999997
1746 0.9184587826135211
1747 0.927821508564539
1748 0.5097536061512371
1749 0.015685999999999978
1750 0.2235865294117647
1751 0.5995105000000001
1752 0.0470585
1753 0.2342393114931962
1754 0.33480350000000003
1755 0.860784
1756 0.34159876314734877
1757 0.2707947414930248
1758 0.29988610691225354
1759 0.2027073268444497
1760 0.9225223203925583
1761 0.423568037388733
1762 0.8658202232833533
1763 0.7122301825418931
1764 0.29708284049401096
1766 0.8868035261676226
1765 0.18275700000000006
1767 0.7488165
1768 0.2663826007237151
1770 0.2007063638146852
1769 0.4296375318349701
1771 1.018007
1772 0.9435180000000001
1773 0.6593539375105133
1774 0.575455
1776 0.29368150000000015
1775 2.531278380896696
1777 0.41448275
1778 1.3544000000000003
1779 0.2806004328620402
1780 0.09714200000000006
1781 0.30083573937033203
1782 0.6381224677819957
1783 2.579396
1784 0.3736919980170547
1785 0.12352200000000013
1786 0.05263519105320049
1787 1.5313261454552285
1788 0.8136825
1789 1.142298
1790 0.7847399955521759
1791 0.4533485831678831
1792 0.190569
1793 0.8252671770084539
1794 0.23673410756678864
1795 0.7483297845733379
1796 0.9843140000000001
1797 0.67370075
1798 1.165685
1799 0.20588266666666688
1800 0.60392
1801 0.741922285581065
1802 0.764965163842988
1803 0.6517345000000001
1804 0.50833325
1805 1.0531114249723548
1806 0.2770638944096744
1807 0.31223301483899824
1808 0.2090129805545632
1809 0.9013224999999998
1810 0.3848089834433815
1811 0.8924482862314438
1812 0.9068620000000001
1813 0.22875899999999993
1814 0.049020000000000064
1815 0.7740679059800247
1817 0.3840679239677498
1816 0.7424070000000003
1818 0.49102214897025664
1819 1.9107830000000001
1820 0.3453498622907185
1821 0.929412
1822 0.35036357846397403
1823 0.5652485
1824 0.5258581088463514
1825 0.4779455782017174
1826 0.040330956673908666
1827 0.31740544629806644
1828 0.39352158813746063
1829 0.667648
1830 0.3356945
1831 0.6872039999999999
1833 0.2647649999999999
1832 0.4093132500000001
1834 0.52549
1835 0.7594936518894259
1836 0.6048485
1837 0.7294120000000001
1838 0.4949236978875534
1839 0.415686
1840 0.29667362529481567
1841 0.8200502314874734
1842 0.29607028038116034
1843 0.6137254999999999
1844 0.18725500000000017
1845 0.8196075
1846 0.7466451176659725
1847 0.8151774999999999
1848 0.8342385000000001
1849 0.13284718307953422
1850 0.32345322272777666
1851 0.7369944972610774
1852 0.5159669182211026
1853 0.38039200000000006
1854 0.5614935
1855 0.315805228310613
1856 0.09428735586283055
1857 1.1334134317512021
1859 0.5284310000000001
1858 0.42480137638784177
1860 2.601825
1861 0.4081959762630938
1862 0.5572979072897647
1863 0.9166739997194215
1864 0.12047000000000008
1865 0.7842974221470945
1866 0.054991894230367544
1867 0.41911725
1868 1.0697515
1869 0.6982884552700221
1870 0.2947456377155002
1871 0.6276400646260758
1873 0.69216238088402
1872 0.26200500008326544
1874 0.8853458749882148
1876 0.14215650000000002
1875 0.6777340000000001
1877 0.5950979999999999
1878 0.17451673781678667
1880 0.6939036311309807
1881 0.7995948968432922
1879 0.31438089154483095
1882 0.013597499999999929
1883 0.7320978202235923
1884 2.5892150000000003
1885 0.43859058500004255
1886 0.7274499999999999
1887 0.027623694187290493
1888 0.6166660000000002
1889 0.7852949999999999
1890 0.4204509097297584
1891 0.4226991031468713
1892 0.061581380555674636
1893 0.8857845
1894 0.38069752465797446
1895 0.7963945765759604
1896 0.45884338994155827
1897 0.6615380093912977
1898 0.11568095225519714
1899 0.561103
1900 0.27745
1901 0.943137
1902 0.591844573744165
1903 0.43749799999999994
1904 0.11033918303621143
1905 0.5627460000000002
1906 0.7663812970585755
1907 0.9325921773385203
1908 0.9903620000000002
1909 0.4025738408437761
1910 0.3651516670170448
1911 0.08687599999999995
1912 0.21275236132401476
1913 1.07255
1914 0.7737782077408644
1915 0.5588692191424567
1916 0.7410414702760358
1917 0.459804
1918 0.9465899115978219
1919 0.49607350000000006
1920 0.1339951834769757
1921 0.6583502209740009
1922 0.639216
1923 0.4970589999999999
1924 2.7107860000000006
1925 0.10579800000000006
1926 0.10600392594176804
1927 0.4265110055757011
1928 0.2719575000000001
1929 0.599394
1930 0.7794114999999999
1931 0.5009159999999999
1932 0.0425350000000001
1933 0.5674405000000002
1934 0.44687
1935 0.24229699999999998
1936 0.4367501237209271
1937 2.6022819999999998
1938 0.47185145728298694
1939 1.105637
1940 0.6904114542824054
1941 0.92107925
1942 0.1180121623791453
1943 0.04037449999999998
1944 0.029485282360684928
1945 0.7529663639209647
1946 0.833969
1947 0.5299018028936644
1948 0.47431200000000007
1949 0.6944343347106483
1950 0.28529400000000016
1952 0.7502062605681157
1951 0.11345572358426126
1953 0.7578994209065251
1954 1.04804
1955 1.1555194823897976
1957 0.2971118459172546
1956 0.826471
1958 0.5522056856113271
1959 2.4519200000000003
1960 0.3518766859909622
1961 0.5054614652605152
1962 0.6860693109086853
1963 0.6361601770594904
1964 0.1567355647491
1965 0.633283
1966 0.09196293353562665
1967 0.06243200000000004
1968 0.3354815310336548
1969 0.46530956964060555
1970 1.644607
1971 0.27451000000000003
1972 0.4685800895753529
1973 0.375491
1974 0.5970600000000001
1975 0.6656212684638669
1976 0.8112739999999999
1977 0.2519610000000001
1978 0.7184786988516377
1979 0.6683480000000002
1980 0.6230565
1981 0.8539215
1982 0.800354
1983 0.9454880885993051
1984 0.8009800000000002
1985 0.42787184029894
1986 1.6382360000000002
1987 0.9577169999999999
1988 0.431909710768687
1989 0.6792426007775887
1990 0.2656545297878651
1991 1.6147060000000002
1992 0.6464451564279615
1993 0.691114
1994 0.7418930548760814
1995 0.656863
1996 0.2137255
1997 0.13919799999999993
1998 0.2764630096444509
1999 0.30525919281957786
2000 0.3370120000000001
2001 0.43774987144092825
2002 1.5750459999999997
2003 0.26470649999999996
2004 0.18914999999999993
2005 0.0452515
2006 0.9106090590341753
2007 0.6813345021627244
2008 0.2550046378682158
2009 0.537201
2010 0.9436137500000001
2011 0.13883813920801624
2012 0.5145937418673894
2013 0.44053570760813177
2014 0.371002169947495
2015 0.44865201617519745
2016 0.444891763343662
2017 0.5612378791237319
2018 0.3670561129241962
2019 0.9130085
2021 0.32541
2020 0.8382837261749392
2022 0.385294
2023 0.6578775
2024 0.730051120126135
2025 0.7377819765523739
2026 0.19117699999999993
2027 0.78026675
2028 0.4801945000000001
2029 0.31645868099566127
2030 0.2731540000000001
2031 0.9170162551275307
2032 0.4178911231596254
2033 0.7343139999999999
2034 0.3401954999999999
2035 0.20103780711596997
2036 0.7882359999999999
2037 0.64460825
2038 0.6358952413145336
2039 0.09902000000000011
2040 0.22993725029619239
2041 0.7550239029611132
2042 0.651664
2043 0.7862750000000001
2044 0.107947773362713
2045 0.5369017256165715
2046 0.7802976866385638
2047 0.6186275
2048 0.31296500000000016
2049 0.8566167500000001
2050 0.65431834254935
2051 0.19260299999999986
2052 0.2932989804232838
2053 0.6052986296074081
2054 0.20294199999999996
2055 1.616668
2056 0.7632355
2057 0.4739019895685427
2058 0.7725489999999999
2059 0.8673467529155846
2060 0.16703999999999986
2062 0.5014585
2061 0.7130822276588077
2063 0.4988442628424802
2064 0.5220370000000001
2065 0.31568600000000013
2066 0.16444072527823472
2067 0.4686275
2068 0.5088636637040931
2069 0.334033
2070 0.9088235
2071 0.640106305387006
2072 0.507843
2073 0.14607900000000007
2074 0.783502591854949
2075 0.3373295
2076 0.4661772500000001
2077 0.7762093987000076
2078 0.9668479999999999
2079 0.0027572801537931735
2080 0.5280065
2081 0.7102262829574773
2082 0.27581273728042466
2083 0.2833055444125554
2084 0.029215916307661516
2085 2.361765
2086 0.559928
2088 0.9266745660548874
2087 0.2833340000000002
2089 0.39705900000000005
2090 0.48689550000000004
2092 0.14164547065414612
2091 0.43857611504564475
2093 0.3500000000000001
2094 0.5640552459870478
2095 0.1243041889640426
2096 0.805882
2097 0.0829419579972892
2098 0.4940517500000001
2099 0.967077
2100 0.8399377340721751
2101 0.7584044497509427
2102 0.5427812898108071
2103 0.37070371597891305
2104 0.800977
2105 0.609370263196492
2106 0.15285650000000017
2107 0.2428175378738071
2108 0.332156
2109 0.6843912099625193
2110 0.1193870977767455
2111 0.05526271622943746
2112 1.2406006889780448
2113 0.8809229165890023
2114 0.7269796122060219
2115 0.46470600000000006
2116 0.42192540675012014
2117 0.7659003496370632
2118 0.4999019923643925
2119 2.483330344451897
2120 0.6613500000000001
2121 0.9004037477706854
2122 0.7843612491857523
2123 0.5578430000000001
2124 0.09362775000000001
2125 0.60980025
2127 0.16242224652523363
2126 2.266667
2128 0.014197813939851386
2129 1.6865394379573806
2130 0.9343135
2131 0.9447268571428571
2133 0.8132402764919461
2132 0.8469051727995669
2134 0.8703839999999998
2135 0.7776580305511264
2136 0.8013429999999999
2137 0.7485964668746882
2138 0.5014718831000415
2139 0.5309714170760546
2140 0.48029175000000013
2141 0.5982117499999999
2142 0.6788807012429974
2143 0.47140295977252067
2144 0.41594275520640817
2145 0.9315339917785855
2146 0.616589
2147 0.24040799999999996
2148 0.3545434999999999
2149 1.1862745
2150 0.10331800000000002
2151 0.3641571071975871
2152 0.7540889267449595
2153 0.46570857402435983
2154 0.8950985
2155 0.1057611195493624
2156 1.314706
2157 0.301891441173485
2158 0.5924074599039062
2159 0.4546398268767826
2160 0.80135
2161 1.4117645
2162 1.1373425000000001
2163 0.38362938295089366
2164 0.3294110000000001
2165 0.381164013712464
2166 0.07194573909298696
2167 1.820588
2168 0.5162801603253081
2169 0.3074144999999999
2170 0.16323600000000016
2171 0.2307216279995712
2172 0.4280237183683314
2173 1.4109612560126863
2174 0.29228746947471923
2175 0.2138750261090958
2176 0.33398389085953056
2177 0.3794120000000001
2178 0.5084361682410823
2179 0.17600809829826503
2180 1.2490205
2181 0.64651525
2182 0.4117759999999999
2183 0.043717000000000006
2184 0.5679933670546482
2185 0.16937289547241519
2186 0.24633450000000012
2187 0.5270311524475042
2188 0.792165
2189 0.3754905
2190 0.369529
2191 0.02745400000000009
2192 0.1286290000000001
2193 0.8745770241947037
2194 0.7178507137787147
2195 0.030391999999999975
2196 0.7971071077051177
2197 0.2500000000000002
2198 0.3637250000000001
2199 0.30212400000000006
2200 0.5007843264000523
2201 0.7676475
2202 1.3511489688525378
2204 0.7692103083756955
2203 0.07291400000000015
2205 0.890108
2206 0.658741
2207 0.12399326426590868
2208 0.3745007339948856
2209 0.33162589107672275
2210 0.7663589301847622
2211 0.30098
2212 0.20882356830358487
2213 0.8316385584467763
2214 0.42090439528887297
2215 0.05134799999999995
2216 0.24859200000000015
2217 0.652451
2218 0.25980500000000006
2219 0.8344215
2220 0.8204680687061937
2221 0.20181991636227467
2222 0.351665
2223 0.7038569750412514
2224 0.15384286128250513
2225 0.1588235
2226 0.48125543446500857
2227 0.5106831386297584
2228 0.8625077159020539
2229 0.33179553445169674
2230 0.29291171029247864
2231 0.7416393688213236
2232 0.8362749999999999
2233 0.32941200000000004
2234 0.21329512792016525
2236 0.837632
2235 0.748039
2237 0.4264942247099508
2238 0.5309905200791792
2239 0.6608320000000001
2240 0.6872719513904664
2241 0.21156626040962312
2242 0.5208366111639885
2243 2.4806990000000004
2244 0.24856657256676704
2245 0.861274
2246 0.23452721901948492
2247 0.28184157980620317
2248 0.4950985
2249 0.08137300000000014
2250 0.8528623161478746
2251 0.8811178040401478
2252 0.40157833913779695
2253 0.15082522786960006
2254 0.0463103382732688
2255 0.09728899999999996
2256 0.546079
2257 0.6763875373996606
2258 2.9999279999999997
2259 0.7837476207770189
2260 0.9193412621673465
2261 0.7605020361244126
2262 0.014871002503924258
2263 0.44238506067182987
2264 0.741177
2265 0.5019610000000001
2266 0.7705271245117149
2267 0.48627599999999993
2268 0.3733808134448495
2269 0.4311739080985004
2270 0.7140139242655975
2271 0.7645423972770546
2273 0.749486777072353
2272 0.6039879687825529
2274 1.1926482049107545
2275 0.2971478181541809
2276 0.29514648011542755
2277 0.18511067557546435
2278 0.29713600000000007
2279 1.1497110000000001
2280 2.280391
2281 0.7362740000000001
2282 0.15647500000000014
2283 0.4728228540169712
2284 0.7732061903684214
2286 0.5647059999999999
2285 0.33997758899051767
2287 0.19264636603157537
2288 1.929413
2289 0.31444959675574163
2290 0.16236630363642202
2291 0.19117699999999993
2292 0.7330688175265154
2293 0.8330591129478481
2294 0.6312334286112509
2295 0.5556330195769731
2296 0.24168607926858643
2297 0.8803405
2298 1.2607845
2299 1.771307
2300 0.6478751839268213
2301 0.36013368118963496
2302 0.4387630628690945
2303 1.2264700000000002
2304 0.6004894999999999
2305 0.5502639928463349
2306 0.658898603010678
2307 0.48945773543964655
2308 0.5725495
2309 0.312541880902681
2310 0.010123356138444839
2311 0.013125000000000053
2312 0.8743258981210367
2313 1.273737
2314 0.920588
2315 0.37366031025772095
2316 0.025491000000000152
2317 1.414706
2318 0.8577832184369176
2319 0.4986884710587687
2320 0.12590628973828455
2321 0.47990125000000017
2322 0.3632115055688383
2323 0.41225685578213
2324 0.34440997675618157
2325 0.7943705000000001
2326 0.8233864303917524
2327 0.7114508267249523
2328 0.004689500000000013
2329 0.793137
2330 0.07931416791675261
2331 0.7936683544236953
2332 0.20480497702530254
2333 0.038234510638956776
2334 0.7935862854386986
2335 0.5448836858948646
2336 0.7634275
2337 1.4598030000000002
2338 0.8009787131024004
2339 0.3604270402968921
2340 0.007266765971221001
2341 0.7406862500000002
2342 0.6967618333744146
2343 0.5668136441882421
2344 0.10734126192789155
2345 0.32144
2346 0.5950980000000001
2347 0.09343550000000023
2348 0.760921
2349 1.194117
2350 0.4058815
2351 0.24883390550056173
2352 0.6272816523607225
2353 0.10230488952830252
2354 0.059804500000000003
2355 0.7904925
2356 0.14123394469822803
2357 1.4328959999999997
2358 0.06078450000000002
2359 0.6277929873892242
2360 0.6659624449211015
2361 0.027450500000000044
2362 0.205717
2364 0.9347475661051372
2363 0.28419983923943376
2366 0.675338582347609
2365 0.6317106449207952
2367 0.01862800000000009
2368 0.5010695980213065
2369 0.13480425000000018
2370 3.2490180000000004
2371 0.21905861101580162
2372 0.7620402018468373
2373 0.9401965
2374 0.7298418441472672
2375 2.34804
2376 0.41094689769973636
2377 0.8234652453749868
2378 0.45690928321427715
2379 0.657291923092594
2380 3.540196
2381 0.20376592390154458
2382 0.3664262574759354
2383 0.7742464285557685
2385 0.49774372263956923
2384 1.3434400000000004
2386 1.2009810000000003
2387 0.26652493121443704
2388 0.193627
2389 0.7888643154697852
2390 0.024510000000000032
2391 0.1586801026809327
2394 0.5962565256197658
2392 0.9032216589189491
2393 0.03431400000000007
2395 0.30920238584246795
2396 0.5707142436494292
2397 0.7908224967471096
2398 0.935538
2399 0.74853
2400 0.790298091556091
2401 0.6017747886896021
2402 0.6867645
2403 0.13235299999999994
2404 0.6551539329052047
2405 0.11931253643867379
2406 0.7528228303854456
2407 0.8952582753237222
2408 0.18599758916398823
2409 0.5568630000000001
2410 0.34019599999999994
2411 2.267646
2412 0.044154652534774685
2413 0.5952553909542224
2414 0.867856
2415 0.05227563585203776
2416 0.1714277349872969
2417 1.424511
2418 0.5942007752828011
2419 0.610784
2420 0.5056562546351147
2421 0.4556257931242857
2422 0.232051
2423 0.33579410710240754
2425 0.6487114385952009
2424 0.5231371803626839
2426 0.7590802697615153
2427 0.13998825816220606
2428 0.50363325
2429 0.4040803666249121
2430 0.522095
2431 0.2322963791605119
2432 0.9749005852598773
2433 0.506387705000823
2434 0.9153910216533944
2435 2.2115090000000004
2436 0.25121099999999985
2437 0.6905596869785201
2438 0.16609489778790887
2440 0.712303885209641
2439 0.9426754616326696
2441 0.944703393150353
2442 0.844571477083246
2444 0.8128380000000002
2443 0.39754875
2445 0.4312948064363288
2446 0.16629368665569416
2447 0.424675928254513
2450 0.915686
2448 0.09438720542949876
2449 0.6990200000000002
2451 0.7048742467807405
2452 0.12908927516678192
2453 0.207843
2454 0.5972955
2455 0.3993612758518921
2457 0.09222853436387102
2456 0.428431
2458 0.5517347760791591
2459 0.94821217052429
2461 0.2117741849857825
2460 0.5636237386946786
2462 0.33725400000000016
2463 1.51911725
2464 0.2637250000000002
2465 0.7540655872891535
2466 0.6318459923206903
2467 0.49677864285714285
2468 0.46253443631658075
2469 0.6671829999999999
2470 0.75833325
2471 0.7580171543271057
2472 0.17770028730601464
2473 0.69683109938337
2474 0.8460522268042242
2475 0.2480389999999999
2476 0.4286019
2477 0.20189878824118027
2478 0.339672
2479 0.678776
2480 0.59902
2481 0.490196
2482 0.5385314141454263
2483 0.779466423804009
2484 0.4784315
2485 0.4486535
2486 0.9147055
2488 0.11457239328941773
2489 0.270588
2487 0.5313725
2490 0.3994795
2491 0.228431
2492 0.6598040000000001
2493 0.08033187029486277
2494 0.12412324999999999
2495 0.661726
2496 0.25684784904793473
2497 1.444117
2498 2.0754909999999995
2499 0.4343140000000001
2500 0.11947184046240067
2501 0.7703742929586659
2502 0.5774520000000001
2503 0.5143845258498589
2504 0.4205880000000002
2505 0.13980800000000015
2506 0.023841237799659742
2507 0.5495862047898092
2508 0.31440722464797743
2510 0.37388697942835847
2509 0.3341152256031173
2512 0.5956691228512832
2511 0.2592510000000001
2513 0.855419
2514 0.06630503197718385
2515 0.10167012500000006
2516 0.08235250000000005
2517 0.11932329493650662
2518 0.06519549999999996
2519 0.8486953379338643
2520 0.307602931440107
2521 0.4581750084798164
2522 0.591572
2523 0.6107104999999999
2524 0.7426337160009474
2525 0.911701430469849
2526 0.78676425
2528 0.2390405
2527 0.5504580000000001
2530 1.1903950476172398
2529 0.8309455524234409
2531 0.8806005
2532 0.7239601058485815
2533 0.705196770432274
2534 0.22957050000000012
2535 0.04558800000000007
2536 0.512745
2538 0.7656894511347414
2537 0.5551328900756973
2539 0.8872545000000001
2540 2.6107385
2541 0.8982386602357706
2542 2.4599601845596144
2543 0.294980057118053
2544 0.5808569667037352
2545 0.4303920000000001
2546 0.12138617749753644
2547 0.72759575
2548 0.5971268557564345
2549 0.9307929221419402
2550 0.6054075648270019
2551 0.4337115
2553 0.8273242374490356
2552 1.2026329999999998
2554 0.8794115
2555 1.0942749999999999
2556 0.068627
2557 0.1911766666666667
2558 0.5931093757132324
2559 0.17399950000000008
2560 0.24717691965536703
2561 0.568168
2562 0.3637255
2564 0.858875
2565 1.4166679999999998
2563 0.12451000000000012
2566 0.9177594585115287
2567 0.8450985
2568 1.03692
2569 0.4029400000000001
2570 0.3816934916422178
2571 0.08039200000000002
2572 0.5843130000000001
2573 0.1742476385471945
2574 0.2748089862818227
2575 0.1372549999999999
2576 0.28576061761022076
2577 0.6069466344926258
2578 0.38693154393195917
2579 0.01995330570621845
2580 0.2784932296946282
2581 0.2554098099564075
2582 0.9187086902444543
2583 0.1400002034412957
2584 0.48401466284659433
2585 0.7015455
2586 0.7482742238588308
2588 0.39661586705156826
2587 0.9380884871886968
2589 0.5738455765759604
2590 0.6959847628523304
2591 0.7696080000000001
2592 0.8230946557729916
2593 0.401961
2594 1.04460825
2595 0.19558850000000017
2596 0.7063378784136621
2597 0.7133441628086443
2598 0.14416965971420992
2599 0.17450999999999994
2600 0.4814417262694243
2601 0.49768423933808137
2602 0.712881
2603 0.416666
2604 0.004411750000000048
2605 0.2419830258724578
2606 0.586951
2607 0.9106690000000002
2608 0.5081724443196345
2609 0.6302341907651547
2610 0.619372457679033
2611 0.6330678419994417
2612 0.899831
2613 0.27415771892211876
2614 0.19953699723192442
2615 0.6606649330680876
2616 0.44956322331064036
2617 0.6552171255623902
2618 0.16029325000000005
2619 0.528378
2620 0.08279004729055695
2621 0.337469933038218
2622 0.936545070863468
2623 0.034480000000000066
2624 0.35686200000000023
2625 0.34211721247010907
2626 0.893138
2627 0.09858999999999996
2628 0.24090116009955426
2629 0.31421575
2630 0.561765
2631 0.5436959531515358
2632 0.24891228017433814
2633 0.337593
2634 0.47604650000000004
2635 0.468207
2636 0.07537100000000008
2637 0.450133
2638 0.867647
2639 0.627762883966105
2640 0.04305281764146946
2641 0.885294
2642 0.2571939999999999
2645 0.10296530489115478
2644 0.12451000000000012
2643 0.3256000000000001
2646 0.40833374999999994
2647 0.38854424064231297
2648 0.08543871087906352
2649 0.6968891944597773
2650 0.0014707499999999651
2651 1.5313744999999999
2652 1.3264699999999998
2653 1.0205880000000003
2654 0.6205890000000001
2655 0.72353
2656 0.6207492304449742
2657 0.498852527725997
2658 0.3268141682254252
2659 0.3990195
2660 0.87451
2661 0.3900760000000001
2662 0.5497808735552272
2663 0.3752397289606717
2664 0.5048490000000001
2665 0.4894267101715555
2666 0.1904737242456886
2667 0.8211836143904969
2668 0.39285351496406173
2669 2.0858049999999997
2670 1.0369270000000002
2671 0.337921358998315
2672 0.6084695882888922
2673 0.24411800000000006
2674 0.7160955874528201
2675 0.07715699999999992
2676 1.2928210000000002
2677 0.09460875000000013
2678 0.5064483274199094
2679 0.4674973132147804
2680 0.350981
2682 0.2764694999999999
2681 0.1444160295910073
2683 0.27508164002685853
2684 0.35637300000000005
2685 0.5569520958559823
2686 0.203922
2687 0.28840803276851457
2688 0.8794115
2689 0.41466315230627804
2690 0.43847400000000003
2692 0.854902
2691 0.982502
2693 0.5897558263950867
2694 0.055468481386587554
2695 0.014496500000000023
2696 0.7546109999999999
2698 0.584042327721473
2697 0.8287454999999999
2699 1.8421560000000003
2700 1.7823529999999999
2701 0.7767820000000001
2702 0.9334385
2703 0.40533799938532344
2704 1.1770042499999998
2705 1.3107840000000002
2706 1.463725
2707 0.7455813577244841
2708 0.46568600000000004
2709 1.1823530000000002
2710 0.026923380849078193
2711 0.9207591515281219
2712 0.6098035000000002
2713 0.1826170474051425
2714 0.5809149999999998
2715 0.49612628925417734
2716 0.16030400000000022
2717 0.5644202554833286
2718 0.3648097568628288
2719 0.46729584218650344
2720 0.651961
2721 0.5926659286630811
2722 0.8274403765465783
2723 1.080166226297121
2724 0.7745095
2725 0.857539
2726 0.6636127009612045
2727 0.6276270669107191
2728 1.050235
2729 0.46891084186695
2730 0.8980400000000001
2731 0.2196070000000001
2732 0.6450985000000002
2733 0.24491376627859004
2734 0.7499379304370222
2735 0.6191887855689817
2736 0.7303919999999999
2737 0.21045709651779698
2738 0.45711766070507504
2739 0.8229840278435013
2740 0.4625635707218374
2741 0.30147100000000004
2742 0.7249525997490174
2743 0.6485662879108229
2744 0.06163975668962274
2745 0.8817875281481491
2746 0.8615332532493245
2747 0.14169008680615058
2748 0.6091870000000001
2749 0.28343699999999994
2750 0.2530851224341504
2751 0.049118500000000065
2752 0.5182867026831623
2753 0.1339041217885981
2754 0.11344329446943857
2755 0.8485297500000001
2756 0.9209738156519518
2757 0.2558135458572607
2758 0.6152217108411611
2760 0.195098
2759 0.019863181936778496
2761 0.35147025
2762 0.3029858916444208
2763 0.31372600000000017
2764 0.032613
2765 0.3516600000000001
2766 0.7166669999999999
2767 0.5036725000000002
2769 0.636838482946136
2768 0.915163
2770 2.329285632084188
2771 0.8220525000000001
2772 0.19118123143952878
2773 0.6544241420891722
2774 0.010819618229670924
2775 0.555582509660822
2776 0.36393351530182483
2777 0.44212310438794583
2778 0.10473900000000014
2779 0.6369924587748498
2780 0.9282685228474905
2781 0.6164029065683154
2782 0.3010553763873728
2783 0.07303875000000004
2785 1.1372544999999998
2784 0.5480395
2786 0.47126200000000007
2787 0.20374400000000015
2788 0.23529500000000003
2789 0.8056610538049953
2790 0.3488536284855823
2791 0.6642559241501116
2792 0.5282718190532408
2793 0.6941170000000001
2794 0.559996938944878
2795 0.08823500000000006
2796 0.720054
2797 0.5377114722295514
2798 0.6656528759858216
2799 0.16960799999999998
2800 0.602419
2801 0.4709142927248873
2802 0.9607835
2803 0.9997940000000001
2804 0.1168562459627922
2805 0.5275929455386408
2807 0.08257521837718751
2806 0.347059
2808 0.9400205214516809
2809 0.28262699999999996
2810 0.27936706995949895
2811 0.26557756879408523
2812 0.3574815887106355
2813 0.7565988240908721
2814 1.465686
2815 0.7401960000000001
2816 0.7490214092357409
2817 0.2880099873241317
2818 0.17549100000000006
2819 0.7892002913178406
2820 0.9058825
2821 0.5759981833537732
2822 0.646078
2823 0.636494
2824 0.9005083103973788
2825 0.8215557499999999
2826 0.859001
2827 0.22361752187614636
2828 0.7014777213317558
2829 0.92353
2830 0.35294000000000003
2831 0.8098045
2832 0.5303231060783558
2833 0.767647
2834 0.519608
2835 0.8748546480661985
2836 0.24671552765386986
2837 0.041125534198562685
2838 0.585152
2839 0.015216558187008511
2840 0.14187771428571438
2841 0.28529400000000016
2842 0.1414882381013095
2843 0.5308825
2844 0.8485175918373218
2845 0.5500005
2846 0.22264250000000002
2847 0.9044509694611362
2848 0.25195999999999996
2849 0.347435072751139
2850 1.23804
2851 0.05488963312740336
2852 0.4174626548839362
2853 0.33689849394237953
2854 0.5861505
2856 0.5166660000000001
2855 0.409065
2857 0.2620785511407604
2858 0.23725485182220363
2859 0.8759785
2860 0.09411699999999999
2861 0.037248274387592595
2862 0.4382440000000001
2863 0.097831
2864 0.32823599573851236
2865 0.5023970872559298
2866 0.59591011673794
2867 2.5888367499999996
2868 2.5411764999999997
2870 0.5795581402757568
2869 0.4891582552346373
2871 0.4372555
2872 0.08529399999999998
2873 0.46594375
2874 0.42093797439991354
2875 0.2431365000000001
2876 0.846078
2877 0.18969898051785172
2878 0.2593768512288288
2879 0.44884315717861567
2880 0.393937
2881 0.6421570000000001
2882 0.5180015000000002
2883 0.67069
2885 0.43258080808444654
2884 0.99902
2886 0.7416567239571761
2887 1.0157260000000001
2888 0.62948
2889 0.15383471697044654
2890 0.2608123300989318
2891 0.5595250347532609
2892 0.48400598320744526
2893 1.879411
2894 0.301938
2895 0.38137200000000004
2896 0.7797536126438591
2897 2.4887235
2898 0.11960750000000009
2899 0.6675606745151672
2900 1.4995710000000002
2901 0.2665849145575504
2902 0.17696124999999996
2903 1.7444690000000003
2904 0.5694545265154187
2905 0.6749703243380956
2906 0.22941250000000002
2907 0.778861
2908 0.14486972741049153
2909 0.5175770192709963
2910 0.831372
2911 0.1959795000000002
2912 0.057043453258108334
2913 0.761754559860851
2914 0.9173245259683189
2915 0.4634124436186895
2916 0.75098
2917 0.6378957630362664
2918 0.25816980588625205
2919 1.005884
2920 0.22499975000000005
2921 0.688468505027021
2922 0.514705
2923 0.06078399999999995
2924 0.32688741857310577
2925 0.05586200000000008
2926 0.8820110254651367
2927 0.6058394999999999
2928 0.5128603503930189
2929 0.5243962051281505
2930 0.44841202207136255
2931 0.698765696448126
2932 0.004902500000000032
2933 0.36742029306518265
2934 0.8382355
2935 0.323491
2936 0.07989152516902642
2937 0.3643350000000001
2938 0.9147054615384616
2939 0.42303159853372746
2940 0.8908650988625066
2941 0.14289225000000005
2942 0.9214990000000001
2943 0.14781570917810236
2944 0.9377640761367164
2945 0.558511128164966
2946 0.05463011394482561
2947 0.8909238709749868
2948 0.24079432568492853
2949 0.579028
2950 0.4287414841340164
2951 0.3171361424985252
2953 0.856401
2952 0.8323535
2954 0.6872545
2955 0.3160734510731118
2956 0.6961808866666391
2957 0.27271654171689397
2958 0.1843140000000001
2959 0.3832419811808325
2960 0.464523184251869
2961 1.0620852807466938
2962 0.7210356061043688
2963 0.5503221024912606
2964 0.7965217971822209
2965 0.3969224517835717
2966 1.0200995
2967 0.6488000928360345
2968 0.3307394307690453
2969 0.3558950000000001
2970 0.37324496340614083
2971 0.1211525
2973 0.04607800000000006
2972 0.31844491500796124
2974 0.41336832065586315
2975 0.402941
2976 0.36518458663501563
2977 1.1718434323469318
2978 0.819985251957933
2979 0.9465680284242985
2980 0.01786625227692773
2981 0.7196851512334657
2982 0.826471
2984 0.10029751569832093
2985 0.376973963025536
2986 0.011739984687844984
2983 2.4671582499999998
2987 0.6400124127979503
2988 0.21904750000000006
2989 0.6433732377617669
2990 0.4289210000000001
2991 0.7647065
2992 0.45861050000000003
2993 0.31184425116676184
2994 0.27598025000000015
2995 0.6686274999999999
2997 0.032353000000000076
2996 0.6373158373963328
2998 0.3942583522479368
2999 0.6708796960457799
3000 0.45611100000000016
3001 0.3199513140629357
3002 0.7225195
3003 0.5188235
3004 0.04966422990845176
3005 0.40652900000000014
3006 0.3888203775057056
3007 1.0431359999999998
3008 0.12235200000000002
3009 0.4424643185961241
3010 0.8767878541718331
3011 0.15803345290851648
3012 0.6466258679568107
3013 0.38577459154939137
3014 0.9155150000000001
3015 1.1549034999999999
3016 1.0950460000000002
3017 0.2639695421487962
3018 0.543602195427596
3019 0.1307530789708536
3020 0.40009173062580133
3021 0.374509
3022 2.1016389999999996
3023 4.4272818314028406E-4
3024 0.6412339053710967
3026 0.266667
3025 0.3356384377779854
3027 0.03858317212433626
3028 0.9250156250000001
3029 2.6471599999999995
3030 1.1628124938117141
3031 2.2862979999999995
3033 1.0351174299879038
3032 1.279412
3034 0.7454635554408332
3036 0.91062275
3035 0.7324169632225159
3037 0.8228076567665595
3040 0.8660493371597016
3038 0.894505635547538
3039 0.5207807210860911
3041 0.6780360215581356
3042 0.9219079524866396
3043 0.08673202995323526
3044 0.5176807318527265
3045 1.038775
3046 1.3588868530818623
3048 0.046109500000000025
3047 1.341807336908931
3049 0.5419440000000002
3050 0.04642672348701782
3051 0.2698536476560731
3052 0.5773798180409316
3053 0.563802
3054 0.43212697932391503
3055 0.5259800000000001
3056 0.4475991542508995
3057 0.6090225
3058 0.7586126726874022
3060 0.8812623648575759
3059 0.2597280000000002
3062 0.28466030551512134
3061 0.7794119661765169
3063 0.414706
3064 0.014258250000000139
3065 0.9088391225505117
3066 1.0659669999999999
3067 0.638221318638243
3068 0.965123
3069 0.6237435
3070 0.8017480504277463
3071 0.23398850000000015
3073 0.9980395000000002
3072 1.2831493400185756
3074 0.504902
3075 0.8876927739849009
3076 0.509922375259402
3077 0.24582297208349657
3078 2.0421560000000003
3079 0.15309069809350695
3080 1.1442605
3081 0.9383889314849084
3082 0.13823600000000003
3083 0.36993754893930353
3084 0.41372549999999997
3085 0.752672
3086 0.08315625000000004
3087 0.6266895794123881
3088 0.16872924999999994
3089 0.19226281347449103
3090 0.42411770509806135
3091 0.652745
3092 3.1014229999999996
3093 0.7823094388624091
3094 0.6294125000000002
3095 0.2921478437613822
3096 0.6556710000000001
3097 0.18536847722941138
3098 0.3072251997771642
3099 0.7214013334818508
3101 0.7042675
3100 0.5696304272303758
3102 0.7363002536157432
3103 1.0098034999999999
3104 0.14286589858482834
3105 0.7225488333333333
3106 1.0171569999999999
3107 0.7175427819448603
3108 0.22032028660051553
3109 0.7121320000000002
3110 0.40000100000000005
3111 0.21271290682939856
3112 0.9300984999999999
3113 0.5323520000000002
3114 0.656922
3115 0.75931425
3116 0.5341378655193421
3118 0.6950969999999999
3117 0.5116970181243159
3119 0.9271526344890955
3120 0.6404370000000001
3121 0.9156869999999999
3122 0.37373886567175707
3123 0.596079
3124 0.7835853632654548
3125 0.4343971885450415
3126 0.37497271604258564
3127 0.40192907124533694
3128 0.716667
3130 0.4758467717822934
3129 0.03431300000000004
3131 0.2529410000000001
3132 0.5490195
3133 0.50196
3134 0.5601371786927738
3135 0.07968225618574479
3136 0.8731557593501027
3137 0.6363161252348668
3138 0.07488606959858408
3140 0.48504325022897965
3141 0.677451
3142 0.641751125
3143 0.39803900000000003
3139 0.587715673904341
3144 0.18790408934555758
3145 0.4144465
3146 0.370630381458439
3149 0.770588
3148 0.3112610104844795
3147 0.22631275451555158
3150 0.48137300000000005
3151 0.16583100000000006
3154 0.39588368536873486
3153 0.84950975
3156 1.0215675
3155 0.6722485
3152 0.4271489256583263
3157 0.4106685000000001
3158 0.5905034003512678
3160 0.4966978664589944
3159 0.5633026545470022
3161 0.42962538083142204
3162 0.31176500000000007
3163 0.1600181694723942
3165 0.6124374928763863
3164 0.5034317500000001
3168 0.32081176348843154
3166 0.800046
3167 0.47899500000000006
3169 0.7582288481377415
3170 0.17451000000000016
3171 0.7544120000000001
3172 0.7994374180609349
3173 0.3343125
3174 1.9113871841308019
3176 0.6952241315353855
3175 0.3419940810731761
3177 0.5467025116755033
3178 0.5337335905956422
3179 0.5908974296531856
3180 0.9333340000000001
3181 0.025490500000000083
3182 0.47904204457153454
3183 0.94108017408129
3184 0.9482702435922328
3185 0.20823323409704037
3186 1.1921575000000002
3187 0.08431450000000007
3188 0.31372500000000003
3189 0.8568887848218817
3191 0.24570550000000002
3192 0.1117645
3190 0.4059195
3195 0.682353
3194 0.359804
3193 0.04776030660031361
3196 0.1990961982502817
3197 0.898165244120189
3198 0.48800899999999997
3199 0.780392
3200 0.2718158276403575
3201 0.990057
3203 2.984501
3202 0.8837800125808215
3204 0.7485400077022646
3205 1.635295
3206 0.8433568591581473
3207 0.618023
3208 0.2810350596363445
3209 0.8391631920017661
3210 0.5773481955089383
3211 0.8033042963069957
3212 0.266030333368267
3213 0.6789781001082443
3215 0.802269610879869
3214 0.2414345
3216 0.2780139673418347
3217 0.441176
3218 0.8436277500000001
3219 0.88970625
3220 0.11939199376933574
3221 0.02107950000000003
3222 0.6276525119085166
3223 0.8579745063411821
3224 0.7231069101249225
3225 0.462078
3226 1.5445583566537697
3227 0.2577921630355311
3228 0.2962715168868779
3229 0.860784
3230 0.08921600000000018
3231 0.45980400000000005
3232 0.044284119706510694
3234 0.793137
3233 0.5647055000000001
3236 0.44561694117647055
3235 0.28915536111204865
3237 0.656864
3238 0.6893505
3239 0.917648
3240 0.8117639999999999
3241 0.8644630485479066
3242 0.2044719940660613
3243 0.01099190149966578
3244 3.1755434782620995E-4
3245 0.635797
3246 0.5466690045572817
3247 0.09506345487106338
3249 0.633126202544557
3248 0.44686135707117836
3251 0.8820772499999999
3250 0.5323529999999999
3252 0.08235300000000012
3253 0.73578425
3254 0.7972445000000001
3255 0.7947282530775479
3256 0.5134698749519238
3257 0.2232382007573607
3258 0.051961499999999994
3259 0.7013687784373526
3260 0.19916063409255336
3261 0.5349877160840358
3262 0.4999732874663251
3263 0.8295360057178451
3264 0.3617640000000002
3265 0.1585130379356856
3266 0.7337460286495456
3267 0.21851406748187174
3268 0.27240600000000015
3269 0.6946174851948945
3270 0.4212039567107803
3271 0.919609
3272 0.37074109712600556
3273 0.04423686271926486
3274 0.4941185000000001
3275 0.757823941214111
3276 0.07509635466317
3277 0.42173514920283717
3278 0.3979110360735727
3280 0.5269222232590536
3279 0.4816058493196247
3281 2.207561672490071
3282 0.7598932651267868
3283 0.9423950000000001
3284 0.9727553333333334
3285 0.6499307345662784
3286 0.3124864230833453
3287 0.33700944401042165
3288 3.2107839999999994
3289 0.547059
3290 1.4360266545900766
3291 0.12500050000000007
3292 0.3063499999999999
3293 0.36953873781896635
3294 0.5361619373319303
3295 0.07098486013766969
3296 0.49022900000000025
3297 0.6358481741516893
3298 3.3696079999999995
3299 0.954226
3300 0.7557721315023125
3301 0.233333
3302 0.17826799999999987
3303 0.4767501443871025
3304 0.7508130000000002
3305 0.706016625
3307 0.2585309581407551
3306 0.8129468644981614
3308 0.007121000000000044
3309 0.7683139999999999
3311 0.4186188229355376
3310 0.49718415719250453
3312 0.5870295
3313 0.03234400000000004
3314 0.8922147269050754
3315 2.1732699999999996
3316 2.6327879999999997
3317 0.42980950106066884
3318 1.298032800308978
3319 0.6121855212431953
3320 0.919179
3321 0.546079
3322 1.3659329999999998
3324 0.548528875
3323 0.876969
3326 0.8711253485269652
3325 0.6126859999999998
3327 0.17063875564272246
3328 0.010976000000000097
3329 0.6179623851243925
3330 0.7691175000000001
3331 0.7942290228009752
3332 1.5568128458142205
3333 0.4056832976444742
3334 0.880080985174925
3335 0.5165685
3336 0.5624200771205325
3337 0.23142356870785263
3338 0.6018363220209372
3340 0.26625238554291863
3339 0.09790999999999994
3341 0.284084
3342 0.5123529239998912
3343 0.70665
3344 0.8197012704514977
3345 0.9238493851331526
3346 0.28099300000000005
3348 0.520588
3347 0.2019605
3350 1.9761093984674674
3349 0.19231100000000012
3351 0.7764710000000001
3352 0.7779105000000001
3353 0.5551937597201375
3354 0.2523784571766074
3355 0.4730136616708584
3356 0.5932435
3357 0.035848097725008396
3358 0.769536
3359 0.7711300000000001
3360 0.05039485045250314
3361 0.5098639999999999
3362 0.09877520246402449
3363 0.17306220472554806
3364 0.7173204525744976
3365 1.67785775
3366 0.45098000000000016
3367 0.18502714645110308
3368 0.10767150000000014
3369 0.02476849999999997
3370 0.11739051156285307
3371 0.8666134999999999
3372 0.44959026873135355
3373 1.0151645
3374 0.07647050000000011
3375 0.7611162985761458
3376 1.12843
3377 0.5118281280898873
3378 0.84371
3379 0.3668718907415984
3380 0.88382375
3381 0.0898031571821789
3382 0.07301100000000016
3383 0.38333400000000006
3384 0.6166670000000001
3385 1.043111
3386 0.698039
3387 0.5160959756773933
3388 0.44247058801136574
3389 0.29193373530169087
3390 0.5303205
3391 0.43334490485420213
3392 0.04803899999999994
3393 0.43634853971369053
3394 0.1162747500000001
3395 1.036275
3396 0.739403375
3397 0.5818786906325892
3398 0.491177
3399 0.937621
3400 0.3193907492556707
3401 0.6972771983014417
3402 0.8585396522879889
3403 0.4956655268331345
3404 0.45019846708938194
3405 0.5945904600800636
3406 0.8429625189263448
3407 0.6294120000000001
3408 0.637149
3409 0.6907173460934642
3410 0.519710719487718
3411 0.14852975000000002
3412 0.5428875347346165
3413 0.2774509999999999
3414 0.9313724999999999
3415 1.0625944999999997
3416 0.8689665
3417 0.10098000000000007
3418 0.36084896094791
3419 0.5597989999999999
3420 1.046046
3421 0.8218673607355793
3422 0.30679136974421156
3423 0.7897055
3424 0.659228
3425 0.2082409999999999
3426 1.3790629999999997
3427 0.7023268533738141
3428 0.6980385000000002
3429 0.2721409821850459
3430 0.8623366970279589
3431 0.4873634306708996
3432 1.0794119999999998
3433 0.42817372297138284
3434 1.1553120000000001
3435 0.1606050000000001
3436 0.890271
3437 0.6855095
3438 0.6136565009661983
3439 0.71461925
3441 0.7655121561739067
3440 0.5764705
3442 0.2607839999999999
3443 0.864706
3444 0.5030496093429528
3445 0.47620709698115815
3446 0.4232216958829373
3447 0.6152502613623176
3448 0.23514233190042602
3449 0.9349574753830887
3450 0.140196
3451 0.6241545
3452 0.38255605232427786
3453 0.31764799999999993
3454 0.8090778879436125
3455 0.5754900000000001
3456 0.761765
3457 1.103921
3458 0.5000000000000002
3459 0.08782670887951238
3460 0.855882
3461 0.6332410326850348
3462 0.8137255000000001
3463 0.2068620000000001
3464 0.08530261444664222
3465 0.8643317148508016
3466 0.8967430000000001
3467 0.5570905000000002
3468 0.7355030969679137
3469 0.4270287632337192
3470 0.563628
3471 0.4747545
3472 0.9017595
3473 0.23526700000000011
3474 0.7984308395731589
3475 1.022737
3476 0.04561360420674632
3477 0.66492829635676
3478 0.6965058779337554
3479 0.7749837499999999
3480 0.553046829783399
3481 0.6304505127619981
3482 0.7868393816384579
3483 0.435294
3484 0.681373
3485 0.962051
3486 0.06128
3487 0.7083295000000001
3488 0.5913231000191795
3489 1.8210477812316845
3490 0.822549
3491 0.363726
3492 0.09612015793248398
3493 0.365128914468182
3494 1.17745
3495 0.3245516373053068
3496 0.29030100000000014
3497 1.5491089999999998
3498 0.4526528252740323
3499 0.7773955360042555
3500 0.8031596845664726
3501 1.318627
3502 1.029131
3503 0.9213951368714544
3505 0.5093281870949771
3504 1.1745085000000002
3506 0.8593142500000002
3507 0.36163962334482624
3508 1.6666670000000001
3509 0.794117
3510 0.4130815000000001
3511 0.6504165
3512 0.681994
3514 0.5834684156990162
3513 0.6237184293166644
3515 0.06763487517033494
3516 0.1323525
3517 0.5814640000000002
3518 0.5724695
3519 0.022549000000000152
3520 0.538107
3521 0.17096938990753974
3522 1.1183243074606117
3523 0.6980375000000001
3524 0.5761333559989944
3525 0.015689308438409322
3526 0.1687697476651684
3527 0.4303920000000001
3528 0.5661058884651777
3529 0.4635343073290905
3530 0.8881800929162877
3531 0.03355850000000005
3532 0.6869155
3533 0.812635
3534 0.6465672500000001
3535 0.8168234999999999
3536 0.11686946810899035
3537 0.8784305000000001
3538 0.18340317904932985
3539 0.23201282178971505
3540 0.04416104296937673
3541 0.05670707808675224
3542 0.5048489312812261
3543 0.3697520208205758
3544 0.5495221520948451
3545 0.3293907541497884
3546 0.30365768655635395
3547 0.227941052099643
3548 0.19068337913968514
3549 0.24434789269462143
3550 1.256070421073696
3551 1.232353
3552 0.18262299999999998
3553 1.4435200000000001
3554 0.540824
3555 1.2690795000000004
3556 0.8693516333728256
3557 0.42646693236679944
3559 0.77598
3558 0.2405322996292627
3560 0.34852974999999997
3561 0.08894884199944175
3562 0.8728750397078946
3563 0.4101900937471781
3564 1.145706
3565 0.36897224679670426
3566 2.1008940000000003
3567 0.029028000000000054
3568 0.7522139480777252
3569 0.16852662002209126
3570 0.3840920510274992
3571 0.24043884763854373
3572 1.288088567578826
3573 0.84581
3574 0.0727624850662372
3575 0.09411850000000022
3576 0.744743
3577 0.579411
3578 0.4568320000000001
3579 0.462531
3580 0.6615926618090893
3581 0.04020413203784878
3582 0.27991803513565405
3583 0.72353
3584 0.10788367945733526
3585 0.068627
3586 0.019390658058623722
3587 0.38795630191062835
3588 0.5192184999999998
3589 0.6977585000000001
3591 0.3822342855922558
3590 1.9382350000000004
3592 0.08369365866464906
3593 0.4324340859907598
3594 0.3979843546482096
3595 0.589215
3596 0.8752911342340359
3597 0.5170552408998392
3598 0.462745
3599 0.24920342296571735
3600 0.9489009311279439
3601 0.03917635692503896
3602 0.06813700000000011
3604 1.9857031488965238
3603 0.8040173941020132
3605 0.0300340753966557
3606 0.11003364705381857
3608 0.8362750000000001
3607 0.3862875253121573
3609 0.80196
3610 0.6221965
3612 0.23776075
3611 0.7931380000000001
3613 0.28263098378883966
3614 0.8558830000000001
3615 0.7789634999999999
3616 0.279852
3617 0.5780190162947454
3618 2.0225479999999996
3619 0.68774525
3620 0.7736860000000001
3621 0.039289392124069566
3622 0.4996355
3623 0.9970589999999999
3624 0.4861846006610503
3625 0.35996958000434254
3626 0.535784
3627 0.7557298486690717
3628 0.597766
3630 0.831372
3629 0.6928313838613918
3631 0.11558200000000007
3632 0.510784
3633 0.47028813482344545
3634 0.65777175
3635 0.1615730896823367
3636 0.9186274999999999
3637 0.15774879605662773
3638 0.5473099283556639
3639 0.05079100000000003
3640 0.2444391874805214
3641 0.7118845
3642 0.09313799999999994
3643 1.483332
3644 0.8846765000000001
3645 0.46861774075107493
3646 0.491177
3647 0.20812119574455842
3648 0.624217
3649 1.789216
3650 0.809804
3651 0.7538630000000002
3652 0.6796153715042765
3653 0.72262868761935
3654 0.1521526248236777
3655 0.9813729999999998
3656 1.8573535
3657 0.22647000000000017
3658 0.4560262500000001
3659 0.6874751313370318
3660 0.5466545
3661 0.9166335
3662 0.4372545000000001
3663 0.7491855054682317
3664 0.6025124595687726
3665 0.7303855
3666 0.915599
3667 0.3845658185783212
3668 0.701311588697362
3669 0.8352625
3670 1.0106935000000001
3671 0.4160367500000002
3672 0.022914776151453622
3673 0.09422249817364814
3674 0.7624558514560422
3675 0.03772000000000009
3677 0.8908625770004663
3676 0.3558295
3678 0.39772450000000004
3679 0.8541686169244569
3680 0.26260799999999995
3681 0.08603687500000001
3682 0.6960780000000002
3683 0.16760804973505902
3684 0.5062462334373441
3685 0.08718200000000009
3686 0.4554308794533162
3687 0.43258940164235626
3688 0.6218545580988522
3689 0.03382375000000004
3690 0.39902000000000004
3691 0.5452424926922373
3692 0.5396227654339408
3693 0.726471
3694 0.6512415
3695 0.31785767124937725
3696 0.3758532676259927
3697 0.24019600000000008
3698 0.3578150035293719
3699 0.7588451016136428
3700 0.7743082841545578
3701 0.5144345220260431
3702 0.529412
3703 0.5758784339863002
3704 0.33085485399744163
3705 0.6009800000000001
3706 0.6854245000000001
3707 0.5580610609053063
3708 0.8828928815865684
3709 0.29630218505026207
3710 0.9127445
3711 0.08799309796902532
3712 0.020098250000000095
3713 0.55085625
3714 0.8746668563831486
3715 1.004901
3716 0.34949261760489786
3717 0.43822950000000005
3718 0.9208829399859857
3719 0.05088300000000001
3720 0.8563201452817171
3721 0.5960780000000001
3722 0.474132092618058
3723 0.42388876684660143
3724 0.7133996767973924
3725 1.4706614175328603
3726 0.8421719452881037
3727 0.41447600000000007
3728 0.2799483087954424
3729 0.5984221218099572
3730 0.8678827190496745
3731 2.7588225
3732 1.106863
3733 0.6328228004901197
3734 0.3768514256980058
3735 0.06666649999999996
3736 0.8681745000000001
3737 0.03982163887461021
3738 0.7992305000000001
3739 0.294624881687961
3740 1.485294
3741 0.4355615496532065
3742 0.6793521157840494
3743 2.7264720000000002
3744 0.6756081608495348
3745 0.3347054999999999
374