1 0.03726041114230021
2 0.031965204284263506
3 0.12817415840519164
4 0.4291325438783827
5 0.48006190462220844
6 0.28315781857918504
7 0.30911247842060996
8 0.3381471141803629
9 0.6753364594948208
10 0.3084738353905511
11 0.2871571299888727
12 0.5662906596179303
13 0.30049699924981244
14 0.4775267774948094
15 0.1066441794141581
16 0.32896842256387304
17 0.3644316198183428
18 0.8061458943159566
19 0.1756896657062532
20 0.7340309937671201
21 0.18076397346890105
22 0.030395381786953325
23 0.05948040671076552
24 0.5598372301628353
25 0.25775977292968333
27 0.019834931758527415
26 0.2687427830924805
28 0.23617542179765452
29 0.7201911141402314
30 0.0814975578261011
31 0.7854214722527082
32 0.5385270630205541
33 0.9818566639461919
34 0.34196353857487183
35 0.09225204734228903
36 0.006384479752231802
37 0.2637665455995414
38 0.4289267523743891
39 0.5702919930750103
40 0.6532972203857423
41 0.32377082588711853
42 0.4902315716199452
43 0.5562883725611455
44 0.026797715887486008
45 0.011849412132717783
46 0.20936357442082537
47 0.7192519518671767
48 0.5545372103465483
49 0.03611484773404788
50 0.08769628656955282
51 0.18430069476657912
52 0.4127132037660258
53 0.029980737406926226
54 0.20931982211853906
55 0.1345805712393813
56 0.47388434560555315
57 0.1195887705219737
58 0.3651514074546645
59 0.3674752294760587
60 0.9339482263690125
61 0.18848248075528395
62 0.8338823236206997
63 0.2643984241069733
64 0.4951299539201951
65 0.9788090754566802
66 0.150641177576357
67 0.7136706183804941
68 0.5536937125899687
69 0.2993921092540549
70 0.031371999999999955
71 0.3887661330268186
73 0.16298538183935596
72 0.3648443520702459
74 0.9513651822725419
75 0.0318494117749489
76 0.05330326248415083
77 0.9851329907574974
78 0.009044121351323214
79 0.42654129257022605
80 0.16689776432101924
81 0.04953658009542888
82 0.9999901693938719
83 0.3523273253344276
84 0.992454742019886
86 0.003703861707214776
85 0.9896300955880984
87 0.6339596761494712
88 0.9878310798217782
89 0.5320706956714804
90 0.9217249799246826
91 0.24713291317293778
92 0.37812450065102254
93 0.3987874045375795
94 0.17533127020575873
95 0.9918297221041933
98 0.41272570335473063
96 0.08835413014742673
97 0.9569673691468262
99 0.07854055710562403
100 0.8903807602838876
101 0.21768296310893956
102 0.25535547643643
104 0.7637023971776123
103 0.2268390053170422
105 0.36600178173148207
106 0.6949467509756809
107 0.5355834827614118
108 0.15777524224999728
109 0.14282008275383196
110 0.07043786123024595
111 0.5691340742658524
112 0.07906851778917866
113 0.9638950678450199
114 0.3452175360254528
115 0.1754156046808567
116 0.21894671494890175
117 0.2618073006025067
118 0.027625333845768086
119 0.29418185736438474
120 0.3701117071339023
121 0.47939619150980006
122 0.25711107565739916
123 0.1001741806161665
124 0.07264783867467851
125 0.48915125364805445
126 0.24440204075635016
127 0.2655977885817608
128 0.08658995349126818
129 0.5892289139877763
130 0.5838991484144752
131 0.2880288877744388
132 0.3645568335500631
133 0.04313870255105919
134 0.10676665459348281
135 0.027577466979599893
136 0.03802083333333335
138 0.023984998528023386
137 0.06910499157256202
139 0.4250125682169432
140 0.6351079224690848
141 0.06665185154320348
142 0.6948531967323315
143 0.19691223777232525
144 0.26193440305472915
145 0.14705034064755051
146 0.15801735914679899
147 0.16002192965061077
148 0.17189096355571312
151 0.2548793412204703
150 0.17580676605080084
149 0.04551357932159898
152 0.18100225406646367
153 0.6180836301803966
154 0.9193911878622445
156 0.6148465708171758
155 0.6240890577537014
157 0.8809766735421324
158 0.7384019054411696
159 0.25864960528476905
160 0.6280221342229731
161 0.9663354409476964
162 0.4443982200253937
163 0.5204302844475475
164 0.31782134188444555
165 0.4544225297779348
166 0.30148705141579557
167 0.12054177262858633
168 0.18726798141442408
169 0.04764393329228517
170 0.09650633115951075
171 0.7365179617754161
172 0.08347331505254711
173 0.02990946802682514
174 0.897426543504299
175 0.3104439040441737
176 0.8345051357568304
177 0.6416096292488498
178 0.3243481247068925
180 0.09415544901117122
179 0.09212329562611785
181 0.4526609362262047
182 0.0025679946213295053
183 0.04946999650388718
185 0.05175037769600795
184 0.15760203741379894
186 0.17564803299339712
187 0.028202583282522287
188 0.08700726632044087
189 0.4401448949550375
190 0.11443583178139607
191 0.16104804366636616
192 0.289795771095431
193 0.49650327774561326
194 0.45016264624029284
195 0.44796273915176454
196 0.3674919780185032
197 0.5692665199401774
198 0.11329927416190641
199 0.13018519133684855
200 0.0972913626482096
201 0.10295601174928136
202 0.11272513161918422
203 0.44393575723683165
204 0.166294961852446
205 0.09198409614822314
207 0.24250394274589698
206 0.125443211521318
208 0.20164136428175894
209 0.1409545001874067
210 0.11421282015768582
211 0.14490845795040536
212 0.25067031294734554
213 0.24878678171758117
214 0.3330455524921664
215 0.019161644261059388
216 0.43131232128492025
217 0.25425375183238447
218 0.18745242768711576
219 0.38432160468624993
220 0.3398878811489561
221 0.13105027077877554
222 0.23883778308947184
223 0.02551061598813995
224 0.13954513748393027
225 0.029726591925869086
226 0.214765127649601
227 0.5875184308165423
229 0.37247892176387504
228 0.010093478183869409
230 0.3013926222238252
231 0.21952689816343032
232 0.3291135319073076
233 0.6398602399403459
234 0.41063086642787905
235 0.3344499783696243
236 0.10889882040469112
237 0.057535784601988216
238 0.5048559162992856
239 0.20765105269963832
240 0.3509857533458052
241 0.22275852653213565
242 0.4271867176489478
243 0.9069897811226211
244 0.45367432182628886
245 0.9382710996798334
246 0.24745529028445348
247 0.39739056831364844
248 0.9449369433564175
249 0.42050460060051914
250 0.23573832311006535
251 0.3826668408654664
252 0.7997274546762715
253 1.0462635313636267E-4
254 0.35246663846039494
255 0.5489669927839984
256 0.08746138106116261
257 0.7998555406903833
258 0.13891412848083218
259 0.24523643930405553
260 0.36021572335030005
261 0.04634211418880721
262 0.2627219062780253
263 0.025974685444682632
264 0.06361294109973256
265 0.346599534995048
266 0.48237799937971215
267 0.08247815208240655
268 0.12272140392063892
269 0.5801113390528863
270 0.056008277494122315
271 0.6427577728144147
272 0.1280513842955127
273 0.8245916614826201
274 0.49624101317856556
275 0.4377348266589658
276 0.25714364081610264
277 0.017656421635919767
278 0.20477681056826935
279 0.26260132366411165
280 0.6142583700178714
281 0.44071069912759003
283 0.542959591256762
284 0.8308210562753281
282 0.18058821563307967
285 0.7004457494782057
287 0.006048098145440997
286 0.3984961213689798
289 0.17777805481479633
288 0.8550238356108449
290 0.08141627684082546
291 0.05984945109531322
292 0.050961050364056536
293 0.0011466229891329153
294 0.0023676402245472526
295 0.30983233608014493
296 0.5199723634338627
297 0.4666160942714405
298 0.5386176904022356
299 0.11991914896056646
300 0.1801422918652691
301 0.35930452421583164
302 0.284294411105773
303 0.3555962721948604
305 0.25454548826444323
304 0.28742407966991596
307 0.4113142483970301
306 0.2697950709895403
308 0.3965242521035191
309 0.24026796062608471
310 0.4050418842737474
311 0.3508143744012841
312 0.5914325375165398
313 0.14320951136473525
315 0.6947698204305954
314 0.5328194737152582
316 0.17500670594269427
317 0.010561359620006677
319 0.30251410614208424
318 0.7093023572097432
320 0.608884845526881
321 0.44158474981881696
322 0.04260370594178246
323 0.14785502511042545
324 0.24606829496816615
326 0.41434976672159596
327 0.6706506969939328
328 0.8736922070016896
329 0.3830957624642132
330 0.3517184771500076
325 0.10741365440410378
331 0.12992155232823135
332 0.16030047078821338
333 0.10224440646907561
334 0.46023505718653207
335 0.3069851182494169
336 0.28841438342839404
337 0.007936706034257715
338 0.007368226488065918
339 0.31631243789524865
340 0.9287319948926684
341 0.00155662370223648
342 0.20047853636965005
343 0.34794887472521013
344 0.763324320710943
345 0.0952637925672192
346 0.07524174187376927
347 0.10727250978504879
348 0.7804377571770319
349 0.2408373608181357
350 0.3863080220993309
351 0.04528321858325752
352 0.6705456358252453
356 0.18884128156721117
355 0.0890256167949881
354 0.3340645441319534
357 0.2419263300624842
353 0.039321102718467685
358 0.3690289411802031
359 0.6122223782494806
360 0.3220866053729818
361 0.19466269341671616
362 0.5454495388127192
363 0.8554803208062314
364 0.30334452575050785
365 0.22649552010044394
366 0.08972530854630077
367 0.9528867513751199
368 0.2897573870796016
369 0.44008509398487544
370 0.07917287897223961
371 0.20580458246595174
372 0.004518941235235501
373 0.29659008236438206
375 0.6997159484843173
374 0.20366560977457054
376 0.1442865010650949
377 0.021933640261202477
378 0.7867639485424998
379 0.15853042666850675
380 0.08943404016824194
381 0.2706500294398411
383 0.4317933281639155
382 0.37870650567208386
384 0.2554496775083573
385 0.11231732994456618
386 0.004866094002537549
387 0.0
388 0.3097880936224735
389 0.038994415933262375
390 0.5258417662761318
391 0.08802828704623754
392 0.3169559902818517
393 0.013288805752665198
394 0.1849059239505866
395 0.7236484029640112
397 0.14496165885857276
396 0.19485478489529537
398 0.389648148712146
399 0.15296827416372163
400 0.3815989372315867
401 0.5777545391851867
402 0.3358564743221994
403 0.09946230662506243
404 0.11675639037165295
405 0.0065572591776964
406 0.3995176032233548
408 0.5861523006914516
407 0.7497805636181356
409 0.057401093893093204
410 0.6451678926498262
411 0.6843693617960309
412 0.15803559078106227
413 0.25672816601608967
414 0.13851973095472878
415 0.09717245943871687
416 0.23918513903945296
417 0.4335836609065477
418 0.35181497314828863
419 0.06650286372512255
420 0.2835555120355486
421 0.09265530061662175
422 0.38538440712884886
424 0.8345665103716987
423 0.405959349006228
426 0.16754266691560213
425 0.9232149613770645
427 0.5053093943919519
428 0.8226237590682958
429 0.6556289768245522
430 0.004298726033716119
431 0.1996657360792924
432 0.4165896216734996
433 0.13297945419744492
434 0.9952446883823881
435 0.07007956739295586
436 0.12108188964162798
437 0.48828751032620865
439 0.46474459591443135
438 0.3258220631993054
440 0.2780977730484779
441 0.5271394906664194
442 0.5828717204468756
443 0.16352246647710045
444 0.7497648919103054
445 0.48904946003753463
446 0.7797556822996885
447 0.4023828438617396
448 0.48756210069065614
450 0.044325543020985674
449 0.42509281302203933
451 0.9987087081233671
453 0.05857628540941436
452 0.6996534692506149
454 0.09164717546202698
455 0.9502912369125555
456 0.34270633251082067
457 0.30241598046956125
458 0.38805882786866647
459 0.5605483678733032
460 0.47128439843916103
461 0.7977698321310256
462 0.2151186881800773
463 0.7608797800122187
464 0.1292626092150646
465 0.07323856423454626
466 0.6634946319487371
467 0.12386781091019662
468 0.235892342890078
469 0.5023242905457156
470 0.17138083774413362
472 0.3518335245624055
471 0.35679366981706806
473 0.9776340809478418
474 0.4980717582543414
475 0.3706600511128754
476 0.426162304870286
477 0.146511689967532
478 0.10544375715548648
479 0.03016846370511841
480 0.5837586587136451
481 0.08982998133422072
482 0.030295246176159394
483 0.30092388161610867
484 0.6550062194883022
486 0.10489706554349622
485 0.023569238898348856
487 0.09602667603706211
488 0.13498102440279516
489 0.5407230504164849
490 0.3205741560076803
491 0.29079654787038395
492 0.3020700461447522
493 0.5536005253823556
494 0.10503265059924992
496 0.6119387508654583
495 0.16741691336929104
497 0.7480658864174919
498 0.02094444118816698
499 0.07345066164534399
500 0.3056893882363476
501 0.684151363791308
502 0.5218144253059391
503 0.049996618235943195
504 0.43838991983691394
505 0.01953459218658928
506 0.2545277702063401
507 0.09922875632296749
508 0.6195952012376953
509 0.14860992937833284
510 0.029299666146058948
511 0.35999971879376585
512 0.5290411942589937
513 0.9749139738912647
514 0.09116190036756565
515 0.03985791577323349
516 0.26808923924446326
517 0.6545389571945417
518 0.33331496601638083
519 0.7436645776943781
520 0.04187277308610667
521 0.3833430282257146
522 0.47995401235217006
523 0.26498939145895073
524 0.21073350430836285
525 0.446808449071981
526 0.18048824695664792
527 0.19537100472078306
528 0.35525906859461925
529 0.4245193910193975
530 0.4545067250369328
531 0.07954544356922423
532 0.015629545306692205
533 0.5735904353935831
534 0.4049795615855272
535 0.07989485490539497
536 0.007814643027991109
537 0.30031777536132437
538 0.10334370298680642
539 0.261669017262973
540 0.23270063737865743
541 0.632679134929851
542 0.48433785013806985
543 0.14912063023087802
544 0.4675782519618093
545 0.6724559476383075
547 0.09665081294192804
546 0.6626765917591877
548 0.891621051906873
549 0.15048150984451822
550 0.3791448212519891
551 0.3649996245294786
552 0.9734658387334697
553 0.5403476229397883
554 0.940652519251554
555 0.27256537128014807
556 0.5817435845250908
557 0.6041632998963481
558 0.952191853868193
559 0.722980413814215
560 0.09345865665096949
561 0.036072238629570916
562 0.005626489141596861
563 0.3643605657972066
564 0.0881499898769831
565 0.8106488036840963
566 0.068953938438651
567 0.06502788911623737
568 3.09442823890584E-4
569 0.136395695970587
570 0.007158486118681755
571 0.14537286585732684
573 0.7314246439339059
572 0.36580249354426697
574 0.2227582876202336
575 0.32133094994354067
576 0.27288148026814946
577 0.5137805753188249
578 0.14374013697744698
579 0.3971333437391211
580 0.2865216291217499
581 0.4674936114404195
582 0.8802688083939576
583 0.5035349585978948
584 0.6508224951533889
585 0.30797068978420167
586 0.62103510297475
587 0.41244728353554055
588 0.0701989372116681
589 0.591458644096867
591 0.1391464255700273
590 0.715440934086917
592 0.22516733340947848
593 0.611593900105055
594 0.11260505116731115
595 0.06141444469200725
597 0.043076947218931204
598 0.4639489310566952
599 0.06908775470637182
596 0.740252659802852
600 0.024331371865308177
601 0.031118756161077975
602 0.2720299825310331
603 0.8193339287374064
604 0.34296052809234245
605 0.3241017246204114
606 0.34331340708762037
607 0.016339999999999962
608 0.7178985140026942
609 0.2546422524960583
610 0.26475224980108336
611 0.03989065399668561
615 0.10262876707607112
613 0.4848271624971082
614 0.20081788134366726
612 0.5007108336550237
616 0.07187754866431506
618 0.37860701600655294
617 0.84728484271559
619 0.6633512944555614
620 0.06351861952414738
621 0.23093926420610508
622 0.20557858772904128
623 0.08098580799945404
626 0.23771909873785088
625 0.34395082908296226
627 0.04088226114906684
624 0.09921307399096298
628 0.6817331508734632
630 0.02375721355511885
629 0.5607413652397015
631 0.6691966531617658
632 0.1632654548103894
633 0.4736840656296437
634 0.32701673557887523
635 0.45526227576612194
637 0.0881715698617894
636 0.6226992787576445
638 0.2114451982206799
639 0.14916493598375055
640 0.2236825562944061
641 0.029293770916235175
642 0.7276786249105073
643 0.08340504887261145
644 0.8133335143096232
645 0.19244864671808373
646 0.1477942537397268
647 0.47303495139459717
648 0.2851317055241264
649 0.4527736038144769
650 0.1299633985589126
651 0.29745624359220146
652 0.267891057608164
653 0.6534522076648941
654 0.15302655886383354
655 0.23587240982432572
656 0.37292872443348096
657 0.49515712084287605
659 0.4874591082057219
660 0.34144886605719016
658 0.4609704320747306
661 0.3230031857635058
662 0.10000081600013057
664 0.9617231652204469
663 0.06646798821891246
665 0.31554303117457855
666 0.9205242035078173
667 0.3970067638858648
670 0.48371034530350304
669 0.15243374260210726
671 0.4152796396086726
668 0.09871482504420256
672 0.45590818795085025
673 0.047755418816076346
674 0.37755064868831223
676 0.038801803834947406
675 0.0889235069504377
677 0.10876175523231581
678 0.20659886601433483
679 0.48391982533822775
680 0.9319898302698436
681 0.7435901267963649
683 0.377856162088576
682 0.33662181478143904
684 0.7693955706443839
685 0.04693957206196431
686 0.6416413865593433
687 0.4655518736890785
688 0.2083431934616065
689 0.007912616565418277
690 0.4141230331208635
691 0.39969869691194015
692 0.03805001650497867
693 0.7376129102233496
694 0.037197809461517295
696 0.5716200348148007
695 0.13767007052960964
697 0.17666090555293995
698 0.4411645877228975
699 0.018006653192343465
700 0.020643710797063414
701 0.013114529319994163
702 0.035935723571162696
703 0.27656462130421855
704 0.024118516794294637
705 0.3445520177497439
706 0.3951862315073537
707 0.9801167247602065
708 0.026165312159644023
709 0.06837609528332239
710 0.8276578640280458
711 1.4422345472999063E-4
712 0.1337360399494153
713 0.3636805334908432
714 0.36844644085138784
715 0.5441396842476699
716 0.052525956826618744
717 0.094545687206692
718 0.15815201154213407
719 0.9543749163977353
720 0.22824161038381377
721 0.1312140081048141
722 0.07843907939192543
723 0.09456741478844667
724 0.15187408931097335
725 0.06459608795186866
726 0.48004732908664616
727 0.287542201798749
728 0.02475544016700512
729 0.27112526307127394
730 0.2836374198012691
731 0.7494549506274758
732 0.10061525452892708
733 0.05365208388717997
734 0.3046163561466298
735 0.5368910928698012
736 0.14746527532961998
737 0.3361017881547447
738 0.8801618856191766
739 0.08144994341388781
740 0.026859767941466245
742 0.9650190020218993
741 0.07031836822143298
743 0.4656088738803559
744 0.9559425500440051
745 0.4233012405173401
746 0.6282173387337903
747 0.8553361921650444
748 0.05986187335764805
749 0.40202530085773636
750 0.16081856519949653
751 0.07780099919927921
752 0.0959815208000737
753 0.036038555180064775
754 0.2210893595849162
755 0.06189574359157936
756 0.7560594515932177
757 0.11452488101190801
758 0.9501778139349131
760 0.004889917094278525
759 0.9038430347786157
761 0.40829273233169716
762 0.882558662185272
764 0.5174019504869813
763 0.4237758001136403
765 0.30992565811153183
766 0.5312341121149439
767 0.494754078251889
768 0.046650208756909416
769 0.16440013748518018
770 0.07337002654633624
771 0.006062022014836714
772 0.005253610573970608
773 0.8343181273343704
774 0.11929795364726069
775 0.2587242231357064
777 0.08966176869951296
776 0.22127406111389394
778 0.16854678279944155
779 0.6684951151314286
780 0.1848104473206616
781 0.47636740256729065
782 0.3866886951609597
783 0.0705071033979026
784 0.17442530495719288
785 0.3544449050904675
787 0.9937661326657086
788 0.8489460666436582
786 0.0406282021203426
789 0.6755388405786583
790 0.34748992553808405
791 0.16628327975861026
792 0.4081497955185436
793 0.0787064396117952
794 0.28424839053118395
795 0.2805380347523
796 0.371599863605315
797 0.024051882248092182
798 0.29447821278574604
799 0.5638283499963799
800 0.8939750523038938
801 0.31804101551153197
802 0.13652704397964255
803 0.41350230037916447
804 0.26927131441041263
805 0.011045839032876828
806 0.06649517467061962
807 0.8674193559450534
808 0.40153489646151
809 0.790952581562771
810 0.5973888614100936
811 0.20057266072610083
812 0.10717443059862644
813 0.670063539590661
814 0.6143239321188382
815 0.20871240134358762
816 0.12958724864353732
817 0.4748529600839873
818 0.07688768257925115
819 0.19042177611305827
820 7.324672908786303E-4
821 0.0620914213829258
822 0.5237041552557117
823 0.4173495839498303
824 0.6806038974509558
825 0.5289294047554967
827 0.13333521552242003
826 0.2619329655476556
828 0.4371007609539866
830 0.48161122690511826
829 0.1581672702028833
832 0.5230072515936739
831 0.14667919914382857
833 0.18130135969470182
834 0.9960681646545859
835 0.511910164120946
836 0.13698362398998856
837 0.20615911339273807
838 0.3250313852569852
839 0.1103468775750553
840 0.053470121472697155
841 0.7236279808954393
842 0.19932667796908266
843 0.9565959607035192
844 0.7572826503322553
845 0.9669461108820624
846 0.004902500000000046
847 0.023849764565220588
848 0.677781679068482
849 0.172902822185534
850 0.6494804633259464
851 0.7178782409938984
852 0.9592627734956254
853 0.3076921065089067
854 0.1630156075351236
855 0.0732017520963937
856 0.502880152064961
857 0.3947372205184937
858 0.8655501472477346
860 0.9434936934925773
861 0.2502457682215888
859 0.9910320464833334
862 0.32749548087902614
863 0.16855163012521127
864 0.669289294013959
865 0.08370092416159701
867 0.9464044745020225
866 0.3964259364331125
868 0.31760106473137495
869 0.32806030262933583
870 0.10814329457267233
871 0.340401064492112
872 0.3929043659614906
873 0.00828110725573757
874 0.8514850927955204
875 0.33873364714646736
876 0.025625478001251475
877 0.0014108771562174754
878 0.20663840241820058
879 0.9077385224076376
880 0.4745763688594735
881 0.04309009315111351
882 0.35480417479295634
883 0.05062652088609515
884 0.35670905042535545
887 0.3845095062093416
886 0.005828999014888979
885 0.07077468547808047
888 0.1314691105776518
889 0.006976268012422509
890 0.1797993676192586
891 0.4387399616966377
892 0.4180105908234706
893 0.3932090508584961
894 0.48418505169985937
895 0.0
896 0.024649501838526624
897 0.07657635783155833
898 0.054657601341296984
899 0.08231110145282451
900 0.3814388839606825
901 0.06768564133454508
902 0.5387671288678926
903 0.07922514387008554
904 0.22223135736691696
905 0.867637251582015
906 0.24015631040226657
907 0.39244498388685484
908 0.6933901530502821
911 0.4225044644013495
910 0.42967754162753924
909 0.26380725915631237
912 0.1418461030499118
913 0.3436125449635997
914 0.7182333469253698
915 0.5907192775198256
916 0.37906484486569314
917 0.1307961671708061
918 0.4623680181583843
919 0.07353447325244519
920 0.9430948216793218
921 0.07029080356695272
922 0.33712605128584605
923 0.44951111798588517
924 0.33328515467812003
925 0.422254192576101
926 0.4475080558012084
928 0.17494092991658458
927 0.10218457455340099
929 0.33145378587624563
930 0.07377025194838133
931 0.25531934682792384
932 0.31696574157792246
933 0.3165127826036665
934 0.44625417632775277
935 0.2201430290835341
936 0.5980984024445721
937 0.29465426626259356
938 0.3252963254371347
939 0.24208732112600231
940 0.32260589922062083
941 0.6477051807915704
942 0.3089043064945323
943 0.46271548788635386
944 0.27088523190787983
945 0.9142767773593675
946 0.14803832390374225
947 0.0071480209174951456
948 0.21917841270627517
949 0.8422121737930108
950 0.33283005858225395
951 0.5125829412376738
952 0.40418160435724304
953 0.258300605953467
954 0.05945063825667054
955 0.18644466789210454
956 0.24625913402725688
957 0.3662164908328769
958 0.28009311380306867
959 0.07955112200048393
960 0.7273267484472171
961 0.6457416607786309
962 0.19223955252745833
963 0.616197441748706
964 0.3169446741708469
965 0.2560325172760481
966 0.20074892425761554
967 0.7510505781875593
968 0.5628950350668575
969 0.20291213214258
970 0.19530423800479035
971 0.1164764383954337
972 0.08152718155686194
973 0.5117411833905576
974 0.34464025172166796
975 0.3749754239148967
976 0.3871383465737228
977 0.7902198607439332
978 0.10304717473974995
979 0.1551727624851067
980 0.9892618251358677
981 0.7437384699121014
982 0.3802539829092724
983 0.12017474510812529
984 0.26946645898550453
985 7.694962084277021E-4
986 0.0856911479765437
987 0.2544639248842539
988 0.056096649766155506
989 0.08087299317371457
990 0.07319353955921641
991 0.38195836379194303
992 0.6778319992921086
993 0.11836047998447027
994 0.2342340272704578
995 0.9445478063199011
996 0.32533846526094157
997 0.8460425534240281
998 0.3136447951730842
999 0.8347606718785395
1000 0.3764464099036652
1001 0.11969385464509304
1002 0.25243551679346815
1003 0.16406874962895285
1004 0.14078000883532127
1005 0.09635678320646213
1006 0.2411705926678243
1007 0.5774879530934829
1008 0.5749960677477433
1009 0.8959065934306948
1010 0.19212007641758788
1011 0.39900304403327386
1012 0.2601572929911785
1013 0.33560997918148067
1015 0.5425418848020016
1014 0.5521777031498162
1017 0.4112759954715855
1016 0.10506792077955417
1018 0.5242855784307222
1019 0.31611757944306423
1020 0.9979016318549969
1021 0.02333487026685736
1022 0.6926192272031888
1023 0.5216692630543178
1024 0.6301266317070928
1025 0.3815380028403072
1026 0.009824062862111847
1028 0.11271454870754927
1027 0.30453010346050435
1029 0.610167779991241
1030 0.2752292075582932
1032 0.944132477931126
1031 0.44676526040218245
1033 0.9854094989569353
1034 0.07522384991626416
1035 0.24258282801047962
1036 0.6456514238355661
1037 0.3618029923633088
1038 0.2892778859007166
1039 0.9071136874525856
1040 0.5243481614559943
1041 0.35119641779555383
1042 0.3063247885067514
1043 0.21755099228516298
1044 0.4680752240157151
1045 0.5920637304243802
1046 0.2657152848129097
1047 0.33377774815545186
1048 0.0680827426402879
1049 0.20179946754711237
1050 0.20827305006339117
1051 0.03594833333333334
1052 0.021717739509275448
1053 0.4398349277273457
1054 0.07587860132793879
1055 0.3281379389548542
1056 0.029448310139165008
1057 0.5062784371465706
1058 0.014765352576520742
1059 0.03000308457274517
1060 0.06521715028364115
1061 0.8004318660078249
1063 0.016320905686909866
1062 0.7145574160094957
1064 0.296045748427416
1065 0.1137924212247913
1066 0.20838437525940198
1067 0.5417448731551536
1068 0.09788649528224266
1069 0.16811532405370916
1070 0.24569028054394132
1071 0.6644405405737891
1072 0.17433949262190104
1073 0.2671835242317179
1074 0.12178010283605355
1075 0.3809849413436014
1076 0.8524776206149344
1077 0.9638370327183569
1078 0.21338471142135798
1079 0.3981765053906511
1080 0.40270538917897397
1081 0.5964721277572387
1082 0.3459420030664306
1083 0.5143880231561555
1084 0.11806158730814907
1085 0.24832294771300056
1086 0.15361455037021104
1087 0.09028099925133475
1088 0.30554765179425397
1089 0.511056305840534
1090 0.12266367065717478
1091 0.610935778045321
1092 0.04206387803076553
1093 0.06622272116223735
1094 0.4058758241026437
1095 0.6930824996346985
1096 0.23313910279607108
1097 0.37790692502705675
1098 0.1097557183224734
1099 0.7987143977811495
1100 0.07683090119640046
1101 0.16521716162852876
1102 0.015306514082903634
1103 0.5260714639392118
1104 0.30305456914677154
1105 0.3167702638466543
1106 0.033498865217159834
1107 0.19191775747465117
1108 0.18469821873714956
1109 0.13335983362426057
1110 0.11692336662717431
1111 0.47622735412277833
1112 0.42475397630956946
1113 0.05506299580027996
1114 0.7756704118252263
1116 0.22577061904438264
1115 0.14026271312345537
1117 0.34824269265734714
1118 0.028424109879304035
1119 0.33806557592185726
1120 0.25275283928593917
1121 0.037610807938172675
1122 0.5020016169733199
1123 0.1734338997989293
1124 0.061176587764682495
1125 0.1336763925033923
1126 0.07650695402956334
1127 0.07022768080422116
1128 0.10033352200213397
1129 0.09207466987255898
1130 0.025861980529139565
1131 0.9982187050825566
1132 0.07712799506276662
1133 0.028016466829736946
1134 0.35023768446941117
1135 0.026693492221862385
1136 0.008927513904209643
1137 0.736123869869249
1138 0.015822907386605693
1139 0.32149078535205877
1140 0.46770454894344465
1141 0.37662521441220914
1142 0.12212651198786703
1143 0.432086509634846
1144 0.9660367136098325
1145 0.4557980705497692
1147 0.14355351856448997
1146 0.1568605513376873
1148 0.41873097245425756
1149 0.4616980329703968
1150 2.7605324317848246E-4
1152 0.15048828047889745
1151 0.13005181650012068
1153 0.7571359607842985
1154 0.010630852417100713
1155 0.04218801488539185
1156 0.04812031119112517
1157 0.7082736603379964
1158 0.15472761951078656
1159 0.3901923428243339
1160 0.5579809734794454
1161 0.39241817084312025
1162 0.7686491997146878
1163 0.31805182716096286
1164 0.5085419694350752
1165 0.9260415175883477
1166 0.2809910656252875
1167 0.46774618385591843
1168 0.12600582565919208
1169 0.1062681413954405
1170 0.7593574923377341
1171 0.18383941096918482
1172 0.2135141239443204
1173 0.05358772428978207
1174 0.34579170256104724
1175 0.33745127889624243
1176 0.10962606067306897
1177 0.6513639088178854
1178 0.5336499680191528
1179 0.10849968832342102
1181 0.3465010287761837
1180 0.4477914807449931
1182 0.4613617495886081
1183 0.08756070115744745
1184 7.09125537545087E-4
1185 0.3623622370884483
1187 0.8003122831949765
1186 0.3187293458369922
1188 0.028121722861587182
1189 0.04773882869122183
1190 0.9917964619825912
1191 0.9868798920760787
1192 0.18452547184921356
1193 0.0011465806109648253
1194 0.8730259833285948
1195 0.06196035597999071
1196 0.15804695093876292
1197 0.0866874140460074
1198 0.20808866446586088
1199 0.3230518334865118
1200 0.2360653060037788
1201 0.28784550057470887
1202 0.1270329867892153
1203 0.3156424994021874
1204 0.27993858120614484
1205 0.00903625903435903
1206 0.1310145532686727
1207 0.2811842058918455
1208 0.08755270685974724
1209 0.048427350568733325
1210 0.03508030092257059
1211 0.0947364226694621
1212 0.3720979892612846
1213 0.6029040943570654
1214 0.6275347510592557
1215 0.15018180810931547
1216 0.8691478473965374
1217 0.1955304470285219
1218 0.16388917418975535
1219 0.07082232955571885
1220 0.08545610817797293
1221 0.33970964951284144
1222 0.34995549419607985
1223 0.9221894342894228
1224 0.6945371167349383
1225 0.3285085948278433
1226 0.1474280191036644
1227 0.6519223573341134
1228 0.4320846618782775
1229 0.4811870764409815
1230 0.028902685982986592
1231 0.9460869752531025
1232 0.25858978423013557
1233 0.13163047044466628
1234 0.16067047655447236
1235 0.049682829304121955
1236 0.3980135059734353
1237 0.4607509007676106
1238 0.0933094462868559
1240 0.13778621218203713
1239 0.2670041858267165
1241 0.1300878815429468
1242 0.28683782611329717
1243 0.1908939449684787
1244 0.5696205800354694
1245 0.005011392841700253
1246 0.4757376919817702
1247 0.27776205440730267
1248 0.582543051310845
1249 0.06494358211803786
1250 0.014523875399680404
1251 0.12629580986871605
1252 0.132134036704832
1253 0.31627474752166307
1254 0.5044696146517589
1255 0.4431173620738739
1256 0.09348666988847094
1257 2.806877916799013E-4
1258 0.3860635325729511
1259 0.48418235862878767
1260 0.4003053084610092
1261 0.6888394340620017
1262 0.13410042304301895
1263 0.07968976887330038
1264 0.3729326921449916
1266 0.13228327788502459
1265 0.2614857465199957
1267 0.47985655402344424
1268 0.028286306397567556
1269 0.5788671102541978
1270 0.5497455621997862
1271 0.7351485658838671
1272 0.05558028766493534
1275 0.7193354249120248
1273 0.1951950351338627
1274 0.28989225500066207
1276 0.4150553864600155
1277 0.327870949809371
1278 0.6710740054779339
1279 0.019462087572368055
1280 0.15434095974724965
1281 0.15271626330093127
1282 0.1322569655513324
1283 0.6450669746777348
1284 0.0538395354006116
1285 0.045310503165215316
1286 0.2481195960739708
1287 0.39785684230430435
1288 0.3283712992364264
1289 0.301914115664142
1290 0.30880417329019216
1291 0.03638137656138279
1292 0.10289649728721055
1293 0.2535347857774722
1294 0.521092705229764
1295 0.7902739633659708
1296 0.2537768521162234
1297 0.17438829852656354
1299 0.023837763494592185
1298 0.005805777317372885
1301 0.7328598650775772
1303 0.05064843521355112
1302 0.2885767025018364
1300 0.38415256409141535
1304 0.5432881706749042
1305 0.5948552912446191
1306 0.42730347477281777
1308 0.21763898933121129
1307 0.11861337661956949
1310 0.40495164034818937
1311 0.13326795052737397
1309 0.012987953567203963
1313 0.10975461917992657
1312 0.6863931970067595
1314 0.04958007693716414
1315 0.11260896463806416
1316 0.417117774697025
1317 0.10784333333333329
1319 0.2520062313303628
1318 0.6146533781307256
1320 0.5874796835276423
1321 0.41374409714988836
1322 0.2921004350374413
1323 0.7158831240270052
1324 0.1476088700538003
1325 0.16020517422473304
1326 0.5477345917569041
1327 0.22447132025172492
1328 0.36197346730089935
1329 0.06939003565718366
1330 0.4003902020956641
1331 0.31562998649385043
1332 0.11090079604968064
1335 0.08846138406199347
1333 0.07580170158689874
1334 0.39335320034019045
1336 0.08945611678185117
1337 0.3259199683891653
1338 0.29259531159780655
1339 0.3421005268183078
1340 0.03534804657955508
1341 0.08715618866256017
1342 0.15301207460843683
1343 0.41885275273623185
1344 0.07860349049428812
1345 0.0345897969923067
1347 0.03495806335586981
1346 0.5989691979555916
1348 0.005927885466570142
1349 0.026214720856999923
1350 0.3117700535935542
1351 0.19009997892748604
1352 0.29602909023958024
1353 0.06403957158337231
1354 0.46387738584589205
1355 0.48964333574142094
1356 0.09689789885708691
1357 0.331707966330025
1358 0.24067964316861543
1359 0.016737738288040687
1361 0.2610742792758138
1360 0.17979069897479588
1362 0.5443579877100018
1363 0.5775347036335852
1364 0.9000754545970351
1365 0.025786930866639128
1366 0.8012249781441255
1367 0.08414600345641984
1368 0.09116037666736175
1370 0.912528234839698
1369 0.06162428571428568
1371 0.5029662834633171
1372 1.0
1373 0.06480152043278736
1374 0.43607964617061906
1376 0.23818974726421033
1375 0.39416536859697615
1377 0.05949561705606333
1378 0.05641553480861015
1380 0.40009681265238245
1379 0.7958129220014258
1381 0.5219385167751988
1382 0.4917719103363687
1384 0.1333596630697178
1383 0.37218714338929476
1385 0.4862601657225271
1386 0.09337376465193653
1387 0.12484259458152347
1388 0.14732560748917986
1389 0.46164847428501965
1390 0.11368341628993943
1391 0.3253732251587427
1392 0.024579528268834302
1393 0.0020427112349118196
1394 0.34564126374862086
1395 0.32246308316717714
1396 0.5943493654259785
1397 0.8774493655887076
1398 0.9802303171256685
1399 0.31044597737029095
1400 0.429446675128915
1401 0.00537693374937626
1402 0.3877542212554518
1403 0.2403153727677036
1404 0.21411237767830693
1405 0.45439849487322037
1406 0.06624047110935319
1407 0.2249063392129585
1408 0.16499566980701952
1410 0.2007725914047393
1409 0.8240101215077796
1411 0.025572068204079614
1412 0.32860947046268163
1413 0.2606482607221023
1414 0.00924806621237888
1415 0.21392678445699012
1416 0.08181113781565841
1417 0.28830900074155524
1418 0.26237601889524426
1419 0.8022789062515617
1420 0.5823185611343887
1421 0.9278675794472492
1422 0.37796343822671047
1423 0.04424754128780862
1424 0.2571597222484163
1425 0.14831136717260127
1426 0.15586028966245138
1427 0.2085925342037269
1428 0.33398204148138916
1429 0.11904772230322272
1430 0.048926971872558664
1431 0.09569598831015363
1432 0.24208481799649964
1433 0.1973095760020766
1434 0.787886828545864
1435 0.015660525901072204
1436 0.012839013091103172
1437 0.5241002029480979
1439 0.04797115985064577
1438 0.25758790705965984
1441 0.40743781123162015
1440 0.5437265707039511
1442 0.3193351235782684
1443 0.20278043226706638
1444 0.2590680215574021
1445 0.24820336988384928
1446 0.17030066952588815
1447 0.14453351865454445
1448 0.05607614726125335
1449 0.09040578117455085
1450 0.838388203126763
1451 0.5356705779617893
1452 0.3854304277359862
1453 0.7140661975466863
1454 0.595109505441687
1455 0.43813512479272076
1456 0.022097984767229278
1457 0.9324630251129004
1458 0.1635413355426702
1459 0.011671950047196868
1460 0.1484027525465823
1461 0.6730118310247579
1462 0.03489431618689945
1463 0.421783323846291
1464 0.14009557230817435
1466 0.3215239826428384
1465 0.6044132067193946
1467 0.6726439205517144
1468 0.8292856610534348
1469 0.6672018437588473
1470 0.36572191556430406
1471 0.3335852199307252
1472 0.002328149331738046
1473 0.08939144214629692
1474 0.08296912197857961
1475 0.14634159343930198
1477 0.2652468942366896
1478 0.8078089492807238
1476 0.16145193948545197
1479 0.4248616245656224
1480 0.8504497247052089
1482 0.09174092552333013
1481 0.09931620451513458
1483 0.35650909192317376
1484 0.03579579866576945
1485 0.02758739652390354
1486 0.08406881120338561
1487 0.5169926472415037
1488 0.03604521714086326
1489 0.384155306575288
1490 0.2549796101650489
1491 0.25442137789779445
1492 0.3108975583276255
1493 0.22376089750888722
1494 0.45412231426270944
1495 0.4548694318427529
1496 0.6029141663473528
1498 0.06420971963241569
1497 0.02099272860700903
1499 0.5619723846177102
1500 0.05272419154073424
1501 0.0210647417419543
1502 0.3882344995136534
1503 0.4993505159370608
1504 0.4483488921514532
1505 0.030155814596797437
1506 0.8199350927367534
1507 0.06867834315957566
1508 0.7489925487996314
1509 0.039291121194948965
1510 0.0029962955767718134
1512 0.10363205671932195
1511 0.0788779416226822
1513 0.14277444307186238
1515 0.044716214058998234
1514 0.3134782699470091
1516 0.19653140849990644
1517 0.627603381585676
1518 0.0634111927416004
1519 0.09205712265875238
1520 0.2944916002302454
1521 0.3333333333333333
1522 0.21100664221782292
1523 0.3457946051462692
1524 0.21524739568444037
1525 0.4430116380075358
1526 0.20219151804825292
1527 0.05145939187921364
1528 0.3949402983309977
1529 0.5749046493252814
1530 0.05160159787724075
1531 0.44472984730520193
1532 0.5228504506359015
1533 0.07401667517967929
1534 0.7269958337052812
1535 0.055357770531125006
1536 0.9841060501212704
1537 0.17049222542342551
1538 0.6046057292765626
1539 0.10671402807058511
1540 0.1528349641177086
1541 0.0020002203200352414
1542 0.3869559188051073
1543 0.7475767374016626
1544 0.1070876153442582
1545 0.4168752470263154
1546 0.21314202409950186
1547 0.42259270491396106
1548 0.6416401590025038
1549 0.22810686180088874
1550 0.23458842419851644
1551 0.013814006689091468
1552 0.5284044184650946
1553 0.9418995055858188
1554 0.970328778877814
1555 0.02920622749347496
1557 0.9960861710869302
1556 0.22097968422599615
1558 0.877045734000402
1559 0.3247196596930168
1560 0.27114525141478407
1561 0.3180212362004173
1562 0.17513819300449338
1563 0.7093511804123104
1564 0.01707524371747865
1565 0.2156608257099062
1566 0.3656333879888117
1567 0.9478135497784964
1568 0.3478728770621772
1569 0.11139020413765878
1570 0.07470163547959338
1571 0.217301407192528
1572 0.36030380791499567
1573 0.2638779628090781
1574 0.6330986883839856
1575 0.5306840656067524
1576 0.8932734328440038
1577 0.2240076759640759
1578 0.44933877553723217
1579 0.6727277813074951
1580 0.32790215373905096
1581 0.22446776737386495
1582 0.5261025681675051
1583 0.030049660484443075
1584 0.3495861409991686
1585 0.2882223277581972
1586 0.035208938534148464
1587 0.006817773502019713
1588 0.07923533436355198
1589 0.01703290461919331
1590 0.15227979048993
1591 0.033506018772560014
1592 0.4044845769682487
1593 0.3017233151666216
1594 0.014041052271365198
1595 0.10088992704883357
1596 0.05585347697999958
1597 0.9178049131180684
1598 0.10197449012969212
1599 0.0036007729682125764
1600 0.2992425340048334
1601 0.24470200239332912
1602 0.40514493181415673
1603 0.1109147457261537
1604 0.08013306300809009
1605 0.10607877179959899
1606 0.020152389035814705
1607 0.9813676401333807
1608 0.855450146502695
1609 0.009230666060147271
1610 0.4042847243460453
1611 0.13623587806859508
1612 0.702466039428545
1613 0.9671354872789357
1614 0.2541354615193278
1615 0.35174426933786446
1616 0.4254557886484606
1617 0.02538532098003243
1618 0.09018859379549057
1620 0.5009111102484999
1619 0.40716907763254734
1621 0.1439715352318406
1622 0.3626104806089517
1623 0.25286191427151683
1624 0.4373070202671261
1625 0.1986192952282697
1626 0.6807630203729175
1627 0.2059621034456882
1628 0.4131199757023596
1629 0.3823252013392035
1630 0.5517566294141955
1631 0.16172801842328552
1632 0.19983904474355657
1633 0.05957054286526672
1634 0.21281950039061115
1635 0.27015237725206537
1636 0.4910565397994943
1637 0.8097832260690795
1638 0.06394580378923434
1639 0.0539435728002414
1640 0.46162642911905966
1641 0.19801894861554664
1642 0.477614287906351
1644 0.3318247385800713
1643 0.34280426088786803
1645 0.1160868894337099
1646 0.07871636520358824
1647 0.6270226854070748
1648 0.2861580376736103
1649 0.8440957034440772
1650 0.8116158263629379
1652 0.6054613543440125
1651 0.31374603585736255
1653 0.1591838887131065
1654 0.23646777185438547
1655 0.546625938850277
1656 0.6889833462342032
1657 0.4263273226212471
1658 0.3267024688117495
1659 0.17106784857686527
1660 0.3545511822337501
1661 0.2067819731863246
1662 0.5346127929967548
1663 0.44027386280440706
1664 0.3263717723883826
1665 0.20989238145752237
1666 0.08085613193029897
1667 0.25853730708777173
1668 0.10391597129212364
1669 0.1403440021551702
1670 0.09537594832783296
1671 0.0905475731930147
1672 0.6157330037235413
1673 0.23910641912525843
1674 0.011020487006155284
1675 0.09908698661698319
1676 0.28494418340045463
1677 0.13695133170823096
1678 0.40516227852767334
1679 0.3321598769054291
1680 0.2936790723833608
1681 0.35254217655850345
1682 0.3366060402159959
1683 0.1622199295208016
1684 0.1274068869804269
1685 0.17179268383609436
1686 0.08539452318506954
1687 0.25572509053959747
1688 0.2955069426391225
1689 0.8950790058051193
1690 0.8780999328008733
1691 0.164485502891033
1692 0.014363240654631057
1693 0.29540887311714414
1694 0.760205386455137
1695 0.3123183896466271
1696 0.1091546873012329
1697 0.9947084164781153
1699 0.21370730671284388
1700 0.3553551426150776
1698 0.46592866063296284
1701 0.9876529606764742
1702 0.5544413220341018
1703 0.47482563676497147
1704 0.3881755365733648
1705 0.09988772840936674
1706 0.46509821065514256
1707 0.2759998651918463
1708 0.9994265504585658
1709 0.7396697835127202
1710 0.29338822510402846
1711 0.10517732228525446
1712 0.5686384430287157
1713 0.29173190221693635
1714 0.08116290943619696
1716 0.39150945665718834
1715 0.09620356472917733
1717 0.08637808456851617
1718 0.17659978471186824
1719 0.015820511340724878
1720 0.6278490081942997
1721 0.301914115664142
1722 0.43947638927546223
1723 0.4538026927585625
1724 0.045139768795182396
1725 0.05121752276810814
1726 0.6991687546476479
1727 0.9352640760622893
1728 0.4722969111340715
1729 0.7780785697509383
1730 0.017008957379920045
1731 0.045475075451914766
1732 0.049448052555285005
1733 0.24497031134759564
1734 0.28293036093331747
1735 0.04658343529374503
1736 0.18181851031736296
1737 0.0672539715956017
1738 0.031378044544994335
1739 0.4509023427972249
1740 0.2763217353475668
1741 0.7488867102390957
1742 0.3660062864427961
1743 0.22151222201629456
1744 0.20423783401289422
1745 0.8964458082676426
1746 0.3333333333333333
1747 0.3338403714426177
1748 0.20961288300706848
1749 0.4804371210433795
1750 0.04095236955502986
1751 0.5929389578862738
1752 0.30249905802106697
1753 0.5583480542006444
1754 0.3675566025479173
1755 0.5989432553875569
1756 0.28755483932120957
1757 0.5721186623103424
1758 0.8736703236171508
1759 0.1641272513899214
1760 0.1679848752363244
1761 0.45118610915907986
1762 0.017648259289206766
1763 0.34143576853713303
1764 0.13582131129318925
1765 0.46200562212916024
1766 0.5447589009902243
1767 0.2654485986778748
1768 0.2404074263282458
1769 0.14109932489098545
1770 0.471656463836404
1771 0.09067591933048152
1772 0.17744989442787
1773 0.6621001251399216
1774 0.01544878597278854
1775 0.49554976612313206
1776 0.43159093049115044
1777 0.18075122007866687
1778 0.33984205598738904
1779 0.043894772412825765
1780 0.2482672422391899
1781 0.3570528791434279
1782 0.7528710234985775
1784 0.4355655417989958
1783 0.0451385322628058
1785 0.17500008854164825
1786 0.33098218191086926
1787 0.16813659731056835
1788 0.40203146932617223
1789 0.7798058095496858
1790 0.8719769010234806
1791 0.19132372895117083
1792 0.23703052995642232
1793 0.09280777281883171
1794 0.4446682214097389
1795 0.9953483241750748
1796 0.7255711524412679
1797 0.2940212252345161
1798 0.5359111449476143
1799 0.701160389017842
1800 0.9978641828887433
1801 0.945590253977464
1802 0.10904998014105845
1803 0.5421413627196643
1804 0.8643128048345889
1805 0.900367373376291
1806 0.1696402986860831
1807 0.3092530529047702
1808 0.40432609488896243
1809 0.14746152457810013
1810 0.1880873657120443
1811 0.5168290439809136
1812 0.38824995756850483
1813 0.08448242477102122
1814 0.8601630671511574
1815 0.3167538917518891
1816 0.2605587911375568
1817 0.31345368953750646
1818 0.4567585253358945
1819 0.8435779933964781
1820 0.27033251675239217
1821 0.17748013353943287
1822 0.6378567093348939
1823 0.1182733175567098
1824 0.13996678913141236
1826 0.36231165610387567
1825 0.13994672778839462
1827 0.09334187381820293
1828 0.0014580836168216892
1829 0.24153939055895587
1830 0.06902058297990724
1831 0.8636485574828702
1832 0.002163918050541325
1833 0.2063973981738797
1834 0.16166242922631732
1835 0.35595791800927606
1836 0.40405238817663897
1837 0.016982740101981718
1838 0.36892146306274853
1839 0.300812896621305
1840 0.44240303768324973
1842 0.05384919028845828
1841 0.16076973974299721
1844 0.27195436575276044
1843 0.8872957278420095
1845 0.04047956999959651
1846 0.05772942246219008
1847 0.5661161683801905
1848 0.03595157092610646
1849 0.8054015280846634
1850 0.24920701702719922
1851 0.36215997792007454
1852 0.20162334951264527
1853 0.8332900802649585
1854 0.33100105434233834
1855 0.36618676607404765
1856 0.07363668168824944
1857 0.19771915467939788
1858 0.6665034441705835
1859 0.08093517158094081
1860 0.022297483589263253
1861 0.05127037152259574
1862 0.6727352826556782
1863 0.3233202082110242
1864 0.40501790928170395
1865 0.051020869764495116
1866 0.9213119568724777
1867 0.4323504351601736
1868 0.01520965847433975
1869 0.018303726623254617
1870 0.1630776927782835
1871 0.2900676255762405
1872 0.042642091511800116
1873 0.9576072529992241
1874 0.03139085105601305
1875 0.03939366200174582
1876 0.6009505522931144
1877 0.08229717737308942
1878 6.874633728530433E-4
1879 0.2604162836976022
1880 0.2765961411953084
1881 0.13823543088228463
1882 0.16299918744605685
1883 0.15117667630827172
1884 0.4311199126984969
1885 0.33070288356306377
1886 0.7041684673877425
1887 0.47348868527745425
1888 0.7543548692555017
1889 0.2588336431203715
1890 0.05185652514214915
1891 0.47437006788519426
1893 0.546815939826294
1892 0.7208940497179812
1894 0.13679178900445413
1895 0.23410606314497495
1896 0.14257091707535555
1897 0.93931191366534
1898 0.7690704029133604
1899 0.4333966766752974
1900 0.33333333333333337
1901 0.08255111003944123
1902 0.1553738645880413
1903 0.4444555626550481
1904 0.30210947659125276
1905 0.18225343488599982
1906 0.42198446957127794
1907 0.7727273132549134
1908 0.1344542857142857
1909 0.5495645906435462
1910 0.20993594807985613
1911 0.18264374429402336
1912 0.6251258133343651
1913 0.3520171195706015
1914 0.1268240992443956
1915 0.6327228457576212
1916 0.31054401454384045
1917 0.018704887849157515
1918 0.8055509663163619
1919 0.006892392366084262
1920 0.012477096044660628
1921 0.596997085290767
1922 0.25895178118014456
1923 0.20898637812985502
1924 0.4585469774062841
1925 0.15477373482540852
1926 0.4209631326181325
1927 0.5974514652313462
1928 0.15273586141463286
1929 0.4929867947002401
1930 0.7403834943828024
1931 0.8702018058790141
1932 0.1248807345241667
1933 0.16620185249622366
1934 0.20060307692307697
1935 0.916372279677169
1936 0.46439802760786325
1937 0.2135233470932622
1938 0.14002221625357394
1939 0.6396847452996881
1940 0.647235756874194
1942 0.49070353177975096
1941 0.2649117396382759
1943 0.4090025137400384
1944 0.2004067550390412
1945 0.4993536576288386
1946 0.6001629312690809
1947 0.8215098945268092
1948 0.13486849739226042
1949 0.13561508062381625
1950 0.8301923833642897
1951 0.3442958064661539
1952 0.5831797024072262
1953 0.027701058002975176
1954 0.09358135249394124
1955 0.5343082811668165
1956 0.9170476240874001
1957 0.2908621005207765
1960 0.3449898814969969
1959 0.1442999622454418
1958 0.03915355613658777
1961 0.46666366521717917
1962 0.12522246171688547
1963 0.09368107517064508
1964 0.132677400051098
1965 0.4520164136174862
1966 0.5117713936144463
1967 0.26935622642223
1968 0.4757338118988327
1969 0.11312332499948827
1970 0.46722795571059605
1971 0.048416459151768544
1972 0.154205830203428
1973 0.9482571955783936
1974 0.07799146176819306
1975 0.32139580647045346
1976 0.3183857671719677
1977 0.3333333333333333
1978 0.6644211400710851
1979 0.32741741679266384
1980 0.38300340672819916
1981 0.06005627744584207
1982 0.6996624756339161
1983 0.8118974098231011
1985 0.010679320110308437
1984 0.023585109914695177
1986 0.1419103203651626
1988 0.019778805366092483
1987 0.3212396267061295
1989 0.4147661133706463
1990 0.17604284454428568
1991 0.2981746287791905
1992 0.07915560713865204
1993 0.481819018249305
1994 0.1809801171507193
1995 0.18250397990747608
1996 0.033744246495552084
1997 0.0018171621039302396
1998 0.3539140096444508
1999 0.4353361633641188
2000 0.9807863445677685
2002 0.022320238491830808
2001 0.32957610769374934
2003 0.8200788018817032
2004 0.05954070514853172
2005 0.20623496066458955
2006 0.8326435342066915
2007 0.4531852896647313
2008 0.18914778285207345
2009 0.3310870991483817
2010 0.3346487525856468
2011 0.32395436171114456
2012 0.17142585564102353
2013 0.204786674895389
2014 0.6321417857041213
2015 0.024778566856291005
2016 0.45970903885078673
2017 0.8743761871309192
2018 0.07377466373957318
2019 0.38655488241632047
2020 0.06358148884581176
2021 0.020503199963642468
2022 0.3333333333333333
2024 0.14640832979874174
2023 0.48079177737153195
2025 0.44245554370766493
2027 0.07180826172762479
2026 0.09815528136914708
2028 0.011740453543338997
2030 0.6017684623232281
2031 0.43156547165264325
2029 0.058471821358598186
2032 0.09212968026625026
2033 0.19922531068689256
2034 0.16165908354662378
2035 0.13934800596692817
2036 0.30937097163837
2037 0.8898833125780247
2038 0.9924660363077766
2039 0.3843475237504778
2041 0.456738735002265
2042 0.645585707974504
2044 0.4454993881466907
2040 0.5724488643908829
2043 0.15443646125015376
2046 0.40702340265351716
2045 0.8531450382500791
2047 0.11922601635199202
2048 0.22854225374198606
2050 0.7199129917682027
2049 0.5617997610764777
2051 0.3691632078981142
2052 0.22046825802762526
2053 0.3492141846713453
2054 0.2978140382290749
2055 0.40799903341734733
2058 0.1491887356071621
2059 0.11499258295318547
2057 0.9051800427883172
2056 0.2296400031556385
2060 0.2753673026055295
2062 0.4099218993333524
2061 0.3424096793123097
2063 0.07964892923094431
2065 0.5631563770215152
2064 0.16189965057220684
2066 0.09559917274787719
2067 0.12191049206942439
2068 0.11793197790133099
2069 0.3393551540331831
2071 0.1281134595320744
2072 0.03503441310063079
2070 0.09126485876147519
2073 0.6183207533360221
2074 0.362740190858854
2075 0.2402057099103932
2076 0.7961013088596841
2078 0.42261040415980233
2077 0.019120508747108855
2079 0.12555306433663624
2080 0.35430097146624484
2082 0.5264920168744175
2081 0.18529429632357408
2083 0.4717907452235968
2084 0.009541872184033729
2085 0.46504433994805056
2086 0.8528896065763324
2087 0.73403345987463
2088 0.16644882730949204
2089 0.019083148490779647
2090 0.061248113955733464
2091 0.09863345333402024
2092 0.33428286946480334
2093 0.03593708350814786
2094 0.6209994845602362
2095 0.4874356096442961
2097 0.02279234360912805
2096 0.4020484424216474
2098 0.26595704716358376
2099 0.0531155595911037
2100 0.37970998496116115
2101 0.0650686666119406
2102 0.596416824063187
2103 0.061555447060059144
2104 0.4622171697790951
2105 0.826840395684106
2106 0.5412712505805062
2107 0.15406027507501627
2108 0.40841250338605933
2109 0.06851005354455816
2110 0.00557031201378172
2111 0.3144633887478993
2112 0.6359977484183905
2113 0.27741383514361395
2114 0.08088790540897252
2115 0.25849371860409176
2116 0.3312725540743338
2117 0.008803808448160966
2118 0.39168906600915077
2119 0.415052255341601
2120 0.8454787415195545
2121 0.04362835855781838
2122 0.36286960236106525
2123 0.064515854533696
2124 0.5602547777039857
2125 0.06413707337126291
2126 0.369417516264452
2127 0.5751374232982746
2128 0.4062814228742507
2129 0.9899076036404473
2131 0.3538471639235699
2130 0.16292128956712398
2132 0.16906501216295056
2133 0.5204620364320476
2134 0.07329431667656139
2135 0.21734995224016365
2136 0.0608265251164553
2137 0.22282137079999026
2138 0.47599279370136105
2139 0.04279397258721102
2140 0.054320094363063044
2141 0.5068225107754454
2143 0.015110449096641594
2142 0.20116043611967005
2144 0.32236834379335627
2145 0.07072163635035135
2146 0.051425979721004704
2147 0.5527588953951782
2149 0.6794908392025064
2148 0.3870512309986483
2150 0.4918300176065708
2151 0.19184994408776307
2152 0.5426672544323978
2153 0.4347855994288409
2154 0.018122294799508262
2155 0.18994275103572597
2156 0.13096327875709177
2157 0.1860059997455273
2158 0.4690409071897627
2160 0.10420299413595199
2159 0.43185164082453975
2161 0.4531370920050108
2162 0.08990654178736751
2163 0.645670409792373
2164 0.5653222774983373
2165 0.7138287772155442
2166 0.7550232456216086
2167 0.33577788694288696
2168 0.020258947470849473
2170 0.25790081032994044
2169 0.5850283505360456
2171 0.687127908570166
2172 0.07010134855328864
2173 0.9813590783288064
2174 0.01730667925513223
2175 0.328696612020249
2176 0.5278024554181071
2177 0.9944204655857154
2178 0.4873946447907311
2179 0.09702618316424673
2180 0.056573681258703656
2181 0.09175063304789599
2182 0.1550114374661049
2183 0.5544721840874656
2184 0.2221326686076799
2185 0.38356721605785976
2186 0.610941043921825
2188 0.2685593060898787
2187 0.17471133555393417
2189 0.28800587904724856
2190 0.7956925640538978
2191 0.1746878479169503
2192 0.40637354493583283
2193 0.15340074106638196
2194 0.08215140276255911
2195 0.1466524025449064
2196 0.3232397498722525
2197 0.22300732114754593
2198 0.8671243335006021
2199 0.023481959894253362
2200 0.02478808004182214
2201 0.07159680395547863
2202 0.24482723751489327
2203 0.3851673580582024
2204 0.08262027185484556
2205 0.6515409007646052
2206 0.3518215943901678
2207 0.33639450464708986
2209 0.3228839611427634
2210 0.523392316602615
2208 0.17569338138616328
2211 0.20164780707825805
2212 0.017163562886758195
2213 0.9666160609527497
2215 0.4898268354239111
2214 0.5697786913178527
2216 0.02325224446616888
2217 0.49093230933862364
2218 0.11636866459335325
2219 0.5837406431224839
2220 0.06393260896276273
2221 0.8853973773494014
2222 0.5250284794797913
2223 0.3416770569550037
2224 0.12644736240376117
2225 0.06743340169335857
2227 0.11351584012428305
2226 0.26625387730161126
2228 0.3925929532693098
2229 0.112482923050889
2231 0.28404744600451814
2230 0.9815586481075924
2232 0.0568883556572381
2233 0.41417231899222706
2234 0.3611477190971341
2235 0.425331426972754
2236 0.10970232149042312
2237 0.09074128391632119
2238 0.3457954493801701
2239 0.0027197313146681435
2240 0.18014713120402145
2241 0.023178838702268747
2242 0.3007519282336204
2243 0.10550394661609193
2244 0.7193726865212091
2245 0.2983432305127487
2246 0.14534413159604265
2247 0.4449966515680127
2248 0.2385006579642571
2249 0.12340536164797795
2250 0.6303181387434468
2251 0.9158237435065933
2253 0.7490647366113816
2252 0.02464760910529712
2254 0.4951197506550824
2255 0.4673364155450082
2256 0.19603901132918605
2257 0.22832388260560024
2258 0.5575875505658452
2259 0.030597868224423876
2260 0.3575949290478247
2261 0.4017380875745698
2262 0.4070871674237439
2263 0.07165716541672147
2264 0.4915130547480188
2265 0.46998542430795337
2266 0.2272645766726537
2267 0.34050857206371693
2268 0.019136604027174552
2269 0.07075853878261038
2270 0.20229303106255417
2271 0.06622863874618407
2272 0.16081617583089133
2273 0.08277204536860928
2274 0.1417850675951869
2275 0.3361385835052734
2276 0.12875284919042188
2277 0.7321853103519758
2279 0.16507284989896373
2278 0.8234537109092298
2280 0.13748427806859484
2281 0.1894404650186696
2282 0.186346238966855
2283 0.0016462221199703977
2284 0.2261126099715102
2285 0.03811679719921982
2286 0.22099744766785354
2287 0.04703895759535051
2288 0.07902675252442261
2289 0.09860184650539743
2290 0.13015086254530292
2291 0.157126767192832
2292 0.13999404992231845
2293 0.5002400783320443
2294 0.5281689926876061
2295 0.40172347793355423
2296 0.22173373248700062
2297 0.1863125046462609
2298 0.8123988171196321
2299 0.1640644031792525
2300 0.009811640797483714
2301 0.8378876150509112
2302 0.604407259318371
2303 0.18930632427048463
2304 0.6160587398663362
2305 0.350507038737148
2306 5.530468092398756E-4
2307 0.11085882324227052
2308 0.24034338521613702
2309 0.18315362842515015
2310 0.41309499910281366
2311 0.507310368024186
2312 0.22750932167972723
2313 0.08268307083715826
2314 0.6987132419698181
2315 0.02510919731393331
2316 0.0
2317 0.11376186452335568
2318 0.02601690259858141
2320 0.17736910578062268
2319 0.46245473722145397
2321 0.002069244236787123
2322 0.35903693521277474
2323 0.7830738920849011
2324 0.0404206261436252
2325 0.3986610256813173
2326 0.0037700577941172497
2327 0.12466645657201862
2328 0.13278328461632982
2330 0.24956792821865229
2329 0.1567796518600958
2331 0.01790957838890866
2332 0.2019286383207873
2333 0.497370573345176
2335 0.01634394435654415
2334 0.24594284001650213
2336 0.7341259933334177
2337 0.520562978503862
2338 0.5681788882406853
2339 0.47805955162856884
2340 0.4151684516689138
2341 0.7481968902039561
2342 0.4798641729036853
2343 0.7309759423207108
2344 0.9321269100244056
2345 0.5023652045694479
2346 0.3170818675193977
2347 0.48387090863281335
2348 0.5720971908701122
2349 0.0036500358302854145
2350 0.9128784657971426
2351 0.5766432160954278
2352 0.22690985387367352
2353 0.8366333946427286
2354 0.7666022806590177
2355 0.036651118797242824
2356 0.07153571690612007
2357 0.38182764079270576
2358 0.044123862321377515
2359 0.12619894134556087
2360 0.21088093588457932
2361 0.9998827647223928
2362 0.3168655609347756
2364 0.2463308689817516
2363 0.6674427490297926
2365 0.3782109340591085
2366 0.10987636137117276
2367 0.050766276363897765
2368 0.9987736133362621
2369 0.9023904382508707
2370 0.03644640441364821
2371 0.13857609008197513
2372 0.39179708640674427
2373 0.0430670059185147
2374 0.06141232152324626
2375 0.2568905148981669
2376 0.24293264181758611
2377 0.2263212963729304
2378 0.8278597957726799
2379 0.08806910614265084
2380 0.40316965925273635
2381 0.28592351858816795
2382 0.5623966004700097
2383 0.9072891428260609
2384 0.4104997014346254
2385 0.2607861841600905
2386 0.6935241292623513
2387 0.2915580123935779
2388 0.5729363598113055
2390 0.006613665644242096
2389 0.33006182573652715
2392 0.03193670751382575
2391 0.09404471197586109
2393 0.1581030018434582
2394 0.598286255727866
2395 0.17901318129873725
2396 0.6009161513976458
2397 0.42377152574326804
2398 0.17954720468196517
2399 0.7817280696351239
2400 0.39084132720348386
2401 0.6297255665245323
2402 0.1601550138867834
2403 0.48524283493603
2404 0.22188378330186895
2405 0.15350683245009006
2406 0.40961515246593905
2407 0.27437812818945373
2408 0.09367550064062667
2409 0.05707792861819044
2410 0.09156027504784343
2411 0.07379078513307241
2412 0.4319455594862587
2413 0.05049825879983446
2414 0.10544251613916067
2415 0.12433812998658211
2416 0.10169484199944165
2417 0.9659398883890794
2418 0.4878441572010368
2419 0.7959924672006856
2420 0.0911183587192373
2421 0.4536963259468008
2422 0.3060388506829315
2423 0.03210698719133749
2424 0.60822551022598
2425 0.5136928914772619
2426 0.40032337120601413
2427 0.0
2428 0.056878200358407925
2429 0.16645847522160104
2430 0.02434256674891222
2431 0.10899129085423633
2432 0.30616049443450477
2433 0.47140310017172726
2434 0.9274314580812062
2435 0.40861690357611147
2436 0.07430287518345391
2437 0.37944069477974274
2438 0.039181522196682896
2439 0.1544653409647223
2440 0.07311362668950082
2441 0.009993372809257276
2442 0.225691695276814
2443 0.041665751981208615
2444 0.5635982312137815
2445 0.011062297905238879
2446 0.19017376009892648
2447 0.25959454343720406
2448 0.27659547306479293
2449 0.6089148705540554
2451 0.4908618339454658
2450 0.6431601318835757
2452 0.28286632337994977
2453 0.22361262809974305
2454 0.34903470128883
2455 0.1517469823550501
2456 0.2997037358487413
2457 0.08616424695397763
2458 0.06915943443113731
2459 0.12027658523683744
2460 0.1408364886870829
2461 0.14712445894337178
2462 0.3263426104788654
2465 0.45019308393700946
2463 0.20503652554219604
2464 0.15012499616911923
2466 0.36499885093977635
2468 0.34525144333823077
2467 0.0034405973570629696
2469 0.4062542636699957
2470 0.0011717555079831586
2471 0.7990702268382802
2472 0.16171214098409514
2473 0.0545349050794519
2474 0.1293272182901351
2475 0.2407809974544235
2476 0.6684722649422312
2477 0.35720231468090696
2478 0.47104751828630986
2479 0.5424967750924783
2480 0.1497995102350954
2481 0.9605911767373181
2482 0.3397597468432209
2483 0.5493046224586573
2484 0.9482083585496764
2485 0.728084503693289
2486 0.0045646209627489085
2487 0.9998408701902339
2488 0.3569840576989621
2489 0.8831592883380633
2490 0.4308769890397174
2491 0.6712786883019164
2492 0.9388784574515823
2493 0.3138031553930284
2494 0.22866397245053843
2495 0.9217233523243765
2496 0.2882360000000001
2497 0.41094616699107195
2498 0.5572553720688231
2499 0.021953076570031847
2500 0.25000023552961037
2501 0.22317005227972714
2502 0.04356931498662103
2503 0.45959156327837686
2504 0.08304630559280254
2505 0.46196077209509556
2506 0.0022798349712598383
2507 0.21725502288473023
2508 0.33029253970738276
2509 0.3311267113282457
2510 0.3052427103984703
2511 0.7331883148025629
2512 0.2270845224728955
2513 0.25987843557833784
2514 0.29999512486533525
2515 0.4667887956237426
2516 0.4047622558309575
2517 0.003358556065057395
2518 0.5230928094234132
2519 0.18767854169462456
2520 0.3952300051887302
2521 0.23604197409008085
2522 0.847718896507762
2523 0.5776356704962745
2524 0.9562068680517078
2525 0.2408379568896582
2526 0.3689241917730771
2527 0.5789399230836728
2528 0.09173779675853914
2529 0.3705310000048032
2530 0.012433249914478929
2531 0.4800158340021288
2532 0.011271397760462017
2533 0.9989231919289504
2534 0.06869180220404875
2535 0.04950540726694096
2536 0.34328496680411597
2537 0.8446215239161141
2538 0.38475688913505146
2539 0.01493379959964396
2540 0.0994425482296367
2541 0.3429908272193787
2542 0.07294130795319506
2543 0.3284297415380327
2544 0.3239562561135458
2545 0.22363651490140446
2546 0.3440814859641227
2547 0.008524154721917405
2548 0.05654320272369478
2549 0.07479200896243939
2550 0.13820033770664
2551 0.4696370712553554
2552 0.23974550656913787
2553 0.23878105759062912
2554 0.3486860976309366
2555 0.6099255770740881
2556 0.15168065350475238
2557 0.20250002071875597
2558 0.3106819029418253
2559 0.8267999577867029
2560 0.4432074426014156
2561 0.06734818596113383
2562 0.43999999999999995
2563 0.43040056483817246
2564 0.45241004337467167
2565 0.19987766364699208
2566 0.3042742531017986
2567 0.6594886657724423
2568 0.163580669512988
2569 0.271838496830115
2570 0.0
2571 0.6734542141611733
2572 0.5435005822976301
2573 0.9051945479209245
2574 0.8315968314336772
2575 0.9833578056166316
2576 0.24893623503362267
2577 0.40166446335888945
2578 0.3751911905073502
2579 0.32496818814724154
2580 0.3659291789076719
2581 0.19635738124610255
2582 0.6578855882391941
2583 0.36120501922530024
2584 0.0488727751004901
2585 0.04867225184056865
2586 0.3694364964757544
2587 0.3375588197734661
2588 0.035723479061975184
2589 0.059968246258048793
2590 0.4740545480674391
2591 0.3389295991120754
2592 0.2173905902121058
2593 0.0847084781439931
2594 0.02603700764310002
2595 0.8521942327723261
2596 0.006883976485534135
2597 0.07316629283964056
2598 0.9966816438267087
2599 0.3360661677421146
2600 0.791261420845387
2601 0.040440215121398
2602 0.0932201755532187
2603 0.38719528502717493
2604 0.08164903883270287
2605 0.3237400292118405
2606 0.06808635316561887
2607 0.48535918855207044
2608 0.9080668666001244
2609 0.5040350132454945
2610 0.10509577934206721
2611 0.27523490798467765
2612 0.35706298982552775
2613 0.021112720716714165
2614 0.49307222709887333
2615 0.01849977800917992
2616 0.17443376783108666
2617 0.5825127507676418
2618 0.4194824129725496
2619 0.10283896720681433
2620 0.4278952172083563
2621 0.07748815250540121
2622 0.2781523247764883
2623 0.0725689808535825
2624 0.8916845812967577
2625 0.38626593460589387
2626 0.14698169756337853
2627 0.15094276554689517
2628 0.5379050481358902
2629 0.37232789699667135
2630 0.7748674175708568
2631 0.45969719909197787
2632 0.33886060330184514
2633 0.9380054584417933
2634 0.11163901241806391
2635 0.5152725240501418
2636 0.8034308637963146
2637 0.9983140593475027
2638 0.23634413126994172
2639 0.7684738619171837
2640 0.5580556429467911
2641 0.6417725791403032
2642 0.10105075819967554
2643 0.03586516844261122
2644 0.12795521001955373
2645 0.1336289882107013
2646 0.40114869240848866
2647 0.4584568387498945
2648 0.39911028573841784
2649 0.6690400718084738
2650 0.11333332577777833
2651 0.010126402499644922
2652 0.004995554695082684
2653 0.20280427189246594
2654 0.9125857711688313
2655 0.49790343602974335
2656 0.05948215069344235
2657 0.5464539910728332
2658 0.1486050714897006
2659 0.09174668587098915
2660 0.7908474588507477
2661 0.31170142714870347
2662 0.41740818021768944
2663 0.1521343549788022
2664 0.08838951142463354
2665 0.5222234030057777
2666 0.1287382041764295
2667 0.06967246094791002
2668 0.5752456440334738
2669 0.5407775799778083
2670 0.06349980610919832
2671 0.1279193376928776
2672 0.2576219200150578
2673 0.03865152243060165
2674 0.17765030209107371
2675 0.4626015540153164
2676 0.009563141895421163
2677 0.019251804106566937
2678 0.22414757370870686
2679 0.40757111216816894
2680 0.3036063792315414
2681 0.07448377192850156
2682 0.06819332215666683
2683 0.6146496634244862
2684 0.4383198820619175
2685 0.11369678450576853
2686 0.08776913636908146
2687 0.1657524750281068
2688 0.31807407263261933
2689 0.2584256053051684
2690 0.13809164328343326
2691 0.9161624451723641
2692 0.2907023699070751
2693 0.030118592562201976
2694 0.2849793696220595
2695 0.3571103129042556
2696 0.5782800722055478
2697 0.22234436899646742
2698 0.28036142057768454
2699 0.17852936440271913
2700 0.48436939100239446
2701 0.7010224934393244
2702 0.03509112557016448
2703 0.7779268924834091
2704 0.9761969098730517
2705 0.4526438876593327
2706 0.5851168965961863
2707 0.3612560070666605
2708 0.15050322183898623
2709 0.9980532437192967
2710 0.3068518265291135
2711 0.6397225120695766
2712 0.007325564813874982
2713 0.2903902667538423
2714 0.7819636597627397
2715 0.27814551766075674
2716 0.29431917799372803
2717 0.4801778868442018
2718 0.5541336416017845
2719 0.1788177942258214
2720 0.04703295999382207
2721 0.5019083281777361
2722 0.3142428386440153
2723 0.199944697551017
2724 0.18040743959306557
2725 0.03850910270445603
2726 0.35733591867912334
2727 0.5954285367902187
2728 0.47008558599355743
2729 0.297875735274839
2730 0.06040622292958566
2731 0.622403119619989
2732 0.061563305641138405
2733 0.12109418968225591
2734 0.14229300403061215
2735 0.3913841304885969
2736 0.04672708243378298
2737 0.11775486726344367
2738 0.022101182337507738
2739 0.9229366113199597
2740 0.5287030620816161
2741 0.8796427344283474
2742 0.08223938153139199
2743 0.7999670559700189
2744 0.09424022760016472
2746 0.01612916493239205
2745 0.04553815533368789
2747 0.3742555586513991
2748 0.15461374623270527
2749 0.14580388436298558
2750 0.19113826780071783
2751 0.22431915346010536
2752 0.36697512455522374
2753 0.025852979037822854
2754 0.11575273679357799
2755 0.10209896650531416
2756 0.011447299006070647
2757 0.08921966211079321
2758 0.30978195926445024
2759 0.16785935610359828
2760 0.051288354321861594
2761 0.31205264515126835
2762 0.20215439016060546
2764 0.12197812353690676
2763 0.0024511970858205685
2765 0.04850710765190586
2766 0.2436243096567281
2767 0.42868154887370147
2768 0.14471051829467743
2769 0.7130421348390173
2770 0.07201258165438355
2771 0.6234518936329365
2772 0.12631626980611949
2773 0.30482201474750936
2774 0.05202598302161672
2776 0.3140374728209125
2775 0.48340623951299055
2777 0.065607083627676
2779 0.06209333281501175
2780 0.021826365408406337
2781 0.03163001592935559
2782 0.2941314018370838
2785 0.3474797034976989
2784 0.40016601541261
2778 0.013393197644436467
2786 0.2245021124326615
2788 0.40779661188447636
2789 0.5700775935233129
2783 0.9284407773179137
2787 0.642961405793541
2790 0.013799211312887062
2791 0.8833630562602383
2793 0.350318885147207
2792 0.9656526550287444
2794 0.954554941191935
2795 0.9989785524596663
2797 0.9997034746600655
2796 0.2482982381192206
2798 0.020305200167418883
2799 0.3265587506358664
2800 0.4615500293571119
2801 0.5682568041083611
2802 0.0030918481104231887
2803 0.015079891404143174
2804 0.08344936291727727
2805 0.41859114132150294
2806 0.7335158449353242
2807 0.8030430071131325
2808 0.8360900123452176
2809 0.008439619354906107
2810 0.7417834430171611
2811 0.8680501317360526
2812 0.16164775999078657
2814 0.4787372198112776
2813 0.6778599204065876
2815 0.9302900023360433
2816 0.19950958486271847
2817 0.22400588831284282
2818 0.008036508340866128
2819 0.5811631365397031
2820 0.7339365128387857
2821 0.20827620748623527
2822 0.6566613602672611
2823 0.019704099347048948
2824 0.03969488249373386
2825 0.3957143524662967
2826 0.2198662560765639
2827 0.29635518751907564
2828 0.10526284395187506
2829 0.17325145612529577
2831 0.015050083341705886
2830 0.08522796423045045
2832 0.31367522528936237
2833 0.2910586239746762
2834 0.9889184622600461
2835 0.9998439123279125
2836 0.7752124447853723
2837 0.622938827434228
2838 0.039719436754407124
2839 0.3983738039525713
2840 0.36563175970080647
2841 0.2041520048847116
2842 0.177931606445795
2843 0.8464977921229283
2844 0.29850615615901344
2846 0.40242320472239484
2845 0.040465910231950994
2847 0.6808876996917111
2848 0.0
2849 0.16910303709522442
2850 0.5209573892414123
2851 0.60507614055823
2853 0.2573450313829531
2852 0.4941503850931448
2854 0.3745580300665703
2855 0.5858813288772664
2856 0.21003046416740406
2857 0.4478344241135893
2858 0.5621106660319649
2860 0.3595028594160779
2859 0.3346471475239991
2861 0.13539631686613
2862 0.9394512633468743
2863 0.7019182705979562
2865 0.073665828256291
2864 0.27350356563736855
2866 0.06412505399046226
2867 0.5361051158492899
2868 0.8857379901311835
2869 0.3771046083732719
2870 0.4091880513862377
2871 0.5381390141103756
2872 0.10227629496620416
2873 0.7544367688758475
2874 0.09322179925843402
2875 0.015788581968601847
2877 0.004745634808612179
2876 0.06285162094786427
2878 0.5889118381869541
2881 0.2404413991766338
2879 0.445347009018383
2880 0.13208869385348507
2882 0.6634893263668127
2883 0.5876595574972777
2884 0.332879307657903
2885 0.08961849355511503
2886 0.20127757692926493
2887 0.6028833102511486
2888 0.30574703587585245
2889 0.6751584897763652
2890 0.43672548251525545
2891 0.6955933443364851
2892 0.08400406540052997
2893 0.313266769023121
2894 0.005961184290379634
2896 0.3266598479615647
2895 0.6712296050891345
2897 0.435429887044867
2898 0.8291041707083295
2899 0.02248197170095378
2900 0.1763590901154314
2901 0.07468985947280778
2902 0.0997415919089818
2903 0.4154106941848411
2904 0.37313451479672327
2906 0.14324171630481977
2905 0.2161017406995214
2907 0.13270065429829916
2908 0.40314188317178895
2909 0.09383578922709036
2910 0.23262256940833004
2911 0.24707341382254994
2912 0.1914801354775439
2913 0.352034376821232
2914 0.011594740642792263
2915 0.10149897203401452
2916 0.3333333333333333
2919 0.1796072131390529
2918 0.3804695561438426
2917 0.3301736704437448
2921 0.15697617529762345
2920 0.5033558267495015
2922 0.21693798747136994
2923 0.06703970400099621
2924 0.0028792920406797867
2925 0.1792245721821383
2926 0.4225944993961086
2927 0.045809928493389315
2928 0.02587754628767668
2929 0.34634005817439306
2930 0.14242441570243206
2931 0.455893493205504
2932 0.001820036363602605
2934 0.49551094058908723
2933 0.06147636477044776
2935 0.30485514841567724
2936 0.009375288076707093
2937 0.5875700041132603
2938 0.21041176589107893
2939 0.4214366876286123
2940 0.08325606750607568
2941 0.6855714580151842
2942 0.1185947599192363
2943 0.5185417539781917
2944 0.14092579810376074
2945 0.020451642066783283
2946 0.3084758957838864
2947 0.11510250434401217
2948 0.21428942458244732
2949 0.031239865454209134
2950 0.0963086327150604
2951 0.13544067596972267
2952 0.14545350578540742
2953 0.5816865785077842
2955 0.7896105099594781
2954 0.39887349457538035
2956 0.46548939794479255
2957 0.38430516838004564
2958 0.36330858682944556
2959 0.012783219426159828
2960 0.9688515923907949
2961 0.02701483096088991
2962 0.22297308411829894
2963 0.07237763819099591
2964 0.47756922004831964
2965 0.5315679066169484
2966 0.054404754811416364
2967 0.05898157231779975
2968 0.2733210983989752
2969 0.0642457344496347
2970 0.0907991478869067
2972 0.10344133768527235
2971 0.05769744379080834
2973 0.25793383859308155
2974 0.043572854860801105
2975 0.14305794823193183
2976 0.8927718237017469
2977 0.4091126985143828
2978 0.015517702275725163
2979 0.27866960536266394
2980 0.4189299402733348
2981 0.021469875515359
2982 0.0344567481361431
2983 0.059890873366164034
2984 0.012417334764149366
2985 0.40620387633903976
2986 0.005781679897052682
2987 0.4349252910440921
2988 0.12235257552948485
2989 0.023739206957790394
2990 0.9867365021614403
2991 0.4015482877145192
2992 0.45861911921688464
2993 0.21185913871529835
2995 0.17162017062072393
2994 0.29923209249332733
2996 0.01671280107227867
2997 0.5224866287380083
2999 0.2546765399037005
2998 0.0738618889781979
3000 0.024690930498320426
3001 0.16194858134102316
3002 0.4378995438191741
3003 0.3625631965933936
3004 0.8610787052947811
3005 0.03382097084544747
3006 0.004167127083563521
3007 0.8004392564698798
3008 0.033464973319801306
3009 0.9373481931160876
3010 0.3786930484760268
3012 0.3664596498150967
3011 0.842822822616208
3013 0.033853914184511155
3014 0.9501308354198967
3015 0.07838019505877612
3016 0.11497794103830997
3017 0.3660098044906983
3018 0.05772344250848851
3019 0.30786134063857146
3020 0.4221011679473713
3021 0.3497433000394922
3022 0.04390948361592764
3023 0.9343090921500333
3024 0.47078039764613566
3025 0.10083787988738858
3027 0.03549727284028015
3026 0.08447310289147701
3028 0.03439194307968476
3029 0.027777616792911058
3030 0.365438704536002
3031 0.4138722958032769
3032 0.030078206699934763
3033 0.9642984556284732
3034 0.8517072144338861
3035 0.23618643832241107
3036 0.354428140857257
3037 0.42265280750455325
3038 0.14335644383577278
3039 0.07349084878168927
3040 0.022924981560783805
3041 0.10513729413889678
3042 0.2315917912449483
3043 0.007751175590773834
3044 0.045856243432114176
3045 0.06000484366854524
3046 0.27627359507504484
3047 0.37085924270870557
3048 0.08285485986186078
3049 0.8117470245765449
3050 0.013114804353672415
3052 0.5653156307484499
3051 0.09861722892888723
3053 0.07873464565738611
3054 0.2159283127318463
3055 0.48745872600390616
3056 0.02261008305974775
3057 0.29171457221874525
3058 0.6184041487198472
3059 0.36050493543509404
3060 0.029147628097816264
3061 0.16466096969425795
3062 0.07588639793450584
3063 0.5734284060677968
3064 0.016968857572974436
3065 0.1521361075129733
3066 0.043625645774638025
3067 0.5955563791692619
3068 0.016528641144648283
3069 0.4206918075840223
3070 0.08505792481782685
3071 0.024902759159938604
3072 0.009065279955343454
3073 0.6638924687554777
3074 0.366718890421878
3075 0.5978884411032436
3077 0.7264093073085415
3076 0.38637377838924436
3078 0.023778735423428912
3079 0.3975763680106751
3080 0.4372267711839829
3081 0.4020164810245877
3082 0.8182214663071472
3084 0.5702144270825724
3083 0.384827609493454
3085 0.019478193499867028
3086 0.4316542275936186
3087 0.9868122256134597
3088 0.5558820443119072
3089 0.9778977127331583
3090 0.0972222714120268
3091 0.9546384207465766
3092 0.47701395009819975
3093 0.3485980759941519
3094 0.8064217154601674
3095 0.9610902438231675
3096 0.4824430776679775
3097 0.9601964896631441
3098 0.5806158750289854
3099 0.6126224894605378
3100 0.116304054082146
3101 0.7199321411961304
3102 0.36907922412524036
3103 0.5427900767032835
3104 0.8112767472836664
3105 0.03406426128895338
3106 0.0479429171419145
3107 0.20556288607698328
3108 0.5849658988726623
3109 0.8179384542039568
3110 0.20280996947603536
3111 0.04224786258497248
3112 0.14057533427636912
3113 0.2010588578151478
3114 0.39808139021405264
3115 0.10364578780869846
3116 0.08450677246574258
3117 0.5453121258530147
3118 0.3507215574311723
3119 0.3924464321059435
3120 0.23720228694807735
3121 0.34994047717111915
3122 0.02141863808966344
3123 0.04054087582185832
3124 0.14458968673185923
3125 0.09762849327073017
3126 0.2576004254670936
3127 0.7701140197148896
3128 0.2992458626458196
3129 0.03894565065479079
3130 0.4263137142404019
3131 0.6849272033491766
3132 0.29540611518262483
3133 0.2964917085644527
3134 0.37978602196078115
3135 0.8617227443633337
3136 0.3193504899722202
3137 0.9896279344990713
3138 0.10753891585321217
3139 0.6022579832231879
3140 0.42187867987362504
3141 1.0
3142 0.006613506490417472
3143 0.05383239555530582
3144 0.05451367508321279
3145 0.4089224447563837
3146 0.06990527899237223
3147 0.46534625468089147
3148 0.12139889312109994
3149 0.40384188720478986
3150 0.4658783699518314
3151 0.3414734187184771
3152 0.5115431737541833
3153 0.9925606854189176
3154 0.06871257393798134
3155 0.10920803716603067
3156 0.30754250431720587
3157 0.1885929542292883
3158 0.08349251557804711
3159 0.7590235664217144
3160 0.565810411599002
3161 0.029662603277233135
3162 0.2562510857421536
3163 0.1311466500939877
3164 0.06583048712183674
3165 0.32678214224438706
3166 0.16459956959567987
3167 0.3266169219558353
3168 0.18604692536483047
3169 0.9921222399257098
3170 0.2167034063867604
3171 0.3269796370734605
3172 0.07077898793912843
3173 0.6147776577165026
3174 0.15709144205567274
3175 0.5287363621353182
3176 0.7088424584865232
3177 0.5051019545241059
3178 0.7164638827935249
3179 0.297795271698933
3180 0.6123597678639732
3181 0.7962192557070712
3182 0.08614996671373644
3183 0.06744155016234012
3184 0.21409783884166367
3185 0.2739579133490491
3186 0.46461630457471237
3188 0.10475356670479312
3187 0.4547165958392893
3190 0.8406529495720706
3189 0.45291706855582287
3192 0.1600013056002089
3191 0.0966535280054451
3193 0.9303123833426435
3194 0.4565332922179055
3195 0.6195950824777606
3196 0.9125619016573102
3197 0.5605418541769156
3198 0.9812511255859021
3199 0.00505505671123499
3200 0.0028474960913398794
3201 0.9801266877139028
3202 0.9837203252954222
3203 0.12286644270769871
3204 0.07387705973533672
3205 0.7398388772415713
3206 0.06881101080722969
3207 0.07803514429975617
3208 0.41890187661790457
3209 0.27835070818716356
3210 0.07671435133749895
3211 0.10708873829383563
3212 0.6798181241472665
3213 0.17237521530180178
3214 0.07233016300110696
3215 0.32341294884757465
3216 0.09418537848357998
3217 0.22690985387367352
3218 0.47153976944795417
3219 0.6352758513611428
3220 0.32363937198593506
3221 0.0724058958591674
3222 0.8392295911275283
3223 0.05224679436080809
3224 0.4555272248725119
3225 0.43326520603018825
3226 0.9999453731622822
3227 0.8216360439737178
3229 0.9024446876969516
3228 0.6183745211946328
3230 1.0
3231 0.07995416500951157
3232 0.15071791800204637
3233 0.25370951373899264
3235 0.6786362248812183
3234 0.14513075392823488
3236 1.0
3237 0.1914918239152517
3238 0.3152862698792323
3239 0.9481323494104316
3240 0.001828934274024969
3241 0.4910127980088438
3242 0.19743064930730672
3243 0.3111286635001936
3244 0.7473964087167639
3245 0.25551381570710213
3246 0.02054271538657478
3247 0.15315097624583549
3248 0.6256271169436737
3249 0.25949978337786117
3250 0.7257052443629051
3251 0.011723725799281675
3252 0.2145866165493644
3253 0.0037256309012036475
3254 0.5491767797847024
3255 0.08205699928695871
3256 0.49185026830010115
3257 0.10332723303860827
3258 0.3848934652579745
3260 0.3055626305566911
3259 0.18987111122364386
3261 0.7320051617085198
3262 0.15209607712613812
3263 0.007119940192323148
3264 0.17189615300477268
3265 0.10638060188978213
3266 0.16945864795766688
3267 0.38378025034313257
3268 0.33948657547447597
3269 0.12415785593508116
3270 0.0
3271 0.27958518446173086
3272 0.04399899289485856
3273 0.2490893745282656
3274 0.2166202506409104
3275 0.1841286724521451
3276 0.206784352741987
3277 0.06539423418038656
3278 0.2876674227568273
3279 0.2871528735007684
3280 0.5344880306566083
3281 0.08353784493123456
3282 0.08920276939414498
3283 0.17836957188388464
3284 0.008670735365324301
3285 0.7085087039388996
3286 0.06615258499552218
3287 0.028282855341298267
3288 0.4380456226165746
3289 0.0124754703778251
3290 0.47013840370367643
3291 0.01784447205270934
3292 0.9147683273382544
3293 0.9981641541818675
3294 0.2581656196875688
3295 0.11246725794668697
3296 0.38782044639354635
3297 0.3299431105733672
3298 0.22557453592298357
3299 0.7501615232936857
3300 0.5003728969165362
3301 0.5087663109562911
3302 0.5428992556006159
3303 0.18297828864489032
3304 0.9000941428479302
3305 0.36404945219577656
3306 0.15113887645669472
3307 0.9521836853096516
3308 0.0801373471862287
3309 0.5588300791555024
3310 0.841412551468029
3312 0.4175443535855974
3311 0.28642281319185037
3313 0.3773996241903501
3314 0.038461840236639955
3315 0.6742908910090339
3316 0.1178633222898664
3317 0.14678533682540995
3318 0.06868116663899496
3319 0.31161494174890414
3320 0.8856871287241097
3321 0.14232149286716414
3322 0.5998518469549621
3323 0.3397822354659194
3324 0.010959042626058712
3325 0.9730069368847568
3326 0.6129288494002496
3327 0.48330623937929845
3328 0.25677082072876506
3329 0.26403509748638354
3330 0.3982602147274322
3331 0.15500545596622323
3332 0.9223539212533308
3333 0.3363122449931282
3334 0.03185080794976385
3335 0.037442310821479176
3336 0.30418869081349226
3337 0.34591999775898613
3338 0.2541220980009014
3339 0.17849302248357687
3340 0.8690091831432792
3341 0.3583180276941545
3342 0.2181825768592972
3344 0.0472798732967845
3343 0.09598885878520208
3345 0.6096882324769941
3346 0.310003162221988
3347 0.16436919289249222
3348 0.5564866016799946
3349 0.08724775531144219
3350 0.999860523904675
3351 0.7913955965030278
3352 0.49747419271147275
3353 0.22996055130699755
3354 0.15167585515380758
3355 0.4921925399153982
3356 0.3972887582542585
3357 0.8353026797660619
3358 0.20576195168431197
3359 0.09999956034486544
3360 0.03341148562009926
3361 0.0723374378437695
3362 0.15105411895939835
3363 0.3342498852386826
3364 0.6823666084611895
3365 0.6484539176005595
3366 0.9126984048669261
3367 0.22284089916276179
3368 0.1458819365114054
3369 0.35110246894011027
3370 0.581198703708093
3371 0.3140034046868027
3372 0.48694901008494246
3373 0.21909410971559837
3375 0.1265126979200993
3374 0.8737332624989107
3376 0.71443187621488
3377 0.48500563531371854
3378 0.13664887824865707
3379 0.04167872248721684
3380 0.05502879049106682
3381 0.1653558968847498
3382 0.02648381119900702
3383 0.34832081448304786
3384 0.651662741027586
3385 0.2309134354186032
3386 0.14407668396274736
3387 0.06835889640828666
3388 0.4935951006699479
3389 0.5123390558590766
3390 0.14987981882354165
3391 0.934841070891177
3392 0.6281274370441382
3393 0.9513851200801692
3394 0.3717060126505644
3395 0.6133536902528047
3396 0.9413914566576196
3397 0.6584918226715083
3398 0.09814891664192561
3399 0.4774076512578269
3400 0.391754644385357
3401 0.18052691889736497
3402 0.2562193534612071
3403 0.7057569923987215
3404 0.4393062816999812
3405 0.6517416133266574
3406 0.7663374284596123
3407 0.9130114035974012
3408 0.7549806124516435
3409 0.1151683501924678
3410 0.17609771628488627
3411 0.4455312366968442
3412 0.18310357485884735
3413 0.1821427270409093
3414 0.2737800437973916
3416 0.24217030725897398
3415 0.5169397475412835
3417 0.3772555573749203
3418 0.955787677156454
3419 0.20424018061806895
3420 0.1829896970126349
3421 1.0
3422 0.08477909462275558
3423 0.28961894019071854
3424 0.6159806852194446
3425 0.26080175358155616
3426 0.2018575438234746
3427 0.8888469340193835
3428 0.8883201954776443
3429 0.3173175932690192
3430 0.1843128749769074
3431 0.07799254584630361
3432 0.5554601809797033
3433 0.3314516238346626
3434 0.3037004880315679
3435 0.2090428810436761
3436 0.3293408818460348
3437 0.12587482793996574
3438 0.10378718833202295
3439 0.3653516964886496
3440 0.009248395415776855
3441 0.0070726631944862724
3442 0.40920132463967324
3443 0.40505435556407676
3444 0.004661922913918806
3445 0.2533375300106502
3446 0.03503262502696884
3447 0.5724750079939203
3448 0.053775486754439945
3449 0.3190557600723579
3451 0.21260145117516077
3450 0.7977863748177837
3452 0.0644727896365237
3453 0.16148753283825296
3456 0.22473538461538461
3455 0.10841786487532683
3457 0.39352894720482356
3458 0.02660778357984504
3460 0.06421397593989313
3461 0.7521508936493917
3454 0.3877330667837039
3459 0.5895149539807265
3462 0.07624649001125447
3463 0.172667992112155
3464 0.0916732206930324
3465 0.23014110725516992
3466 0.2699602858441707
3467 0.031976569640605496
3468 0.012578404532908725
3469 0.22656878878098885
3470 0.5217569072091119
3471 0.4994528914238622
3472 0.6350886003116344
3473 0.08612184678074922
3474 0.6274963736670698
3476 0.9870540074423132
3475 0.02486645526169535
3478 0.6340597476962371
3477 0.13856200630491175
3479 0.10256881176723646
3480 0.20443328626218935
3481 0.03187227115457359
3482 0.5962077684155216
3483 0.903569793363339
3484 0.43814141676245116
3485 0.16263922854406432
3486 0.12017169260806851
3487 0.04060873270275399
3488 0.3263426104788654
3489 0.06649141131016094
3490 0.030634609933510255
3491 0.9053951393072038
3492 0.20137866142020283
3493 0.03131758273146457
3494 0.039633434377613075
3495 0.027988635556198356
3496 0.7448845263986351
3497 0.09508155074389302
3498 0.24940056314154596
3499 0.9009874419652769
3500 0.04180674032084753
3501 0.4257573157611446
3502 0.1914285027346929
3503 0.11284346111263373
3504 0.3761307855717304
3505 0.12189060249126055
3506 0.8138986703958536
3507 0.35645728045079667
3508 0.956271254811563
3509 0.28768812524611603
3510 0.4186712006428744
3511 0.04583337612856648
3513 0.03976557963301478
3512 0.9978414799763602
3516 0.4980977069055145
3515 0.5142775191916849
3514 0.8720220386061113
3517 0.2762204649401763
3518 0.12575815179979521
3519 0.15748113543901462
3520 0.24225132998686588
3521 0.2453743767319753
3522 0.11732306107410843
3523 0.22762404838080394
3524 0.38624165870514315
3525 0.367759594503908
3526 0.08413094168174914
3527 0.25988664751526397
3528 0.3806147361624527
3529 0.08967000511181798
3530 0.44614529518650575
3531 0.3387456907603115
3532 0.06826955181244052
3533 0.562808550432216
3534 0.6530752535689889
3535 0.28870555655612906
3536 0.8615512486648159
3537 0.10370409678846855
3538 0.10182208521110761
3539 0.6519892941810786
3541 0.3874508469827802
3542 0.7345319722310666
3540 0.37449741987025165
3543 0.5348657056828364
3544 0.08184357701054581
3545 0.13419688194368767
3546 0.11185715891179453
3547 0.5643032426809933
3548 0.8497734164564322
3550 0.4531434727441883
3549 0.2925483942208845
3551 0.20517647802661076
3552 0.2543532271379259
3554 0.22116875028146854
3553 0.39618269400429057
3555 0.9515995195553257
3556 0.09498652334630095
3557 0.22166743672065653
3558 0.8945062694178025
3559 0.02517985281559205
3560 0.4212436198412224
3561 0.025735304457717365
3562 0.008460236195534935
3563 0.5809785810494288
3564 0.16123927835838797
3565 0.05294472053266111
3566 0.44914187876783085
3567 0.5589069510075213
3568 0.5356898615103236
3569 1.0
3570 0.9950201353525938
3571 0.9468797856736767
3572 0.6050742398630437
3574 0.9484158963152581
3573 0.493995424739141
3575 0.031073315067834305
3576 0.5136889228499675
3578 0.26079522998899607
3577 0.6607342683897074
3579 0.32617851199778325
3580 0.006894327965612319
3581 0.1355671794142905
3582 0.1472899702582103
3583 0.4184814925328279
3584 0.9667249765211136
3585 0.14901011696740069
3586 0.14883282564124467
3587 0.7726562233746799
3588 0.5396070174206473
3589 0.6282139671566214
3590 0.42480597785111146
3592 0.024233854080804085
3591 0.4380120425881654
3593 0.12814510559412595
3594 0.11318105996795985
3595 0.11628046116240857
3596 0.30570714385041425
3597 0.4202655746364995
3598 0.20941793092432992
3599 0.5805616408749413
3600 0.038570390568150446
3601 0.14589000121967038
3602 0.028296919064848013
3603 0.3561203176543457
3605 0.7100015262304413
3606 0.05099997022164163
3604 0.2305886133756368
3607 0.14859756792489878
3608 0.16999772185616147
3609 0.4541959836807419
3610 0.18054539953665003
3611 0.11039129742598368
3612 0.572769946492577
3613 0.6528032885925967
3614 0.21650152816531515
3615 0.3297465178321905
3616 0.1275833046455552
3617 0.06568049255017444
3618 0.040133930437022215
3619 0.36638159029496703
3620 0.2150047191641626
3621 0.307112778951566
3622 0.3333333333333333
3623 0.37194576750532776
3624 0.9830025585312078
3625 0.8216974396988257
3626 0.05030171180666958
3627 0.6216218004383244
3628 0.1150578914902182
3629 0.7938668563824028
3630 0.3212141011415336
3631 0.0
3633 0.5202732744423211
3632 0.4961714077392856
3634 0.40473685620359245
3635 0.5790387695439684
3636 0.23105534384641638
3637 0.6167839190961804
3638 0.367933931466038
3639 0.30528933693289295
3640 0.5004037816310704
3641 0.10001775811965286
3642 0.09523822867599048
3643 0.4252941196193886
3644 0.12710869638096542
3645 0.5825223539728608
3646 0.3802090734865015
3647 0.2009603956335813
3648 0.13313477018875464
3649 0.20040621757057475
3650 0.08425719601519162
3651 0.05168547725376341
3652 0.4939757027868389
3653 0.29681648307676045
3654 0.030405312271705964
3655 0.7979883309855252
3656 0.03409660969738444
3657 0.07366750430290908
3658 0.31221303698358915
3659 0.04629958173979211
3660 0.021056481604281998
3661 0.00773018085092054
3663 0.48273609550465973
3662 0.2400792675188809
3664 0.910945895159482
3665 0.5520604358517616
3666 0.08310240893643858
3667 0.08605087976659224
3668 0.25464615008320485
3669 0.6462226480487595
3670 0.09287067926173916
3671 0.17756462231576337
3672 0.35302820742294255
3673 0.008804566476273964
3674 0.5427554462660623
3675 0.023166608577847816
3676 0.04834225246846483
3677 0.8751746223739736
3678 0.4379672207982606
3679 0.325442481169322
3681 0.7197548323880059
3680 0.4626157915846331
3682 0.4009151590571304
3683 0.8740033464230801
3684 0.45632993149783363
3686 0.4616002964841679
3685 0.337046798876631
3687 0.5306088851206949
3688 0.955414883386819
3689 1.2381487349166033E-4
3690 0.0053006211086793955
3691 0.49251212607387723
3692 0.0073201095526599985
3693 0.4625543138814373
3694 0.24377695722300974
3695 0.053639854229968836
3696 0.3603220256203175
3697 0.3533833817627159
3699 0.03040707012932818
3698 0.03856750472417161
3700 0.4586872694852222
3701 0.31607794201203115
3702 0.25088361163449
3703 0.46112919134292424
3704 0.01975746062976312
3705 0.24185848950523522
3706 0.25061442739889667
3707 0.8617805982013051
3708 0.4444171812137187
3709 0.7236190932933152
3711 0.5608526050117053
3710 0.6009808302537072
3712 0.07241676070102725
3713 0.37210979648877995
3714 0.03820817242268573
3715 0.47838579726037483
3716 0.13561257487682546
3717 0.07430344060616857
3718 0.019351341142337223
3719 0.0033878743649547417
3720 0.1525140796417604
3721 0.3724494414672773
3722 0.24929584626019408
3723 0.3744128218813573
3724 0.3175913799799492
3725 0.7334238