1 1.0283273175328054
2 0.501041712649
3 1.12549
4 0.6173761227055191
5 1.5342290935167842
6 1.345098
7 0.9048291503386179
8 0.41879110789385615
9 1.332117929443615
10 0.8348952030760001
11 0.87451
12 1.1430202782424521
13 0.7719027692575665
14 0.515686
15 0.796078
17 1.37647
18 1.450466
19 1.109804
20 0.894124130258
21 0.85098
23 1.27451
22 1.325502199308
24 0.6550756779062102
16 2.429932262976
25 1.76184
26 0.554902
27 2.8435267481760005
28 1.0160185750351942
29 1.203922
30 0.9336493487657929
31 0.705746
32 1.680540240412266
34 2.0202229570449606
33 0.660784
35 2.111592037844984
36 0.7001312370804166
37 0.9663283283618808
39 1.5251540000000001
38 0.5218093581242012
40 0.3952213456198382
41 0.6348308144393537
42 0.8338600738185808
43 1.4074168317159998
44 0.366667
45 0.980651590218977
46 0.148822
47 0.8992184531703833
48 0.7807453738455067
49 1.0240002530865573
51 0.9755822687580625
50 1.784314
52 1.4889008893080375
53 0.62549
55 0.6562487226906667
54 0.9092207310079999
56 0.9765182761528141
57 1.047058
58 0.678139
59 1.337254
60 0.7637909579784791
61 0.9825552862280046
62 1.007844
63 0.4981139628335207
64 0.984314
65 1.0098040000000004
66 2.815688
67 0.613725
68 1.477287618853893
69 0.7275436988144016
70 0.8694117146624695
71 0.968628
72 0.796078
73 1.0398757478909473
74 0.9012585739135649
75 0.600439
76 1.5211078222240002
77 0.263235
78 0.317841
79 0.39343932165837214
80 0.6843594146966928
81 0.777957
82 0.8227357160311951
83 1.6029582804512754
84 1.4151541259520002
85 0.7419280484800004
86 0.692157
87 1.1789910784738393
88 1.5259512664359998
89 1.478432
90 1.218968392313216
91 1.6776280385567854
92 1.4209235705166723
93 1.094118
94 1.24418071527304
95 0.3282549620045
96 1.962126
97 1.82353
98 1.086274
99 3.380392
100 2.963796378624
101 0.882544
102 0.8305144045000064
103 1.90196
104 2.0524001515090267
105 1.0899654722101337
106 3.446309099886001
107 1.0318631885337894
108 1.378432
109 0.5070512164427512
110 0.798039
111 3.5119
112 0.923748688812
113 2.6211448100249997
114 1.846516686689257
115 1.65098
116 1.201708
117 0.8792321128664804
118 0.7224064032744385
119 0.554902
120 0.7
121 0.8716041140691002
122 1.9143215096759416
123 0.9581626252980001
124 1.117648
125 1.290016
126 1.0348040573132866
127 0.7634843001686793
128 1.235294
129 2.533459687616171
130 1.394568
131 1.517648
132 0.7794916471459863
133 0.4238688875356233
134 0.7009182906398865
135 0.55098
136 1.1179633772809079
137 0.7687544045124751
138 1.4183429447772582
139 0.9809478915006784
140 0.5587657642195721
141 0.6517683146911819
142 0.476471
143 1.202774
144 1.8352940000000002
145 0.7066910996855466
146 1.6646057184159997
147 0.8929721429126328
148 0.7224004139536904
149 0.9197447408416352
150 0.77255
151 0.7106650000000001
152 0.796078
153 0.741176
154 2.426863354211661
155 0.8368280775889062
156 0.6034015113376313
157 1.137256
158 0.9058498130106247
159 2.850005734416
160 1.1887165943780698
161 0.8308661315636788
162 0.670041
163 0.586275
164 0.6342473729160587
165 0.3863414580579613
166 0.7745031275776605
167 0.6535137073107722
168 0.44496424092946596
169 0.9404755049225408
170 0.24558825
171 0.5067019489
172 0.733334
173 0.39863060238400005
174 1.4239196546151471
175 0.733334
176 1.8084942327769604
177 2.266668
178 1.258824
179 1.231664918416
180 0.7736076575193115
181 0.654879
182 1.078432
183 0.629412
184 0.7620613168884004
185 1.12549
186 0.41245035318604156
187 1.156862
188 0.9215690000000001
189 1.2654211392178256
190 0.9228479222799999
191 0.7904151728504406
192 0.851972
193 0.9382349999999999
194 0.6508470537883015
195 0.601961
196 1.0267599905457203
197 0.7147641206991183
198 0.46967953048420313
199 0.3689712049
200 0.64902
201 0.26763343288900004
202 0.505613
203 0.24221851264900002
204 0.7400727142215974
205 1.898036
206 0.691176
207 1.365088
208 0.460784
209 1.62745
210 1.509804
211 1.454902
213 1.250392444095034
212 0.404902
214 1.1977652429259855
215 0.7852413207614999
216 0.6440935680750001
217 1.14902
218 1.1151951507733437
219 1.02353
220 0.8593355452402357
221 0.34760358605666664
222 0.6691648435220001
223 0.8147044319421426
224 3.4261269603999995
225 1.345098
226 0.5962031035483351
227 3.0522151494810004
228 2.062744
229 0.8860206964496136
230 1.7367360877348434
231 0.9809318925947899
232 0.733798
233 0.6846751574009999
234 1.0
235 0.452941
236 0.6119042633007917
237 0.20903963795892874
238 0.8766567656024665
239 0.694118
240 0.7911277876276371
242 0.4460785
243 1.352942
241 1.82353
244 0.792157
245 1.359702
246 1.82497748663682
247 1.394857022341558
248 0.938774
250 1.0365698667829075
249 0.5108492188046811
251 1.5631083378624147
252 0.8858682636132236
253 1.493312
255 3.389928
254 2.54902
256 1.380724847795051
257 0.4961553852068639
258 0.688235
260 0.8491012906897748
259 0.7667605507191017
261 1.1549876619722135
262 0.87649
264 0.437255
263 0.984314
265 0.31789148479999996
266 0.835294
267 0.5696069153852267
269 0.6988367240115572
268 1.482352
270 0.41110666297599996
271 1.0213784889055617
272 0.460784
273 1.16812
274 0.532881
275 0.960784
276 0.427079
278 0.312336
277 0.10121698859046194
279 1.5321202244663228
281 1.6951055701274707
280 0.36864418535082455
282 0.9886296532653502
283 0.19932342360666666
284 0.341176
285 0.476472
286 0.02739673390970217
287 0.680588
288 0.9675611916653685
290 1.3202469603999998
289 1.4
291 1.070588
292 0.594118
293 0.8123991414254166
294 0.8342751969325561
295 1.7940651990051546
296 0.445451
297 0.5095296656868253
298 0.6499995000000001
299 0.7990973945041334
300 1.8787283007174205
301 0.9536606417616136
302 0.9836852127384151
303 0.6782700332180001
304 0.4773331119475695
305 1.8056291052706537
306 1.811764
307 1.136942384559221
308 1.70196
309 1.709804
310 1.40777
311 0.503551
312 0.682353
313 0.4555268286518741
314 0.513726
315 0.9371645567352876
316 0.35728832569600005
317 0.9072572834905301
318 1.054164
319 1.1676265039679317
320 0.9546488733702038
321 0.5048118455533485
322 1.0985020862256374
323 1.17255
324 1.4932375643609999
325 1.8348713484844108
326 0.9525798450749998
327 0.750027805858803
328 1.454911490699396
329 0.34616471049599995
330 0.890196
331 0.7380129133124975
332 0.908597463095484
333 1.0539645118440502
334 0.515686
335 0.637255
336 0.9322921064288788
337 2.162629065744
338 0.48046246771600004
339 2.2952774047469635
340 0.570588
341 0.6065229334543868
342 0.26190341522500005
343 0.8555498522793551
344 0.8759258265923193
345 1.1283733016312096
347 0.6111553379539014
346 0.7262541145208378
348 1.0818093219398695
349 1.3410959999999998
350 0.33947519913424784
351 0.6734498534617879
352 0.615686
353 0.9905347771559019
354 0.604524
355 0.398039
356 0.370588
357 0.6343039502838262
358 0.453088
359 0.968628
360 0.6728165808643206
361 1.106538
362 0.27549
363 0.7824828072614244
364 1.6588260000000001
365 0.780069412236277
366 1.0484265657961975
367 0.6342443733723349
368 0.9958775393956839
369 0.7113775386239999
370 2.6194753830857995
372 0.762745
371 0.35
373 1.0225942900922418
375 1.639216
374 0.7844057468564245
376 1.9599999999999997
378 0.6424975386207721
377 1.041411634471003
379 1.8387876672725239
380 1.392156
381 0.32283908435640707
382 1.8973295859752466
383 0.733334
384 0.8334045308475102
385 1.57255
386 0.899805
387 0.8816674333335
388 6.840359006463999
389 1.0577189382575762
390 0.637255
391 1.062746
393 1.0870094294304289
392 1.0157495283359999
394 2.5109381448359995
395 1.086274
396 2.219608
397 1.6422366419238144
399 1.0013381731225353
398 0.9616433934483218
400 0.9113636642108738
401 0.740949094656
402 2.423819287044
403 1.282352
404 1.3547038461991996
407 1.0227438230238182
405 0.7290795168054052
408 0.5334100274729251
406 0.8124386481256639
409 0.5700042106546821
410 1.717648
411 0.14553295422110196
412 1.219608
413 0.5377787555560001
414 0.8168375307425653
415 1.470588
416 1.294116
417 0.5764046147675512
418 2.2558838415999998
419 0.8911234494435912
420 0.44590198473512205
421 0.680392
422 1.1100546798153
423 0.9165137496536649
424 0.8617649999999999
425 1.6882350000000002
426 2.219608
427 0.6096804759460346
429 0.519608
428 0.9164976215393407
430 1.02353
431 0.782353
432 0.8827373863643327
434 0.54481
433 1.745098
436 1.588252
435 1.7897464565787713
437 1.375819435816585
438 0.747059
439 0.9834266675119572
441 0.9995331424630177
440 0.7762958021731754
442 1.266666
443 1.2146331185074515
445 0.590196
446 0.419608
444 3.933632373776786
447 0.9050410169777876
448 0.9096431898887646
449 0.9126820177686713
450 0.896078
451 0.3027566505044384
452 2.141176
453 1.547118044224
454 0.7739303389657914
455 0.97538212599329
456 1.1516732558420002
458 0.9662357276305055
459 0.3444536893710942
457 1.0266123983784659
460 0.9013723863773052
461 0.607844
462 1.1583421703889771
463 1.141176
464 0.8824516680441032
465 0.939216
466 1.5750613096431443
467 1.6790734012480557
468 1.729412
469 0.9091340463803174
470 1.2548651383770257
471 1.564706
472 3.2714894565738084
474 3.866668
473 1.325606746716386
475 1.188236
476 2.0368685294073705
477 0.6480013864123543
478 1.415686
479 0.747716466436
480 0.8314482274969335
481 1.588236
482 2.2091293065959996
483 1.141176
485 0.994118
484 1.045423296288
486 0.673719
487 1.7573232974453366
488 0.9896513598006299
489 1.27451
490 1.25569
491 1.980392
492 1.980392
493 1.8305659735360535
494 1.3774175349805977
495 0.688235
496 1.980392
497 2.856762518416
498 0.8722589023151389
499 0.9626178428862391
500 0.4694826013355776
501 0.652941
502 1.321568
503 1.271946669355873
504 1.4169721598616871
505 0.9484987239569699
507 1.259802
506 0.6852945
508 0.9335204304718802
509 1.2874791287200307
510 1.180392
511 0.81218787005
512 0.811653242724
513 1.6651951267512268
514 3.317648
515 0.835294
516 0.519090796270497
517 1.003185300016179
518 1.268696
519 1.1869542215480202
520 0.477724262976
521 1.29804
522 0.890196
523 1.0231470808002119
524 1.1218611769980003
525 0.97932287926846
526 0.717648
527 1.302282662976
528 0.554902
529 0.3928161384405
530 1.4147435895619624
531 0.9046443148019999
532 1.8094407511738413
533 1.439216
534 0.47908131264900006
535 0.656863
536 0.984314
537 0.4909839138286118
538 1.411886
539 0.4885188671723267
540 0.55098
541 1.177153188345669
542 1.078432
543 0.7
544 0.8727289644712087
545 1.984312
546 0.4827797852108231
547 0.43221817516709515
548 0.630636103876
549 1.457696
550 0.3027242136465443
551 0.8196885398081357
552 1.0002666731815253
553 0.9538760723303483
555 0.491502
554 0.7739317574248189
556 0.5190598982439153
557 0.59820875458802
558 0.6921911389722641
559 1.431372
560 0.2358713648957058
561 1.054902
562 0.45411062110762174
563 1.9529505041129915
564 0.699745
565 1.5883010894099
566 1.401468
567 0.44087598511940723
568 1.0395703543025827
569 3.2527397456608935
570 1.627476235507808
571 1.0128392622113176
572 0.864706
573 0.7629756332179999
574 0.845098
575 0.3892155
577 0.9559067396811233
576 0.983673777624
578 0.5522526007690001
580 0.5205547583498461
581 0.97647
579 0.7075770629760001
582 0.413725
583 1.170588
584 0.8417556979608775
585 0.902519091107134
586 1.8073324636694006
587 0.798506
588 1.1372745198523835
589 0.7448767296624599
590 0.37665837562499993
592 0.8397019454868361
593 1.788248260516
591 0.46473896308178564
594 1.7210009652134663
595 0.637229
596 2.3994629604
597 1.245228
598 0.23980271186405455
599 0.29647044908099995
600 2.078432
601 0.582353
602 1.4416229999999999
603 3.0733035110559994
605 1.007844
604 0.9425811667266655
606 1.4328564886870427
607 1.5370996306627542
608 0.872417
609 1.2485852118271037
610 0.49703124483605865
611 0.4524389999999999
612 0.28126325594805307
613 1.031372
614 0.5662893453980697
615 0.9955289347489509
616 1.79608
617 1.0838914792038299
618 0.8111911015181916
620 0.5435355682815
619 1.3445790305434622
621 1.7588249999999999
622 0.6017745647669541
623 1.02353
624 0.838236
625 0.273220147328
626 0.350907085052677
627 0.4035760237153849
628 1.384314
629 0.8517218948904729
631 0.343137
630 0.9150020632326464
632 1.60994
633 0.8678108236002641
634 1.02353
635 0.8461925438512522
636 0.960784
637 0.8348952030760001
638 0.8708574226318175
639 0.952942
640 0.26164352491349996
641 1.345098
642 1.143102
644 0.896920749481
643 0.7604982323142893
645 0.6601234801999999
646 0.801961
648 0.8317658881440001
647 5.722410328336
649 1.711764
650 0.903922
651 0.832353
652 0.892157
653 0.651269573057359
654 0.870264
655 0.966127983049153
656 1.6257277174061673
657 0.909646864165182
659 1.1386213894241843
658 1.37647
660 1.0766995512540474
662 0.8350289984346667
661 1.062746
663 0.9096770000000001
664 0.5450533401191419
665 0.921568
666 1.335294
667 0.572840087044
668 1.1527028495999998
669 0.9829768764174182
670 0.2816190937159954
671 0.68217
672 0.7506167764579349
673 1.349951243522
674 0.7251739300433885
675 0.680392
676 1.0063976967816892
677 1.5355540608659624
678 0.3994066420536666
679 1.1212535104376975
680 0.7143266021643198
681 0.5966114543300646
682 0.6159374331889317
683 3.3395808123040003
685 0.65505
684 0.6304116297386696
686 0.38030276241758804
687 1.345098
688 1.467244
690 0.829412
691 1.5098017814288265
689 0.860172
692 1.847058
693 0.639004560280935
694 0.601286
695 0.5564091148020001
696 4.395191588368951
697 1.086274
698 0.6872213544067637
699 0.3728274531019673
700 0.5411932333969695
701 2.777775555556
702 1.9294243365630002
703 1.1896141698721572
704 1.14902
705 0.754172
706 0.9991894272707925
707 1.3323180466435183
708 1.8796759770687435
709 1.447058
710 0.744169
711 1.3069629048619438
712 1.8912140199515852
714 0.4966599999999999
713 0.724788
715 1.8092886296039998
716 0.431903332872
718 0.4358286125381773
717 1.6849078416000003
719 0.9576488464172926
720 0.858824
721 0.767996
722 0.878445060516
723 2.019247382213394
724 0.65373
726 0.554902
725 1.3433831452677434
727 1.5717737196159998
728 1.776468
729 0.568628
730 0.9987524948742654
731 0.8002388133834722
732 0.29499780076899995
733 1.8373893641091315
734 1.5235290000000001
735 1.1178136015973286
736 0.8561462558735123
737 1.976449307757585
738 0.8143262639561002
739 1.2233443549805045
740 1.49804
741 0.862377821449
743 3.3395808123040003
742 0.656863
744 1.235294
745 1.1450980000000002
746 1.043748371270797
747 0.9805639189964434
748 0.8334622451338098
749 0.743961
750 1.9651871287179494
752 2.1013676519483226
751 0.907162
753 1.268718
754 0.943137
757 0.955687054185199
756 1.611764
755 1.9160397092597259
758 2.5736705313346673
759 0.1952173422633717
761 1.7583446422246125
760 0.999424
762 0.885722
764 3.525688
763 0.9585032998020804
765 6.560678161995635
766 0.8387390863819693
768 0.9605611790479905
767 1.807844
770 0.426331949481
769 0.9936873334678356
771 1.352942
772 0.8195494872519182
773 0.5973342884404567
774 0.516328
775 1.50196
776 0.8179578701422894
777 0.707843
778 0.543137
779 0.3748437448023233
780 1.5733128474681828
782 0.9667479378925651
781 0.637255
783 3.0523697880186527
784 0.913726
785 0.7484942122680627
786 1.5747921619159502
787 1.1014450826776072
788 1.25098
789 0.8997986101500001
790 0.367092997924
791 1.2795867938880374
792 1.0758536587725585
793 0.7438224049751226
794 1.6067220888955398
795 0.8421285000000001
796 0.921569
797 0.522526
798 0.9802643278228687
799 1.6444626416954569
800 1.4264073103823165
801 3.072805655364
802 0.684314
803 1.3553177472695639
804 0.7923189314879999
805 0.8617649999999999
806 0.75098
807 0.3656865
809 1.03813
808 1.7071487223733224
810 1.02353
811 1.934873971741437
812 0.5880771036263021
813 0.980392
814 1.12549
815 1.305882
816 1.1279060976011508
817 1.203922
818 1.441792326062872
819 1.139757072900242
820 2.679038410753477
821 0.557429786251508
822 0.743721836832
823 0.7602436538206232
824 2.031372
825 1.088235
826 0.7024297206952451
827 1.808397990474797
828 0.752586
829 3.636869515527466
830 0.9556221148487305
831 0.585842
832 1.40392
833 1.1094042883914326
834 0.587899840408849
835 1.031900024739427
836 1.5066335024999997
837 1.9021275007732137
838 0.362888169604
839 3.9116540686257375
840 1.133334
841 0.8476477129869884
842 0.992156
843 1.6156860000000002
844 0.8425398091157232
845 0.78134
846 0.678432
847 0.307916229604
848 0.632894
849 0.812585514996832
850 0.7529410000000001
851 1.136572228306709
852 0.9176470000000001
853 0.37451
854 0.5581046200959999
855 0.5446568250639598
856 0.4944735034781945
857 0.7951380195745165
858 0.711765
859 1.1809966427515821
860 1.997667391940511
861 0.8701142407477308
862 1.1651264374276422
863 0.6403972727780782
864 0.4718617100158344
865 2.156864
866 1.470588
867 0.7647677401
869 2.0161926521147078
868 1.478432
870 1.3565400664360001
871 0.560463
872 1.2948737270246686
873 0.6411329803207474
874 0.705882
875 0.570588
877 0.9876657867369238
876 0.9977489609652342
878 0.49974442692657545
879 0.893322560453179
880 0.635162
883 0.8694862253342699
881 0.817172728709731
882 0.9029415
884 0.7114601235999855
886 0.394118
885 0.818617698908807
887 1.039216
888 0.936390514890758
889 3.7529608095360003
890 0.921568
891 1.0625651622295733
892 1.5052261457097227
893 1.4196080000000002
894 0.958985377760528
895 0.6422229777780001
896 0.627451
897 2.5736687640146663
898 0.743937
899 1.50196
900 1.158886
902 2.6613746023840004
901 1.0080606173887732
903 1.4856548854273974
904 1.12549
905 1.078432
906 1.858824
907 0.7198609720080519
908 0.968628
909 0.2264705
910 0.4418153211689023
911 0.7834060249959787
912 0.8348952030760001
913 0.82549
915 1.46874741982
914 1.0356713473280001
916 1.1738506393627806
917 0.613725
918 1.112018
919 1.1461586657440002
920 1.0390909843753864
921 0.9212490726539393
922 0.87451
923 0.8293533235615679
924 0.8992818191217068
925 1.2411750000000001
926 0.8815187634035347
927 0.8916087512203249
929 0.6924853636493352
928 0.6362476140239514
930 0.8288363456368614
931 0.954586
932 1.988236
933 1.591416
934 1.6215680000000003
935 0.790801
936 1.564706
937 1.454902
938 1.3426541630417466
941 1.337254
939 1.2431842018064991
940 1.7000000000000002
942 0.5480885089
943 1.6764700000000001
944 1.7595444065966033
946 1.2225884316833813
945 1.37647
947 0.5260874209987186
948 1.282352
949 0.7257607501475138
950 2.4490463993870266
951 1.9129326438613912
952 0.9986446462191331
953 0.5588334232861853
954 0.9722731960853505
955 0.75
956 0.89804
957 0.9795314916060637
958 0.291389438025
959 0.3565536470331787
960 0.938638
961 0.9885793014463476
962 0.8921741051104759
964 1.354531198214349
963 1.69804
965 1.0698129302580002
966 0.38275078516366673
967 1.517648
968 1.0559335262251381
969 0.6143635200147566
970 0.9007312212075275
971 1.17255
972 2.439036
973 0.6538279059331621
974 1.117648
975 0.8908422599621705
977 1.431372
976 0.21654877411499784
978 1.5037950898405341
979 0.6953159278058735
980 1.4321916010740323
981 0.47045800000000026
982 0.7387855516837385
983 0.758823
984 1.1163402351435128
985 0.9960989500578394
986 1.0179313114043889
987 2.329412
988 0.9784246774464621
989 1.4529420000000002
990 0.624288679338974
992 0.578423
991 1.2899105428124336
993 2.831372
994 1.6492961278352445
995 0.7474860258645055
996 0.9902644523313481
997 1.0043636485543925
998 1.02353
999 1.313726
1000 0.7973754379007167
1001 0.445098
1003 0.9571048647267776
1002 0.609804
1004 0.741176
1005 1.085409286810611
1007 4.683138371136
1006 1.047058
1008 0.5017831813945139
1009 0.9575980598851525
1010 1.6409308953054285
1011 1.541176
1012 0.847876129093613
1013 0.8742561460219563
1014 0.776768
1015 1.8381932692545209
1016 0.8029410000000001
1017 1.883487
1018 0.9906748609992448
1019 0.6528704318385081
1021 0.398039
1020 1.12549
1022 0.5722770809374911
1023 1.0785431568821717
1024 1.795464812978561
1025 1.8415039020400576
1026 0.6982860137977692
1027 1.003435640865359
1028 2.768628
1029 1.8573
1030 0.166667
1031 0.7362339575090139
1032 0.7732374589676663
1033 0.82549
1034 1.577322
1035 0.32948039584800004
1036 0.295098
1037 1.6018620000000001
1038 0.8950895319205407
1039 1.666666
1040 3.8272439987294864
1041 1.4863709520852009
1042 2.360784
1043 0.5522526007690001
1044 2.594502709332278
1046 1.282398
1045 1.7598706813279996
1047 0.6577843014824664
1048 0.7814059492355201
1049 0.6195244151452866
1050 0.23267695795600002
1051 1.079226
1052 0.9668187165303079
1053 1.3833209287666606
1054 0.5251013712179999
1055 1.0978576689255608
1056 1.968628
1057 0.856332899189394
1058 0.9069470087559269
1059 1.3375769526528185
1060 1.286282891042
1061 1.465316
1062 1.843136
1063 0.9097367608130124
1064 1.454902
1065 1.1235300000000001
1066 0.8913587979240001
1067 1.449216
1068 1.2755756543054246
1069 3.8332306639580334
1070 0.686274
1071 0.4103616702442226
1073 1.564706
1072 1.043944
1075 0.9748945764060231
1074 2.6986209915040003
1076 0.660784
1077 0.903922
1078 1.078432
1079 0.7972303209957181
1080 1.65098
1081 0.717311
1082 0.813725
1083 1.580392
1084 1.2300333857999999
1085 3.129412
1086 1.603922
1087 1.243138
1088 0.801961
1089 0.8207994680286598
1090 0.5580971494810001
1091 0.949886095634633
1093 0.62928211955025
1092 0.7293204162628231
1094 1.14902
1095 2.3371
1097 0.521202
1096 1.42627738091007
1098 0.8135139394094992
1099 1.27647
1100 0.472067
1101 0.6872801361024091
1102 1.0403187289536722
1103 0.605882
1104 1.619526673427814
1105 0.960784
1106 0.39881793955366657
1107 1.970589
1108 2.185761178624
1110 1.6378120751746246
1109 2.360784
1111 0.7103384939698549
1112 0.44737839829739706
1113 0.30628286442239944
1114 1.332285083352826
1115 0.609804
1117 0.5066796788136378
1116 0.858824
1118 1.496040282343446
1119 2.185761178624
1120 0.4773511250039647
1121 1.002083425298
1122 1.5808900000000001
1123 0.8582924563505647
1125 0.77451
1126 1.4167695216725242
1124 0.896078
1127 1.679176
1129 0.9010224607215019
1128 0.837478
1130 0.75098
1131 0.7263832435686944
1132 1.588236
1133 1.072328860737266
1135 0.9657972184981309
1134 0.3362745
1136 1.0019882331887267
1137 1.337976
1139 1.3262464191813754
1138 0.5952018952640487
1142 2.9266537515657602
1141 1.1552382065333084
1140 1.221538
1143 1.2446188769831228
1144 1.133334
1145 0.911109
1147 0.823529
1146 1.0037669291428188
1148 0.8210250248317577
1149 1.6360806602357902
1151 0.9227863754722132
1150 1.14902
1154 0.54769
1155 0.94902
1152 0.8329760064975631
1153 0.7364351962005931
1156 0.908328
1157 0.37084
1158 0.631373
1159 0.817647
1161 1.1356451184322391
1160 0.537254
1162 1.4204331933755174
1163 0.5397289882565154
1166 0.8128821685292349
1164 1.1515333570283128
1165 0.317648
1167 0.74902
1168 0.6504571828991845
1169 0.9786324355554462
1170 0.819205
1171 0.529412
1172 0.5571580192038419
1173 0.837375258640155
1174 0.758824
1175 0.843988
1176 0.9794959474492495
1177 2.941176
1178 1.864196975962405
1179 3.809241712602964
1180 1.6077693906840733
1181 0.7706480498410876
1182 0.409804
1183 0.9181143249134999
1184 0.9549070773504614
1185 1.373747332991142
1187 0.805882
1186 1.180392
1188 0.7850807156127324
1189 0.39188977212099996
1190 1.1279419207999999
1191 0.661054
1192 1.4448424642559998
1193 1.1057468068819853
1194 0.735294
1195 1.3054270517206237
1196 0.68743675125
1197 0.3559935
1198 1.258824
1199 0.462933273664
1200 0.617647
1202 0.958824
1203 0.8752298011486279
1201 2.862744
1204 0.6892159999999998
1205 1.5883479194026666
1206 3.317648
1207 1.196078
1208 1.395249124637848
1209 0.6166668083334041
1210 1.141176
1211 0.8980859631320411
1212 2.009914075776315
1214 0.557791377624
1213 0.986275
1215 1.8067258403627795
1216 1.705786
1217 1.737254
1218 0.8732709893120001
1219 0.8938922724990388
1220 0.6966299423061036
1221 0.924158966042587
1222 1.1480775539349517
1223 0.36235704552099995
1224 0.39101687719516526
1225 1.305882
1227 1.454902
1229 0.8235537316097805
1226 0.8926338415930847
1228 1.5235290000000001
1230 0.511765
1231 0.82549
1232 0.468627
1233 1.5385920332998266
1234 0.621569
1235 1.392156
1236 0.8732709893120001
1237 1.258824
1238 0.8808851600358768
1239 0.9576795317679929
1240 1.686274
1241 0.5735295
1242 0.9188559083637041
1243 0.709804
1244 0.858824
1245 0.9381771205611266
1246 1.748054
1247 0.407343915225
1248 0.91576
1249 3.537256
1250 1.588236
1251 0.603315
1252 0.876471
1253 0.45404922768199996
1254 0.6390157426452137
1255 1.556862
1256 1.25098
1257 0.49992371843645644
1258 3.035296
1259 1.494118
1260 2.862744
1261 1.6684235401093752
1262 0.8504093082048123
1263 1.225244
1264 0.9926336643515473
1265 0.911704148224
1266 0.9462199474135635
1267 0.637255
1269 1.2630281558656298
1268 0.786275
1270 0.9816976356930961
1271 0.9832099198038685
1272 1.388203397881833
1273 0.907843
1274 0.651141331488
1275 1.5437951196744557
1276 1.8689983892527138
1277 1.862180815662155
1278 0.712980961924
1279 1.7763399652034935
1280 1.0374579013783731
1281 0.8740268314625783
1282 0.9655263018934285
1283 1.454714745543434
1284 1.9599999999999997
1285 1.7068882852046758
1286 2.470588
1287 0.42589
1288 1.727824
1289 1.874508
1290 0.548165227682
1291 1.007844
1292 0.8974063059754076
1293 0.929412
1294 0.5314516862775002
1295 0.6881379713022968
1296 0.4658060149278882
1297 1.300022
1298 1.1365824290454098
1299 0.7629585983795988
1300 1.012516007516238
1301 1.047058
1302 1.22745
1303 1.1146153844652722
1304 1.3559925661550458
1305 0.598039
1306 1.2338210752482681
1307 2.094116
1308 0.9618158158585534
1309 1.370276265744
1310 1.2529409999999999
1311 0.9431175949867331
1312 0.6651887929735291
1313 0.447062065129
1314 1.69804
1315 1.711764
1316 0.7662206678951704
1317 1.5228427222766279
1318 0.9381097756165335
1319 1.148292851286351
1320 0.917684186138682
1321 0.298728926721
1322 0.7933123008208353
1323 0.8977191665437472
1324 0.6548610955400392
1325 0.437255
1326 0.866666
1327 2.031372
1329 0.9705879999999998
1328 1.103037287471138
1330 1.180392
1331 0.21620130447469027
1332 1.147678
1333 0.519608
1334 0.645039
1335 1.843136
1336 1.469985
1337 1.1295935648159787
1338 1.063728202384
1339 0.615035
1340 2.20392
1341 0.759489536211402
1342 0.46029612128423386
1343 1.37978
1344 0.640528
1345 2.0
1346 0.788236
1347 0.34833131841600007
1348 3.05864
1349 1.499277244217165
1350 0.715686
1351 2.3271197401
1352 0.735294
1353 0.8492504152666761
1354 1.005882
1355 0.3634911606815897
1356 0.617647
1357 0.8856263146718486
1358 0.7945817027409972
1359 0.3343135
1360 0.944808815665194
1361 1.811646
1362 1.77647
1363 1.2827252196034158
1364 0.994557081421632
1365 0.837856
1366 1.183177455964185
1367 0.6853869855498198
1368 0.7773366202043441
1369 1.486274
1370 2.245408445675687
1371 1.5863946526855834
1372 0.8775074687560265
1373 0.698429
1374 0.950098041288
1375 0.813725
1376 0.8669040948066209
1377 0.9052581901256825
1378 1.611764
1379 0.856863
1380 0.410359754344936
1381 1.447058
1382 0.692157
1383 0.652941
1384 0.9559904510048978
1385 2.702370619181634
1386 1.5260425811934928
1387 1.794117
1388 0.323145291042
1389 0.74902
1390 0.645098
1391 1.492629571260804
1392 1.513726
1393 1.39793
1394 2.517648
1395 1.1817108128748477
1396 0.512484
1397 0.472636
1400 1.188236
1398 0.452941
1399 0.292157
1401 0.31063856633744924
1402 1.0275273142870758
1404 1.22353
1405 0.9060199806192292
1403 0.8222478415230001
1406 0.209804
1407 0.375822
1408 0.8403689752299383
1409 0.387545036832
1410 0.775090073664
1411 0.709804
1412 1.486274
1413 0.93421417513676
1414 1.467714504896858
1415 1.229800429951094
1416 2.0056507641
1417 1.235294
1418 0.7637238432908542
1419 0.9364070987282519
1420 0.641176
1421 1.6505648814380873
1423 1.002083425298
1422 0.554080741956
1424 0.9629807407267639
1425 0.5514165140705203
1426 0.7546577228820001
1427 0.5313720000000002
1428 0.5561979407177509
1430 0.535294
1429 0.629118
1431 0.751556
1432 0.8200724326667365
1433 0.8588579028945892
1434 1.3748735025
1435 0.3
1437 1.6394892952427342
1436 0.7076036283595043
1438 0.178431
1439 0.8206656979351281
1441 1.321568
1442 0.960784
1440 0.527451
1443 0.37064637803136363
1444 0.7587293925347658
1445 0.284314
1446 0.8627564299369893
1447 0.90196
1448 0.3984362576847709
1449 0.26316787005
1450 0.6951392139767915
1451 0.870588
1453 0.45099763599702186
1452 0.32452487979333333
1454 0.718195798689394
1455 0.634296
1456 0.500001
1458 0.860784
1457 0.786710916134171
1459 1.721568
1460 1.7368656816039998
1461 0.813725
1462 0.6830824462308095
1463 1.104224
1464 0.745896
1465 0.772999486997694
1466 0.731373
1467 1.439216
1468 0.2863384443320526
1469 0.529110869352814
1470 3.9374941133440005
1471 0.7049737850868404
1472 0.696078
1473 1.0868841649015926
1474 1.392156
1475 0.664706
1476 1.4650666994339303
1477 1.3549450681036175
1478 1.7211426220084722
1479 0.8579220000000001
1480 0.5519618712026667
1481 0.885516196615562
1482 0.6910235609883912
1483 0.24617325
1484 0.5526781451084347
1485 0.4747296404975086
1486 0.5617650000000001
1487 1.0507278660725583
1488 0.8687779438722378
1489 0.8373479403944935
1490 0.8026934171083411
1491 0.8794124999999999
1492 1.617648
1493 0.9894799337757307
1494 1.523206260477634
1495 0.882352
1496 0.5617650000000001
1497 1.111764
1498 0.479412
1499 0.733333
1500 0.6057668924790008
1501 0.661534009819601
1502 0.905882
1503 0.4839121535820513
1504 0.6425121566430994
1505 1.379416
1506 0.7890353598531931
1507 1.966661279125843
1508 1.4971121819006956
1509 1.3202469603999998
1510 0.236578
1511 1.617648
1512 1.1941436431521166
1513 0.479793
1514 1.02353
1515 0.899416
1516 0.4462710255282097
1517 0.9700268751940821
1518 1.074508
1519 1.5259512664359998
1520 0.456863
1521 0.715686
1522 0.35391907042468007
1523 0.3186275
1524 0.601961
1525 0.4139835402649887
1526 1.0533512329594539
1527 1.8239
1528 0.720146
1529 0.339216
1530 0.9417229697867215
1531 0.288611
1532 1.0145143482520753
1533 0.9520718603260537
1536 1.082352
1534 1.2482492777865482
1535 0.9852945
1537 1.0060395619830074
1538 3.8454278014197913
1539 0.9273425634374999
1541 1.211764
1540 1.1884783972319999
1542 0.5107545808210305
1543 0.852941
1544 0.57451
1545 1.94902
1546 1.254345
1547 0.8864504952250002
1549 1.6978232409919998
1548 0.942041065744
1550 0.9344450888890001
1551 1.509666466257459
1552 0.503922
1553 1.686402
1554 0.9527182427980079
1555 0.32249635622446565
1556 0.9999991907931828
1557 0.788236
1558 0.7390133796411719
1559 0.48682701943850665
1560 0.5831353593605285
1561 0.6671549571808804
1562 0.8830013529621012
1563 1.345098
1564 1.1966099906151544
1565 0.8355350583735607
1566 0.289745
1567 1.405573637090091
1568 1.3823361676631096
1569 1.192469298195788
1570 0.4929830221191873
1571 0.939712
1572 1.2024126152075172
1573 0.462457
1574 0.788235
1575 0.362745
1576 1.8674248972969019
1577 1.873488799382248
1578 0.7999679782517581
1579 0.46155294732799995
1580 0.505882
1581 0.8957122287074437
1583 0.8664479240300034
1582 0.2970585
1584 0.7581543057498257
1585 0.77451
1586 2.5483018834965194
1587 0.554902
1588 1.705882
1589 1.1598073037275696
1590 0.813725
1591 1.2844368889
1592 1.54902
1593 1.023526
1594 0.5199406469816095
1595 0.9240416347788492
1596 0.734185995848
1597 0.788236
1598 0.8630878001525256
1599 1.794117
1600 0.677988
1601 0.767064
1602 0.39999999999999997
1603 0.7422821893646648
1604 0.4942229829422146
1605 0.3967905153817818
1606 0.6264704999999999
1607 1.077407404895613
1608 0.9834815959795589
1609 1.901901648430677
1610 2.721568
1611 0.8789106167930382
1612 0.9642864726850946
1613 0.358824
1614 3.809110193163275
1615 0.774515
1616 0.294118
1617 1.7244767020818428
1618 1.777124
1619 0.8676465
1620 0.9998494473370295
1621 1.1770669163569323
1622 0.800026
1623 0.9221742577380212
1625 0.67428288926261
1624 0.8228347288060721
1626 1.29804
1627 1.203922
1628 0.9882242184470947
1629 0.488355998616
1630 1.141176
1631 1.0571513740747183
1632 1.249137051904
1633 0.75
1634 1.159044065283
1635 1.804344
1636 2.188236
1637 0.5956810328196622
1638 0.5660224413133577
1639 0.468627
1640 0.566667
1641 0.389272525952
1642 1.219608
1643 0.79416
1644 0.4434819440064281
1645 1.094118
1646 0.5929559014099894
1647 1.282352
1648 0.30357896040000004
1649 1.2277680688391563
1650 1.533334
1651 2.690196
1652 3.250086274640375
1653 1.344066
1654 0.265932050596
1655 1.17255
1656 0.554902
1657 0.46070999999999995
1658 0.644944407642582
1659 0.719608
1660 1.890196
1661 1.6639083096398575
1662 0.8749324188769252
1663 0.756862
1664 0.9999622875598092
1665 1.780704444854667
1666 1.0583699148019998
1667 0.684314
1668 0.343718375625
1669 0.8118843502363975
1670 1.345098
1671 0.7012569930019064
1672 1.10196
1673 1.0181833812483552
1674 0.8879480469425004
1675 1.0637285830624277
1676 1.5376558810125531
1677 1.451635889171447
1678 1.23931
1679 0.633333
1680 1.5846378629759998
1681 3.6001419392160003
1682 1.8597854046055202
1683 1.039216
1685 1.337254
1684 1.368628
1686 0.70196
1687 1.0604824734330875
1688 0.7540214999999999
1689 1.1899305472640964
1690 0.819608
1691 0.46976317576767695
1692 1.0229706722586667
1693 1.2147935952138909
1694 0.502941
1695 3.7411721925209998
1697 1.0272363580077872
1696 1.3185649937857689
1698 0.516248
1699 0.4157327264344645
1700 0.481799797924
1701 0.3931375
1702 0.9306253455622926
1703 0.739216
1704 0.882352
1705 0.9677995041865374
1706 0.195588
1707 1.840102421333377
1708 0.31877
1709 0.9738052682820543
1710 0.37665837562499993
1711 0.6058177872079685
1715 0.9630460097933419
1716 0.9821055059338488
1713 1.228903221962847
1714 1.3986129118556434
1712 2.486276
1717 1.1873075546291452
1718 0.94774
1719 0.9790965800759134
1721 1.984312
1720 1.664706
1722 0.703680151788
1723 0.6843647289205955
1725 1.12549
1724 0.287255
1727 1.219608
1728 0.62445
1726 1.576472
1729 2.925932
1730 0.8342098656836485
1733 1.8063367166984619
1732 0.360799643556
1731 1.447058
1734 1.203922
1735 0.746685
1736 0.7455680640007257
1737 0.743778487190384
1738 1.1356795898080878
1739 0.9991573045762113
1740 0.6394188460854651
1741 0.960784
1742 0.594118
1743 1.0037472652830002
1745 0.519608
1744 0.937254
1746 1.092803101033779
1748 0.5973361947097839
1747 0.736018
1749 1.3573279130107065
1750 0.6660236255198959
1751 1.615688
1752 0.495139
1753 0.35098
1754 1.670588
1755 0.40305991690000004
1756 1.0540904207797013
1757 0.9991683831040796
1758 0.3222639577368361
1759 0.796078
1760 0.32549
1761 0.6916045750834311
1762 1.372548
1763 2.000644
1764 0.67952
1765 0.762745
1766 0.3449614843106155
1767 2.6155830911744418
1768 0.45761301384100006
1769 1.036796
1770 1.441998
1771 1.9248623398056706
1772 1.9159887560268367
1773 0.605882
1774 1.0920123665048593
1775 1.3406590979644053
1776 0.9280070239987297
1777 1.8731426023839999
1778 1.321568
1779 1.691357747328
1780 0.81
1781 1.2952842419407409
1782 1.3320413678353578
1783 1.884082131488
1784 0.9895682589191415
1785 0.970588
1786 1.4598359095523945
1787 1.611764
1788 1.7525739550082866
1789 1.533904
1790 1.829412
1791 1.752942
1793 0.3366115242189527
1792 1.139754059208
1794 1.9930560705695377
1795 0.727451
1796 0.684314
1798 0.9624154287667537
1797 0.57647
1799 1.1843139999999999
1800 2.84706
1801 0.5478818659594755
1802 1.007844
1803 1.705672568196
1804 1.3061761349583243
1805 0.382353
1806 1.487443673664
1807 0.7608999080725548
1808 0.23548600153800003
1809 3.876688
1810 0.7494989315537565
1811 2.407376955222666
1812 0.6927140461626283
1813 1.302282662976
1814 1.392156
1815 1.494118
1816 0.986275
1817 1.117648
1818 0.6138517818159361
1819 0.6019965
1820 3.436410825744832
1821 3.829308887044
1823 1.0074100000000001
1824 0.904346
1822 3.333332
1825 1.249838
1826 0.7943045827837643
1827 0.9776387965842765
1828 0.744172
1829 1.0498552537189028
1830 0.908823
1831 0.956506674614802
1832 0.7387007314893803
1833 1.0600676269065348
1834 0.578431
1835 2.376472
1836 1.0
1837 0.6939771635730686
1838 0.9405529039977851
1839 0.715686
1840 0.4527348246773895
1841 1.0167563574824363
1842 0.7787216263648087
1843 0.956616
1844 0.7943952009591951
1845 1.081314532872
1846 1.1300767482169063
1847 1.6117017062137047
1850 1.6359409651418177
1848 1.2712262948055333
1849 1.6121859731056185
1851 1.7673362657440002
1852 1.9474826361677424
1853 0.57451
1855 0.3708395
1854 1.676472
1858 1.196078
1856 0.8018181662489999
1857 1.541176
1859 0.833333
1860 0.782353
1862 1.589292267266615
1861 1.266666
1864 1.405666730514006
1863 1.113899113935331
1865 0.8081806675220001
1867 1.958823
1866 1.337254
1869 0.8773652254441515
1868 0.49288933641361177
1870 1.266666
1871 0.8468708970551213
1872 1.1097783132238461
1873 3.6
1874 0.880392
1875 1.591370140220056
1877 0.17696075
1876 1.5653608415805176
1878 2.5474649820840005
1880 1.5349
1883 1.201028199989104
1882 1.3308044357038522
1881 3.035296
1884 0.8527403422900103
1879 0.5244166571634024
1885 0.7105011228375001
1886 0.680392
1887 0.813725
1888 0.7452080309099514
1889 1.903263
1890 0.8251734401278483
1892 0.2890908762685962
1891 0.960784
1893 2.837421623553716
1894 0.9529942792799317
1895 0.9692866597133071
1896 1.231372
1897 0.8296445375763782
1898 1.1823540000000001
1899 0.9086403208489746
1900 0.26420058886854964
1901 0.552942
1902 0.733334
1903 0.37555497777800007
1904 0.2013132088776785
1905 0.7272406131715748
1906 1.25098
1907 1.5868595499571891
1908 1.1876117314880001
1909 1.580392
1910 0.9998111760225858
1911 1.580392
1912 1.807844
1913 0.9264705
1914 1.747264095163499
1915 0.9957722487003712
1916 0.7545128651290001
1917 0.598493
1918 0.8692352402301692
1920 0.10069703395541496
1919 0.9579989999999999
1921 1.35911
1922 1.364619
1923 1.1401384327511666
1924 0.9837530907689781
1925 0.803922
1926 0.9682580152730264
1927 0.921569
1929 1.6143683051268272
1928 1.652124
1930 1.313726
1931 0.7308574296040001
1932 1.211764
1933 2.212976
1934 0.8346136722030001
1935 1.5649189073340288
1936 1.0189690340246067
1937 1.2364567512499998
1938 1.768628
1939 1.5226835148020001
1940 0.801961
1941 2.445432
1942 1.7533020000000001
1944 0.440196
1943 0.99946255000621
1945 0.758824
1946 1.535295
1947 2.0027998929161748
1948 0.8884479245565209
1950 0.8418365410177698
1949 0.841586
1951 0.737681633993283
1952 1.1173552904755153
1953 2.611764
1954 0.391756623456519
1955 1.17255
1956 2.2593851803281875
1957 2.376472
1958 1.12549
1959 0.3556464612881443
1960 1.203922
1961 0.6129505700381056
1962 0.524845
1963 0.829624513616414
1964 0.9646356427121417
1965 0.7000040605826666
1966 1.4427053820170517
1967 7.223666785344
1968 0.241017
1969 2.3032554519040005
1970 1.61556
1971 0.785227
1972 1.3328281967061937
1973 1.352942
1974 1.5259512664359998
1975 2.376472
1976 0.32194843402500006
1977 0.696078
1978 1.41213
1979 0.743721836832
1980 0.925866547328
1981 1.141176
1983 1.410596
1982 0.27549
1984 1.078432
1985 0.763296
1986 1.179896
1987 1.022609588030248
1988 0.9522488022015934
1989 0.7631229058599639
1990 1.6125870348008393
1992 0.758824
1991 0.8418097434417473
1993 1.486274
1994 2.467512
1995 0.6731217010445201
1996 1.7419661584210964
1997 1.368628
1998 0.6188574414981746
1999 0.8299473972887809
2000 1.211764
2001 1.392156
2002 1.04902
2003 2.038512
2004 1.705327797924
2005 0.939216
2006 1.074508
2007 2.392156
2008 1.5243823621587829
2009 0.7977368170414809
2010 1.141176
2011 0.7059523958480001
2012 1.1161942989620002
2013 1.486274
2014 1.6294119999999999
2015 1.243138
2016 0.8710447371396487
2017 1.760784
2018 1.9380983283359998
2019 3.183776450596
2020 8.070128766750525
2021 0.6927280494458116
2022 2.745662256016
2023 1.596078
2025 1.611764
2024 0.605882
2026 0.560066
2027 0.540657266436
2028 0.8251365256875108
2029 0.9939770374513186
2030 1.486274
2031 0.633333
2032 1.01161088
2033 0.688235
2034 1.1446294178891756
2035 0.7389448239712875
2036 0.2802679206970837
2037 0.7502731137295902
2038 0.10183174153072731
2039 0.7511099555560001
2040 1.560784
2041 1.0495433108640746
2042 0.7821639044607807
2043 0.8829274778281666
2044 0.9433678547502311
2045 0.6082157172739587
2046 0.545098
2047 0.968798609909545
2048 0.403922
2049 0.8085242089688266
2050 0.919343462976
2051 1.333548989978246
2052 1.3127522285159998
2053 1.880731829980683
2054 1.862746
2056 0.855882
2055 0.847071795387
2057 0.5577987813114506
2058 1.235294
2059 1.0692362869871337
2060 0.48037072234438544
2061 1.682044
2062 1.543136
2064 1.01321883045
2063 0.935294
2065 1.392156
2066 0.805882
2067 9.990555494656
2068 0.32168240645685076
2069 0.6315574186582323
2070 0.543137
2071 0.6315184381590804
2072 0.676471
2073 1.0500487572233856
2074 0.6805903773583494
2075 0.4956405338827516
2076 2.31328
2077 0.7673575363287654
2078 1.119242
2079 1.487685871900959
2080 0.34120496970475367
2081 1.0438180000000004
2082 1.50196
2083 1.454902
2084 0.8204745
2085 0.984314
2086 0.882352
2087 1.252101
2088 0.531373
2089 0.8099774209919999
2090 0.992348
2091 1.1425249093046896
2092 0.42389690646744127
2093 1.040830255245891
2094 0.7794189191876469
2095 1.1737132203
2096 0.78757
2097 0.9693145292014897
2098 0.844997243665372
2099 1.211764
2100 0.323104706929
2101 1.070588
2102 0.8348952030760001
2103 1.086274
2104 0.598039
2105 0.1931375
2106 1.17255
2107 1.062746
2108 0.3532499218893608
2109 0.519608
2110 0.662746
2112 0.639216
2111 0.9794807457663223
2113 0.8720849311314621
2114 1.4258924517275928
2115 0.788236
2116 0.741659599317539
2117 0.77451
2119 0.680392
2118 0.894118
2120 1.10196
2121 0.8084105584627066
2122 1.9801062690498852
2123 1.478432
2124 2.0713426946560003
2125 0.7140226269884611
2126 0.8115527265284874
2127 0.829412
2128 5.280987841599999
2129 0.821569
2130 0.735294
2131 2.144544
2132 0.3210485
2133 0.9707625
2134 1.133334
2135 1.117442
2136 0.772126129232318
2137 1.7760166603527747
2138 1.5237963375997894
2139 0.7992831303086535
2140 0.9406385184115755
2141 0.44902
2142 0.7396925441907041
2143 1.711764
2144 0.7062186905180043
2145 1.826936
2146 1.792156
2147 0.95940535397932
2148 0.744928494969148
2149 1.729412
2150 1.207292
2151 1.282352
2152 0.754902
2153 0.540883
2154 1.759926517962809
2155 1.5457332870168774
2156 1.0244129011920002
2157 0.7216679704169345
2158 0.9494378299330835
2159 0.925866547328
2160 0.37665837562499993
2161 3.968716171906085
2162 0.998039
2163 0.9024185658746565
2164 1.705504
2165 2.376472
2166 0.996081845521
2167 1.737254
2168 1.6887249941500313
2169 0.9665203458879661
2170 3.615688
2171 1.682352
2172 0.7286979220880273
2173 3.992156
2174 0.6884290874033361
2175 1.988236
2176 1.3590377712075667
2177 1.329412
2178 1.02353
2179 1.325502199308
2180 0.598039
2181 0.70886036360729
2182 1.543812
2183 0.9963150446969092
2184 0.662746
2185 0.9582244733970643
2186 1.943303438774132
2187 1.4494281820839998
2188 0.9895893133771936
2189 0.22978171413353857
2190 0.7138218338120556
2191 1.607844
2192 0.7947846742301937
2193 0.734624
2194 0.4189573999992552
2195 0.8039292776329894
2196 1.079694021675
2197 0.9503522782659772
2198 1.1858100882479734
2199 0.9524023938833656
2200 0.6273649070413445
2201 1.357834
2202 0.405258
2203 0.8265409935235718
2204 0.9641104089432715
2205 0.6518838974328557
2206 0.3553828996
2207 0.8036054742674866
2208 0.8051118421631024
2209 1.7497892576160001
2210 0.735294
2211 0.31274500000000005
2212 1.180392
2213 0.484314
2214 2.485263966784
2215 0.8593951675056125
2216 0.519608
2217 0.5
2218 0.610614
2219 1.4547165642602289
2220 0.87339
2221 0.527451
2222 0.578846014760699
2223 0.30241681831065376
2224 1.0168816562751635
2225 0.8264461820191319
2226 0.806862
2227 1.0244129011920002
2228 0.570310255639265
2229 1.37647
2230 0.645098
2231 0.617647
2232 1.282601204024284
2233 0.3420937530436666
2234 0.426331949481
2235 1.1087631545447385
2236 1.0316180505960002
2237 0.5485842002928994
2238 0.9208220718959046
2239 1.8546851268749998
2240 1.874513516448201
2241 1.4352096460684123
2242 1.219608
2243 0.739216
2244 1.431372
2245 2.824424
2246 0.8548631435291612
2247 0.9567513412947705
2248 0.3343135
2250 1.219608
2249 0.503922
2251 1.235294
2252 0.427941
2253 1.2512986504539914
2254 0.9902084804711594
2255 1.0297143646016083
2256 0.8029410000000001
2257 1.721568
2258 1.3123746817257886
2259 0.7336335316331388
2260 1.3146006460498438
2261 0.735561
2262 1.556862
2263 1.9599999999999997
2264 0.991044854785255
2265 0.8544690410743057
2266 0.617647
2267 0.55098
2268 0.838059687936
2269 0.6114986004592361
2270 0.5380148557109429
2271 0.71318
2272 0.5314295928160934
2273 1.0628599829758616
2274 3.512708105284
2275 1.0178583490115332
2276 1.988236
2277 0.47577119369501886
2278 0.9009595622955944
2279 0.8360001668165944
2280 0.5482519540156697
2281 1.1728973708370625
2282 1.22745
2283 2.6116378948934904
2285 1.1706793478814796
2286 0.876471
2284 0.4923156604104051
2287 2.597783191696
2288 4.652062314496001
2289 0.876471
2290 0.809804
2291 1.2099572579794005
2292 0.6166599944639999
2293 0.77451
2294 1.0687809647824744
2295 0.9977033472990421
2296 0.16372500000000012
2297 1.1543789725885805
2298 0.43718395111918623
2299 0.8374863785708568
2300 1.313726
2301 0.852663898962
2302 0.9372836577106508
2303 1.180392
2304 0.55648
2305 0.39421170248393894
2306 0.8554738974794325
2307 0.929412
2308 1.12549
2309 1.062746
2310 0.362745
2311 0.3042365
2312 0.9555679636974138
2313 0.9517979172669133
2314 1.4525239404643218
2315 0.49866305866782035
2316 0.310657995848
2317 0.8236813329691633
2318 0.46609643508281934
2319 1.203922
2320 0.873729
2321 0.9125968830390333
2322 6.7660333456
2323 1.104195145871719
2324 1.052506
2326 1.7720668161000002
2327 0.461814
2325 1.268763694682347
2328 0.6324053155220001
2329 1.966653870113114
2330 0.803922
2331 0.41110666297599996
2332 0.479927
2334 0.6826482785701158
2333 0.25577800468263645
2335 1.541176
2336 0.7892575062174135
2337 1.462746
2339 0.860784
2338 1.4
2340 0.778545051904
2341 0.9884658823529413
2342 1.27451
2343 3.9026660904582595
2344 0.9384078178880668
2345 1.4075075971221132
2346 2.8
2347 0.809804
2348 0.633453511687605
2349 0.24221851264900002
2351 0.936614577624
2350 0.7738529999999999
2352 1.3202469603999998
2353 0.5730408089494676
2354 0.8096570520159931
2355 0.723529
2356 1.7353640015085317
2357 0.6609462476440517
2358 0.866556021008185
2359 0.9140884529669542
2360 1.044993955248
2361 0.809804
2362 0.855551
2363 0.8667534541996095
2364 0.9998472415549157
2365 0.6152825127229401
2366 1.133334
2367 1.1197163051657721
2368 1.498071728679352
2369 3.411764
2370 0.889775
2371 1.495116
2372 3.474508
2373 0.762745
2374 1.43219
2375 0.7324441666677854
2376 1.384314
2377 1.4014140632618184
2378 1.352942
2379 0.7124040000000004
2380 1.3099064839680001
2381 0.355405553281
2382 1.262684
2383 0.3125003046307353
2384 0.970774
2386 2.034607617791527
2385 1.6280805509907168
2387 0.6271887103801641
2388 0.7132855798953575
2389 0.557791377624
2390 0.62549
2391 1.22745
2393 1.133334
2392 1.164706
2394 0.883092
2395 0.523529
2396 1.0121357029459594
2397 0.443138
2398 1.855689175597997
2399 1.007844
2400 1.0913254560260877
2401 0.892157
2402 1.9599999999999997
2403 2.737256
2404 1.466496
2405 0.8629380015379999
2406 0.720524
2407 0.9235280000000001
2408 0.8069652579277419
2409 1.439216
2410 1.1453715300056075
2411 8.016667402384
2412 1.0771733153537137
2413 1.2876231363060202
2414 0.824214
2415 1.611764
2416 1.6044427555560001
2417 1.69888633116133
2418 1.196078
2419 0.727508349481
2420 1.3172798878960386
2422 0.605882
2421 0.802274
2423 1.0601869614326032
2424 2.941176
2425 2.071506728386667
2426 0.972762
2427 1.345098
2429 0.437255
2428 0.8644832868293143
2430 0.397797
2431 1.567532
2432 0.621569
2433 1.290196
2435 0.6510996101548019
2434 0.82549
2436 0.9950278610710556
2437 1.428381259208
2438 0.9910123641680001
2439 0.575531
2441 0.748714405589312
2440 1.002463529727687
2442 1.0382793638551218
2443 0.398039
2444 0.692157
2447 0.9484373681471302
2445 1.187462
2446 0.5139385951698948
2448 0.3319195
2449 0.7517877038215864
2450 0.668627
2451 0.27784275411377907
2452 1.0
2454 0.737578662976
2453 0.24221851264900002
2456 1.2383967733773529
2455 0.4996901420407411
2457 0.9908003611235091
2458 0.20147025000000002
2459 0.8034247612591734
2460 0.5239211614860559
2461 0.3520402587467539
2462 0.5490200000000001
2463 0.8794124999999999
2464 0.97647
2465 1.397252521946193
2466 1.3484019098438962
2467 2.29804
2468 1.2518803127226927
2469 0.7384365369161726
2470 0.357650645521
2471 0.6680246610573477
2472 0.62549
2473 0.278425
2474 2.6496555224225613
2475 0.937254
2476 1.1925792426315514
2477 1.717648
2478 0.8385976670456186
2479 0.45924656325773433
2480 1.559176
2481 1.580916
2482 1.541176
2483 0.184473
2484 0.32965218477436325
2485 0.733334
2487 0.8697088371868
2486 1.258824
2488 0.6177107202134894
2489 1.3713064453817838
2490 0.2235295
2491 0.9658082401966767
2492 0.3360922875456764
2493 0.396078
2494 0.517647
2496 0.9996877494379682
2495 0.4576710358813049
2497 1.313726
2498 0.6598602186551835
2499 0.566667
2501 1.0316180505960002
2500 0.770588
2502 2.815688
2503 0.76262
2504 1.6416578922498515
2505 1.4294129999999998
2506 0.7059523958480001
2508 1.04053891548565
2507 1.232735683896722
2509 0.905882
2510 0.390196
2511 1.7588249999999999
2512 0.972498
2513 1.7663167501171162
2514 1.126978
2515 1.4983450082084135
2516 0.958824
2517 0.8219485521941988
2518 0.958824
2519 0.798039
2520 1.2364567512499998
2521 2.387775665685683
2522 1.7858759393194144
2523 1.897402474285892
2524 0.785803
2525 0.719608
2526 1.407844
2527 0.919343462976
2529 0.8525752737766521
2528 2.768628
2530 0.9
2531 0.7866292056497608
2532 0.753659
2534 1.210342
2535 0.7385529320896262
2533 1.69804
2536 1.321494
2537 1.690196
2538 0.5174210842762146
2539 1.2574287651710232
2540 1.978812836257175
2541 1.54902
2542 1.9294243365630002
2543 0.714190629604
2544 0.539676830472
2545 1.4098039999999998
2546 0.9517568626951266
2547 0.972738375625
2548 1.08135
2549 0.629412
2550 3.8600696664360004
2551 0.8467723713859341
2552 1.914654443522
2553 0.634802760003
2555 1.132518
2554 0.570588
2556 1.6318893554429479
2557 1.7288370000000006
2558 0.9534936608999999
2559 1.9987648026339553
2561 0.5481130882258112
2562 0.535294
2560 3.587334488676
2563 0.621569
2564 3.520666174831802
2565 1.070588
2567 0.8202983211596091
2566 0.9708754929800629
2568 0.6589607916960001
2569 0.5033693940381491
2571 3.00392
2570 1.3228749934578719
2573 0.5659069999999999
2572 0.9350950411318784
2574 1.42353
2576 0.22030869331437483
2575 0.5205885
2578 0.747059
2577 0.8213449030312199
2579 0.882352
2580 1.243138
2583 0.962892
2582 1.180392
2581 1.7409464402324775
2584 1.1799912030759998
2585 0.421569
2586 1.054902
2587 0.6629228452851488
2589 0.476471
2588 1.2611042531010668
2590 0.5725012775483383
2591 0.931858
2592 2.118608335936
2593 1.556862
2594 0.739216
2595 0.835294
2596 0.6583535065425085
2598 0.586275
2597 0.766667
2599 0.7
2600 1.1750043131071117
2601 1.9565243100211387
2602 0.9985679785348094
2603 1.020325276010874
2604 0.4739892487224198
2606 2.533332
2605 0.982073587365621
2607 3.113724
2608 0.4414920000000002
2609 2.2282006866188473
2610 0.45761301384100006
2611 0.3818833253539518
2613 0.2264705
2612 1.133334
2614 0.921568
2615 0.9091265529162431
2616 0.9301399871007668
2618 0.711765
2617 0.9475334216165715
2619 0.462605146184807
2620 1.184312
2621 0.753329301470767
2622 0.3382355
2623 1.617648
2624 0.1617645
2625 0.382353
2626 2.954866678881334
2627 0.9026540004720149
2628 0.280392
2629 1.596078
2631 1.486274
2630 0.85098
2632 0.5127796072312171
2633 1.049975084385818
2634 0.680392
2635 0.9044037491303707
2636 0.47232591073117247
2637 0.9728972686277151
2638 1.0431527460302645
2639 1.9701510336384451
2640 0.8327374590557738
2641 0.927451
2642 1.99335
2643 0.3308825000000001
2644 1.556862
2645 2.705884
2646 0.2705411096671717
2647 1.643138
2648 1.4444485205752402
2649 0.4528756176601661
2650 0.9998707356840708
2651 1.3888672344309947
2652 0.453921
2653 0.8548155444059999
2654 1.093554
2655 1.533334
2656 0.8018816848771111
2657 1.620860647685667
2659 1.1636284789292415
2658 0.9720329293695177
2660 2.209528
2661 3.317648
2662 0.6987457081783687
2663 0.951506
2664 1.2578968484731514
2665 0.8450483974669956
2666 0.8732709893120001
2668 1.0432822549422531
2667 0.6483186215767741
2669 0.9498277647979392
2670 0.09109772697599999
2671 1.0915063153994198
2672 1.3484272435240001
2673 1.1977835430764756
2674 1.2726608126483139
2675 1.0432086958899902
2676 0.7643156841427982
2677 1.447058
2678 0.7618121462519999
2679 0.648233
2680 0.919541576192
2681 1.329412
2682 1.235294
2683 0.48102300000000003
2684 1.9803804391028235
2685 0.578431
2686 1.184986639615406
2687 0.994118
2688 1.2307685207097592
2689 0.892157
2690 1.988236
2691 2.9368568030760005
2692 0.650891
2694 1.007844
2693 0.8245874860852143
2695 0.47595734803199996
2696 3.382715494656
2697 1.815686
2698 0.44976597837840765
2699 0.594118
2700 1.106777616875586
2701 0.888235
2702 0.419819
2704 0.5447967254643393
2703 1.635294
2705 1.948337393772
2706 1.161769633928
2707 0.36115780551556936
2709 0.20920622857748167
2708 0.9764136870479999
2710 0.9046443148019999
2711 1.6058820000000003
2712 0.5760019753897129
2713 2.269952
2714 0.7693483957011831
2715 1.1799912030759998
2716 0.8147055
2717 0.4978217022057195
2719 0.7950315335791076
2718 1.905884
2723 0.548165227682
2721 1.266666
2722 1.9010682785052726
2720 1.6758760331121658
2724 2.031372
2725 0.723529
2726 1.0361713857684611
2727 0.684314
2729 0.7546617313582026
2728 0.44439062186506645
2730 1.3331917687054626
2731 0.605882
2732 0.6727826262673824
2734 0.8032218646215465
2733 0.7165965000000001
2736 0.222549
2735 1.0513026952291686
2737 2.141176
2738 0.5176279621176477
2739 1.8680635075696814
2740 1.486274
2741 1.23845
2742 0.770588
2743 0.6310171395027576
2744 1.914456
2745 2.486276
2746 2.598108
2747 0.9638865000000001
2749 0.34411800000000015
2748 1.368628
2750 0.6387030867883297
2751 1.414538
2753 1.7710300760426247
2752 0.652941
2755 0.9679830487721718
2754 0.758824
2756 1.4329439623374698
2757 1.472032437926667
2758 0.6180180188060899
2759 0.6881296746070855
2760 0.6411987688439601
2761 0.34156022446238815
2762 0.586275
2763 0.5280956696551286
2765 0.868968
2764 0.9354913192100054
2766 0.316027
2767 0.97647
2768 0.6514175552530931
2769 0.821569
2770 0.915686
2771 1.5705870000000002
2772 0.638794
2773 0.7020633835214056
2775 0.7553369999999999
2774 0.543137
2777 1.5619296503307964
2776 0.535294
2778 1.1353860082852663
2779 0.9584164290869899
2780 2.7630076000736308
2781 0.9239198456168406
2782 0.693716
2783 0.605882
2785 0.9872427789487265
2784 0.3712575
2786 0.819608
2787 1.3936840000000001
2788 1.7019600000000001
2789 1.0288059048249367
2790 0.354902
2791 0.5875074658882254
2792 0.34639273512493496
2794 1.360784
2793 0.618878
2795 0.896163
2796 1.1032497565806356
2797 0.37276857170036937
2798 0.6672260476024975
2799 0.756862
2800 1.0169313101935495
2801 0.939216
2802 0.2681225310546622
2803 1.580392
2804 0.943137
2805 2.043308
2806 0.868627
2807 0.3791821534437276
2809 0.817074982084
2808 3.082352
2810 2.815688
2811 0.7368425761772497
2812 0.7493750942011915
2813 1.0432492337437909
2814 0.868952
2815 0.9688853250082148
2816 1.580392
2817 2.376472
2818 0.3343135
2819 1.7664460000000002
2820 0.651733021832027
2822 0.720588
2821 0.673389561192472
2823 0.811764
2824 0.8422775263848493
2825 0.858824
2826 1.1184702142491931
2827 0.42841974175788167
2828 0.6745099999999999
2829 0.4782135682462551
2830 0.8379404939540904
2831 1.780392
2832 1.181573348004
2833 0.8959595340106188
2834 0.44902
2835 0.854500092385157
2836 0.066026577624
2837 0.4743893019125093
2838 1.0037808762697984
2840 0.9860608397170942
2841 1.0
2839 0.9906308728599121
2842 0.308656
2843 0.554902
2844 0.29850615615901344
2845 0.6115919288780978
2848 0.145098
2846 0.7874421221501695
2847 0.9855664113848384
2849 1.768628
2850 2.0713426946560003
2852 1.9389968941135407
2853 0.9998481009863834
2851 0.6323463870822368
2854 0.47529663327933075
2855 0.666667
2856 0.43326470143358475
2857 0.22702461384099998
2858 1.3840193969474817
2859 0.219407
2860 0.852663898962
2861 1.4461310547781414
2862 0.5331953012781818
2863 0.205882
2864 0.268627
2865 1.329412
2866 0.9284385
2867 1.0190719483196486
2868 0.6855544048248244
2869 0.8071904982818178
2870 0.9405341227050961
2871 0.9818402559888434
2872 0.6508358624523037
2873 0.6725169528012329
2874 1.0469993486548235
2875 0.5626884289595225
2876 1.2331123874153567
2877 0.8829406648405568
2878 0.741176
2879 1.3312268636160116
2880 0.5614409247103259
2881 1.956862
2882 0.982353
2883 1.0
2884 1.3705880000000001
2885 2.8303082519040004
2886 1.2921807961448417
2887 1.801425970962
2888 1.894118
2889 1.055081493864215
2890 0.45218148020000004
2891 0.414706
2892 0.9504791110134478
2893 0.62549
2894 0.8208563416026327
2895 0.966667
2896 1.5105106105499557
2897 1.619608
2898 0.778431
2899 2.611764
2900 0.723529
2901 0.835181
2902 1.62383043473655
2903 1.203922
2904 0.7520017902987058
2905 0.4538188687756291
2906 3.0044398222240005
2907 1.0793201509129242
2908 0.7926225953405185
2909 0.480392
2910 0.8936470936292241
2912 1.490988168897346
2911 0.8222729560469759
2913 1.2364567512499998
2914 1.135159835282
2915 8.1057506436
2916 2.3958920999306756
2917 0.653645
2918 1.1712197385527245
2919 0.7194988946133174
2920 0.8910584240324015
2921 1.015686
2922 0.8837489999999999
2923 1.216617361545136
2924 0.3282045648916054
2925 0.34531165718376783
2926 0.7113182935502749
2927 1.244044681307094
2928 1.5451
2929 2.0488258023840005
2930 2.4729135024999995
2931 0.9998925951147654
2932 1.439216
2933 1.5846378629759998
2934 1.27451
2935 1.803922
2936 0.4711066892665857
2937 0.6375666457620001
2938 1.45098
2939 0.9934480834885809
2940 0.413725
2941 0.47872463429677115
2942 0.6120746519040001
2943 0.9354368616874702
2944 0.905882
2945 0.8567857983951992
2946 1.203922
2947 0.850981
2948 0.9205444262797908
2949 3.0044398222240005
2950 0.2107845
2951 1.991676648497362
2952 0.5020399632112763
2953 0.7118920083149242
2954 0.260784
2955 0.7404340957551074
2956 0.8885593351993909
2957 0.445444
2958 1.7233390522583627
2959 1.641508
2960 0.229412
2962 3.380392
2961 1.8829081507632526
2963 0.793822
2964 1.841779909572112
2965 2.910033397924
2966 1.415686
2967 0.666882
2968 0.743137
2969 2.0723433647648206
2970 1.009835725687837
2971 0.63094
2972 0.5998657401000004
2973 0.601975
2974 0.8441175000000001
2975 0.7092537219821521
2976 2.20392
2977 2.746837578059911
2978 1.619608
2979 1.58329
2980 0.8611298008564099
2982 0.7243648600632342
2981 0.669038787082
2983 1.7539701603739883
2984 0.9323535000000001
2986 2.909804
2985 1.251566
2988 1.6461568656605057
2987 1.321568
2989 1.1569938900853565
2990 0.7398844420727902
2991 1.494118
2992 0.731373
2993 0.514802993658
2994 1.463966
2995 0.7847063143219999
2996 1.021455085053209
2997 1.415686
2998 1.1461586657440002
2999 1.062746
3000 0.2186845
3001 1.0546419756770027
3002 0.511765
3003 0.464706
3004 0.8327962024389369
3005 0.3566276110716762
3006 3.991409164089793
3007 1.5145903750501868
3008 2.896674649444
3009 1.6626308304500002
3010 6.4096361921436475
3011 1.643138
3012 0.966304
3013 1.354802
3014 1.635294
3015 0.692157
3016 0.6969885343819384
3017 0.699095
3018 0.6925681440540001
3019 1.0502465477299974
3020 1.1461586657440002
3021 0.707940308470152
3022 0.637255
3023 0.9233146882039993
3024 0.964250118143791
3025 1.95294
3026 0.734185995848
3027 1.7995972203000001
3028 0.8161431732745416
3029 1.634149964168
3030 1.994118
3031 1.734338
3032 1.485900864047713
3033 0.711765
3034 1.461515438423055
3035 1.5083828459164752
3036 0.775898405142065
3037 0.922370201633745
3038 1.921568
3039 1.462746
3040 0.41711062481728556
3041 0.845678873664
3042 3.631372
3043 0.44045602924773636
3044 0.964874
3045 0.618628
3046 0.833333
3047 0.7731913988159724
3048 1.494118
3049 0.404902
3050 0.476888
3051 0.87451
3052 0.40111068888900003
3053 0.9310818763960914
3054 1.2433127869314584
3055 1.721568
3056 0.527085
3057 0.20786205687423337
3058 3.788236
3059 1.763334866667
3060 2.6485935025000003
3061 1.258824
3062 0.26568599999999987
3063 1.062746
3064 0.876471
3065 1.454902
3067 1.63563
3068 1.4184704654187001
3066 0.9344450888890001
3069 1.905884
3070 0.8374696688604222
3071 1.384314
3072 1.140386844009052
3073 1.392156
3074 2.04706
3075 0.6326693116073093
3076 1.529115257476
3077 0.594118
3078 1.0523192299433846
3079 1.554784
3080 0.23837341522499997
3082 0.479412
3081 0.511765
3083 0.8779527712363043
3084 2.411628855364
3085 0.437255
3086 0.9891388732728845
3087 0.6612960176564759
3088 0.9501491416267474
3089 1.4237292745888042
3091 0.925710027458101
3090 0.7739952529
3092 1.691398
3093 1.6044427555560001
3094 1.7274415889280004
3095 0.8893735436556454
3096 0.47597424168891045
3097 1.1670451160996305
3098 0.75098
3099 1.349744543103186
3100 1.387032
3101 0.738756609377713
3103 1.235294
3102 1.871684905665214
3104 0.5720988230615959
3106 1.591363667893593
3107 1.5050274622396833
3105 1.4071140072957644
3108 1.0521035873538616
3110 1.078432
3109 1.97376
3111 0.558824
3112 1.1128182296040001
3113 0.5694729288474596
3114 1.8588239999999998
3115 0.472549
3116 0.6658642527544967
3117 0.866666
3118 0.9719448760279634
3119 0.6629297645896817
3122 6.4975029604
3120 1.185714
3121 0.35261038122609756
3123 1.255751145992
3124 0.7106976635279323
3125 1.499826
3126 1.64407445113713
3127 0.45285058415552476
3128 0.44902
3129 1.33083701295473
3130 0.956766
3131 0.8805837232252568
3132 0.5053335056336558
3133 0.482352
3134 1.376978
3135 0.9499995000000001
3136 0.8531673712057823
3139 1.321568
3137 1.337254
3138 0.4392390200925863
3140 0.8118347606114923
3141 0.9947854242518714
3142 0.933185115450049
3144 1.0673559692569394
3143 0.8106024243974626
3145 0.3637087219914676
3147 0.9673223164094317
3146 0.8411759999999999
3148 0.59252
3149 0.356862
3151 0.4671263263208358
3150 0.984314
3152 1.785892574530152
3153 1.9857937412045479
3154 1.321568
3155 1.8411749999999998
3156 1.12549
3157 2.141176
3158 2.514029053761
3159 0.866666
3160 0.409804
3161 0.6704629338011378
3162 0.519608
3163 0.670588
3164 0.142157
3165 0.19737590253749998
3166 0.4036680334001736
3167 0.556687
3168 0.366667
3170 1.2077288733629998
3169 0.889507400769
3171 0.92455
3172 1.1056735894644485
3173 1.8797810266603556
3174 1.02918
3175 0.991466
3176 1.7908080461925424
3177 1.039216
3178 0.8793819130396028
3179 2.265036
3180 1.821726526899006
3181 0.8254646910668998
3182 0.519608
3183 0.966667
3184 1.10196
3185 0.731373
3186 1.713726
3187 0.621569
3188 0.5956480554032187
3189 3.160784
3190 0.13475726912482988
3191 1.34994
3192 0.711814
3193 0.285294
3194 0.6533389436383438
3195 0.960784
3196 1.28245
3197 1.780392
3198 0.8275849870907792
3199 1.1268429819049304
3201 0.727508349481
3200 0.221569
3202 0.896078
3203 1.6646057184159997
3204 0.4135776408138703
3205 1.450558111387546
3206 0.8509587162295303
3207 0.31843312276050006
3208 2.8
3209 1.1901960000000003
3210 1.470588
3211 1.419608
3212 0.8676465
3213 1.5789263169367953
3214 0.8426414662119026
3215 1.666666
3216 1.431372
3217 1.062746
3218 0.9956935324307278
3219 0.590196
3220 0.4481631281513672
3221 0.6170278369040813
3222 0.717648
3223 0.7963997087664267
3224 0.9947029537731682
3225 1.105884
3226 0.268627
3227 1.337254
3228 0.3558825
3229 0.912968
3230 0.5707380734555476
3231 0.57370417484483
3232 1.27451
3233 11.963463462976
3234 0.7358792625482918
3235 0.26462600000000003
3236 1.387396
3237 1.2980073616930428
3238 0.49323454345866435
3239 0.9042746896774211
3240 0.394118
3241 0.581779935025
3242 1.134512
3243 0.9417356015375818
3244 0.652941
3245 0.22312963795600002
3246 1.156862
3248 2.6358496609
3247 1.105215738142563
3249 3.521568
3250 1.5452821146277747
3251 1.10196
3252 1.1474925316934255
3253 0.4323856653015523
3254 0.729673
3255 1.874508
3256 0.5590538855132615
3258 0.8064758415999999
3257 0.31863828460277943
3259 2.0264376609
3260 0.7101580243807742
3261 1.7914080258670537
3262 1.5366172944074097
3263 1.1386930292837967
3264 0.9356663644223598
3265 0.87015391095465
3266 0.36713300742085403
3267 1.0599659814765043
3268 1.7737323491799486
3270 0.1444328267623323
3269 0.7998651396725786
3272 0.866666
3271 0.8823627406541894
3273 0.35544084352200006
3275 0.4702658781634512
3274 1.02353
3276 1.464705
3277 0.905533258063381
3278 0.648482
3279 0.2656865
3280 0.524051
3281 0.8576996531440071
3282 0.962745
3283 0.5456386320821117
3284 1.345098
3285 1.261246795848
3286 2.3445856896160002
3287 0.994118
3288 1.0
3289 0.519608
3290 0.992156
3291 0.501678973849
3292 1.2648741922023057
3293 0.5657180085831928
3294 1.1897016255274542
3295 0.7824754802
3296 0.6784832361015
3297 2.705884
3298 1.9609762368319998
3299 0.9579003991387081
3300 0.3813725
3301 1.533334
3302 1.014742400002322
3303 1.22745
3304 1.007844
3305 0.7935430588402499
3307 0.39693553378144647
3306 0.9951080000000001
3308 0.942041065744
3309 0.896920749481
3310 3.7377803555560005
3311 1.9172116439902451
3312 0.9354761584011049
3313 0.9954089261627141
3314 0.48563713927267793
3315 1.2484542888119998
3316 1.3099064839680001
3318 0.43265215143660907
3319 0.641
3317 0.8028449991141963
3320 1.235294
3323 0.33824322015151453
3324 0.393382
3321 1.188236
3325 0.519608
3322 2.307908
3326 0.9870802571385336
3328 0.9794077837936924
3327 0.684314
3329 0.77635
3330 0.8287308259940451
3331 1.2708927631766052
3332 0.3343135
3333 1.476471
3334 1.0898415949176226
3337 0.7451220000000001
3335 1.89804
3336 0.8935513207554936
3341 0.6323535
3338 0.945656
3339 0.311743320501421
3342 0.316870091042
3340 1.1419079555698264
3343 0.6264079339566079
3344 0.36702450000000003
3345 0.711366
3346 1.1949468963939922
3348 1.156862
3347 0.7336238749844581
3349 0.566582882089
3350 2.16414643004
3352 1.310852
3356 0.8260492410973798
3351 0.711765
3353 0.82745
3354 0.29852924999999997
3355 0.8629380015379999
3358 0.4073461199802112
3357 5.137783822224001
3361 0.994118
3359 1.54902
3360 0.7970884100751924
3362 0.9787480764333976
3363 1.795700060467783
3364 0.990196
3365 0.986275
3366 0.747716466436
3368 2.1619422937500006
3367 0.26743791673600004
3369 2.0996531643240006
3370 1.141176
3371 1.7049566401196248
3372 1.3488056440060838
3373 1.5780445857184
3374 0.48819391798963974
3375 1.3794113256873675
3376 0.9792711301359043
3377 1.8964498023100942
3378 1.9065646470729773
3379 0.9019626391737665
3380 1.8946696609000002
3381 2.109804
3382 0.9746109308467674
3383 0.8247676074660869
3384 0.843138
3385 1.4178034653991873
3386 0.7522484496059966
3387 0.978698000368687
3388 1.0459580000000002
3389 2.4549
3390 0.806158152731437
3391 0.7951987867093667
3392 0.5682792452514926
3393 0.9621847940839098
3394 1.314674
3395 1.5355934879474669
3396 1.056748
3397 0.7708108057109522
3399 0.5418917936890001
3400 0.308068
3398 0.6455431527329009
3401 1.0457633980424312
3402 0.5234942138409999
3403 0.9804727109329713
3404 1.327084058087608
3405 1.45745489822131
3406 0.49576363782237304
3407 1.1704394580507613
3408 0.7318357336672929
3409 0.772645
3410 0.3620834802
3411 0.715686
3412 0.758824
3413 2.956864
3414 0.419048
3415 1.805813933473326
3416 1.0619495350703403
3417 0.637255
3418 0.5724194167889031
3420 2.0494766124783035
3419 1.6072520283766338
3422 1.4030139435381055
3421 1.6
3423 0.9499995000000001
3424 0.6170951170884877
3425 0.7854846117647265
3426 1.9163252505960002
3427 0.598392601251209
3428 1.4448766138324252
3429 1.1020781096728125
3430 1.4535737462519998
3431 0.7937315819198137
3432 0.660784
3433 1.6411769999999999
3434 1.29804
3435 3.4887552880410007
3436 0.1444948213692853
3437 1.17255
3438 1.368628
3439 2.2840558349680644
3440 0.6687241414430821
3441 0.40770088800800003
3442 1.62743
3443 0.8514644073467961
3444 1.690196
3445 11.085650158143999
3446 0.4077599080678562
3447 1.54902
3448 1.1766148162880001
3449 0.437255
3450 1.454902
3451 0.7911162916846463
3452 0.819608
3453 0.3835915497126481
3454 0.811764
3455 1.42353
3456 0.5994116835563901
3457 0.8241789126489999
3458 0.9210354524219091
3459 2.73869401
3460 1.713726
3461 2.8730928004
3462 1.7949821981269636
3463 0.41122031812211424
3464 0.543641494376579
3465 0.4927478416
3466 0.8880140000000001
3467 0.339216
3469 0.656863
3468 1.8784889253859298
3470 1.422694
3471 1.619608
3472 0.964220579160875
3473 0.766667
3475 0.696078
3474 0.658408907776
3477 0.9372011145999917
3476 0.7900590818149595
3478 1.1917119056695988
3479 0.7389448239712875
3480 1.046885034276
3481 0.609804
3482 0.5094957839007764
3483 1.15483
3484 1.115858
3485 1.4431379999999998
3486 0.810161696555523
3487 1.5300489744257275
3488 4.192796807424
3490 1.589226
3489 1.909876568217257
3491 8.467525293443622
3492 0.762745
3493 0.795944112649
3494 1.8959856177983514
3495 1.305882
3496 0.58685661015
3497 0.676471
3498 0.676471
3499 0.7493814196973838
3500 1.311565036832
3501 1.2470369804855388
3502 3.074816
3503 0.3617645
3504 1.729412
3505 1.384314
3507 1.2973723798284549
3506 1.282352
3509 1.8301542638360517
3510 3.3038369813160005
3508 0.813725
3511 1.2329846554527284
3512 0.5608819249207199
3513 0.46291798211600915
3514 0.8056444498464377
3515 0.997059
3516 0.637324
3517 1.5324740000000001
3518 1.3473980713419051
3519 1.0259793282764254
3520 0.293183
3521 0.7018056888391545
3522 1.0604780604788921
3523 1.329412
3524 1.6411769999999999
3525 1.010963077665859
3526 0.7514816610336477
3527 0.42260793262969026
3528 1.185744
3529 0.929412
3530 0.824875
3531 0.8112917284425745
3532 0.75134
3533 0.721378
3535 1.6306055916857314
3534 0.662746
3536 0.8538872470332309
3537 0.6302927126305384
3538 1.7465419786240002
3539 1.914654443522
3540 0.2942028509823706
3541 2.0078516910420006
3542 0.6437987586415704
3543 2.541806294194667
3544 1.3411583662708002
3545 1.441176
3546 0.9496697400999999
3547 0.521605678
3548 1.941176
3549 1.8265692417343438
3550 2.078432
3551 1.560784
3552 2.959537768291161
3553 0.5799766798439999
3554 0.723268
3556 1.37647
3555 0.9722467634160428
3557 0.8313154152250001
3558 1.12549
3559 1.752942
3560 0.7429210726616826
3561 0.899754983063328
3562 1.061042
3563 1.9663107416607721
3564 1.8640447685837465
3565 2.55087367813542
3567 0.739007
3566 0.287255
3568 1.3242967512500001
3570 0.34137902229491185
3569 0.92535
3571 1.795588
3573 0.747716466436
3572 1.6161557115902
3574 0.2107845
3575 0.336318
3576 1.1081210290439096
3577 0.40333406666700006
3578 0.441176
3579 1.7359182175781753
3580 1.5314327093999844
3581 0.75281044896225
3582 0.5564091148020001
3583 0.817647
3584 1.2086645389722237
3586 0.09172662530407374
3585 0.778431
3587 1.1033131233245694
3588 0.796078
3589 1.6573747220826665
3590 0.304902
3591 0.590196
3593 1.062746
3592 0.530751
3594 0.9973363280205944
3595 1.062019734322307
3596 0.49929426190903853
3597 1.7393067429478677
3598 0.468627
3599 1.196078
3600 0.513578648685121
3601 0.645256
3602 0.7713016340111346
3603 0.8416852957390876
3604 0.2264705
3605 0.948426
3606 0.8318590974611788
3607 0.3671835748986239
3608 0.45387323290666665
3609 0.262625
3610 0.311765
3611 0.8424539208000001
3612 0.7855451710267866
3613 0.388728
3614 1.2162082677599781
3615 0.41176500000000005
3616 0.9335285866671603
3617 0.34833131841600007
3618 1.0356348084117646
3619 1.682352
3620 1.2312103478750762
3621 0.975344447321579
3622 1.805883
3623 0.402989094581857
3624 2.3137240000000006
3625 1.17255
3626 0.7607839999999999
3627 1.392156
3628 0.9843735283360001
3629 1.078286
3630 1.0168027807503948
3631 0.8348952030760001
3632 1.17255
3633 1.7014492961492913
3634 0.9973680000000003
3635 0.790196
3636 1.4666314287644266
3637 0.8607367190809665
3638 0.860685601471405
3639 1.141176
3641 0.8624087004739047
3640 0.7972827523864244
3642 1.094118
3643 0.9405399480341908
3644 0.937020147357018
3645 0.9659780586224513
3646 0.433333
3647 0.9910123641680001
3648 1.2656043095371794
3649 1.4490601549236746
3650 1.5095053748770253
3651 1.261246795848
3652 1.1876117314880001
3653 1.248819436832
3654 2.6642
3655 1.305882
3656 1.4644756751675727
3657 0.692157
3658 0.9762576531793269
3659 0.668627
3660 1.199192
3661 1.188236
3662 0.75098
3663 1.14902
3664 1.10196
3665 0.7050718824171791
3666 1.291362
3667 1.4
3668 1.009576
3669 0.3708913661172035
3670 1.112637830941607
3671 1.1421019266938122
3672 0.858824
3673 1.9192682940523615
3674 0.37541062620097626
3675 0.503922
3676 0.9998607139903993
3677 0.23077647366399998
3678 1.4352939999999998
3679 0.9843735283360001
3680 0.6929490022516664
3681 0.8735634889185714
3682 0.5398495688374468
3683 0.7868551372635747
3684 0.9638004287204649
3685 1.058928593772
3686 3.6907417993202447
3687 1.849441802730586
3688 0.9006021978284262
3689 1.7517263667840002
3690 1.2143158416000002
3691 0.4806453882874567
3692 0.7925980637546021
3693 0.9382647034721309
3694 0.7626591921612288
3695 1.1630155786240002
3696 0.2220585
3697 0.6120762166089999
3698 0.342157
3699 0.3715685
3700 1.8773279999999999
3701 0.2636099802137615
3702 1.005924
3703 5.775603851246455
3704 1.1765687400232934
3705 1.360784
3706 0.8968123742356338
3707 1.558824
3708 0.680392
3709 0.37665837562499993
3711 0.566667
3710 0.9878322753144888
3712 1.6180552327839999
3713 1.67451
3714 0.7491803030544075
3715 1.101940651234449
3716 0.05047311760489789
3717 0.33458242176100006
3718 0.7105011228375001
3720 0.468627
3719 0.98
3721 1.1924771586913252
3722 0.5114265
3723 0.819608
3724 0.06988088251874999
3725 0.26888937777800004
3726 0.7904383743333352
3727 0.312284262976
3728 2.2787632021657878
3729 0.84902
3730 1.3933252736640003
3731 0.7102934999999998
3732 1.336948226310952
3733 1.4805313039537173
3734 0.684314
3736 1.290196
3735 1.42353
3737 1.364306
3738 0.586275
3739 0.5918796939316864
3740 0.9500986054000709
3741 0.946547
3742 0.5
3743 1.4950231339418683
3744 0.658833795387
3745 0.957327221761
3746 1.3854765738052086
3747 1.0090930692151214
3748 0.97451
3749 0.5938058657440001
3750 2.153990651904001
3752 1.2122307197929152
3751 0.919343462976
3753 0.38067087870050004
3754 0.917741
3755 0.939105561766798
3756 1.478432
3757 1.380222999027814
3758 0.8821266946560001
3759 0.535294
3760 1.093376
3761 0.852663898962
3762 0.919343462976
3763 2.092152
3764 0.95098
3765 1.996078
3766 2.7739175736659343
3767 1.500206113427085
3768 1.4174182101971011
3769 0.9286512379635439
3770 0.9891215273467836
3771 0.927194508288
3772 0.784626363557596
3773 0.994118
3774 0.747059
3775 0.869704
3776 1.8871006880894312
3779 3.160784
3777 0.4078677280112179
3778 1.447058
3781 1.468371991696
3780 1.7971897465207551
3782 0.6257362840794345
3783 1.9661803772012976
3784 1.3170622009491564
3785 0.9559475133752879
3786 0.7869060000000008
3787 1.2302803184546667
3789 6.338551451903999
3788 0.8346136722030001
3790 0.7808449010435267
3791 1.590117148925956
3792 1.4981480428388863
3793 0.48408197760000005
3794 1.407844
3795 1.470840179524
3796 1.4723497738555216
3797 2.188236
3798 1.0884871162501835
3799 1.213095915216315