1 0.82549
2 0.863257
3 0.9823740000000001
4 0.819754
5 0.739216
6 0.770588
7 0.747059
8 0.629412
9 0.9205874999999999
10 0.770588
11 0.586275
12 0.653305
13 0.9499995000000001
14 0.535294
15 0.683391
16 0.518394
17 0.813725
18 0.723529
19 0.672549
20 0.668627
21 0.684314
22 0.664706
23 0.8820135
24 0.57234
25 0.58728
26 0.543137
27 0.617647
28 0.558824
29 0.601961
30 0.691176
31 0.688235
32 0.5911770000000001
33 0.660784
34 0.914706
35 0.586275
36 0.691176
37 0.480392
38 0.5676465
39 0.413725
40 0.347059
41 0.378431
42 0.339216
43 0.28616
44 0.605882
45 0.23792
46 0.33235349999999997
47 0.6558825
48 0.4601570359144532
49 0.740949094656
50 0.892157
51 0.82549
52 0.844761
53 0.794118
54 0.8794124999999999
55 0.9499995000000001
56 0.794118
57 0.778431
58 0.743137
59 0.9264705
60 0.944118
61 0.723529
62 0.739216
63 0.837255
64 0.747059
65 0.747059
66 0.703922
68 0.9205874999999999
67 0.652941
69 0.667647
70 0.515507
71 0.6499995000000001
72 0.457373
73 0.5911770000000001
74 0.6264704999999999
75 0.383296
76 0.5617650000000001
77 0.339216
78 0.5500005
79 0.543137
80 0.311765
81 0.903922
82 0.786275
83 0.856863
84 0.9948974016038968
85 0.747059
86 0.79064
87 0.9676469999999999
88 0.645098
89 0.745155
90 0.727451
91 0.711765
92 0.8441175000000001
93 0.8205884999999999
94 0.667338
95 0.805882
96 0.613725
97 0.947059
98 0.978431
99 0.97451
100 0.966667
101 0.95098
102 0.9323535000000001
103 0.798039
105 0.8970585
104 0.947059
106 0.758824
107 0.747059
108 0.837255
109 0.805695
110 0.703922
111 0.872765
112 0.896078
113 0.837255
114 0.860784
115 0.789707
116 0.809804
117 0.770588
118 0.758824
119 0.75098
120 0.7735289999999999
121 0.719608
122 0.672549
123 0.7852935000000001
124 0.680392
125 0.7617645000000001
126 0.535294
127 0.747059
128 0.652941
129 0.801961
130 0.9816119999999999
131 0.747059
132 0.727451
133 0.719608
134 0.8112675
135 0.842268
136 0.7676475
137 0.768951
138 0.6558825
139 0.543137
140 0.598039
141 0.604797
142 0.476471
143 0.660784
144 0.425019
145 0.699529
146 0.579925
147 0.586275
148 0.501625
149 0.503922
150 0.429412
151 0.42549
152 0.339216
153 0.502941
154 0.412743
155 0.672549
156 0.45588300000000004
157 0.241176
158 0.292157
160 0.245098
159 0.492157
161 0.7
162 0.7676475
163 0.908823
165 0.578431
164 0.547059
166 0.5970584999999999
167 0.608823
168 0.44635349999999996
169 0.421569
171 0.452941
170 0.6029415
172 0.35098
174 0.2970585
173 0.409804
175 0.543137
176 0.415905
177 0.764477
178 0.778431
179 0.8794124999999999
180 0.547059
181 0.622154
182 0.7
183 0.629412
184 0.583278
185 0.851058
186 0.7029405
187 0.8029410000000001
190 0.409804
188 0.838236
189 0.6323535
191 0.595789
192 0.507843
193 0.809804
194 0.997059
195 0.8794124999999999
196 0.735987
197 0.707843
198 0.566889
199 0.547059
200 0.7970595
201 0.7676475
202 0.598039
204 0.914706
203 0.6794115
206 0.6264704999999999
205 0.601961
208 0.55098
209 0.778431
207 0.352616
210 0.944118
211 0.758824
212 0.655782518416
213 0.798039
214 0.997059
215 0.550179
216 0.534418
217 0.723529
218 0.707843
219 0.675177
220 0.5998005
221 0.651992
222 0.8676465
223 0.617647
224 0.660784
225 0.688235
226 0.598039
227 0.582353
228 0.644115
230 0.437261
229 0.7581375
231 0.35098
232 0.362745
233 0.5
234 0.479412
235 0.444117
236 0.779412
237 0.257261
238 0.241325
239 0.697059
240 0.307843
241 0.7029405
242 0.927451
243 0.676471
244 0.892157
245 0.86044
246 0.9264705
247 0.801961
248 0.790196
249 0.794449
250 0.82549
251 0.8617649999999999
252 0.649445797924
253 0.719608
254 0.739216
255 0.7182257403239999
256 0.77451
257 0.735294
259 0.8441175000000001
258 0.696078
260 0.731373
261 0.7
262 0.547059
263 0.492157
264 0.6848625
265 0.476471
267 0.596121
266 0.456863
268 0.5441175
269 0.511765
270 0.370588
271 0.480392
272 0.502941
273 0.598039
274 0.8029410000000001
275 0.472513
276 0.441176
277 0.5911770000000001
278 0.324127
279 0.292157
280 0.3205875
281 0.245098
282 0.3446418419242162
283 0.198039
284 0.260784
285 0.22647
286 0.221569
287 0.362745
288 0.1852935
289 0.727451
290 0.656863
291 0.9277845
292 0.696078
293 0.720588
294 0.617647
295 0.7459005000000001
296 0.5970584999999999
297 0.535294
298 0.667647
299 0.67353
300 0.5970584999999999
301 0.456863
302 0.6618997755468113
303 0.621569
304 0.47245349999999997
305 0.680392
306 0.674505
307 0.876252
308 0.507843
309 0.492157
310 0.6029415
311 0.413725
312 0.386275
313 0.3785929526150062
314 0.502941
315 0.319608
316 0.586275
317 0.280392
318 0.23235300000000003
319 0.5676465
320 0.531373
321 0.9688860000000001
322 0.770588
323 0.758824
324 0.735739
325 0.707843
326 0.908823
327 0.8220555
328 0.914706
330 0.8029410000000001
329 0.55098
331 0.617647
332 0.6794115
333 0.697059
335 0.8735295000000001
334 0.547059
336 0.7088235
337 0.747059
338 0.696078
339 0.8692455000000001
340 0.62549
341 0.870387
342 0.51192
343 0.7029405
344 0.6029415
345 0.429412
347 0.5617650000000001
346 0.401961
348 0.7264710000000001
349 0.331373
350 0.4911765
351 0.554902
352 0.46176449999999997
353 0.9
355 0.628088
354 0.617647
356 0.543137
357 0.697059
358 0.441176
359 0.747059
360 0.590196
362 0.680392
361 0.703922
363 0.8029410000000001
364 0.9662850000000001
365 0.628238
366 0.7029405
367 0.464706
368 0.452941
369 0.845098
370 0.731373
371 0.896078
372 0.801961
373 0.845098
374 0.703206
375 0.45232215740099996
376 0.664706
377 0.75836
378 0.9264705
379 0.645098
380 0.696078
381 0.64902
382 0.832353
383 0.82549
384 0.375154
385 0.829412
386 0.723529
387 0.731373
388 0.68139
389 0.7382355
390 0.958356
391 0.672549
392 0.599757
393 0.9382349999999999
394 0.464706
395 0.855882
396 0.8970585
397 0.547059
398 0.288111
399 0.9852945
400 0.531373
401 0.766667
402 0.829412
403 0.798039
404 0.801961
405 0.758586
406 0.715427
407 0.503922
408 0.680392
409 0.480392
411 0.727451
410 0.743137
412 0.9029415
413 0.586275
414 0.688235
415 0.82549
416 0.570588
417 0.892157
418 0.868627
419 0.84902
420 0.829412
421 0.688235
422 0.944118
423 0.758824
424 0.652941
425 0.723529
426 0.707843
427 0.56237
428 0.7601384999999999
429 0.549346
430 0.511765
431 0.8911770000000001
432 0.5970584999999999
433 0.598039
434 0.817215
435 0.7852935000000001
436 0.5
437 0.464706
438 0.523513025764
439 0.680392
440 0.46176449999999997
441 0.47366741522500005
443 0.625505
442 0.680392
444 0.601961
445 0.590212
446 0.9029415
447 0.747071
448 0.3166819350250001
449 0.997059
450 0.707843
452 0.535294
451 0.876471
453 0.594118
454 0.809804
455 0.817647
456 0.488235
457 0.444735
458 0.5382359999999999
459 0.7647341283898138
460 0.5178356736640001
461 0.37451
462 0.692157
463 0.82549
464 0.280392
465 0.821569
466 0.990196
468 0.743137
467 0.7264710000000001
469 0.892157
470 0.833333
471 0.43146900076899997
472 0.677533
473 0.770588
474 0.801961
475 0.743137
476 0.660784
477 0.794118
478 0.719608
479 0.856019
480 0.954902
481 0.693432
482 0.990196
484 0.786275
483 0.855882
486 0.9882705979239998
485 0.696078
487 0.994118
488 0.994118
489 0.97451
490 0.952176
491 0.970588
492 0.927451
493 0.990196
494 0.990196
495 0.994118
496 0.990196
497 0.845098
498 0.672549
499 0.75098
500 0.722526
501 0.7
502 0.770588
503 0.641176
504 0.739216
505 0.609804
506 0.855882
507 0.621569
508 0.6499995000000001
509 0.82647
510 0.590196
511 0.8441175000000001
512 0.7852935000000001
513 0.747212
514 0.708897
515 0.801961
516 0.57451
517 0.69687
518 0.535294
519 0.7088235
521 0.64902
520 0.484314
522 0.566667
523 0.539216
524 0.531373
525 0.7617645000000001
526 0.7852935000000001
527 0.519608
528 0.554902
529 0.82549
530 0.9185505
531 0.763308
532 0.821569
533 0.721123
534 0.8147055
535 0.75351
536 0.696078
537 0.613725
538 0.645098
539 0.696078
540 0.8500005
541 0.781158
542 0.537431
543 0.7
544 0.7852935000000001
545 0.856875
546 0.217647
547 0.829412
548 0.644118
549 0.744117
550 0.754902
551 0.444117
552 0.284314
553 0.7
554 0.44871829799476265
555 0.625505
556 0.9819287842944482
557 0.8676465
558 0.613725
559 0.762745
560 0.558839
561 0.939944
562 0.872549
563 0.920085
564 0.759331
565 0.880392
566 0.884314
567 0.813725
569 0.754902
568 0.864706
570 0.96831
571 0.8523675
572 0.864706
573 0.817647
574 0.809804
575 0.9703425
576 0.809804
577 0.884314
578 0.856863
579 0.303922
580 0.817647
581 0.7147064999999999
584 0.75
583 0.432504
585 0.437255
582 0.547059
586 0.692157
587 0.664709
588 0.4161514296039999
589 0.757183358752057
590 0.613725
591 0.9798669548683666
592 0.598045
594 0.739216
593 0.755953
596 0.739216
597 0.707843
595 0.778431
598 0.672549
600 0.445098
599 0.55098
601 0.75
602 0.480541
603 0.8441175000000001
604 0.535294
606 0.390196
605 0.523529
607 0.582353
608 0.484314
609 0.707843
610 0.911765
611 0.931452
613 0.552361
614 0.496078
612 0.594118
615 0.568253
616 0.437311
617 0.413725
619 0.7603703964840536
618 0.398039
620 0.629412
621 0.586275
622 0.341714
623 0.531993
624 0.460784
625 0.9911760000000001
626 0.747059
627 0.725983
628 0.692157
629 0.67353
630 0.605882
631 0.578431
633 0.530656
632 0.311765
634 0.519608
635 0.57451
636 0.303922
637 0.452941
638 0.45588300000000004
639 0.5741130000000001
640 0.420728
641 0.963707
642 0.660784
643 0.8931554147610001
644 0.986275
645 0.8628422054489999
646 0.931373
647 0.8816265000000001
648 0.469804
649 0.907843
650 0.790196
651 0.887638
652 0.892157
653 0.885294
654 0.931373
655 0.562745
656 0.876471
657 0.7323525
658 0.7088235
659 0.8679374999999999
660 0.566667
661 0.605882
662 0.7328865
663 0.697059
664 0.52647
665 0.460784
666 0.5984625
668 0.370588
667 0.421569
669 0.386275
670 0.327451
671 0.570588
672 0.4336635
673 0.884314
674 0.727508349481
675 0.841176
676 0.809804
677 0.77451
678 0.9558825
679 0.605882
680 0.641176
681 0.786369
682 0.684314
683 0.885294
684 0.8441175000000001
685 0.65505
686 0.468627
687 0.944118
688 0.458577
689 0.770129
690 0.75098
691 0.813725
692 0.743137
693 0.762745
694 0.903922
695 0.747059
696 0.808824
698 0.644118
697 0.7676475
699 0.7693064999999999
700 0.914706
701 0.833333
702 0.722526
703 0.739216
704 0.801961
705 0.7
706 0.698023
707 0.690035
708 0.946686
709 0.9205874999999999
710 0.744169
711 0.8205884999999999
712 0.706796
713 0.686495
714 0.672549
715 0.672549
716 0.75
717 0.832353
718 0.661764
719 0.885294
720 0.570588
721 0.9794115
722 0.582353
723 0.692157
724 0.656863
725 0.622251
726 0.832353
727 0.5381985
729 0.7088235
728 0.507843
730 0.7029405
732 0.405882
731 0.437255
733 0.47850714789187726
734 0.5889558459112414
735 0.594118
736 0.352402
737 0.919608
738 0.907843
739 0.872549
740 0.907843
741 0.703922
742 0.831318
743 0.841176
744 0.617647
745 0.829412
746 0.664706
747 0.82549
748 0.656863
749 0.32111148888900004
750 0.707843
751 0.876471
752 0.43824450000000004
754 0.676471
753 0.970588
755 0.932981
756 0.954902
757 0.915686
758 0.939216
759 0.970588
760 0.876471
761 0.923529
762 0.860784
763 0.881058
764 0.907843
765 0.919343462976
766 0.9118378296040001
767 0.907843
768 0.817647
769 0.711765
770 0.766327
771 0.634443
772 0.9029415
773 0.664706
774 0.62549
775 0.75098
776 0.723529
777 0.5451945
778 0.8134410000000001
779 0.7264710000000001
780 0.668627
781 0.7617645000000001
782 0.46776
783 0.8911770000000001
784 0.445098
785 0.82549
786 0.5043627487926345
787 0.421569
788 0.743137
789 0.715971
790 0.961764
791 0.9733814999999999
792 0.643895
793 0.632914
794 0.660784
795 0.641176
796 0.645098
797 0.590196
798 0.578431
800 0.57451
799 0.621569
801 0.961764
802 0.860784
803 0.766667
804 0.817647
805 0.97353
806 0.75098
807 0.8205884999999999
808 0.711765
809 0.55098
810 0.711765
811 0.672549
812 0.944118
813 0.684314
814 0.663378
815 0.77451
816 0.660784
817 0.658167
818 0.8147055
819 0.7
820 0.832353
821 0.7147064999999999
822 0.562745
823 0.358824
824 0.207007
825 0.480392
826 0.456863
827 0.433333
828 0.24902
829 0.535294
830 0.75
831 0.378431
833 0.727451
832 0.214857
834 0.754902
835 0.719608
836 0.68326
837 0.65483
838 0.747951
839 0.547059
840 0.464706
841 0.691176
842 0.496078
843 0.744117
844 0.339216
845 0.5617650000000001
846 0.417647
847 0.8328884999999999
848 0.362184
849 0.888235
850 0.872549
851 0.829416
852 0.7852935000000001
853 0.798039
854 0.758824
855 0.6796333079358927
857 0.9794115
858 0.40111068888900003
856 0.707852
859 0.269942
860 0.617647
861 0.406093935025
862 0.97353
863 0.452941
864 0.637255
865 0.778431
866 0.821569
867 0.633333
868 0.739216
869 0.719608
871 0.9794115
870 0.8441175000000001
872 0.838236
873 0.609804
874 0.590196
875 0.570588
876 0.7029405
877 0.488235
878 0.7970595
879 0.723529
880 0.691176
881 0.766667
882 0.821569
883 0.557621
884 0.77451
885 0.62549
887 0.5441175
886 0.562745
888 0.645098
889 0.584106
890 0.8619
891 0.667647
892 0.554902
893 0.6264704999999999
894 0.7478039999999999
895 0.7198755
896 0.488235
897 0.837255
898 0.9871665000000001
899 0.71363
901 0.719608
900 0.9997725
903 0.652941
902 0.676471
904 0.7
905 0.628103
906 0.7617645000000001
907 0.757245
908 0.744117
909 0.473177
911 0.9205874999999999
910 0.537007
912 0.9029415
913 0.786275
915 0.770588
914 0.719608
916 0.9817665
918 0.605882
917 0.660784
919 0.528818
920 0.5147055
921 0.476471
922 0.57451
923 0.7088235
924 0.472549
925 0.6107175
926 0.391377
927 0.887904
928 0.373243
929 0.990196
930 0.990196
931 0.986275
932 0.82549
933 0.982353
934 0.813725
935 0.868627
936 0.763286
938 0.711765
937 0.727451
939 0.982353
940 0.680392
941 0.786275
942 0.719608
943 0.9804881184159999
944 0.707843
945 0.809804
946 0.77451
947 0.8735295000000001
948 0.718701
949 0.590196
950 0.511765
951 0.9852945
952 0.6794115
954 0.609804
953 0.9188415000000001
955 0.885294
956 0.543137
957 0.507843
958 0.7852935000000001
959 0.9676469999999999
960 0.539216
961 0.833333
962 0.809804
963 0.782195
964 0.829412
965 0.739216
966 0.7
967 0.8794124999999999
968 0.743137
969 0.808824
970 0.7970595
971 0.696078
972 0.558824
973 0.668627
974 0.582353
975 0.719608
976 0.481401
977 0.621569
978 0.66697
979 0.630794
980 0.605882
981 0.743137
982 0.621569
983 0.690584
984 0.675449
985 0.672549
986 0.73518
987 0.582353
988 0.617101
989 0.6763305
990 0.42194550000000003
991 0.739216
992 0.437255
993 0.836944
994 0.743137
995 0.9465
996 0.707843
997 0.731373
998 0.688235
999 0.668627
1000 0.637255
1001 0.739216
1002 0.715686
1003 0.885294
1004 0.558471
1005 0.585294
1006 0.801961
1007 0.7446615000000001
1008 0.531373
1009 0.8441175000000001
1010 0.70117
1011 0.680392
1012 0.75095
1013 0.813022
1014 0.7380420000000001
1015 0.647351
1016 0.755883
1017 0.794118
1018 0.7215975
1019 0.694369
1020 0.77451
1021 0.667481
1022 0.747059
1023 0.7323525
1024 0.515686
1025 0.715686
1026 0.75098
1028 0.821569
1027 0.872549
1029 0.888235
1030 0.860784
1031 0.7088235
1032 0.790196
1033 0.837255
1034 0.758824
1035 0.813725
1036 0.805882
1037 0.979311569798831
1038 0.633333
1039 0.9866079407489033
1040 0.984616310059029
1041 0.805882
1042 0.817647
1043 0.743137
1044 0.669709
1045 0.9323535000000001
1046 0.9617985
1047 0.660784
1048 0.617647
1049 0.570588
1050 0.558824
1051 0.539613
1052 0.779412
1053 0.7382355
1054 0.507843
1055 0.62549
1056 0.7580775
1057 0.868627
1058 0.845098
1059 0.880392
1060 0.884314
1061 0.9499995000000001
1062 0.747059
1063 0.715686
1064 0.727451
1065 0.786275
1066 0.628018
1067 0.724608
1069 0.652941
1068 0.569925
1070 0.566813
1071 0.720864
1072 0.672642
1073 0.920422
1074 0.905852
1075 0.893605
1076 0.9794115
1077 0.613725
1078 0.842616
1079 0.754902
1080 0.562745
1081 0.9558825
1082 0.813725
1083 0.8911770000000001
1084 0.8794124999999999
1085 0.582353
1086 0.55098
1088 0.832353
1087 0.723529
1089 0.809804
1090 0.747059
1091 0.727985
1092 0.719608
1093 0.601961
1094 0.621569
1095 0.511765
1096 0.492157
1098 0.535294
1097 0.554902
1099 0.6794115
1100 0.480392
1101 0.409804
1102 0.601961
1103 0.637622
1104 0.370588
1105 0.718291
1106 0.688235
1109 0.754902
1107 0.798039
1108 0.794118
1110 0.707843
1112 0.586275
1111 0.7382355
1113 0.762745
1114 0.645098
1118 0.566185
1117 0.696078
1116 0.613725
1121 0.924118
1119 0.731373
1120 0.386275
1123 0.895264
1125 0.864706
1115 0.667647
1122 0.923529
1124 0.782353
1126 0.805882
1129 0.833333
1127 0.839588
1128 0.837478
1130 0.817647
1131 0.739216
1133 0.629412
1132 0.794118
1134 0.614459
1135 0.9495705000000001
1136 0.885294
1137 0.7
1139 0.8970585
1138 0.760207
1140 0.838236
1141 0.832353
1142 0.535294
1143 0.8735295000000001
1144 0.630454
1145 0.618943
1146 0.914706
1147 0.7212075
1148 0.594118
1149 0.7852935000000001
1152 0.527451
1150 0.566667
1151 0.696078
1154 0.608823
1153 0.605882
1155 0.472549
1156 0.5970584999999999
1157 0.415441
1158 0.370588
1159 0.315686
1160 0.268627
1161 0.245098
1162 0.211622
1163 0.28571468602797145
1164 0.186275
1165 0.170588
1166 0.186275
1167 0.37451
1168 0.1
1169 0.7820112505960001
1170 0.747716466436
1171 0.8735295000000001
1172 0.8500005
1173 0.8911770000000001
1174 0.746441
1175 0.908823
1176 0.727106
1177 0.8676465
1178 0.684314
1180 0.838236
1179 0.711765
1181 0.688235
1182 0.645098
1183 0.782353
1184 0.586275
1185 0.884314
1186 0.896078
1187 0.880392
1188 0.84902
1189 0.821569
1190 0.811797
1191 0.692157
1192 0.783498
1193 0.617647
1194 0.735294
1195 0.727451
1196 0.961764
1197 0.719608
1198 0.731373
1199 0.809804
1200 0.698192
1201 0.903922
1202 0.958824
1203 0.754902
1205 0.633333
1204 0.947059
1206 0.927451
1207 0.897294
1208 0.915686
1209 0.9804881184159999
1210 0.990196
1211 0.9
1212 0.563928
1213 0.7820112505960001
1214 0.876471
1215 0.885294
1216 0.880392
1218 0.821569
1217 0.7911765
1219 0.703922
1220 0.809804
1221 0.927843
1222 0.9798973339108195
1223 0.723529
1224 0.692157
1225 0.9794115
1226 0.535294
1227 0.62549
1228 0.9852945
1229 0.590196
1230 0.512978
1231 0.770588
1232 0.8794124999999999
1233 0.9780645000000001
1234 0.621569
1235 0.868371
1236 0.77451
1237 0.507843
1238 0.692157
1239 0.542952
1240 0.652941
1241 0.7382355
1242 0.7088235
1244 0.55098
1243 0.744117
1245 0.697059
1246 0.394118
1247 0.440833
1248 0.5617650000000001
1249 0.884314
1250 0.892157
1251 0.84902
1252 0.693531
1253 0.847599
1254 0.790196
1255 0.8676465
1256 0.62549
1258 0.758824
1257 0.77274
1260 0.731373
1259 0.656863
1261 0.7521869999999999
1262 0.484314
1263 0.55098
1264 0.684314
1265 0.990196
1266 0.958824
1267 0.934413
1268 0.947059
1269 0.916623
1270 0.9382349999999999
1271 0.794118
1272 0.891829
1273 0.794118
1274 0.903922
1275 0.7477026312039999
1276 0.566667
1277 0.888235
1278 0.954902
1279 0.766667
1280 0.954902
1281 0.794118
1282 0.739216
1283 0.727451
1284 0.82549
1285 0.578836
1286 0.590196
1287 0.743137
1288 0.6852945
1289 0.594118
1291 0.460784
1290 0.696078
1292 0.558824
1293 0.480392
1294 0.527451
1295 0.7688999999999999
1296 0.5205885
1297 0.9794115
1298 0.660784
1299 0.715686
1300 0.743137
1301 0.9096644999999999
1302 0.7264710000000001
1303 0.578431
1304 0.547059
1306 0.621569
1305 0.6323535
1307 0.476471
1308 0.543137
1309 0.6205875000000001
1310 0.586275
1312 0.7382355
1311 0.855882
1313 0.794118
1314 0.743137
1315 0.726921
1316 0.566667
1317 0.786275
1318 0.720588
1320 0.566667
1319 0.621569
1321 0.539216
1322 0.64902
1323 0.488235
1324 0.476471
1325 0.3859657494616665
1326 0.6499995000000001
1327 0.581779935025
1328 0.6205875000000001
1329 0.810142
1330 0.805882
1331 0.543137
1332 0.914706
1333 0.590196
1334 0.680392
1335 0.680392
1336 0.667647
1337 0.507843
1338 0.641176
1339 0.55098
1340 0.55098
1341 0.7911765
1342 0.452941
1343 0.68989
1344 0.55098
1345 0.904938
1346 0.888235
1347 0.794173
1348 0.82647
1349 0.798039
1350 0.452455
1351 0.727451
1352 0.735294
1353 0.8029410000000001
1354 0.660784
1355 0.7
1356 0.605882
1357 0.464706
1358 0.566667
1359 0.794118
1360 0.47312524128100003
1361 0.903922
1362 0.880392
1363 0.860784
1364 0.9911745000000001
1365 0.9375135000000001
1366 0.8391975
1367 0.790196
1368 0.762745
1369 0.747059
1370 0.8970585
1371 0.728086
1372 0.6264704999999999
1373 0.707843
1374 0.692157
1375 0.818241
1376 0.503922
1377 0.837255
1378 0.809804
1379 0.845098
1380 0.645098
1381 0.684314
1382 0.692157
1383 0.762745
1384 0.944118
1385 0.629412
1386 0.590196
1387 0.7
1388 0.608823
1389 0.64902
1390 0.9676469999999999
1391 0.711765
1392 0.9264705
1393 0.7
1394 0.9158115
1395 0.9082995
1396 0.7735289999999999
1397 0.503922
1398 0.6794115
1399 0.421569
1400 0.594118
1401 0.335294
1402 0.307843
1403 0.331373
1404 0.503922
1405 0.291177
1406 0.260784
1407 0.661764
1408 0.445098
1409 0.618669
1410 0.808994
1411 0.909114
1412 0.775815
1413 0.8617649999999999
1414 0.794118
1415 0.782353
1416 0.77451
1417 0.758824
1418 0.808824
1419 0.735294
1420 0.696078
1421 0.638235
1423 0.809804
1422 0.484314
1424 0.539216
1425 0.766667
1426 0.8097885
1427 0.696078
1428 0.617647
1429 0.629412
1430 0.8029410000000001
1431 0.423177
1432 0.8147055
1433 0.575727
1434 0.5
1435 0.67353
1436 0.464706
1438 0.7617645000000001
1437 0.527451
1439 0.8500005
1440 0.527451
1441 0.75
1442 0.480392
1443 0.554902
1444 0.401961
1445 0.35098
1446 0.555882
1447 0.37745029166731703
1448 0.367647
1450 0.238619
1449 0.350016
1451 0.4569435656583203
1453 0.323529
1452 0.554902
1454 0.2500005
1455 0.405882
1456 0.34471979323108515
1457 0.775762
1459 0.841176
1458 0.888235
1460 0.84902
1461 0.6621483756250001
1462 0.798039
1463 0.8735295000000001
1464 0.378871
1465 0.57451
1466 0.735294
1467 0.799746
1468 0.8617649999999999
1469 0.692157
1471 0.637255
1470 0.6873
1472 0.660784
1473 0.707843
1474 0.516105
1475 0.601961
1476 0.605882
1477 0.697059
1478 0.531373
1480 0.425793
1479 0.44902
1481 0.413725
1482 0.441176
1483 0.386275
1484 0.5205885
1485 0.5794125
1486 0.42058799999999996
1487 0.527451
1489 0.696078
1488 0.358824
1490 0.629412
1491 0.601961
1492 0.609804
1493 0.503182
1494 0.468627
1495 0.5911770000000001
1496 0.5441175
1497 0.502941
1499 0.444117
1498 0.362745
1501 0.284314
1500 0.362745
1502 0.282147
1503 0.539216
1504 0.52647
1505 0.689708
1507 0.598039
1506 0.770588
1508 0.711765
1509 0.855882
1510 0.755883
1511 0.484314
1512 0.7468125
1513 0.539216
1514 0.511765
1515 0.484314
1516 0.480392
1517 0.5911770000000001
1518 0.5198280000000001
1519 0.7852935000000001
1521 0.669005
1520 0.456863
1522 0.684314
1523 0.635155
1524 0.535294
1525 0.476471
1526 0.468627
1527 0.9029415
1528 0.5617650000000001
1529 0.672549
1530 0.46828565059599997
1531 0.668627
1532 0.339216
1533 0.325959
1534 0.366667
1536 0.42058799999999996
1537 0.7
1535 0.531373
1538 0.770588
1539 0.990196
1540 0.972738375625
1542 0.62549
1541 0.982353
1543 0.978431
1544 0.97451
1545 0.97451
1546 0.970588
1547 0.962745
1548 0.970588
1549 0.833333
1550 0.91987
1551 0.911016798784
1552 0.962745
1553 0.868627
1554 0.6379334999999999
1555 0.794421
1556 0.776
1557 0.592962
1558 0.726431
1559 0.735294
1560 0.968577
1561 0.707843
1562 0.9163823495962697
1563 0.672549
1565 0.979311569798831
1566 0.808983
1564 0.601961
1567 0.3366995619495392
1568 0.562745
1569 0.997059
1570 0.605882
1571 0.554902
1572 0.75
1573 0.462457
1574 0.605882
1575 0.370588
1576 0.55098
1577 0.362745
1578 0.755883
1579 0.480392
1581 0.437255
1580 0.366667
1582 0.347059
1583 0.6558825
1584 0.3029415
1586 0.892157
1585 0.907843
1587 0.874515
1588 0.855559
1589 0.944118
1590 0.801961
1591 0.786275
1592 0.777037
1593 0.762061
1594 0.743137
1595 0.944118
1596 0.703922
1597 0.70108
1598 0.69186
1599 0.717051
1600 0.674105
1601 0.676471
1602 0.813725
1603 0.841176
1604 0.8906287353573991
1605 0.801961
1606 0.57451
1607 0.269672
1608 0.715693
1609 0.6322863682021034
1610 0.684314
1612 0.997059
1611 0.664712
1613 0.637255
1614 0.9205874999999999
1615 0.778431
1616 0.598048
1617 0.845098
1618 0.9
1619 0.872549
1620 0.851829
1621 0.739216
1622 0.608823
1623 0.707843
1624 0.743137
1626 0.703922
1627 0.9499995000000001
1625 0.752655
1628 0.600764
1629 0.696117
1630 0.578431
1631 0.713595
1632 0.614706
1633 0.778431
1634 0.645098
1635 0.6325125
1636 0.630638
1637 0.605882
1638 0.531373
1640 0.62549
1639 0.633333
1641 0.776109
1642 0.644406
1643 0.8803935
1644 0.511765
1645 0.6205875000000001
1646 0.554902
1647 0.82647
1648 0.855882
1649 0.801961
1650 0.684314
1651 0.734086
1652 0.703922
1653 0.672549
1654 0.613725
1655 0.586275
1656 0.562745
1657 0.808824
1658 0.5382359999999999
1659 0.496078
1660 0.472549
1661 0.452377
1663 0.643089
1662 0.433333
1664 0.4142
1665 0.876471
1666 0.641176
1667 0.684543
1668 0.762856
1669 0.790196
1670 0.735294
1671 0.739216
1672 0.637255
1673 0.684314
1674 0.672549
1675 0.578431
1676 0.547059
1677 0.507843
1678 0.531373
1679 0.641176
1680 0.944118
1681 0.82549
1682 0.747059
1683 0.860784
1684 0.679774
1685 0.656863
1686 0.74671
1688 0.532353
1687 0.727434
1689 0.691248
1690 0.8155439999999999
1691 0.668627
1692 0.642088
1693 0.496681
1694 0.9323535000000001
1695 0.798039
1696 0.468627
1697 0.884314
1698 0.637255
1699 0.244897
1700 0.8500005
1701 0.9927528331765763
1702 0.5881840597150575
1703 0.727503
1704 0.715686
1706 0.8815820464661227
1705 0.9391325557674398
1707 0.668627
1708 0.697059
1709 0.629412
1710 0.366667
1711 0.766719
1712 0.608823
1713 0.703922
1714 0.754632
1715 0.8147055
1716 0.664706
1717 0.539216
1718 0.908823
1719 0.609412
1720 0.613725
1721 0.6852945
1722 0.613725
1723 0.429412
1724 0.6264704999999999
1725 0.5617650000000001
1726 0.539216
1727 0.688235
1728 0.5617650000000001
1729 0.688235
1730 0.754902
1731 0.739216
1732 0.743137
1734 0.621569
1733 0.714185
1736 0.7166775000000001
1735 0.578431
1737 0.8500005
1738 0.7323525
1739 0.617647
1740 0.554902
1741 0.82647
1742 0.547059
1743 0.578431
1745 0.617647
1744 0.52581
1746 0.562745
1748 0.8205884999999999
1747 0.515686
1749 0.6499995000000001
1750 0.390196
1751 0.307909
1752 0.394377
1753 0.555882
1754 0.354902
1755 0.370588
1756 0.303922
1757 0.284314
1758 0.7264710000000001
1759 0.484072
1760 0.41470650000000003
1761 0.919608
1762 0.829412
1763 0.617401
1764 0.678166
1765 0.9699495
1766 0.5234942138409999
1767 0.703922
1768 0.8441175000000001
1769 0.801961
1770 0.747059
1771 0.952464
1772 0.9264705
1773 0.633333
1774 0.8527800000000001
1775 0.77451
1776 0.676562
1777 0.986275
1778 0.982353
1779 0.899739
1780 0.9911760000000001
1781 0.978431
1782 0.864706
1783 0.794118
1784 0.841176
1785 0.966667
1786 0.601961
1787 0.5
1788 0.95098
1789 0.958824
1791 0.9852945
1792 0.9118378296040001
1790 0.954902
1793 0.761697
1794 0.664706
1795 0.841176
1796 0.35098
1797 0.34193221616212777
1798 0.747109
1799 0.586275
1800 0.9619613266558948
1802 0.75
1801 0.47908131264900006
1803 0.668627
1804 0.6124937900032317
1805 0.433333
1806 0.621569
1807 0.766717
1808 0.413725
1809 0.692157
1810 0.986275
1811 0.770588
1812 0.957327221761
1813 0.808824
1814 0.990196
1815 0.572014
1816 0.5917725400575847
1817 0.986275
1818 0.986275
1819 0.982353
1823 0.947647
1821 0.958824
1822 0.908823
1820 0.3166819350250001
1825 0.9794115
1826 0.711765
1827 0.771589
1824 0.954902
1829 0.914706
1830 0.665107
1831 0.64656
1833 0.609804
1828 0.747547
1832 0.9794115
1834 0.8911770000000001
1835 0.8441175000000001
1837 0.535294
1836 0.417647
1838 0.539216
1840 0.503489
1839 0.8676465
1841 0.84902
1842 0.9911760000000001
1843 0.841176
1844 0.9785234999999999
1845 0.8583915
1846 0.692157
1847 0.676471
1848 0.558824
1849 0.7
1850 0.621569
1851 0.480392
1852 0.7911765
1853 0.638802
1854 0.496078
1855 0.743137
1856 0.629412
1857 0.856863
1858 0.805882
1860 0.754902
1859 0.777458
1861 0.735294
1862 0.679067
1863 0.692157
1864 0.955038
1865 0.696078
1866 0.633333
1867 0.601961
1868 0.9499995000000001
1869 0.8676465
1870 0.680073
1871 0.735294
1872 0.512125
1873 0.896078
1874 0.886452
1875 0.86891
1876 0.851785
1877 0.833333
1878 0.799137
1879 0.78342
1880 0.8970585
1881 0.9205874999999999
1882 0.741071
1883 0.719608
1884 0.707227
1885 0.688235
1886 0.680049
1887 0.813725
1888 0.660784
1889 0.9516315
1890 0.703922
1891 0.590196
1892 0.8441175000000001
1893 0.855882
1894 0.6499995000000001
1895 0.608823
1896 0.445098
1897 0.366667
1898 0.5911770000000001
1899 0.444117
1900 0.35098
1901 0.452941
1902 0.3852945
1903 0.488235
1904 0.46176449999999997
1905 0.994118
1907 0.9882705979239998
1906 0.986275
1908 0.972738375625
1909 0.9794115
1910 0.727451
1911 0.998039
1912 0.998039
1914 0.896078
1913 0.982353
1915 0.998039
1916 0.9459515867984043
1917 0.770588
1918 0.8029410000000001
1919 0.998039
1920 0.7852935000000001
1921 0.82549
1922 0.809804
1923 0.594985
1924 0.829412
1925 0.805882
1926 0.562745
1927 0.547059
1928 0.703922
1929 0.635856
1930 0.681102
1931 0.452941
1932 0.647248
1933 0.8147055
1934 0.779412
1935 0.782353
1936 0.731772
1937 0.89967
1938 0.778431
1939 0.721123
1940 0.84902
1942 0.903922
1941 0.997059
1943 0.788961415225
1944 0.773631
1945 0.562745
1947 0.6822645
1946 0.747716466436
1948 0.71854
1949 0.715686
1950 0.703922
1952 0.821569
1953 0.782353
1951 0.821569
1954 0.762745
1955 0.598039
1956 0.8205884999999999
1957 0.672549
1958 0.9558825
1959 0.567626
1960 0.914706
1961 0.633333
1962 0.539216
1963 0.8147055
1964 0.691176
1966 0.7331595
1965 0.601961
1968 0.505083
1967 0.676471
1969 0.837864
1971 0.838236
1970 0.864706
1972 0.758824
1973 0.739216
1974 0.758824
1975 0.671319
1976 0.652941
1977 0.618837
1979 0.8970585
1980 0.570588
1978 0.616252
1981 0.441176
1982 0.96801
1983 0.778431
1984 0.605882
1985 0.845098
1986 0.914706
1987 0.85909
1988 0.84902
1989 0.852941
1990 0.743137
1991 0.692157
1992 0.9679679999999999
1993 0.762745
1994 0.735294
1995 0.729384
1997 0.703922
1996 0.598039
1998 0.696078
1999 0.805882
2000 0.684768
2001 0.994118
2002 0.958824
2003 0.833333
2005 0.8821266946560001
2007 0.731373
2006 0.931373
2004 0.914706
2008 0.9650174166090001
2009 0.978431
2010 0.903922
2011 0.978431
2012 0.896078
2013 0.892157
2014 0.7323525
2015 0.621025
2016 0.827935
2017 0.901111
2018 0.888235
2019 0.892157
2020 0.821569
2021 0.747716466436
2022 0.637255
2023 0.798039
2024 0.77451
2025 0.703922
2026 0.774411
2027 0.735294
2028 0.8441175000000001
2029 0.7
2030 0.851439
2031 0.856863
2032 0.731373
2033 0.9852945
2034 0.660784
2035 0.8911770000000001
2036 0.82647
2037 0.534065
2038 0.5676465
2039 0.648783
2040 0.46776
2041 0.382353
2042 0.5382359999999999
2043 0.366667
2044 0.310897
2045 0.366667
2046 0.366667
2047 0.472549
2048 0.3794115
2049 0.966667
2050 0.692157
2051 0.673855
2052 0.770588
2053 0.9804881184159999
2054 0.931373
2055 0.986275
2056 0.919608
2057 0.907843
2058 0.613725
2059 0.982353
2060 0.892157
2061 0.832353
2062 0.978431
2063 0.990196
2064 0.835092
2065 0.696078
2066 0.837255
2067 0.872549
2068 0.794118
2069 0.618768
2070 0.578431
2072 0.488235
2071 0.794118
2073 0.547059
2074 0.645098
2075 0.7970595
2076 0.719608
2077 0.9382349999999999
2078 0.885294
2079 0.855882
2080 0.9264705
2081 0.790196
2082 0.935157
2084 0.7935345
2083 0.8911770000000001
2085 0.7382355
2086 0.8970585
2087 0.6260505
2088 0.548303
2089 0.7795365000000001
2090 0.75
2091 0.480392
2092 0.452941
2093 0.688235
2094 0.417647
2095 0.641176
2096 0.6364210518401374
2097 0.543137
2099 0.668627
2098 0.758824
2100 0.8526345
2101 0.7970595
2102 0.562745
2103 0.558824
2104 0.547059
2105 0.570588
2106 0.543137
2107 0.535294
2108 0.492157
2109 0.7323525
2110 0.7029405
2111 0.8794124999999999
2112 0.215239
2113 0.809804
2114 0.892157
2115 0.61004
2116 0.869424
2117 0.739216
2118 0.75098
2119 0.558824
2120 0.782353
2121 0.7
2122 0.75
2123 0.9382349999999999
2124 0.507843
2125 0.7617645000000001
2126 0.496078
2127 0.8441175000000001
2128 0.57451
2129 0.821569
2130 0.7
2131 0.8042039999999999
2132 0.641176
2133 0.697059
2134 0.944118
2135 0.601961
2137 0.8441175000000001
2136 0.8617649999999999
2138 0.55098
2139 0.720588
2140 0.661764
2141 0.67353
2142 0.409804
2143 0.645098
2144 0.445098
2145 0.915686
2146 0.958824
2147 0.892157
2148 0.868627
2149 0.860784
2150 0.9852945
2151 0.821569
2152 0.801961
2153 0.794118
2154 0.672549
2155 0.770588
2156 0.766667
2157 0.766667
2158 0.75098
2159 0.84902
2160 0.719608
2161 0.994118
2162 0.998039
2163 0.998039
2164 0.998039
2165 0.998039
2166 0.994118
2167 0.603132
2168 0.994118
2169 0.994118
2170 0.807092
2171 0.660784
2172 0.766667
2174 0.7323525
2173 0.998039
2175 0.998039
2176 0.885294
2177 0.914706
2178 0.676471
2179 0.668627
2180 0.720588
2181 0.562745
2182 0.52355
2183 0.492157
2184 0.7029405
2185 0.445098
2186 0.42152519696744456
2187 0.24902
2188 0.373222
2189 0.354902
2190 0.335294
2191 0.82647
2192 0.366667
2193 0.734624
2194 0.9404715
2195 0.656863
2196 0.9386729999999999
2197 0.594118
2198 0.735294
2199 0.719608
2200 0.7485105
2201 0.539216
2202 0.691176
2204 0.627926
2203 0.672549
2205 0.908823
2206 0.885294
2207 0.855882
2208 0.637255
2209 0.660784
2210 0.613725
2211 0.573378
2213 0.7560990000000001
2212 0.680392
2214 0.5911770000000001
2215 0.57451
2216 0.944118
2217 0.417647
2218 0.480392
2219 0.605882
2220 0.543137
2221 0.547059
2222 0.614706
2223 0.472879
2224 0.527451
2225 0.880392
2226 0.860784
2227 0.876471
2228 0.884314
2229 0.798039
2230 0.7
2231 0.75098
2233 0.562745
2232 0.637255
2234 0.69881
2235 0.684314
2236 0.680392
2238 0.656863
2237 0.660784
2239 0.9029415
2240 0.9558825
2241 0.657736
2242 0.914706
2243 0.614822
2244 0.746003
2245 0.740106
2246 0.547946
2247 0.7382355
2248 0.914706
2249 0.641176
2251 0.594118
2250 0.67353
2252 0.586275
2253 0.562745
2254 0.578431
2255 0.562745
2256 0.570588
2257 0.903922
2258 0.837255
2259 0.864706
2260 0.754902
2261 0.827504
2262 0.821569
2263 0.774898
2264 0.798039
2265 0.366667
2266 0.727034
2267 0.9022275000000001
2268 0.582353
2269 0.683371
2270 0.914706
2271 0.801961
2272 0.719608
2273 0.966667
2274 0.660784
2275 0.664706
2276 0.947059
2280 0.919608
2279 0.994118
2278 0.994118
2277 0.9453480000000001
2281 0.867799
2282 0.613725
2283 0.896078
2284 0.888235
2285 0.888235
2286 0.876471
2287 0.935294
2288 0.825564
2289 0.752699
2291 0.77451
2290 0.9852945
2292 0.809804
2293 0.7676475
2294 0.820746
2295 0.8205884999999999
2296 0.709586
2297 0.808824
2298 0.598039
2299 0.672549
2300 0.562745
2301 0.9794115
2302 0.8676465
2303 0.703922
2304 0.535294
2305 0.812297
2306 0.778499
2307 0.680392
2308 0.64902
2309 0.68733
2310 0.447528
2311 0.649938
2312 0.515686
2313 0.464706
2314 0.441176
2315 0.358824
2316 0.499281
2319 0.9029415
2318 0.5721615
2317 0.413725
2320 0.34242043373959913
2321 0.786275
2322 0.758421
2323 0.727451
2324 0.9676469999999999
2325 0.77451
2326 0.637255
2327 0.692721
2328 0.5842665
2329 0.570588
2330 0.64902
2331 0.499682
2332 0.67353
2334 0.6499995000000001
2333 0.456863
2335 0.949797
2336 0.433333
2337 0.892157
2338 0.857249
2339 0.837255
2340 0.884314
2341 0.9696967355372539
2342 0.5833491955290001
2343 0.84902
2344 0.527451
2346 0.766667
2345 0.8794124999999999
2347 0.8676465
2348 0.668627
2349 0.77451
2350 0.7911765
2351 0.790196
2352 0.7911765
2353 0.790196
2354 0.9
2356 0.3263475499750726
2355 0.790196
2357 0.864706
2358 0.818608
2359 0.803071
2360 0.762745
2361 0.633333
2362 0.798039
2363 0.594118
2364 0.8441175000000001
2365 0.719669
2366 0.8500005
2368 0.739216
2367 0.9729655819041294
2369 0.911765
2370 0.889775
2371 0.907843
2372 0.8911770000000001
2373 0.84902
2374 0.821569
2375 0.813725
2376 0.833333
2377 0.782353
2378 0.766667
2379 0.801961
2380 0.754763
2381 0.8942384999999999
2383 0.794118
2382 0.601961
2384 0.696078
2385 0.84902
2386 0.9499995000000001
2387 0.885294
2388 0.715686
2389 0.696078
2390 0.691176
2391 0.615803
2392 0.401961
2393 0.858897
2395 0.523529
2394 0.366667
2396 0.303922
2399 0.664706
2397 0.697059
2398 0.480392
2400 0.464706
2401 0.809804
2402 0.837255
2403 0.860784
2404 0.872549
2405 0.835923
2406 0.9227759999999999
2407 0.78636
2408 0.790196
2409 0.653909
2410 0.758824
2413 0.719608
2411 0.747059
2412 0.668627
2414 0.8676465
2415 0.97353
2416 0.8970585
2417 0.884314
2418 0.865156
2419 0.833333
2420 0.82549
2421 0.801961
2422 0.782353
2423 0.743137
2426 0.8029410000000001
2424 0.8040915
2425 0.719608
2427 0.503922
2428 0.684314
2429 0.961764
2430 0.6499995000000001
2431 0.798039
2432 0.62013
2433 0.771698
2434 0.82549
2435 0.817647
2436 0.770588
2437 0.633918
2438 0.902937
2439 0.6182283756249999
2440 0.769372
2441 0.75098
2442 0.639904
2443 0.7382355
2444 0.621569
2445 0.676471
2446 0.678633
2447 0.82549
2448 0.663839
2449 0.670014
2450 0.617647
2451 0.860784
2452 0.594118
2453 0.7382355
2454 0.660784
2455 0.528014
2456 0.731373
2457 0.48529350000000004
2458 0.554902
2459 0.6453075
2461 0.627953
2460 0.6158985
2462 0.495598
2463 0.468357
2464 0.5382359999999999
2465 0.8953785
2466 0.9323535000000001
2467 0.706884
2468 0.8617649999999999
2469 0.64902
2470 0.578116
2471 0.554902
2473 0.331373
2472 0.5980800000000001
2474 0.483626
2475 0.6794115
2476 0.661764
2477 0.6376695
2478 0.417647
2479 0.609486
2480 0.484314
2481 0.790458
2482 0.770588
2483 0.252941
2484 0.4088235
2485 0.370588
2486 0.5676465
2487 0.362745
2488 0.358824
2489 0.527959
2490 0.40394106615047
2491 0.256863
2492 0.472549
2493 0.205882
2494 0.285294
2495 0.633773
2496 0.413725
2497 0.688235
2498 0.829412
2499 0.794118
2500 0.523529
2502 0.558824
2501 0.508001
2503 0.7970595
2504 0.8205884999999999
2505 0.46176449999999997
2506 0.559145
2507 0.441176
2508 0.527721
2509 0.8029410000000001
2510 0.441176
2511 0.716817
2512 0.7323525
2514 0.896078
2513 0.739819
2515 0.864109
2516 0.978431
2517 0.786275
2518 0.958824
2519 0.962745
2520 0.814795
2521 0.792435
2522 0.758824
2524 0.95098
2523 0.954902
2525 0.943137
2527 0.958824
2526 0.9
2528 0.8747748664359999
2529 0.943137
2530 0.914706
2531 0.884314
2532 0.923529
2533 0.9
2534 0.833333
2535 0.876471
2536 0.864706
2537 0.75098
2538 0.629412
2539 0.790196
2540 0.829412
2541 0.801961
2542 0.817647
2543 0.801961
2544 0.914706
2545 0.990196
2546 0.990196
2547 0.997059
2548 0.97451
2549 0.982353
2550 0.982353
2551 0.7344075
2553 0.97451
2552 0.958824
2554 0.97451
2555 0.942041065744
2556 0.641176
2557 0.966667
2558 0.8617649999999999
2560 0.8877895899117342
2559 0.982353
2562 0.507843
2561 0.727451
2565 0.44902
2564 0.6029415
2566 0.676327
2567 0.429412
2563 0.437255
2568 0.405882
2569 0.778431
2571 0.9852945
2570 0.735295
2572 0.645098
2573 0.9794115
2574 0.272549
2577 0.731884
2576 0.252941
2578 0.747059
2575 0.837255
2580 0.621569
2579 0.8618655
2581 0.65518
2582 0.507856
2583 0.8537295
2585 0.521723
2586 0.75
2584 0.720588
2587 0.421569
2588 0.373244
2589 0.441176
2590 0.691176
2591 0.9264705
2592 0.67353
2593 0.857125
2594 0.770588
2595 0.703922
2597 0.9264705
2596 0.813725
2598 0.586275
2599 0.601961
2600 0.731373
2601 0.703922
2602 0.8029410000000001
2603 0.9383033958306018
2604 0.601961
2605 0.5147055
2607 0.613725
2606 0.8716035
2608 0.617647
2609 0.8147055
2610 0.558824
2611 0.7970595
2612 0.7852935000000001
2613 0.570588
2614 0.42549
2615 0.644118
2616 0.574587
2617 0.608823
2618 0.5228385
2619 0.378431
2620 0.399393
2622 0.676471
2621 0.303922
2623 0.464706
2625 0.884314
2624 0.555882
2626 0.637255
2628 0.523529
2627 0.9271510764881612
2629 0.798039
2630 0.754905
2631 0.743137
2632 0.6222841416092583
2633 0.707843
2634 0.472549
2635 0.672549
2637 0.5177074402210156
2636 0.645103
2638 0.9323535000000001
2639 0.778431
2640 0.166667
2641 0.9584730000000001
2642 0.994118
2643 0.994118
2644 0.782353
2645 0.676471
2646 0.827634
2647 0.939216
2648 0.935294
2649 0.947059
2650 0.868627
2651 0.782353
2652 0.554902
2653 0.978431
2654 0.907843
2656 0.841176
2655 0.766667
2657 0.884314
2658 0.9476789999999999
2659 0.804292
2660 0.62549
2661 0.8911770000000001
2662 0.9911760000000001
2663 0.519608
2664 0.692157
2665 0.672549
2666 0.961764
2667 0.637255
2668 0.613725
2669 0.605882
2670 0.401961
2671 0.753961
2672 0.582353
2673 0.833333
2674 0.994118
2675 0.994118
2676 0.747059
2677 0.566667
2678 0.707843
2679 0.860784
2680 0.327451
2681 0.994118
2682 0.643996
2683 0.888235
2684 0.9334020000000001
2685 0.838236
2686 0.613005
2687 0.7970595
2688 0.994118
2689 0.994118
2690 0.958824
2691 0.672549
2692 0.896920749481
2693 0.766667
2694 0.994118
2695 0.923529
2696 0.8844209999999999
2698 0.863722
2697 0.8241789126489999
2699 0.75098
2700 0.560743
2701 0.7264710000000001
2703 0.9323535000000001
2702 0.696845961529
2704 0.876471
2705 0.688235
2706 0.762158
2707 0.722684
2708 0.974043
2709 0.7
2710 0.672549
2711 0.961764
2712 0.55098
2713 0.570824
2714 0.515686
2715 0.547816
2716 0.908823
2717 0.7998045
2718 0.832353
2719 0.9499995000000001
2720 0.515686
2721 0.856863
2722 0.809804
2723 0.6558825
2724 0.757816
2725 0.778431
2726 0.687284
2727 0.6046384322249999
2729 0.9558825
2728 0.668627
2730 0.910164
2731 0.8822714999999999
2732 0.590196
2733 0.488235
2734 0.561611
2735 0.790196
2736 0.531373
2737 0.915686
2738 0.841176
2739 0.821569
2740 0.880392
2741 0.8794124999999999
2742 0.656908
2743 0.662314
2744 0.739216
2745 0.790196
2746 0.727451
2747 0.7
2748 0.707843
2750 0.8923364999999999
2749 0.629412
2751 0.837255
2753 0.759814
2752 0.680392
2754 0.813725
2755 0.735294
2756 0.8735295000000001
2757 0.735294
2758 0.664706
2759 0.8441175000000001
2760 0.908823
2761 0.8147055
2762 0.594118
2764 0.503922
2763 0.570588
2766 0.406256
2765 0.547059
2767 0.9143325
2768 0.523529
2769 0.751809
2770 0.743137
2771 0.676471
2772 0.629412
2773 0.633333
2774 0.9676469999999999
2775 0.504557
2776 0.535294
2777 0.468627
2778 0.8205884999999999
2779 0.7970595
2780 0.703922
2781 0.7088235
2782 0.417647
2783 0.668627
2784 0.336295
2785 0.652941
2786 0.84902
2787 0.535294
2788 0.794126
2789 0.782353
2790 0.723542
2791 0.703933
2792 0.4911765
2793 0.652941
2794 0.362745
2795 0.41390581843419055
2796 0.645098
2797 0.34835020494399993
2798 0.22549
2799 0.638235
2800 0.562745
2801 0.994118
2802 0.675359
2803 0.9804881184159999
2804 0.889507400769
2805 0.986275
2806 0.845678873664
2808 0.907843
2807 0.864706
2809 0.903922
2810 0.896078
2811 0.885294
2812 0.970588
2813 0.872549
2814 0.868952
2815 0.641176
2816 0.966667
2817 0.703922
2818 0.8441175000000001
2819 0.617647
2820 0.511765
2821 0.468627
2822 0.6264704999999999
2823 0.7264710000000001
2824 0.401961
2825 0.49777499999999997
2826 0.633333
2827 0.382353
2828 0.8970585
2829 0.33458242176100006
2830 0.5034656237157334
2831 0.547059
2832 0.272549
2833 0.507843
2834 0.460784
2835 0.585294
2836 0.5500005
2837 0.357650645521
2838 0.3558825
2839 0.42094700400963436
2840 0.22549
2841 0.190196
2842 0.6352935
2843 0.23235300000000003
2845 0.358824
2844 0.16000095200209438
2847 0.566667
2846 0.139216
2848 0.22549
2849 0.884314
2850 0.362812
2851 0.570588
2852 0.82647
2853 0.492157
2854 0.42549
2855 0.17391198298819685
2856 0.386275
2857 0.692157
2858 0.452941
2859 0.5122784290288438
2860 0.6457841559426871
2861 0.641176
2862 0.4584855
2863 0.476471
2864 0.9805208245367402
2865 0.75
2866 0.9205874999999999
2867 0.855882
2868 0.82549
2869 0.660784
2870 0.7382355
2872 0.582353
2871 0.731373
2873 0.484489
2875 0.9438584999999999
2874 0.55098
2876 0.284713
2877 0.570588
2878 0.476471
2879 0.441176
2880 0.311765
2881 0.715686
2882 0.982353
2883 0.975592
2884 0.9937365
2885 0.9676469999999999
2886 0.953642
2887 0.949059
2888 0.947769
2889 0.954902
2890 0.7009959350249999
2891 0.935294
2892 0.947059
2893 0.8601653574010001
2894 0.923529
2895 0.966667
2896 0.919608
2897 0.813725
2898 0.778431
2899 0.75098
2901 0.562745
2902 0.954015
2900 0.715686
2903 0.612048
2904 0.587612
2905 0.562745
2906 0.543137
2907 0.518506
2908 0.5
2909 0.637255
2910 0.460784
2911 0.82647
2912 0.439961
2913 0.723529
2914 0.684314
2915 0.71828
2917 0.653645
2916 0.8794124999999999
2918 0.8930084999999999
2919 0.567111
2920 0.543137
2921 0.284314
2922 0.5500005
2923 0.470319
2924 0.445098
2925 0.535294
2926 0.42058799999999996
2927 0.9352619999999999
2928 0.386275
2929 0.768538
2930 0.766667
2931 0.9499995000000001
2932 0.719608
2933 0.8735295000000001
2934 0.9566775000000001
2935 0.594118
2936 0.519608
2937 0.564609
2938 0.502941
2940 0.62549
2939 0.519608
2941 0.914706
2942 0.468627
2943 0.664706
2944 0.57451
2945 0.97353
2946 0.570588
2948 0.5794125
2947 0.7735289999999999
2949 0.440408
2950 0.421569
2951 0.503037
2952 0.370588
2953 0.42549
2955 0.42647100000000004
2954 0.45588300000000004
2956 0.511765
2957 0.361764
2958 0.472549
2959 0.82647
2960 0.213725
2961 0.919608
2962 0.817647
2963 0.84902
2964 0.7109
2965 0.852941
2966 0.790196
2967 0.758824
2969 0.658102
2968 0.798039
2970 0.668627
2971 0.9911760000000001
2972 0.7799039999999999
2973 0.688235
2974 0.884142
2975 0.778431
2976 0.645098
2977 0.892157
2978 0.923529
2979 0.856863
2980 0.75098
2981 0.821569
2983 0.801961
2982 0.958824
2984 0.880392
2985 0.95098
2986 0.966667
2987 0.970588
2988 0.935294
2989 0.739216
2990 0.735294
2991 0.957327221761
2992 0.672549
2993 0.668627
2994 0.758824
2995 0.747059
2996 0.703922
2997 0.8626785000000001
2998 0.612473
2999 0.598387
3000 0.554902
3001 0.8441175000000001
3002 0.511765
3003 0.7617645000000001
3004 0.6794115
3005 0.494905
3006 0.638235
3007 0.961764
3008 0.429412
3009 0.911765
3010 0.841176
3011 0.820786
3012 0.813725
3013 0.778431
3014 0.711765
3015 0.8579460000000001
3016 0.786275
3017 0.7
3018 0.838236
3019 0.671464
3021 0.527451
3020 0.82647
3022 0.707843
3023 0.758824
3024 0.645098
3025 0.919608
3026 0.805882
3027 0.782353
3028 0.766667
3029 0.903922
3030 0.892157
3031 0.97353
3032 0.860784
3034 0.841176
3033 0.714190629604
3035 0.914706
3036 0.821569
3037 0.82647
3039 0.9
3038 0.82549
3040 0.8572845
3041 0.923529
3042 0.827428556161
3043 0.8104500625
3044 0.88597
3045 0.703922
3046 0.9397739999999999
3047 0.829412
3048 0.82209
3049 0.80708
3050 0.885294
3051 0.645098
3052 0.77451
3053 0.629412
3054 0.53774
3055 0.9780285
3056 0.644118
3057 0.916067
3058 0.943137
3059 0.931373
3060 0.919608
3061 0.8313154152250001
3062 0.9496697400999999
3063 0.97451
3064 0.884314
3065 0.868627
3066 0.707843
3067 0.711765
3068 0.7
3069 0.958824
3070 0.958824
3071 0.692157
3072 0.896078
3073 0.766667
3074 0.914706
3075 0.908823
3076 0.629412
3077 0.8911770000000001
3078 0.578431
3079 0.598039
3080 0.755883
3081 0.7147064999999999
3082 0.6852945
3083 0.484314
3084 0.6464775
3085 0.405882
3086 0.667647
3087 0.9029415
3088 0.328489
3089 0.923529
3090 0.740949094656
3091 0.837255
3092 0.872549
3093 0.656863
3094 0.758824
3095 0.578431
3096 0.813725
3097 0.798039
3098 0.786275
3099 0.578431
3100 0.6433
3101 0.7
3102 0.885294
3103 0.9676469999999999
3104 0.727451
3105 0.740823
3106 0.697526
3107 0.668627
3108 0.9428535
3109 0.987657
3110 0.8735295000000001
3111 0.570588
3112 0.8205884999999999
3113 0.44902
3114 0.503922
3115 0.475181
3116 0.6794115
3117 0.433683
3118 0.613725
3119 0.9382349999999999
3120 0.394359
3121 0.856863
3122 0.731373
3123 0.792386
3124 0.770267
3125 0.488604
3126 0.714124
3127 0.562745
3128 0.566667
3129 0.546093
3131 0.6883994999999999
3132 0.440588
3130 0.9029415
3133 0.547059
3134 0.471921
3135 0.652941
3136 0.594236
3137 0.9499995000000001
3138 0.664706
3139 0.5911770000000001
3140 0.744117
3141 0.503922
3142 0.480392
3143 0.354902
3144 0.399756
3145 0.383127
3146 0.283708
3147 0.362745
3148 0.37451
3149 0.48529350000000004
3150 0.7382355
3151 0.446509
3152 0.284314
3153 0.748244
3154 0.660784
3155 0.66622
3156 0.543137
3157 0.586678
3158 0.492157
3159 0.6499995000000001
3160 0.409804
3161 0.6794115
3162 0.629934
3163 0.496078
3164 0.382353
3165 0.331373
3166 0.37353
3167 0.55995
3168 0.413725
3169 0.715169
3170 0.868627
3171 0.9676469999999999
3172 0.919608
3173 0.8794124999999999
3174 0.770588
3175 0.880392
3176 0.8016877960423986
3177 0.864706
3178 0.727508349481
3179 0.8343224382679232
3180 0.837255
3181 0.889507400769
3182 0.970588
3183 0.617647
3184 0.813725
3186 0.569877029604
3185 0.872596
3187 0.9827679383477081
3189 0.8306019533280291
3188 0.688235
3190 0.758824
3191 0.735294
3192 0.715686
3193 0.703922
3194 0.503922
3195 0.664706
3196 0.645098
3197 0.437255
3198 0.621569
3199 0.778431
3200 0.621569
3202 0.845098
3201 0.873858
3203 0.880392
3204 0.809804
3205 0.852941
3206 0.744582
3207 0.805882
3208 0.782353
3209 0.77451
3211 0.7
3210 0.668627
3212 0.735294
3213 0.719608
3215 0.82549
3214 0.9676469999999999
3216 0.656863
3217 0.33595
3218 0.9807933398628796
3219 0.852941
3220 0.547059
3221 0.798039
3222 0.344973
3223 0.739216
3224 0.707852
3225 0.9794115
3226 0.285407
3227 0.696078
3228 0.4641343128773891
3229 0.9558825
3230 0.621569
3231 0.6794115
3232 0.586275
3233 0.907843
3234 0.892157
3235 0.711765
3238 0.743137
3237 0.64902
3236 0.668627
3239 0.7
3241 0.664706
3243 0.9794115
3240 0.496078
3242 0.9862669780698837
3244 0.323529
3245 0.62549
3246 0.7676475
3247 0.739216
3248 0.598039
3250 0.880392
3249 0.9102885000000001
3251 0.758824
3252 0.7852935000000001
3253 0.751135
3255 0.786275
3254 0.676471
3256 0.808824
3257 0.62549
3258 0.605882
3261 0.711765
3259 0.711765
3260 0.651617
3262 0.7029405
3263 0.7323525
3264 0.692157
3265 0.802073
3266 0.778431
3267 0.529345
3268 0.62549
3270 0.75
3269 0.697107
3271 0.629765
3272 0.435009
3273 0.720588
3275 0.586275
3274 0.8205884999999999
3276 0.488235
3277 0.543137
3278 0.697059
3279 0.363488
3280 0.55098
3281 0.864469
3282 0.962745
3284 0.794711
3285 0.9794115
3283 0.82549
3287 0.998039
3288 0.994118
3286 0.740533
3289 0.915686
3290 0.996081845521
3291 0.903922
3292 0.6794115
3293 0.688235
3294 0.735294
3295 0.996081845521
3296 0.672549
3297 0.990196
3302 0.982353
3299 0.975302
3303 0.962745
3301 0.97451
3298 0.990196
3305 0.7574265674942814
3306 0.801961
3307 0.970588
3300 0.97451
3308 0.970588
3304 0.962745
3309 0.966667
3310 0.966667
3312 0.962745
3311 0.967043
3313 0.826909
3315 0.766667
3316 0.743246
3318 0.762745
3319 0.961764
3314 0.798105
3320 0.9382349999999999
3321 0.55098
3322 0.9496158227902316
3317 0.713632
3324 0.5274