1 0.47339399007740623
3 0.6607845000000001
2 0.2755192500000001
4 0.1275413910871679
5 0.35148090480100014
6 0.841365375625
7 0.8049015
8 0.673413112041
9 0.7134255200044332
10 0.7042871656855878
11 0.771562994464
12 0.367651549481
13 0.028142508330250005
14 0.7272332954268874
15 0.7943564999999999
16 0.047234145521000026
17 0.7696494508759906
18 0.15889055380841216
19 0.48936660892306055
20 0.8202539405549087
21 0.24296362312599995
22 0.945265937561
23 0.39019550000000014
25 0.5250380000000001
24 0.8351387999999998
26 0.737231
27 0.4750861551984007
28 0.4646747175974312
29 0.8850641935728075
30 0.1352945000000001
31 0.31398707874063436
32 0.2590239999999999
33 0.4705885000000001
35 0.608904165744
36 0.08261700000000016
34 0.2068620000000001
37 0.2653852717133749
38 0.13462759999999996
40 0.36321331264900003
39 0.18678683300690357
43 0.433408
41 0.8168405
42 0.536659582084
45 0.5948645053837796
44 0.622708
48 0.707393039236
49 0.17322149248600988
46 0.279934288889
47 0.3512443999999999
50 0.6166675
52 0.7049765000000001
51 0.625878765129
54 0.795134
53 0.291325366785131
55 0.8318189104960001
58 0.073485422404
56 0.03924924499630811
57 0.25628240000000013
59 0.4250911694815003
60 0.6616283533375
62 0.05975662615350008
61 0.05923614680921485
63 0.761055966436
64 0.04117599999999999
65 0.8371749552479083
66 0.26612875
68 0.37924649688900014
67 0.6494119999999999
72 0.8431365
69 0.16481600000000007
71 0.26764750000000004
70 0.6630035470307427
73 0.856917922203
74 0.38478935380625007
75 0.861539
77 0.5866595
76 0.6470594999999999
79 0.6359321587839999
78 0.858824
80 0.7667740000000001
83 0.7020215000000002
81 0.29544402961710137
82 0.607443073664
86 0.43822932544178816
85 0.3293328657440002
84 0.5778769809725703
87 0.2607890976935001
88 0.3429857999999999
89 0.4206610000000002
90 0.7553717453290001
92 0.5960785000000002
93 0.45416349999999994
91 0.35452398922263995
95 0.9117640000000002
94 0.6529465976935
98 0.73732831516816
97 0.0930676284387082
96 0.028040900619193287
99 0.17185988448675005
104 0.91750890380025
101 0.7967060646290001
100 0.35738387005000005
102 0.8125220000000002
103 0.5958584000000002
105 0.684675357401
106 0.7708194195446179
107 0.40636533163573735
108 0.3162756361015002
112 0.4749201926310598
109 0.7445018432179298
111 0.8913394444445
110 0.7450622247631136
114 0.2774261296039999
113 0.8144161459411301
115 0.6450180871481981
116 0.1605000000000001
118 0.31813136430525185
117 0.04019649999999997
120 0.8080489000000001
121 0.5750000000000001
124 0.92888
125 0.2869432429246248
119 0.6951194937762336
123 0.47634525000000005
122 0.8392168976935
127 0.11470500000000006
126 0.004038999999999904
128 0.19674172491349995
130 0.4308785
129 0.29326600000000025
131 0.7794206494810001
133 0.8148430000000002
132 0.6670187999999999
134 0.2425977430253481
135 0.6634286637327267
137 0.6988450680323247
138 0.7796668999999999
140 0.4593516000000002
136 0.3579746607189638
139 0.11699975642638227
142 0.6078569636340394
141 0.5454335280376457
144 0.8115420000000001
143 0.329623435025
145 0.2393408218409998
146 0.052876340100000085
147 0.2200203997693333
148 0.2979910654309715
149 0.5607438850860302
150 0.6102288371008058
151 0.5807895682815001
152 0.669968045521
154 0.3759195951649877
153 0.9209799999999999
155 0.8541578
156 0.680489000769
157 0.7141482899925108
158 0.158305776248375
160 0.33297801480199996
162 0.26961100000000005
161 0.02539514065187487
163 0.021567500000000295
159 0.488134628064
164 0.5920029811892166
165 0.09186720000000004
167 0.304091911009
166 0.02071659965400008
168 0.9486225622061115
170 0.7960613541522501
169 0.31563235
171 0.45278042857421685
172 0.701879102806
174 0.32803228700500003
173 0.638003298576
175 0.23352594999999998
177 0.36095046682014575
176 0.24187443264150002
179 0.20024596039999998
178 0.41121743284391227
183 0.05220719496132098
181 0.059010768973499994
182 0.19711750000000006
180 0.3205880000000001
184 0.1357562499999998
186 0.91813725
185 0.8323525
187 0.7462172026540176
188 0.7954049801301171
190 0.898046189321711
189 0.56338
191 0.9365569104960001
192 0.05392150000000018
193 0.13734098251967475
195 0.826268
194 0.52964425
196 0.25647344803215266
197 0.6454805091460478
198 0.8451714815157854
199 0.5503431816
200 0.686305662976
201 0.677921608358212
202 0.658150270976
203 0.7088668764868351
204 0.19623200000000018
205 0.6817648000000001
206 0.8497318451562501
207 0.20073549999999996
208 0.42770912816225
209 0.38450503655460655
210 0.16862800000000022
211 0.08447694444449994
212 0.29017878142547837
214 0.629101843281
213 0.7385419822537884
215 0.06590699999999994
216 0.7176600566231728
217 0.879606
218 0.9251116166667501
219 0.8491958109143449
220 0.1676470000000001
221 0.2942144266305391
222 0.6246826169640001
223 0.9303925
224 0.8602700999999999
225 0.008432000000000106
227 0.643937754632
226 0.3542144184160001
228 0.8872311500000001
229 0.869623157401
230 0.05804699999999996
232 0.30954667185574514
231 0.4320395
233 0.5968772
234 0.670588
235 0.19062314862049998
236 0.5813735
237 0.57598075
238 0.5407118257063933
239 0.6592899367039999
240 0.14007111336506248
241 0.5827417033664799
242 0.2688868019381401
243 0.715689845521
244 0.7798858387334513
245 0.19094480519348989
246 0.45397489237050404
247 0.48024071761350007
248 0.28141246369837497
250 0.13788919238225006
249 0.33308950000000004
251 0.5330958388627203
252 0.899232898962
253 0.021957500000000074
254 0.4424262840640889
255 0.41798999999999986
257 0.9377219296480923
256 0.41130125
258 0.3811555000000002
259 0.1672066629760003
260 0.045684693816250066
261 0.20185300000000006
263 0.12174820236319817
262 0.6558825
265 0.29024791841759207
264 0.38267399999999996
266 0.6075986629760001
267 0.01353290000000007
268 0.6123832965845402
270 0.655017816609
269 0.6777543228375
271 0.343702939616
272 0.5101558211737356
273 0.7916675
274 0.5628239348738651
275 0.11311938606885209
276 0.868212
278 0.362188865744
277 0.556950457769
280 0.37089678737025
279 0.575411
282 0.10272728997003461
281 0.6880142796040001
283 0.54868875
286 0.228513269232
285 0.34907610830335634
284 0.4085559249135
288 0.0652765186855
287 0.3063246095982633
289 0.8399999999999999
290 0.30820246283583996
292 0.26960800000000007
291 0.09169863148800017
293 0.872115986589303
294 0.26692018440599996
295 0.7530965332179999
296 0.39035320000000007
297 0.550903981456
299 0.34876320000000005
298 0.4021004504949098
300 0.351095816609
301 0.529756575126593
302 0.51297275
303 0.021977641696227845
304 0.6781491228375
305 0.05825697982150002
306 0.6859560440954129
307 0.17941249999999997
308 0.6264700000000001
309 0.352371
310 0.7869895629760001
311 0.648803
313 0.28075661751162806
312 0.44637498593008734
314 0.35456896865349996
315 0.5715685
316 0.598868
317 0.65539175
319 0.444922266436
318 0.33578425
321 0.11827312146001279
320 0.2789124979349952
322 0.15098000000000011
324 0.17301300000000008
323 0.8755766210325181
325 0.30146079999999986
327 0.452635924801
326 0.21078400000000008
328 0.5932154365474736
329 0.0056035000000000945
330 0.7278692000000004
331 0.351434
332 0.11773615346025013
333 0.6531331971171912
335 0.479549915225
336 0.44991976897350017
334 0.2427180000000002
337 0.15463151379200002
338 0.19682444920776443
340 0.855882
339 0.15918449465600015
341 0.20969329268954023
343 0.684775266436
344 0.4103565
342 0.7676475
345 0.40163688472909276
346 0.853287870198459
347 0.45171760000000005
350 0.32245804273764267
348 0.2548313018712129
349 0.04411900000000002
353 0.08763676897350003
351 0.7942167350250001
352 0.5429637766000001
355 0.18529400000000007
356 0.11430640000000003
354 0.8183975924561506
357 0.33234808538948646
358 0.9224275249135
359 0.893252816609
360 0.878396213841
361 0.44152375
362 0.8432935802293651
363 0.018625791816771146
364 0.9000414604
365 0.9084294898863865
366 0.3853640005185901
367 0.27344720519277677
368 0.5514014998066579
369 0.7476505392010002
370 0.790440616609
371 0.8412450865963786
372 0.7778504024996449
373 0.24430300000000016
375 0.5982645932637937
374 0.08084100000000016
377 0.24215700000000018
376 0.11525567113168582
378 0.43905225000000003
379 0.483798429604
380 0.06799099999999991
381 0.8696715373702499
382 0.6969010317567441
383 0.301401267003375
384 0.926659
385 0.3237594441
386 0.9272055
387 0.27526300000000004
388 0.7264712499999999
389 0.44694450757038173
390 0.5832102107461978
391 0.817475
392 0.5391723747181386
393 0.8941180000000004
394 0.779542688889
395 0.22366599999999992
396 0.57345495
397 0.4733909904039687
398 0.6735295
399 0.7517973076125
401 0.3488411613173571
400 0.20784350000000007
402 0.13970625000000014
403 0.53820056498905
404 0.12621700000000002
405 0.7886058927727264
406 0.7033394996540001
407 0.40686200000000006
408 0.3728422333335002
409 0.2652244957819176
410 0.2822449011535002
411 0.27867006894910606
412 0.2856920682815
413 0.23702335000000052
414 0.5893175455209999
415 0.31530900000000006
417 0.748468300272922
416 0.17791744060000014
418 0.563725
419 0.7390720968860001
420 0.31874728111983835
421 0.6465685000000003
422 0.7590551527398097
423 0.25142100000000034
424 0.926171070144
425 0.1552667000000001
426 0.6072951571219426
427 0.908370698880905
428 0.06393027907103788
429 0.22094676841600003
430 0.7040222171002645
431 0.559804
433 0.566268374508043
432 0.11705847283750015
434 0.7970595
435 0.6475777629760001
437 0.428453
436 0.316581
438 0.3736975492549691
439 0.8543431884171976
440 0.38484597423410566
441 0.9279659751202955
442 0.2003174025375
443 0.2715025434
444 0.5470590000000001
446 0.3377546971497153
445 0.658494931488
447 0.01454973333350007
448 0.15283150098256826
449 0.3453507388890001
450 0.7306891255454999
451 0.045099
452 0.640692200774
453 0.4752674296929799
454 0.12412025844099994
455 0.16750359688600014
456 0.18456297804803862
457 0.306703300769
458 0.1677375
459 0.3363912679935
460 0.750988649481
461 0.39764787078223995
462 0.921722
463 0.14657743036100013
464 0.579412
465 0.2904255
466 0.9605655056480003
467 0.21083070000000004
468 0.4754898000000001
470 0.3184457500000002
469 0.626564836832
471 0.39166650000000014
472 0.10674706574400017
473 0.801571139321
474 0.37227060000000023
475 0.5937324000000002
476 0.1153097470440001
477 0.8571886500000001
478 0.7078425000000002
479 0.31526180000000026
480 0.507245
481 0.7481644602250002
482 0.25746500000000005
483 0.138649625
484 0.931795
485 0.6653244093885734
486 0.800167570751308
487 0.30386889687332463
488 0.06836448797533068
489 0.9393206999999999
490 0.620977509976375
491 0.936817503801
492 0.28505
494 0.49607749999999995
493 0.4151049267459437
496 0.8334291184160001
495 0.42489299999999997
497 0.41454052222886983
498 0.10499957527900006
499 0.843922065129
500 0.10750947585600001
501 0.6385455000000002
502 0.7749909473413419
503 0.4770542584824473
504 0.5008569432661423
505 0.09112382076149994
508 0.0018719480213067463
506 0.23701294357977562
511 0.6168490280914258
509 0.09706779948099986
513 0.7981912431779109
512 0.22443969160872212
510 0.45720318389696857
507 0.39762760427599997
514 0.819637512976
515 0.37689780000000006
516 0.13120909421178162
517 0.710453993825893
518 0.26065150000000015
519 0.46889692176100006
520 0.19363342076150025
521 0.49908299999999994
522 0.16666700000000012
523 0.6283694011923159
524 0.6675282499999999
525 0.640351530418
526 0.11395414043360641
527 0.273979
528 0.8540318834438334
530 0.29362300019528953
529 0.7806999266377617
531 0.438418
532 0.15849749999999996
533 0.493406421761
535 0.8426224296039999
536 0.858114512649
534 0.531154244107123
539 0.9080389000000002
537 0.804265609104
538 0.5720919583045001
540 0.5769363793779269
541 0.12141730000000006
542 0.23970625
544 0.7523237500000001
543 0.7202587401
545 0.19411749999999994
547 0.648658
546 0.39677923275848515
549 0.8723846657440001
550 0.8290230000000001
548 0.685067057401
552 0.5569485000000001
551 0.18642019999999992
553 0.8313724999999998
554 0.30047535380625007
555 0.5957951787687501
557 0.2769373249135
556 0.633334
558 0.5674360824534874
559 0.46602321
560 0.5880355569
562 0.12672890760645905
561 0.5637260000000002
563 0.5581688888890002
564 0.4726269999999999
565 7.65619182531263E-4
567 0.643503608321
568 0.41558499999999987
566 0.4795179999999999
569 0.5280892505960002
570 0.42187071979149265
571 0.7256011
572 0.5796448000000001
573 0.40255346512900014
575 0.7519609999999999
574 0.3893508895289999
576 0.10144749999999991
577 0.21762250461928745
580 0.22083112749536404
579 0.748039
581 0.7074223752896551
578 0.7743994903434864
583 0.6700982499999999
582 0.7950995000000001
586 0.07211590000000001
584 0.802941
587 0.92044865552025
585 0.27254899999999993
588 0.10400713351897095
589 0.540608994464
591 0.9362744999999999
590 0.45003459792399997
592 0.8033790000000001
595 0.4511754000000001
597 0.40784124999999993
601 0.83284325
599 0.6267649000000001
594 0.8808946
602 0.4941175
598 0.21863664948100014
596 0.7627439999999999
593 0.03096149688600003
605 0.8636315073535572
604 0.7915074176589093
600 0.24798150000000008
606 0.5632360000000001
607 0.27833680000000016
603 0.06423890253750009
608 0.7745467108805
609 0.53849542816225
610 0.4437212892428739
611 0.026522892370504203
613 0.363494513841
612 0.10176489999999982
614 0.25816325225346026
615 0.9441174999999999
616 0.1784682456662987
617 0.35287267870865924
618 0.6354619074038536
619 0.7970014999999999
620 0.20590280208856426
621 0.4287509447803658
622 0.19391896574400014
623 0.36078450000000006
624 0.814877555264
625 0.5727208151380814
626 0.6882365000000001
627 0.5716833978852826
628 0.46000149999999995
629 0.9020068
630 0.3149489999999999
631 0.5104282108805
632 0.6067711000000002
633 0.43340920448759046
634 0.17222545000000022
635 0.5154215000000002
636 0.8018203877917129
637 0.3963513000000001
638 0.3760069675205
639 0.6720585
640 0.63768476245675
641 0.21666650000000032
642 0.011142900000000067
643 0.8107893462562501
645 0.9105544000000001
646 0.806189464209
644 0.5015231678178773
647 0.48218736974987064
649 0.07443087037929486
650 0.5712105017142959
648 0.695437
651 0.2518052874723362
653 0.7823530000000001
652 0.3662168063069673
654 0.781976054027643
655 0.4659741527978145
657 0.31118732101269164
656 0.419206
658 0.7642229675125001
659 0.745825
660 0.4875739801999999
661 0.18499059169600018
662 0.597672025298
663 0.6618227099447888
665 0.597433
664 0.673591512649
669 0.40741360930760073
666 0.3866022499999999
667 0.6528626103327861
668 0.9271266786333751
670 0.04176500000000005
671 0.3294125000000001
672 0.15927371544979083
673 0.36064700000000016
675 0.4505355529136479
674 0.6403958668250259
676 0.22382160076900015
677 0.10833812519903074
678 0.2673041518723108
679 0.7164671315849882
680 0.24905719883934552
681 0.944658628374
683 0.14892973646340413
682 0.45588300000000004
684 0.18715817481265917
685 0.508474512649
687 0.06858439999999999
686 0.64618
688 0.6164767449013201
689 0.2760786000000002
690 0.3273325019936215
691 0.9434626563245001
692 0.9273838749999999
693 0.7914374000000002
694 0.0787049106152855
695 0.539559360815048
696 0.04196100000000014
698 0.7141912804016609
697 0.02659060000000013
699 0.054889255494159184
700 0.8243435
701 0.059085439005095663
703 0.8735305000000002
702 0.2734774776240001
704 0.5328359
705 0.8604899999999998
706 0.7839530000000001
707 0.28177320761250013
708 0.8668132
709 0.14364072057757893
711 0.10399634323508389
710 0.9451577
712 0.861618
713 0.01764699999999997
714 0.9460784999999999
715 0.4804200000000002
716 0.936396030464
717 0.3021422
718 0.8103597401
719 0.5607835000000001
720 0.11078350000000015
721 0.4552510000000001
722 0.5520596
723 0.8816955
724 0.1932385000000001
726 0.09245432405350007
725 0.36628969075225015
727 0.04726806643600001
729 0.15806292314210682
728 0.42294437822230824
730 0.41888054948099995
731 0.866169
732 0.7207844
733 0.160861565225
734 0.383368197924
735 0.40041550000000004
736 0.927697236784375
737 0.6192078736639999
738 0.670755095521
739 0.24773070115350015
740 0.40980854066010886
741 0.9153107155206741
742 0.3153969604
743 0.4465672759080703
744 0.45801885062500003
745 0.4302045
746 0.9367061719567675
747 0.032079250000000004
748 0.21586277514075003
750 0.00687799999999994
749 0.8113457632507795
751 0.12366800000000011
752 0.5443993925591324
754 0.4437256000000003
756 0.2274505
755 0.38774525000000004
753 0.6922728574010001
757 0.4744210000000002
758 0.20859830000000001
759 0.36445602390072596
760 0.7714243346612739
761 0.2579260000000001
762 0.7068635000000001
763 0.5955870000000001
764 0.2847731748192801
765 0.5342638007689999
766 0.7767229575983964
768 0.5700746000000001
770 0.6953435000000001
767 0.05469906622576559
769 0.40439413875836316
771 0.6078423
772 0.44044724999999985
773 0.6343192677551233
774 0.30882450000000006
775 0.513733
776 0.6571609527210001
777 0.6999841855292323
778 0.9216354166090001
779 0.06945173287200013
780 0.795771490374
781 0.83131
782 0.13273908841600002
783 0.463743598962
784 0.291355077464
786 0.519237156938084
787 0.45228774394075943
785 0.8769951
788 0.008822499999999955
789 0.6031730000000001
790 0.14186699999999997
791 0.11900694422760894
792 0.42965850000000017
793 0.6421400029950812
794 0.458823
795 0.1057123499999999
796 0.7514020273430625
797 0.35504685370505523
798 0.894048
799 0.6843061657439999
800 0.05784300000000009
801 0.14348258947499226
802 0.16385637124200003
803 0.07515211572499991
804 0.10588299999999995
805 0.008559985736499964
806 0.6205085015526327
807 0.1694364241223072
808 0.2941170000000002
809 0.7994894112136796
810 0.06849100000000008
811 0.35399367272000004
812 0.2774596494810002
813 0.36354270400667404
814 0.5506968000000001
815 0.5197306000000002
816 0.937328021761
817 0.11238936574400005
818 0.21078500000000022
819 0.30615940576136924
820 0.47250409999999987
821 0.5133859608704401
822 0.8129595111421192
823 0.536275
824 0.617832585012313
825 0.6073095
826 0.810432415225
827 0.2555657096640939
828 0.6377317500000002
829 0.6524279406
830 0.01409784774136047
831 0.7264705
832 0.7422067
833 0.5641232877730883
834 0.19362790353813583
835 0.461959
836 0.28529400000000016
837 0.603278582225
838 0.42681451841599993
839 0.602941
840 0.005326488618843106
841 0.26229539135294305
842 0.855656057401
843 0.9369872492910162
845 0.4761208079796607
844 0.3650570000000002
846 0.3248595000000001
847 0.7676078602557808
848 0.7816920078125
849 0.948056
850 0.841765276384375
851 0.2529628750999871
852 0.8841195000000001
853 0.2200487198973552
854 0.5179881369735
855 0.563141726211125
856 0.2446694355921173
857 0.795098
858 0.410715
859 0.561872965129
860 0.383022
861 0.3484592968859999
863 0.9401965
862 0.6719611
864 0.477309
865 0.7926411821035444
866 0.4155352402735002
867 0.4372545000000001
868 0.6225386237979019
869 0.09719500000000014
870 0.16554488006057588
871 0.5606234999999999
873 0.30374629477140713
872 0.7452345007689999
874 0.23030567491198625
875 0.6382360000000002
876 0.39411799999999997
877 0.4561957009086709
879 0.1903543000000001
878 0.7947419094626884
880 0.8486887401
881 0.33045937562500005
882 0.29596344808106445
883 0.7436660000000002
885 0.7265391250000001
884 0.261730345533505
886 0.12420588197923998
887 0.6430905
888 0.8228982213095009
889 0.33209409999999995
892 0.13333326771771126
891 0.19491511895919356
890 0.7638912946559999
893 0.918562
894 0.40125381384100023
895 0.23395468508999095
896 0.3423742573725075
897 0.23926350000000007
898 0.43277524999999994
900 0.7944005104960001
899 0.757231777634
901 0.7819457877124273
902 0.5746555207615001
904 0.19339104948100005
903 0.1833340000000001
905 0.25425160000000013
906 0.6157013820839999
907 0.584804
908 0.49390218262404
909 0.017179902537500125
910 0.502053800769
911 0.708823
912 0.22155370000000008
913 0.038558862976000086
914 0.14269784275300013
915 0.0028102326799999133
916 0.28002150000000015
917 0.4738260316027477
918 0.481035009689
919 0.5384635543675627
920 0.610784
921 0.770104412594525
922 0.852257
923 0.4857832500000001
924 0.7372839000000001
925 0.712645800769
926 0.6674845678013199
927 0.6182960000000002
928 0.679962933026
929 0.291779382084
930 0.21137066297600016
931 0.06324172522273797
932 0.6821443552587261
933 0.570072629604
934 0.25220567500000013
935 0.49197099999999994
936 0.5419667199371065
937 0.1705716672961599
938 0.013369990224999961
939 0.5973704166090001
940 0.19969760398545455
941 0.3115693906249999
942 0.27549939999999995
944 0.8674623000000001
943 0.13099811841600006
945 0.688235
946 0.8668849979240001
947 0.151351
948 0.07095190761901482
949 0.708088050596
950 0.8748690666090001
951 0.8558825
952 0.43658036432706726
953 0.0931375000000001
954 0.5078159801500846
955 0.8397018815416382
956 0.5397186173689665
957 0.3170062
958 0.763597064901953
961 0.775405282012881
960 0.5024507500000001
959 0.8604185
962 0.7882355000000001
963 0.10766900624911235
964 0.3161618361868086
965 0.7187714000000001
966 0.4980387500000003
967 0.43163949999999995
968 0.9068229
969 0.13075100000000006
970 0.7860956000000002
972 0.09005717624688572
973 0.7789114312063891
971 0.8028055000000001
974 0.7437135
975 0.14200888303903336
976 0.5901426154164915
977 0.25984095545599994
978 0.6264700000000001
979 0.3275189165699045
980 0.06786008308173952
981 0.7643746411123926
982 0.469819435025
983 0.39795091245999714
984 0.37745609769349997
985 0.29001295546875006
986 0.19521239465600004
987 0.7615825
989 0.693773459208
988 0.354499356369
991 0.061955838864000023
990 0.5123527000000001
992 0.6561296608711442
993 0.07258631332449994
994 0.755737093685125
995 0.937691305425402
996 0.48812750000000027
997 0.1877960872016246
998 0.5440982784305937
999 0.44730994999999996
1000 0.27658549999999993
1001 0.22638199999999986
1002 0.9035546456737006
1003 0.9440659776240001
1004 0.7162571679935
1005 0.374773307401
1006 0.45506654174300926
1007 0.4291308766075565
1008 0.23508335380625
1009 0.4421170000000001
1010 0.08254300000000003
1011 0.08941696828150003
1012 0.8476491332489999
1013 0.4575485083541966
1014 0.2774510000000001
1016 0.8782588711715649
1015 0.8567047252770595
1017 0.7435336105553015
1018 0.911168473664
1019 0.18458726297599992
1021 0.44999999999999996
1022 0.09739914948100004
1020 0.0018491999999999953
1023 0.5232517736310929
1024 0.10098000000000007
1026 0.3916725000000001
1025 0.6638097419733354
1028 0.935294
1027 0.21923208032225
1029 0.03109700000000004
1030 0.4742404752980002
1031 0.08480399999999988
1032 0.734426993730048
1033 0.481202377624
1035 0.6286147138410001
1034 0.5864719471477684
1036 0.5320155776240003
1037 0.4631397873702501
1038 0.7406857500000001
1039 0.6941170000000001
1040 0.5207016540890002
1041 0.8609686139060001
1042 0.4024070586419753
1043 0.8545667631720695
1044 0.9484058731259999
1045 0.11372500000000008
1046 0.6666715976934998
1047 0.84995
1048 0.05951644428495961
1049 0.585813215917
1050 0.6142025859325622
1051 0.5795347737211249
1052 0.030391999999999975
1053 0.3837970643559998
1054 0.703079415225
1055 0.854537421349138
1056 0.4417585
1057 0.15633950000000008
1058 0.8719501621816768
1059 0.4488006
1060 0.7243250000000001
1061 0.8400708976935
1062 0.252737
1063 0.33483013484820806
1064 0.5290368466446622
1065 0.32813377742225
1066 0.520248
1067 0.5660671622213651
1068 0.37170250000000005
1069 0.5084064242215001
1070 0.643103213841
1071 0.14915533947967163
1072 0.39547799410414086
1073 0.21176450000000013
1074 0.8114473978356873
1075 0.5068544921938982
1076 0.9392746845585933
1077 0.7642719176999999
1078 0.6806215000000002
1079 0.18844238158864002
1081 0.08774500000000018
1082 0.6132168057161616
1080 0.08538182156050023
1083 0.8578762
1085 0.8973702166089998
1084 0.8172011592104977
1086 0.9431414455210001
1087 0.4157970326414999
1088 0.17803022020077133
1089 0.566197034482
1090 0.10854750000000002
1091 0.8923673
1093 0.18725550000000024
1092 0.5280378770735
1094 0.6617650000000002
1095 0.19234455059599997
1097 0.8627922529535299
1096 0.42483248612900004
1099 0.11601908640683178
1098 0.9172935975004909
1100 0.9096029999999999
1101 0.7843145
1103 0.2098040000000001
1102 0.65
1104 0.0694125000000001
1105 0.08357097677537206
1106 0.1066099899605002
1107 0.1647485000000002
1108 0.5976221597661249
1109 0.797575010406
1110 0.7042926284602501
1111 0.6783635790756144
1112 0.13377229999999996
1114 0.3737491823449772
1115 0.688805965744
1113 0.3212640000000001
1116 0.3772705999999999
1117 0.477557123361785
1118 0.6805849972319999
1120 0.5684620308678815
1119 0.5610558547117281
1121 0.11565998775797492
1122 0.12465472180893422
1124 0.626471
1123 0.17760050000000005
1125 0.9162515621646115
1126 0.12199479792400014
1127 0.19011231911112003
1128 0.16372500000000012
1129 0.47060460000000015
1130 0.46137230000000007
1131 0.04140049999999995
1132 0.7519605
1133 0.7199008111673747
1134 0.759231
1136 0.4659434835955001
1135 0.6679898253765348
1137 0.09732680000000005
1138 0.48571549999999997
1140 0.7230992406350936
1139 0.7783390682815
1141 0.09085904333077188
1142 0.9171275000000001
1143 0.2605631707595546
1144 0.3842929382489947
1145 0.33774325000000016
1146 0.3988654152250002
1147 0.8770625455209999
1148 0.35402666556335816
1149 0.3603483667507571
1150 0.3400662000000001
1151 0.006373249999999997
1152 0.3516955629759999
1154 0.09705800000000009
1153 0.9465920793610001
1155 0.8195098
1156 0.8340620000000001
1157 0.3306859006015538
1158 0.393922
1160 0.541176
1159 0.5364465778197909
1161 0.498039
1162 0.318627
1163 0.514706
1164 0.3421565
1165 0.413235
1166 0.30403740544025
1167 0.8393246629760001
1169 0.616454317522528
1168 0.169583699654
1170 0.6457540000000002
1171 0.28529400000000016
1172 0.343043
1173 0.5133675
1174 0.9045935
1175 0.628772
1176 0.0945868000000003
1178 0.8960792500000001
1177 0.0597525000000001
1179 0.04144542176100008
1180 0.7049019999999999
1181 0.03557586343750008
1182 0.07169291505200001
1184 0.5739695260616231
1183 0.32807301186077936
1186 0.7145980000000001
1185 0.3166659999999999
1188 0.16856279740564828
1187 0.5365799603999999
1190 0.33276640000000013
1189 0.2435058750000001
1191 0.2703875069205002
1192 0.7841160072324954
1193 0.5467683675125001
1194 0.8262750000000001
1196 0.6891976444060002
1195 0.07058850000000017
1198 0.9340875
1197 0.3391504331884122
1199 0.43507980000000024
1202 0.8845632719260504
1200 0.47776632093150606
1201 0.16344284639749773
1204 0.8559023613322501
1203 0.8078425
1205 0.0012540272081801307
1209 0.23659350000000012
1207 0.17792229012082017
1206 0.44715866033571383
1212 0.7951341148019999
1211 0.4729085
1208 0.216670445521
1215 0.881779935025
1217 0.16960406297599984
1214 0.08278675193013624
1210 0.8477123729236259
1213 0.5509573758940001
1216 0.13167747325995793
1218 0.17454300000000011
1219 0.8274510000000002
1220 0.11966819698788193
1223 0.2777597873702502
1224 0.30412396828150023
1225 0.37314398944400706
1222 0.8563633050749999
1227 0.10730309861599996
1228 0.6595435428718799
1226 0.17548918551195158
1221 0.3778935000000001
1229 0.8815732823122617
1230 0.5244129999999999
1231 0.10098100000000021
1232 0.31415098085714466
1234 0.7578186743164347
1235 0.5323105000000001
1233 0.3424132965315325
1236 0.76448130173025
1237 0.6321843222985715
1238 0.626471
1239 0.735365940571125
1240 0.062110448704000065
1241 0.5607845
1243 0.43781822960399996
1242 0.05392150000000018
1244 0.5213294760034745
1245 0.09870525000000008
1246 0.3781686845535
1247 0.3845400000000001
1248 0.684239
1249 0.8205615539400652
1250 0.4657200828505283
1251 0.618628
1252 0.6486029730633697
1253 0.54098
1254 0.41428345668320027
1255 0.8940955
1256 0.08328981632075005
1257 0.49171860759999997
1260 0.0407303
1259 0.12915104399715993
1258 0.05063803216400009
1261 0.586071
1262 0.09999950000000002
1264 0.7537058483768942
1263 0.009970994656000043
1265 0.231905049481
1266 0.014706500000000067
1267 0.2994473350250002
1268 0.0010463546297601045
1269 0.39401915740100013
1271 0.07453900000000013
1270 0.6364527272727274
1273 0.8210886249035234
1272 0.4911521999999999
1274 0.9164656101500002
1275 0.8750275000000001
1276 0.34303215270155785
1277 0.666277388516
1278 0.013478685255703615
1279 0.4521839526173608
1280 0.8120482500000001
1281 0.6200469000000002
1282 0.3469989314204872
1283 0.34513800000000017
1284 0.7235062002535724
1285 0.810785
1286 0.3943214499999999
1287 0.567707499308
1288 0.47972474110531865
1289 0.09422050000000004
1290 0.14307400000000015
1291 0.43775296751250004
1292 0.17086772400100014
1293 0.18373661281410109
1294 0.3329852011535002
1295 0.35588200000000003
1296 0.25882380000000005
1297 0.22647000000000017
1298 0.6440244643560002
1299 0.709605292734
1300 0.7774515
1301 0.928372948443
1302 0.37345972474049993
1304 0.458317
1303 0.5413963463962214
1306 0.780952841984
1305 0.08379399999999992
1307 0.325801405924
1310 0.48717652614029566
1309 0.1863079499384782
1308 0.71470575
1311 0.7020342296040001
1312 0.4088235
1313 0.16764954884674999
1314 0.2192664559846167
1315 0.08329618744605694
1316 0.79754925
1317 0.12374890000000005
1318 0.5043516365223075
1319 0.08628993502500015
1320 0.6869476
1322 0.32785124880399996
1321 0.6701408188131097
1323 0.36721747312600006
1325 0.7336238979953016
1326 0.6019615
1324 0.8496657474239999
1327 0.3111924350250004
1328 0.545218273126
1329 0.7127450000000002
1330 0.48901550000000005
1331 0.15138450000000003
1332 0.7352715
1333 0.24195539446400005
1334 0.7571800000000002
1335 0.33921500000000004
1336 0.6721124999999999
1337 0.7496046352455303
1338 0.059856853696000245
1339 0.8369285220460456
1340 0.7531939364670103
1341 0.7858169032965767
1342 0.57636037792246
1343 0.634901889489377
1344 0.19599999999999995
1345 0.1540806770090002
1348 0.8363722459587966
1346 0.8787751190064799
1347 0.024451318404000055
1349 0.8655625374395289
1350 0.06134709999999988
1351 0.4639981581603751
1352 0.6273953286444219
1353 0.37653795092846376
1354 0.7646885
1356 0.04388500525911587
1357 0.4504753983379369
1355 0.5847764803923945
1358 0.42799667607474995
1360 0.7393779953422392
1361 0.76
1359 0.5410343382317633
1362 0.7124032505960001
1363 0.10163511660899993
1364 0.48774730386906184
1366 0.41142600000000007
1365 0.7137157242240817
1367 0.12096649999999998
1368 0.583698
1369 0.1256161696040754
1370 0.4381090000000001
1371 0.738008457401
1372 0.12998331360895987
1373 0.7809180895105396
1374 0.4326121603180225
1376 0.921825929103311
1375 0.26962218208400013
1377 0.8453938813351247
1378 0.29232500000000017
1379 0.08628011565571381
1380 0.5712856444059999
1381 0.6996845054021292
1382 0.4941175
1383 0.411147015129
1385 0.8852940999999999
1384 0.7131526249
1386 0.806133
1387 0.36621173982656
1388 0.8181375
1389 0.8991408976935
1390 0.557353
1391 0.8935620000000002
1392 0.04612396728564261
1393 0.8913695558123266
1394 0.529352320409
1395 0.8162899350250001
1396 0.5348639914467291
1398 0.45600426072392464
1397 0.6595047666858189
1399 0.762003231969
1400 0.6277524175451864
1401 0.284363573316
1402 0.181532062649
1403 0.648505
1405 0.6275971207290001
1404 0.30462789999999995
1406 0.725125
1407 0.7466707051126682
1408 0.218527718416
1410 0.08353621442082004
1409 0.9206925099430345
1411 0.0013732613802500682
1413 0.6627455
1412 0.047979065129000076
1414 0.803922
1415 0.1936277500000001
1418 0.7057089999999999
1416 0.675162896105257
1417 0.8549889409203225
1419 0.6617476197395422
1420 0.524821
1421 0.6834239845284769
1422 0.09083222562500004
1424 0.45912511111871673
1425 0.7096818735418758
1423 0.7356121923994692
1426 0.4524854007689998
1427 0.8099442713375001
1428 0.305117736216
1430 0.5931945426685195
1429 0.029002600000000323
1431 0.8627308538062501
1432 0.6426966973035824
1433 0.3583475873702502
1434 0.626745757401
1435 0.743014822809
1436 0.24943623083041838
1437 0.7648341996539999
1438 0.5226430000000001
1439 0.18884950000000011
1440 0.0028631278095955226
1442 0.03972757312600017
1441 0.705468
1443 0.926875779834027
1444 0.272111783218
1445 0.761764
1446 0.33597005
1447 0.584636762976
1448 0.08912660000000017
1449 0.2381767113519754
1450 0.7769937740672024
1451 0.439215
1452 0.8585768874705155
1453 0.10398814896225
1454 0.2707797
1455 0.7572469
1457 0.7072544000000001
1456 0.3933210241744838
1458 0.04208129999999999
1459 0.018764000000000114
1460 0.17340444432099988
1461 0.11894430894670727
1462 0.4458435525375001
1463 0.8900501431406498
1464 0.682341698985711
1465 0.769325149706
1466 0.1753817499999999
1467 0.7845533670810001
1469 0.1475200000000001
1470 0.6299418427446977
1468 0.4707614405510496
1471 0.8604909350250001
1472 0.8737857828207882
1473 0.90768686340608
1474 0.030561633842067337
1475 0.18725499999999995
1476 0.7498845574010001
1477 0.3875375000000001
1478 0.4783879275124254
1479 0.46268720180199996
1480 0.880974936344302
1481 0.6246194156334732
1482 0.74026
1483 0.3489191016451994
1484 0.38944250200135566
1485 0.1922216000000001
1486 0.382441713841
1487 0.75389175
1488 0.32662243017662373
1489 0.5705203657401192
1490 0.260938198616
1491 0.26819492422150004
1492 0.3120779
1493 0.3665590015896373
1494 0.1404492902850824
1496 0.7661715
1495 0.748043065129
1497 0.45172408458472
1498 0.3686220412821503
1499 0.496019435025
1500 0.6676465
1501 0.426392331076
1502 0.4006568758657414
1503 0.453435015129
1504 0.5133732058079999
1505 0.7676475
1506 0.8821530500000001
1507 0.04117650000000006
1508 0.5587692499999999
1509 0.9181425
1510 0.6727048000000002
1511 0.47252554022500004
1512 0.2465380611451366
1513 0.5990580309161294
1514 0.7128256000000001
1515 0.4647598834241952
1516 0.11467264338033756
1517 0.650981
1518 0.547786
1519 0.6079162296039999
1520 0.6368265
1521 0.05590983610150002
1522 0.35588300000000017
1523 0.06764749999999986
1524 0.021488516609000086
1525 0.764707
1527 0.567412
1526 0.05287300000000017
1528 0.09359758484298819
1529 0.3858352675822088
1531 0.032917000000000085
1530 0.10151686155804795
1532 0.7381007557854073
1534 0.610784
1533 0.7148366888890001
1535 0.79452987817816
1536 0.21738714792400002
1537 0.13244410000000006
1538 0.17911087562499994
1539 0.478386223568543
1541 0.4877214406000001
1540 0.2894460000000001
1542 0.2454671727605
1543 0.3127445
1544 0.2425288000000001
1545 0.516326641984
1546 0.00286154558390439
1547 0.7128124
1548 0.6761195
1549 0.07513009000000004
1550 0.603072
1551 0.18272668821652926
1552 0.046842246599700155
1553 0.6168378
1555 0.14107849999999988
1554 0.677858935025
1556 0.8051711005964648
1557 0.7786638728375
1559 0.15170749632947694
1558 0.5717235673489172
1560 0.22072641522500014
1561 0.7556507024585466
1563 0.7368935000000001
1564 0.6728967659642318
1562 0.6196758579278399
1567 0.828390849289
1565 0.6836248184160001
1566 0.17156900000000008
1568 0.433498720242
1570 0.6103718694981078
1569 0.3672772012489882
1571 0.8092779999999999
1572 0.3748477258940002
1573 0.2884576000000001
1574 0.769852651225
1575 0.60735275
1577 0.660805445334
1576 0.15572048539884875
1578 0.7183935
1579 0.56131
1580 0.6763809106627541
1581 0.19969490000000012
1582 0.56770175
1583 0.783728459089
1584 0.07705673802400001
1585 0.7164746287181165
1586 0.02472003321799998
1587 0.2968200051812018
1588 0.2745090000000001
1589 0.6111347388727559
1590 0.04681312500000012
1591 0.6176470000000001
1593 0.3708570296039999
1592 0.782908737796
1594 0.5429556327026764
1595 0.1480379999999999
1596 0.655311766609
1597 0.724197218946725
1598 0.65817986060096
1599 0.4462524000000001
1600 0.6586877281439999
1601 0.04223657350325005
1602 0.5139779019081108
1603 0.227183817241
1604 0.6691823843433751
1605 0.2480548820840001
1606 0.7651822367318342
1608 0.445201149481
1607 0.20662072924789965
1609 0.5456202
1610 0.5642644648627226
1611 0.43735100076899996
1612 0.09433684055199998
1613 0.708071265744
1615 0.529537576964
1614 0.10035551755125001
1617 0.753271765129
1618 0.3441175000000001
1616 0.9098035
1619 0.3913185000000001
1620 0.39471878608179645
1621 0.5675390015949937
1622 0.910269621761
1624 0.4982279152250002
1623 0.13874996264900008
1625 0.1038558451562499
1627 0.5765667822359553
1626 0.14697600103200004
1628 0.252756196864
1629 0.618838935025
1630 0.5831082382238431
1631 0.009565592320980087
1632 0.774262054564
1633 0.39720441841599996
1634 0.12406174918535218
1635 0.6842047103199942
1636 0.5338155
1637 0.932576665744
1638 0.13256493502500022
1639 0.6959747245055855
1640 0.6997931782719999
1641 0.32563019286399997
1642 0.7750836250000002
1644 0.9457819863052735
1643 0.6983865
1645 0.34521479999999993
1646 0.837499875
1647 0.9417451179025
1648 0.6838227422072536
1650 0.5832475954938072
1649 0.20764699999999991
1651 0.7617062393502501
1653 0.924623830335915
1652 0.5961662000000001
1654 0.47948502176100005
1655 0.94460725
1656 0.23585891095646083
1657 0.19008275907747924
1658 0.7870564355646249
1659 0.9039215
1660 0.29637290000000005
1661 0.12893008860306288
1662 0.8886706057290001
1663 0.9127445
1664 0.652666192312358
1666 0.8151245
1665 0.27492700000000014
1667 0.788011983607792
1668 0.7702183834135
1669 0.89558875
1670 0.44465692473750007
1671 0.6423456736640001
1672 0.737745
1673 0.346449512777866
1674 0.7998833886915109
1675 0.47356706539092397
1676 0.08935800000000005
1677 0.4490290409686057
1678 0.7833325
1679 0.8537626786447116
1680 0.674642833218
1681 0.2524693016415489
1682 0.45077041286860337
1683 0.34533500000000017
1684 0.1127450000000001
1685 0.9460689553799053
1686 0.220588
1687 0.11637327189001856
1688 0.42032749999999997
1689 0.18490887305521286
1690 0.7356502
1691 0.5086975
1692 0.7272543272357939
1693 0.518634941042
1694 0.6290245000000002
1695 0.94902
1696 0.8039009645335
1697 0.7300430138410001
1698 0.6176809689735001
1699 0.0029410000000000824
1700 0.26960889043972763
1701 0.14763733858961436
1702 0.1607845000000001
1703 0.35009278936950006
1704 0.19361071329853297
1705 0.8990905
1706 0.8558824999999999
1707 0.390116963299608
1708 0.6335866181798377
1709 0.6426465
1710 0.23818241907846
1711 0.31107424775357195
1712 0.33605196657025005
1713 0.17981904410000005
1714 0.44188700000000014
1715 0.04967401660899995
1716 0.17947037499999996
1717 0.032316935025000104
1718 0.792522384455842
1719 0.7719792889417365
1720 0.282241228912
1721 0.13573199999999996
1722 0.49637980000000015
1723 0.7086139382831628
1724 0.14726604215000005
1725 0.72349552816225
1726 0.8808825
1727 0.12615655265305356
1728 0.5108670880368109
1729 0.28262850403600015
1730 0.016504999999999992
1731 0.704740533218
1732 0.37450950000000005
1733 0.41147049999999985
1734 0.20758530000000008
1735 0.3238360474950697
1736 0.8351032424756877
1737 0.10139549999999997
1738 0.8654569350250001
1739 0.6124368711946258
1740 0.11896698253516358
1741 0.651560375625
1742 0.9366870664360001
1743 0.6553540560590494
1744 0.4967813461053736
1745 0.859081
1747 0.839512624081
1746 0.8694425902077276
1748 0.69092548515
1749 0.03431300000000015
1750 0.3358260618408053
1751 0.379541066436
1752 0.6683090819415631
1753 0.04085249999999996
1754 0.47066635415225
1755 0.23788778519374984
1756 0.196975563716
1757 0.3813575
1758 0.44213588274353904
1759 0.804711
1760 0.7901954999999999
1761 0.36772340000000026
1762 0.3510924515560001
1763 0.26568650000000016
1764 0.9405041138409997
1765 0.5878015999999999
1766 0.3828068
1767 0.5445388
1768 0.3882355
1769 0.9038703295014967
1770 0.82101288633225
1772 0.9085857936851249
1771 0.2529911068458523
1773 0.5121779534602499
1774 0.44047902787469595
1775 0.16473783442542167
1776 0.5447574361015
1777 0.4672285
1778 0.5196719121891704
1779 0.9010279152250001
1781 0.941999826972115
1780 0.07232368062403616
1782 0.7460725360916491
1784 0.22944047631339304
1783 0.6354754664360001
1785 0.09262700000000001
1787 0.5528889350250001
1786 0.30552599999999996
1788 0.7559830274753804
1789 0.5690789798346824
1792 0.932034475716
1790 0.5923331326604881
1791 0.15861510000000023
1796 0.034313999999999956
1793 0.40426287992362464
1794 0.194118
1797 0.781863
1795 0.8712577657440002
1798 0.3107377492682267
1799 0.07559300000000002
1800 0.489905
1803 0.3586240326415
1801 0.2054541923252713
1804 0.5333025407027475
1805 0.476053229604
1811 0.08957286574400025
1802 0.663801
1806 0.655192072203
1807 0.694866513841
1810 0.5193935000000001
1808 0.05008799999999991
1812 0.4419270296040001
1809 0.618627
1817 0.6370090390543499
1813 0.1566345
1815 0.4635699118519023
1818 0.5530552
1816 0.33508400000000016
1820 0.37647050000000015
1814 0.8423786000000002
1819 0.43228179999999994
1822 0.20029840952463496
1821 0.6898314692785552
1824 0.389768652805184
1825 0.46576563484150024
1823 0.7425189115390048
1826 0.5840576659548963
1827 0.8222355000000001
1828 0.8208793050750001
1829 0.081704
1830 0.8685941886100415
1831 0.8088234999999999
1832 0.10482465914342387
1834 0.37821400000000005
1833 0.6808233466393183
1835 0.631372
1838 0.6786760000000001
1836 0.01583919774400011
1837 0.7532470642302499
1839 0.231553997924
1840 0.721568
1841 0.242334663414
1842 0.004672513841000092
1843 0.7071886391457691
1844 0.05049024999999996
1845 0.9155424999999999
1846 0.08982086297600023
1847 0.4892160000000001
1848 0.1518796
1850 0.4890253169244416
1849 0.01960800000000007
1851 0.7237507765049116
1852 0.15548990000000007
1853 0.2819442244069734
1854 0.43205256475422615
1855 0.18578375000000014
1856 0.7699489207615
1857 0.35959859631051894
1858 0.33137250000000007
1859 0.11580547019058307
1860 0.8872550000000001
1861 0.6899237043615003
1862 0.5330641717610001
1863 0.1380204638420357
1864 0.1031861249999999
1865 0.08158393502500005
1866 0.47523720000000014
1867 0.48979579789269534
1869 0.22388468766170488
1868 0.3066936500000001
1870 0.8059917326414999
1871 0.6161770000000002
1873 0.6886962000000001
1872 0.5119340614030303
1874 0.5384362657440003
1875 0.5676480000000002
1876 0.6375360371085155
1877 0.36806327366400016
1878 0.3893545207615001
1879 0.026982396399999997
1880 0.09550179440599993
1882 0.836047457401
1881 0.8843276775920625
1883 0.059971824100000015
1884 0.621953473664
1885 0.2949280000000001
1886 0.6001422421498687
1888 0.8479881144967953
1887 0.820583421146
1889 0.24444118851818647
1890 0.8269287470288167
1891 0.6605884000000002
1892 0.449311818416
1893 0.8138695
1894 0.675717
1895 0.7811155
1896 0.8358955
1897 0.48330969059999995
1898 0.647173
1899 0.7563814322355903
1900 0.42931737354224997
1901 0.226436213841
1902 0.269949736025
1903 0.0017526999999999404
1904 0.34890956343749996
1905 0.702941
1906 0.5842833999999999
1907 0.1016705
1908 1.6200000000021753E-4
1909 0.46585688758948707
1910 0.6335819975245375
1911 0.09617295147313198
1912 0.15972890253750005
1913 0.5690290701733348
1914 0.7954427246191504
1916 0.3931905
1915 0.0960064072168938
1917 0.844816871049
1918 0.18970650000000022
1919 0.882843
1920 0.20978150000000007
1921 0.021754400000000063
1922 0.7489545015048646
1923 0.7402614020469819
1924 0.45980350000000003
1925 0.9362745
1926 0.33898531607856985
1927 0.6193473765645
1928 0.13891999999999993
1929 0.7906395435005
1930 0.7146111878125
1931 0.571658944378624
1932 0.9176475000000002
1933 0.7122189999999999
1934 0.7401955
1935 0.9221397172115575
1936 0.535792191042
1937 0.3323530000000001
1938 0.8711088135396406
1939 0.538850106882
1940 0.5826895713720153
1941 0.622549
1942 0.929816262224
1943 0.5480389999999999
1944 0.8270115
1945 0.06929080000000032
1946 0.20735324999999993
1947 0.3992540698933971
1948 0.7086379267336387
1949 0.581054
1951 0.22808649497799993
1950 0.8153235
1952 0.6784417331470131
1953 0.2532463831605002
1954 0.448737144406
1956 0.8972676316000527
1955 0.8957775000000001
1957 0.4303920000000001
1958 0.8355710413080812
1959 0.881372
1960 0.8845085538569212
1961 0.7950980000000001
1962 0.20362650000000015
1963 0.12843100000000018
1964 0.03580709999999987
1965 0.543123339356651
1966 0.460079262976
1967 0.08356628557175216
1968 0.12053810000000031
1969 0.3270685
1970 0.7114761290631113
1971 0.3327454999999999
1972 0.7328974593640001
1973 0.4801070319284636
1974 0.36842248500792185
1975 0.6011690000000001
1976 0.01916486229650871
1977 0.7576846985206063
1978 0.6323529999999999
1979 0.14117625
1980 0.8789298
1981 0.894294
1982 0.13333300000000015
1983 0.46027144060000014
1984 0.13398594948100007
1985 0.7183906
1986 0.7823530000000001
1987 0.010056611736738552
1988 0.138606
1989 0.871667856185125
1990 0.28486500000000015
1991 0.559804
1992 0.5472677944640001
1993 0.4263204999999999
1994 0.22074740585509134
1995 0.30291820000000014
1997 0.852716166436
1996 0.9048947756250001
1998 0.5558349188228588
1999 0.8079698
2001 0.21595700000000018
2000 0.22450950000000014
2002 0.7063115
2003 0.09174780000000005
2004 0.36676200000000003
2006 0.47745100000000007
2005 0.3693675033396075
2007 0.3466344000000001
2008 0.01911750000000012
2009 0.0064959427938224845
2011 0.7742520995707389
2010 0.4882010000000001
2013 0.40897164948360204
2012 0.4488935014707943
2014 0.1654405000000001
2015 0.9082051574009999
2016 0.8323890647826317
2017 0.4916670000000001
2018 0.22559783104075515
2019 0.656644
2020 0.41569489999999987
2021 0.42285581810597994
2022 0.7235558877303463
2023 0.804902
2024 0.10800661313600002
2025 0.74678481459903
2026 0.22451760449900315
2027 0.3158529432072137
2028 0.6323555651290003
2029 0.46934960701716094
2030 0.8407506603711898
2031 0.3818386217609999
2032 0.10246920544025007
2033 0.7576229744713137
2034 0.16585045468709736
2035 0.06862649999999992
2036 0.7623855000000002
2037 0.7520663444060001
2038 0.9480001530918887
2039 0.6646028500000001
2040 0.797058
2041 0.42035626145536
2042 0.8225499999999999
2044 0.2553574510610861
2043 0.237427175010125
2045 0.37353
2047 0.20294049999999997
2046 0.4970595
2048 0.27702634444450003
2049 0.25847514622050016
2050 0.780259731488
2051 0.3709545999999999
2053 0.04466199999999998
2052 0.034308500000000075
2054 0.53
2055 0.7771070000000002
2056 0.5746781999999999
2057 0.7362750000000002
2058 0.6026363745114719
2059 0.8486754264698635
2060 0.8618744166090002
2061 0.4851400000000001
2062 0.649311918416
2063 0.5645734989973168
2064 0.18137448764632835
2065 0.01340124701631873
2066 0.3296335077815001
2067 0.764655859208
2068 0.14745150000000007
2069 0.05322059999999995
2070 0.31489467366400015
2071 0.5207710706436748
2072 0.437431525298
2073 0.015004315225000009
2074 0.45917633184899986
2075 0.64705875
2076 0.3477744558090001
2078 0.6271765
2077 0.883629
2079 0.4608809999999999
2080 6.039254308100039E-4
2081 0.646545631924
2082 0.7547435649113347
2083 0.590949957401
2084 0.919234825298
2085 0.12823600000000002
2086 0.6583402
2087 0.5803292479240001
2088 0.18387267203308832
2089 0.69575268425625
2090 0.05659974999999995
2091 0.8526965955889412
2092 0.14965990000000007
2093 0.17549000000000015
2094 0.656914296886
2095 0.43784684279200003
2096 0.5129118575346732
2097 0.23063761063667718
2098 0.0578883399295651
2099 0.7765372000000001
2100 0.8297062228689837
2102 0.6777067401000002
2101 0.8132662563245
2104 0.549946145521
2103 0.35397131660899994
2105 0.6233242999999999
2106 0.45671825689599993
2107 0.5303925
2108 0.9497322
2109 4.242713940181275E-4
2110 0.44527374552099996
2111 0.00496983608099999
2112 0.34540533884025
2114 0.724581101784
2113 0.4086866626489998
2115 0.2542759946240001
2116 0.39552640000000006
2117 0.10168066090000005
2119 0.4703033937739475
2118 0.7995183
2120 0.3044162691560002
2121 0.7580890505960001
2122 0.642522000769
2123 0.89960161015
2125 0.2962754999999999
2124 0.8282919163132372
2126 0.1279415
2127 0.6764705
2128 0.703187125
2129 0.31562497129819067
2130 0.5917715163434878
2131 0.852544405248
2132 0.6761403126490001
2133 0.8387572385137263
2134 0.4789215
2135 0.30392050000000004
2136 0.08522681522500014
2137 0.12543945398499612
2138 0.07478320000000016
2139 0.4752501424790372
2140 0.11210044508323325
2141 0.890196
2142 0.72303925
2143 0.39548000000000005
2144 0.5986560210033338
2145 0.4092554676772637
2146 0.40247934863466045
2147 0.27500000000000013
2148 0.447811957401
2151 0.31060920000000003
2149 0.6539220000000001
2150 0.50215279203076
2152 0.027133724913499968
2153 0.5691621
2154 0.5832375499872844
2155 0.9118740456000002
2156 0.832973065744
2157 0.17401925000000018
2159 0.5284220000000002
2158 0.75098
2160 0.26117358744260627
2161 0.6671470000000002
2162 0.10480247600625003
2163 0.04579299999999997
2164 0.673114345521
2165 0.6758822
2166 0.8809356778319553
2167 0.16817349999999998
2168 0.25217972386086157
2169 0.43137584552100017
2171 0.4700345000000001
2170 0.40395559999999997
2172 0.2794117500000002
2173 0.20804975000000003
2174 0.003431000000000073
2175 0.10784300000000013
2176 0.7971839930084543
2177 0.37485205947132705
2178 0.883333
2179 0.3928746804664968
2180 0.11598704950399985
2181 0.6944119025375002
2182 0.5439617841901204
2183 0.41786775777778296
2184 0.776936
2185 0.760539
2186 0.542721233464716
2187 0.18557511105769464
2188 0.6308209149780001
2189 0.709804
2190 0.7782353
2191 0.4771570000000003
2193 0.2598045
2192 0.7496307978532876
2194 0.17450396897350018
2195 0.7761118652513718
2197 0.0842331568873691
2196 0.687254
2198 0.8215569614760001
2199 0.7458084817473458
2200 0.07612983610150015
2201 0.3843130000000001
2202 0.9361770775838708
2203 0.4840783211819524
2204 0.15475378931600003
2205 0.8033107631617601
2206 0.6658358588533702
2207 0.19880546017375011
2208 0.22352950000000016
2209 0.37233606952567244
2210 0.87908695
2211 0.04754950000000002
2212 0.5508862259702039
2213 0.676916825298
2214 0.7029089505366618
2215 0.12058799999999992
2216 0.30010138882306836
2217 0.1899470000000001
2219 0.5732295311615
2218 0.0045080000000000675
2220 0.0966703499999999
2221 0.9460784999999999
2223 0.9338335258651249
2224 0.21820620761249998
2222 0.39362203974399995
2225 0.22094150000000012
2227 0.38994241522499995
2226 0.12390242814317065
2228 0.1294115
2229 0.4224705997932995
2231 0.04362699999999997
2230 0.8384233756249999
2233 0.3649812143405
2232 0.09002340253749996
2234 0.509419749481
2235 0.8478812252770596
2236 0.11378126897350027
2237 0.6861692535710608
2238 0.0441180000000001
2239 0.198632045521
2241 0.6402567401000001
2240 0.7127564281502503
2242 0.02166750000000006
2243 0.17549000000000015
2245 0.32090475319978284
2244 0.09722224999999995
2246 0.5601184189160002
2247 0.4529415000000001
2248 0.9406801
2249 0.8814923938440001
2250 0.941908
2251 0.72034375
2252 0.8741871807372277
2253 0.8028592137561541
2255 0.8495095
2254 0.653954455518668
2256 0.743623
2257 0.31760980000000005
2258 0.739854250596
2259 0.830149966436
2261 0.19704541762400019
2260 0.7018648895624323
2262 0.43958253477333453
2263 0.6787222
2264 0.4880693000000002
2265 0.33378100000000005
2266 0.5538100412493354
2267 0.4076914465384449
2268 0.842742491984
2269 0.324468588025
2270 0.9252508733685969
2271 0.13725549999999997
2273 0.09967798973444064
2272 0.8385735
2274 0.628471
2275 0.8866831887114888
2276 0.49776583557166687
2277 0.875275375625
2278 0.220588
2279 0.7991893064663589
2280 0.18489437366400008
2281 0.5569462119681673
2282 0.3062206785593853
2283 0.8575029361014999
2284 0.8220585
2285 0.6882967401
2286 0.03322135693247197
2287 0.7622337946559999
2288 0.10559629792399994
2289 0.384111127299224
2290 0.902001732872
2291 0.41519419941568964
2292 0.458503263536
2293 0.6336507030214805
2294 0.5555967909430557
2295 0.6423337594231708
2296 0.06697712747110929
2297 0.6198998184160001
2298 0.1342565
2299 0.5520180358838915
2300 0.008183600000000069
2301 0.2814629581977215
2302 0.16248038316819025
2303 0.8655664076099627
2304 0.4054464885610207
2305 0.14069511388716083
2306 0.7437571037476453
2307 0.6631619799270454
2308 0.440202
2309 0.07024445920800004
2310 0.6318192874149828
2311 0.6914702333335001
2312 0.5508268078698938
2313 0.6321712189566538
2314 0.050743850000000146
2315 0.3964794592993753
2316 0.15001149999999996
2317 0.6963849281874656
2318 0.8502219999999999
2321 0.21473081124100024
2319 0.11652208839670397
2320 0.40797022736053346
2322 0.664706
2323 0.8524866235565625
2324 0.027451000000000114
2325 0.48901461015000014
2326 0.937203377624
2327 0.830165085298
2329 0.09615866574400012
2328 0.52965947664656
2330 0.42928765253775003
2331 0.2102934999999999
2332 0.504511029604
2333 0.6534505067849582
2334 0.59656875
2335 0.21982918888900005
2336 0.640580473664
2337 0.21152097531026803
2338 0.49586824999999995
2339 0.13904065972008817
2340 0.15483900000000017
2341 0.7454282421138303
2342 0.40358139212439936
2343 0.755205
2344 0.46026962176100006
2345 0.6938472289175348
2347 0.06685525573158996
2346 0.5871999999999999
2348 0.8208791878124999
2349 0.19098400463458742
2350 0.5676516367943404
2351 0.5996844
2352 0.16055801540900005
2353 0.85778
2354 0.9091905012531144
2355 0.6264192341083945
2356 0.3723441999999999
2357 0.9243444210305001
2358 0.8068620000000001
2359 0.485293209089
2360 0.5943630296039999
2361 0.6513934000000001
2362 0.9201770166090001
2363 0.009778284383999969
2364 0.6890454754253881
2365 0.2617407331281405
2366 0.8286207999999999
2367 0.18896287960599994
2368 0.8456139320935
2369 0.784767697316
2370 0.19244769948100005
2371 0.6276008234650856
2372 0.7803373748101916
2373 0.7795518205923943
2374 0.834039641436
2375 0.659960386449767
2376 0.05142170242225008
2377 0.4621382730331567
2378 0.7643642114600313
2379 0.421079
2380 0.7550254180418302
2381 0.10118965000000002
2382 0.5347507256271778
2383 0.9160048000000001
2384 0.32577254199450145
2385 0.5376089868360776
2386 0.28973005917399997
2387 0.1391707814380576
2388 0.25524648257959326
2389 0.6790912000000002
2390 0.11827935469163253
2391 0.937281417219942
2392 0.12470730010000008
2393 0.43777568655385374
2395 0.3891845484871841
2394 0.10958090972213852
2396 0.8095570000000001
2397 0.8672492
2400 0.059658841984000066
2399 0.49358500000000016
2398 0.670866026439184
2401 0.749630667777002
2402 0.20798395360656766
2403 0.3905290000000001
2404 0.759978
2405 0.5323530000000001
2406 0.18352980000000008
2407 0.7431117749760001
2408 0.696251
2409 0.15601031841600022
2410 0.28666961384099987
2411 0.561194212025
2412 0.7
2414 0.4584814604000002
2413 0.4724272269182501
2415 0.28647191133750005
2416 0.24344642653750004
2417 0.9284659816825312
2418 0.5168236000000002
2419 0.5049593494809999
2421 0.6548580000000002
2420 0.10273023365848388
2422 0.1865349500000002
2423 0.061435931488000195
2424 0.5294110000000001
2425 0.28022199999999997
2426 0.2383291000000003
2427 0.3213629799663795
2428 0.06862750000000006
2429 0.5628951322864916
2430 0.6156865
2431 0.060918100000000086
2432 0.2785340632579586
2433 0.24528480320400003
2434 0.010282123648249986
2435 0.26539831660899993
2436 0.03822261947895389
2437 0.04273591264900001
2438 0.9133423
2439 0.89804
2440 0.7730762142804999
2441 0.55947615
2442 0.3694147325645001
2443 0.6883147037458073
2444 0.5419430071932501
2445 0.3323530000000001
2446 0.3641215000000002
2448 0.11078350000000015
2447 0.2882327424414229
2450 0.5292449214156881
2452 0.892157
2451 0.4306252754475507
2449 0.33529375000000017
2453 0.3760534091354931
2455 0.3558548554687897
2454 0.6516439453290002
2457 0.5463236330181344
2456 0.6418741228375
2459 0.5119542193839999
2458 0.292157
2461 0.12876241751065076
2460 0.810914688889
2465 0.23561666297599992
2462 0.23910574568490106
2463 0.8635228191735002
2466 0.3265469653398732
2464 0.9351948007690001
2468 0.21434143557685517
2467 0.55834761015
2469 0.18552745000000015
2470 0.834756054728
2471 0.0407149
2472 0.6204344811892166
2473 0.47921455059600004
2474 0.7464231331454438
2476 0.24075121572290786
2475 0.22364852764895363
2477 0.6389606486635454
2478 0.7473758731260001
2479 0.27616850000000004
2480 0.29413340117968867
2481 0.5240195000000001
2483 0.33203458156831217
2482 0.7175591000000001
2484 0.2880714652643703
2485 0.39460340321443965
2486 0.7793228588334999
2487 0.7120891563245001
2488 0.43088225
2489 0.8654732
2490 0.7901322000000001
2491 0.481048
2492 0.5940683361015
2493 0.29087039818847293
2494 0.20335684130149878
2495 0.7720924999999998
2496 0.29897943264149995
2497 0.3323530000000001
2498 0.0334488166089999
2499 0.390744869289141
2500 0.2561689104960001
2501 0.1932523166090001
2502 0.76186498414075
2503 0.08294985242225006
2504 0.23381350000000012
2505 0.6057647654802578
2506 0.7549216054101852
2507 0.15492250000000007
2508 0.009803500000000076
2509 0.37637898909073214
2510 0.895492
2511 0.8151165289824661
2512 0.325263
2513 0.6301884999999998
2514 0.13047266574400007
2515 0.036248999999999976
2516 0.3820050960400001
2518 0.682533222977366
2517 0.26562786522500015
2519 0.3845325079153492
2520 0.837062645521
2521 0.6084684737615733
2522 0.11364604446400017
2523 0.36104800000000004
2525 0.45424741574400007
2524 0.08801478303356425
2526 0.6397363126490002
2527 0.3276730000000001
2528 0.38917734264686143
2529 0.45385456198978236
2530 0.6311774371822675
2532 0.603377
2531 0.5545128651290001
2533 0.32649379999999995
2534 0.26044393610149985
2536 0.8983797776239999
2535 0.8077483085842996
2537 0.12156800000000012
2538 0.947816461618
2539 0.731085688889
2540 0.774639997924
2541 0.4483590175364687
2542 0.5785059369952773
2543 0.12483649316378043
2544 0.5272303493500001
2545 0.7048689999999997
2546 0.24092500000000006
2547 0.7623089489279999
2549 0.49140999999999996
2550 0.41276138208399993
2548 0.874044197924
2551 0.6264700000000001
2552 0.757806
2553 0.03806454389906311
2554 0.7727299979240001
2555 0.8225490000000002
2556 0.2558220757365339
2557 0.479614
2558 0.5128682174762274
2559 0.32981637422150034
2560 0.04157069294329437
2561 0.8176475000000001
2562 0.49691385686450007
2563 0.925384057814885
2564 0.35961770000000004
2565 0.564351368416
2566 0.4393833056771083
2567 0.6324339999999999
2568 0.06022189792721134
2570 0.45428349465600004
2569 0.6933999914741327
2571 0.17450949999999998
2572 0.684463
2573 0.8866326
2574 0.77177339030104
2575 0.461563
2576 0.5017976259263651
2578 0.552942
2577 0.7791001000000001
2580 0.7519605
2579 0.37330804041889
2581 0.7511337105218413
2582 0.239086907401
2583 0.5558815000000001
2584 0.5078727738225384
2585 0.6946783000000001
2586 0.7939276080263958
2587 0.640771413841
2589 0.0324108165515109
2588 0.04558825
2590 0.4653545
2591 0.28088875000000013
2593 0.17869527762400006
2592 0.6604531499999999
2594 0.5011905
2595 0.34166675000000013
2596 0.3626509
2598 0.833256
2597 0.7300690664359999
2599 0.336264
2600 0.866238410900463
2602 0.6967788716409999
2601 0.017658665541440577
2603 0.8509907999999999
2604 0.17941200000000013
2605 0.5444626459605
2606 0.09683869461970507
2607 0.644117
2608 0.07047262295084424
2609 0.7771143999999999
2610 0.31176399999999993
2611 0.050120390516630975
2612 0.5192260484539999
2613 0.7444723225
2614 0.5341589910125
2615 0.8520566157493801
2617 0.5722622955760932
2616 0.13154759128598448
2619 0.5449219
2618 0.6946077500000001
2620 0.788339980165611
2621 0.5818939999999999
2622 0.39181643610149997
2623 0.93382275
2624 0.4390964333335
2625 0.8001652
2626 0.735015832084
2627 0.642704
2628 0.42312388537256196
2629 0.645330986161
2630 0.6255501061746946
2631 0.47126560432221676
2632 0.04913184355821687
2634 0.062227715241
2633 0.45124976837901826
2635 0.5960848
2636 0.6940809
2637 0.805450059889
2638 0.09994380645608882
2639 0.204919756026758
2640 0.6877964661203851
2641 0.32473922349607454
2642 0.5656128511517273
2643 0.08217590977297351
2644 0.5152604138410002
2645 0.17874628330449993
2646 0.5068623860664736
2647 0.8969476000000001
2648 0.9196264000000001
2650 0.2887182808744999
2649 0.2420386000000001
2651 0.36031900000000006
2652 0.11489537562499996
2653 0.4290736003720457
2654 0.09761311384099991
2656 0.49813006297600015
2655 0.493784
2657 0.15848285380625016
2659 0.7784315000000002
2658 0.27674708950147164
2661 0.7991710444060001
2660 0.12589399999999995
2662 0.48051049999999995
2663 0.8123864999999999
2664 0.34433150000000007
2665 0.8680890689969794
2666 0.9458819999999999
2668 0.481608019377
2667 0.04411750000000003
2669 0.9093359999999999
2670 0.545219198616
2671 0.04339506643600022
2672 0.47377764810118095
2673 0.05248694141025023
2674 0.92598075
2675 0.947051401428265
2676 0.94055688846096
2677 0.6528331768640001
2678 0.6854400923605057
2679 5.00000000069889E-7
2680 0.25446099999999994
2681 0.691344
2682 0.19341805722474636
2683 0.8099605063457949
2684 0.756308297924
2685 0.3907455971814401
2686 0.34803949999999995
2687 0.20251249009999994
2688 0.40475597297894733
2689 0.5602414
2690 0.07554453495774771
2691 0.7979835000000002
2692 0.1999998107418215
2693 0.3619882000000001
2694 0.38571759583225007
2695 0.9263144391249999
2696 0.2071536878125
2697 0.3979061041461105
2698 0.158485
2699 0.03238819792400005
2700 0.11323325000000017
2702 0.29968144229350036
2701 0.678376319761
2703 0.04158393502500002
2704 0.6673602469238318
2706 0.06477783919204017
2705 0.35099428991179793
2707 0.07917459999999998
2708 0.7521382491412087
2709 0.19982486026049995
2711 0.10488816643600019
2710 0.6989859
2712 0.6613522500000002
2713 0.9157265711962088
2714 0.695048172006054
2715 0.3905250409075821
2716 0.7125082500000002
2717 0.5750850225991846
2718 0.698223402704
2719 0.433752012454911
2720 0.602438
2721 0.018368128478945533
2722 0.026469500000000146
2723 0.017735552095273666
2725 0.2774510000000001
2724 0.8284350482600746
2726 0.90637225
2727 0.7585599553923781
2729 0.05392100000000011
2728 0.7056569129827258
2730 0.3318667128865519
2732 0.502741445801
2731 0.40685502861749134
2733 0.6231477041522501
2734 0.796925355625
2735 0.13127271841600008
2736 0.829416265129
2737 0.23408300000000004
2738 0.7505470929706425
2739 0.5359336968860002
2740 0.6236455999999999
2742 0.48382360000000024
2741 0.5361805432164448
2743 0.43727532548779
2744 0.03530600000000006
2745 0.19193064999999998
2746 0.5412728461209979
2747 0.9483919537620003
2748 0.12647050000000015
2749 0.49265009999999987
2750 0.741025
2751 0.7563725000000001
2752 0.24324224736900013
2753 0.6092960000000001
2754 0.06226200000000026
2755 0.46143
2756 0.40938849999999993
2757 0.770360957401
2759 0.6985956855282125
2758 0.3888444547074709
2760 0.24403797849468975
2761 0.24854002727841973
2762 0.9073168730960807
2763 0.6987381228375
2764 0.08910133774538176
2765 0.36666650000000023
2766 0.928922
2767 0.758304266436
2769 0.49231079861600024
2768 0.8908867
2770 0.1096649999999999
2771 0.5117645000000002
2772 0.41772925560248475
2773 0.655917197924
2774 0.6573535
2775 0.6025984604000001
2776 0.470666973664
2778 0.018303909405176566
2777 0.11704700000000012
2779 0.7432271018652394
2780 0.24612791850726445
2781 0.013123500000000066
2782 0.4550939451844723
2783 0.8906935999999999
2784 0.5487756095999999
2785 0.029551168648153547
2786 0.5193630249135
2787 0.8772904144805204
2788 0.5548154618822329
2789 0.5761505557760003
2790 0.909200144801
2791 0.2339090144597656
2792 0.633425065129
2793 0.011171
2794 0.8362745
2795 0.653991383411489
2796 0.8442259999999999
2797 0.130707299191
2798 0.781221
2799 0.58492564182084
2800 0.469169149481
2801 0.051987500000000075
2802 0.4233315000000002
2803 0.2715685000000001
2804 0.4014738
2805 0.19809194198399993
2806 0.10635343502500016
2807 0.49411800000000006
2808 0.4556314603515946
2809 0.061191031853077726
2810 0.12982693502499987
2811 0.9011784974401162
2812 0.3112803000000002
2813 0.794117
2814 0.4700476
2816 0.06763300000000005
2815 0.14166416000000015
2818 0.2485847000000001
2817 0.38401300000000016
2819 0.131543712649
2822 0.8904052499999999
2820 0.72002138114225
2821 0.4985618836983934
2823 0.42478948649465254
2824 0.04983598633224995
2825 0.42748825
2826 0.027810117992690953
2828 0.339807745521
2829 0.4776783766849432
2827 0.06996399999999992
2830 0.48861239999999995
2831 0.8140056038062501
2832 0.5647059999999999
2833 0.796919195329
2834 0.707844
2835 0.764706
2836 0.9470581
2838 0.2441317698103751
2837 0.6444075
2839 0.594031544406
2840 0.3038200675479833
2841 0.7243752401
2842 0.80411329053154
2843 0.1676063083045
2844 0.339614711247328
2845 0.3374919147969674
2846 0.1441445
2847 0.3908599805243904
2848 0.069780797401
2849 0.09264850000000013
2850 0.598664233218
2851 0.3595308486504441
2852 0.429412
2853 0.3362780000000001
2854 0.4518493259520001
2855 0.3372635965378561
2856 0.718349098564
2857 0.82884
2858 0.4048435292911654
2859 0.2297635000000001
2860 0.508767
2861 0.14424190253750013
2862 0.5325175
2863 0.8617069743271788
2864 0.4206034244987309
2865 0.82440125
2866 0.24739
2867 0.8351168
2868 0.08439541366898973
2869 0.566826039400529
2870 0.18333081742550897
2871 0.61871475
2872 0.8470595000000001
2873 0.8214205
2874 0.9310994
2875 0.614163621761
2876 0.639615
2877 0.40876973751025
2878 0.4778101228375
2879 0.4431369999999999
2880 0.8218460000000001
2881 0.8352998728375001
2882 0.7322528806250002
2883 0.669107856162
2884 0.18818575920800007
2885 0.40819249534800006
2886 0.7008795
2887 0.5847855476405803
2888 0.37413318208400004
2889 0.9410627500000002
2890 0.06384090766593098
2891 0.17856916152846192
2893 0.5749761217610001
2892 0.2842683288682133
2894 0.934933953293878
2895 0.5197390888890003
2896 0.0888858523920446
2897 0.25247390253750024
2898 0.7290754533828716
2899 0.09656875000000009
2900 0.5337072
2901 0.8865538538062501
2902 0.09873970183750003
2903 0.47356086828150024
2904 0.592588340573927
2905 0.6412170689063057
2906 0.022549000000000152
2907 0.28970724999999997
2908 0.8773498198783374
2909 0.21078274053420953
2910 0.383740182084
2911 0.2382350000000002
2912 0.12411781441845693
2913 0.2188288996540002
2914 0.7505883000000001
2916 0.7201593265597221
2915 0.5690119675684594
2917 0.6073766999999999
2918 0.6034228000000001
2919 0.337054894464
2920 0.5689985003652704
2921 0.10196150000000004
2922 0.23673850101573282
2923 0.8780667010169332
2924 0.891225683278002
2925 0.0268318439518751
2926 0.8640123732943067
2927 0.5774731000000002
2928 0.729273816609
2929 0.7620610361184375
2930 0.715937588977188
2931 0.3474202946559999
2932 0.5477665104960001
2933 0.863325375625
2934 0.8552199025375002
2935 0.7909119999999998
2936 0.6263783358352057
2937 0.5827492636802499
2938 0.17499100000000012
2939 0.8958069946559999
2940 0.722490713841
2941 0.67399875
2942 0.04597149971473735
2943 0.759804
2944 0.7659858327974634
2945 0.4805855000000001
2946 0.556877935025
2947 0.6476645422175427
2948 0.6274514999999999
2949 0.4463130046447329
2950 0.018967423080999968
2951 0.564216
2952 0.57402025
2954 0.16181434453609905
2953 0.11712850635267547
2955 0.23982731264899998
2956 0.45183240289474597
2957 0.12860029598646563
2958 0.24134594005824
2959 0.816833
2960 0.7904659570350936
2961 0.5239605999999999
2962 0.12803667043664335
2963 0.13468600000000008
2964 0.2642387986160002
2965 0.30482940304399997
2966 0.6421874436334621
2967 0.11936951031125886
2968 0.362719
2969 0.942230660208
2970 0.7997982851790582
2971 0.05996160000000006
2972 0.8965943756249999
2973 0.5870754217610001
2974 0.016815150596000028
2975 0.653108
2976 0.794702401538
2978 0.4667626184160001
2977 0.8225490000000002
2979 0.1773552500000002
2980 0.658632409524635
2981 0.618447
2982 0.8743413901992608
2983 0.7739861228375001
2984 0.9365672500000002
2985 0.15699390614572084
2986 0.08822010096400001
2987 0.3438031944640003
2988 0.7876536976935002
2989 0.11911861145600011
2990 0.4892160000000001
2992 0.2493749999999999
2991 0.6965160000000001
2993 0.8516163873091628
2994 0.6205885000000002
2995 0.49605653519103576
2996 0.0436112659322907
2997 0.38374174316612497
2998 0.015978918416000076
2999 0.913514536461812
3000 0.38565209596025
3001 0.848529
3002 0.6664395808955641
3004 0.3436635000000001
3003 0.8225850000000001
3005 0.553921
3007 0.08260864139895818
3006 0.7796608985733342
3008 0.5568639999999998
3009 0.04540971660899995
3010 0.36103273460399987
3011 0.8972977190615232
3012 0.5480389999999999
3013 0.7456271835133479
3014 0.14264725
3016 0.15185000000000004
3015 0.13844855444808024
3017 0.3337979296039999
3018 0.3552406991105286
3020 0.7274510000000001
3021 0.7907966908346297
3019 0.07199313009925024
3022 0.887044031584
3023 0.9032648629760001
3024 0.7250705528187702
3025 0.9166670000000001
3026 0.06362525000000008
3027 0.16793500000000017
3028 0.7281854999999999
3029 0.46722344552100004
3030 0.6478236222924649
3031 0.1263683
3032 0.4303920000000001
3033 0.7937277724715928
3034 0.16947
3036 0.228061755442325
3035 0.12021400000000004
3037 0.4745707401000001
3038 0.805377
3039 0.47353
3040 0.7
3041 0.7556645130435963
3042 0.26143391264899996
3044 0.6354409086362784
3043 0.9270847641633666
3045 0.21505942304100012
3046 0.2627455000000001
3047 0.5803920000000002
3048 0.6931247873659999
3049 0.9273355069205
3050 0.670069164544
3051 0.8541113688320001
3052 0.4304648217610001
3053 0.3450970000000002
3054 0.7681060011627591
3055 0.9043122007690001
3056 0.93151125
3057 0.44096150594544353
3059 0.41510083256450003
3058 0.5263260000000001
3060 0.5183080999999998
3061 0.937626662976
3062 0.70048582086025
3063 0.5173894476742402
3064 0.6421570000000001
3065 0.816701697924
3066 0.5177087126490001
3067 0.38578543502500007
3068 0.6362092732010001
3069 0.22283150000000007
3070 0.9450926101499999
3071 0.44069000000000025
3073 0.762011050596
3072 0.023900087009000037
3074 0.254984184494747
3075 0.425114348616
3077 0.2777317380960731
3076 0.47199030997509844
3078 0.4362217757586863
3079 0.6407100731259999
3080 0.48866450000000006
3081 0.5058825
3082 0.6416428695283563
3083 0.6212152818475338
3084 0.62009875
3085 0.6334695
3087 0.49686199999999997
3086 0.909214050769
3088 0.26088900000000004
3089 0.4235295000000001
3090 0.9232321450038853
3091 0.08880299999999997
3092 0.2751110000000001
3093 0.5849587884375
3094 0.45692945697976545
3095 0.19725480000000006
3096 0.21986535498819948
3097 0.23123645425164518
3098 0.6745833917948134
3099 0.5756995
3100 0.11870292592264953
3101 0.04279764552100007
3102 0.07226257275945791
3103 0.0339694592080001
3104 0.4125373000000001
3105 0.14267424467852274
3106 0.920894883236
3107 0.4460790000000001
3110 0.23605643335000015
3108 0.020726000000000022
3109 0.8191172499999999
3111 0.9320218731259999
3112 0.68771125
3114 0.5267326934801868
3113 0.567498118416
3117 0.44248609509827874
3118 0.1967542499999999
3116 0.5800362225
3119 0.867292626436
3115 0.8705879999999999
3122 0.021468718416000065
3120 0.588015996886
3123 0.710381399318177
3124 0.8272896480575143
3121 0.2904145171626297
3127 0.5191185
3130 0.58486545817225
3125 0.9343135
3128 0.9039645753308624
3126 0.707741188531303
3129 0.21163174521350003
3132 0.9178265
3131 0.5024504999999999
3135 0.7760352500000001
3134 0.480646
3133 0.6322967500000001
3136 0.25490199999999996
3137 0.8841730578677586
3139 0.16555462499999996
3140 0.08487089465600017
3138 0.47864850000000025
3142 0.723039
3141 0.3009855976934999
3143 0.55311875
3144 0.06829320000000005
3145 0.589937
3146 0.3090557692805132
3147 0.9166083657440001
3148 0.503431
3149 0.2630463395524153
3151 0.009568149999999997
3150 0.35537526643600004
3152 0.812359
3153 0.12620341510400013
3154 0.3252938000000001
3155 0.26673417428096013
3158 0.5719878402534999
3157 0.08271810175625016
3156 0.5400086842152737
3159 0.48812087222225004
3160 0.25899177711733173
3161 0.6647049999999999
3162 0.11156750000000004
3163 0.67647125
3164 0.10056578316350517
3165 0.05480708281365998
3166 0.161537957401
3167 0.8544849999999999
3168 0.7080555
3169 0.7859908
3171 0.8843454976934999
3172 0.36504007409422545
3170 0.896669865129
3173 0.05960571787228308
3174 0.676471
3175 0.36143861263341437
3176 0.7334495
3177 0.6932575765536402
3178 0.2823530000000001
3179 0.10833225
3180 0.781748
3181 0.9100954007690001
3183 0.4913764245101592
3182 0.21474402618225125
3184 0.5554412604000003
3186 0.7522384
3185 0.21984491522500016
3187 0.6845345217609999
3188 0.774350609268761
3189 0.346665066436
3190 0.5532483916628517
3192 0.012318250000000086
3191 0.14511196898661338
3194 0.418023477904
3193 0.527639375625
3195 0.12492224999999998
3196 0.58252
3197 0.2627072519846092
3198 0.7565205000000002
3199 0.79811305
3200 0.28982638008657996
3201 0.22676450000000004
3202 0.2994291166090004
3203 0.6783513883805509
3204 0.2073106968859999
3205 0.33293437562500006
3206 0.16575849999999992
3207 0.26241550000000013
3208 0.7892668071924145
3209 0.4624208000000001
3210 0.893156678609
3211 0.16372500000000012
3212 0.09039100000000011
3213 0.2516797200734644
3214 0.6115189660877147
3215 0.6813719999999999
3216 0.3792982950689842
3217 0.8283681140811536
3218 0.872553326211125
3219 0.40999565000000004
3220 0.5146611000000001
3221 0.30711835834150003
3222 0.1901955
3223 0.3628834031374285
3224 0.6431370000000001
3225 0.8294115
3226 0.4235953693035106
3227 0.5032760000000001
3228 0.3720923662007502
3229 0.8993436074460001
3230 0.4693219999999998
3232 0.327547000769
3231 0.045587500000000114
3233 0.9382349999999999
3234 0.38546640406036337
3235 0.3540966000000001
3236 0.6584040000000002
3237 0.017502841984000095
3238 0.26881882745816044
3239 0.11040085242224995
3240 0.427877997924
3241 0.9239151845163742
3242 0.3828994000000001
3243 0.5789939796040001
3245 0.1446072500000002
3246 0.1251479604
3244 0.1627455
3247 0.32537550000000004
3248 0.4386544000000001
3249 0.7221485736639999
3250 0.7056457472751702
3251 0.34544036040000003
3252 0.8382354999999999
3253 0.5862983231259999
3254 0.3633372455210002
3255 0.06078776512900008
3256 0.7022120000000001
3257 0.8897062
3258 0.09322950115350004
3259 0.3909565225
3260 0.8260447000000001
3261 0.39119150000000014
3262 0.7218941666666667
3263 0.418628
3264 0.4520049918332334
3265 0.7148882500000002
3266 0.2042448629760003
3268 0.2757344097701883
3267 0.2963339770789747
3269 0.9426715000000001
3270 0.9077014763040001
3271 0.35270950000000023
3272 0.35098050000000014
3273 0.5944358224663615
3274 0.1590654910455797
3275 0.07352950000000003
3276 0.5781259999999999
3277 0.1949730999999999
3278 0.5490349350250001
3280 0.3914841543020578
3279 0.7460779999999998
3281 0.46850800000000015
3283 0.016859794848771537
3282 0.10190677853155994
3284 0.9844075484222412
3285 0.44373299999999993
3287 0.24715905422500017
3286 0.41078499999999996
3288 0.8930946593666902
3289 0.0672699000000001
3290 0.837915
3291 0.2246212787005002
3292 0.6200846534096658
3293 0.934316845521
3294 0.22948502250000008
3295 0.8981482326415
3296 0.11666700000000008
3297 0.5868004000000002
3298 0.31110732399801777
3299 0.7091990000000001
3300 0.3223043750000001
3301 0.07941200000000004
3302 0.298584
3303 0.21265779688599973
3304 0.545237353218104
3306 0.912993
3305 0.5866584736639999
3307 0.04979149999999999
3309 0.52451
3308 0.9439091083044999
3310 0.36142664308889105
3311 0.034430534843080896
3312 0.4941175
3314 0.8954613139688605
3313 0.898039
3315 0.6634602222209004
3316 0.05607119739505184
3317 0.47833800000000015
3318 0.6862739999999999
3319 0.4591831695402089
3320 0.17511554980149935
3321 0.7005285035309055
3322 0.6888303
3323 0.9123295389565226
3324 0.12234103633225013
3325 0.466667
3326 0.501961
3327 0.28027365027869655
3328 0.042782473291002154
3329 0.6456069000000002
3330 0.20861200000000024
3331 0.9335018964135001
3333 0.8917248888889999
3332 0.2986738880729569
3334 0.3608460000000002
3335 0.84852975
3336 0.2694986413160001
3338 0.8434114763759999
3337 0.06519625000000007
3341 0.6864004398
3339 0.41554252156899996
3340 0.4375801750766435
3342 0.7333143434780125
3343 0.18564468256400013
3345 0.45055666192765126
3344 0.65350625
3346 0.7201900336073034
3347 0.3098035000000002
3348 0.031031632641500106
3349 0.6078425000000001
3350 0.9553429185753983
3351 0.23080068208400006
3352 0.9357016000000001
3353 0.20995543692550012
3354 0.3904634
3355 0.060405673673135984
3356 0.331372
3357 0.2082797492543227
3358 0.7742549482825626
3359 0.8479344
3360 0.06492767330399984
3361 0.8960562183683315
3362 0.6327998657439999
3364 0.6931749
3363 0.11323499999999997
3366 0.634314
3365 0.670516597924
3367 0.33401839999999994
3368 0.5784059966319297
3370 0.01662549999999996
3369 0.6150555953479999
3371 0.33150308888900004
3372 0.6943648839299235
3373 0.5596742833044999
3374 0.5280363782491451
3375 0.006305000000000005
3376 0.55098
3377 0.49798097778442996
3378 0.30062766642106475
3379 0.72133427244736
3380 0.5218379217610001
3382 0.9205890000000001
3381 0.841226
3383 0.277418165744
3384 0.7008108341291612
3385 0.19897939654000002
3386 0.20300633891020475
3387 0.687759703248477
3388 0.5931181
3389 0.45013068888900004
3391 0.809804
3390 0.861478091042
3392 0.04117650000000006
3393 0.9101085225824666
3394 0.7347874526315787
3395 0.5762006878125
3396 0.2685275184160001
3398 0.43423014314077535
3397 0.11105579792400011
3399 0.8833335
3400 0.08672542922172477
3401 0.853668182084
3402 0.18619041156867833
3403 0.11733212139205218
3405 0.2580632725563133
3404 0.716059151489
3406 0.849071296886
3407 0.18186250000000004
3408 0.5396759832615
3409 0.20646531983483118
3410 0.41431846512900017
3411 0.859986831876
3412 0.843200613841
3413 0.14506494416656013
3414 0.8488236
3415 0.903208
3416 0.11496319887291206
3417 0.6939366592080001
3418 0.5598509999999999
3419 0.23359330000000011
3420 0.5705730000000002
3422 0.59270447163837
3421 0.06176500000000007
3423 0.6686175
3424 0.89021555173025
3425 0.4713419574009998
3426 0.10362867285285171
3427 0.19409327366399998
3428 0.6813724999999999
3429 0.2749752511233601
3430 0.18627250000000006
3431 0.42378227840000005
3432 0.08330184028224985
3433 0.0031267268061725417
3434 0.14103140000000014
3435 0.3014851664360003
3436 0.07643886552742571
3437 0.3307449242215
3438 0.2282857505960001
3439 0.6906624869445
3440 0.6156854999999999
3441 0.6995369568429358
3442 0.3277918599249456
3443 0.4910476883532975
3444 0.02644888610149998
3445 0.6184663518455
3446 0.7494628447843001
3448 0.38262202960399994
3447 0.14998800000000023
3449 0.24215699999999996
3450 0.6460640716374672
3451 0.11012023204999655
3452 0.448817
3453 0.1706445000000001
3454 0.38529400000000025
3455 0.8828435
3456 0.268235
3457 0.4498663774213038
3458 0.2036865000000001
3459 0.12548950000000003
3460 0.821145449481
3461 0.17220368259545915
3462 0.15891304256695893
3463 0.26576544532900037
3464 0.834314
3465 0.48926843601373654
3466 0.6211424084009225
3467 0.770539241476
3468 0.28880841660900014
3469 0.775639
3470 0.09377983082444019
3471 0.10641141222162154
3472 0.7974513000000001
3474 0.11226746643599994
3473 0.5501165
3476 0.92008375
3477 0.3237718686015001
3475 0.07622680397876214
3478 0.783256541989724
3479 0.6417508522417512
3481 0.7620770614232131
3480 0.45098099999999985
3482 0.7651003227605
3483 0.03442562333750021
3484 0.3026672586817386
3485 0.12843100000000018
3486 0.9430736816490001
3487 0.048459492667614956
3488 0.14050300000000004
3489 0.6474511000000001
3490 0.5220935114246494
3491 0.32843200000000006
3492 0.8895774574009999
3493 0.7485830281622501
3496 0.7911760000000001
3494 0.09558709999999992
3495 0.579412
3497 0.10312937562500002
3498 0.06470600000000015
3499 0.5611776584408555
3501 0.4327603541198816
3500 0.10097399446400002
3502 0.8156860000000001
3503 0.9346839650540594
3504 0.6986210689735
3505 0.4409234152250001
3506 0.05360280808256013
3507 0.904902
3508 0.8039445531529446
3509 0.4435043529472394
3510 0.4473926963935
3511 0.009752906112039939
3512 0.8609947
3513 0.318384
3514 0.6396157756249999
3515 0.13946400000000003
3517 0.6632178104110285
3516 0.7236683602166007
3518 0.0037400805142905336
3519 0.05509810000000015
3520 0.0591456629760001
3521 0.2488111999999998
3522 0.24552587648346225
3523 0.39961350000000007
3524 0.01777768888900011
3525 0.3343130000000001
3526 0.4786048127849371
3527 0.6276503084282659
3529 0.6754905
3528 0.026333458829372436
3530 0.12941200000000008
3531 0.23500120000000013
3532 0.33930233381547154
3533 0.4534315
3534 0.325900231104
3535 0.4196557999999999
3536 0.8522184654339409
3537 1.011716118416
3538 0.12327541522499996
3541 0.724043888889
3539 0.3962799682814999
3540 0.19524942016900004
3542 0.8244289047517199
3543 0.7713957939062501
3545 0.02399654068242829
3544 0.6352945000000001
3546 0.32035115627507404
3547 0.23628819999999995
3549 0.3851715
3548 0.6236264657440003
3550 0.5095172000000001
3551 0.3286639395850002
3552 0.30980399999999997
3553 0.33049700000000004
3555 0.5120365880415001
3554 0.6453396406
3556 0.0967148003845002
3557 0.4322144494810001
3558 0.017479522588193297
3559 0.5840909746534186
3560 0.06996000000000002
3561 0.13862189302821126
3562 0.8984240548445
3563 0.8442222947088992
3564 0.15534568192400022
3565 0.7162011255824401
3566 0.27450949999999996
3567 0.680102
3568 0.4114337401
3569 0.6865198505960002
3570 0.311433912649
3571 0.409133798427164
3572 0.5616060088283008
3573 0.004902000000000073
3574 0.35775562528400007
3575 0.47151827881600006
3576 0.34308497762400014
3577 0.4935370875074725
3578 0.04724507572049674
3579 0.12035983147378104
3580 0.494505
3581 0.5128318000000001
3582 0.06773009792400009
3583 0.09517866574400013
3584 0.9226910000000001
3585 0.052940999999999905
3586 0.80105373179117
3587 0.3156109
3588 0.7118831675814998
3589 0.11715724999999999
3590 0.4216564999999999
3591 0.6819314999999999
3592 0.13235299999999994
3594 0.859377499654
3593 0.7228680597903934
3595 0.30458712747710215
3596 0.3270343633034383
3597 0.4407781609000001
3598 0.7192935
3599 0.935057
3600 0.16862750000000015
3602 0.8843130000000002
3601 0.7490380756703465
3603 0.13627500000000015
3604 0.7578435
3605 0.3617650000000001
3606 0.415341498962
3607 0.423155044656
3608 0.02453539018967732
3609 0.28913742655232
3610 0.13246680620450002
3611 0.5413934347433967
3612 0.4068625
3613 0.4627455
3614 0.20539074999999998
3615 0.3633975500000002
3616 0.34008320000000003
3617 0.7063179129627898
3618 0.1510545000000001
3619 0.7799481615206401
3620 0.5016361011556367
3621 0.18550825000000004
3622 0.01836575000000007
3623 0.7264705
3625 0.90791253338082
3624 0.9474509
3626 0.8803968976935
3627 0.832353
3628 0.39361120000000005
3629 0.010784000000000016
3631 0.76477825
3630 0.934679804586616
3632 0.6737904312048273
3633 0.6403069025375003
3634 0.6382355
3635 0.04166700000000012
3636 0.010440474044541737
3638 0.295031685136
3637 0.5593615997490173
3639 0.42765988995573007
3640 0.7644485267642065
3641 0.2823537500000002
3642 0.6039209999999999
3643 0.7555521000000001
3644 0.76505865
3645 0.45370847366399997
3646 0.0992773181915727
3647 0.6873345
3648 0.808362262976
3649 0.7833330000000001
3650 0.3673637128063654
3651 0.36506715740100004
3652 0.18738470000000018
3653 0.4955879999999999
3654 0.7010783897087295
3655 0.7209698548762036
3656 0.37510560000000015
3657 0.17549000000000015
3658 0.8017529572858269
3659 0.308824
3660 0.18818900000000016
3661 0.2699306629760001
3662 0.8898143098523391
3663 0.8644877554563594
3664 0.9167592500000002
3665 0.08575105059600019
3666 0.48314990055740936
3667 0.36107660076900006
3668 0.2949410000000001
3669 0.6421570000000001
3670 0.09342000000000006
3671 0.5338020000000001
36