1 0.9
2 1.62745
3 0.839411
4 0.819754
5 0.860784
6 0.805882
7 1.12549
8 0.720511
10 0.913726
9 0.72549
11 1.12549
12 0.570588
13 0.633333
14 0.843138
15 0.913726
16 0.558824
17 1.62745
18 0.77451
19 1.494118
20 0.669848
21 1.290196
23 1.17255
22 0.656863
24 1.282352
25 0.637255
26 1.086274
27 0.532929
28 0.968628
29 1.032836
30 0.921568
31 0.62549
32 0.590196
34 0.617647
33 0.652941
35 0.586275
36 0.531373
37 0.945098
38 0.696078
39 0.394118
40 0.3797083333333333
41 0.378431
42 0.641176
43 0.319608
44 0.366667
45 0.280392
46 0.264706
47 0.445098
48 0.229412
49 0.911765
50 0.845098
51 0.794118
52 1.745098
54 0.829412
53 0.856863
55 0.805882
56 0.762745
57 1.047058
58 1.57255
59 0.717699
60 1.313726
61 0.723529
62 1.031372
63 0.811358
64 0.747059
65 0.758824
66 1.387856
67 0.664706
68 0.641176
69 0.605882
70 0.4910428333333334
72 0.905882
71 0.511765
74 0.570588
73 0.4480308333333333
75 0.409804
76 0.3888533333333333
77 1.015686
78 0.331373
79 0.5
80 0.303922
81 0.903922
82 0.880392
83 1.721568
84 1.685268
85 1.494118
86 0.78817
87 0.770588
88 1.4
89 1.478432
90 1.453548
91 1.415686
92 1.133334
93 1.352942
94 1.335888
95 1.431372
96 1.308084
97 1.384314
98 0.970588
99 1.752942
100 0.919608
101 0.907843
102 0.954902
103 1.603922
104 0.854015
105 0.8529548333333333
107 0.82549
106 0.939216
108 1.635294
109 0.829412
110 1.407844
111 0.958824
112 0.919608
113 1.332436
114 1.690196
115 0.786275
116 1.261006
117 0.798039
118 0.754902
119 0.75098
120 1.070588
121 0.692157
122 0.676471
123 0.952942
124 0.629412
125 0.617647
126 1.196078
127 0.749858
128 0.627113
129 1.478432
130 1.0
132 1.454902
131 0.735294
133 0.643686
134 0.684314
135 0.578431
136 0.5720608333333334
137 0.525993
138 1.141176
139 0.480623
140 0.68956
141 0.450841
142 0.476471
143 1.164706
144 0.460784
145 0.699529
146 0.645098
147 0.586275
148 0.566667
150 0.758966
149 0.905882
151 0.42549
152 0.715686
153 0.36862733333333336
154 0.592156
155 0.6
156 0.362745
157 0.2555556666666667
158 0.362745
159 0.835294
160 0.660784
161 0.664706
162 1.340082
163 0.627376
164 0.594441
165 0.507843
166 0.969338
167 0.405882
168 0.592156
169 0.843138
171 0.362745
170 0.694118
173 0.315686
172 0.607844
174 0.490196
175 0.519707
176 0.347059
177 1.494118
178 0.778431
179 0.7101950000000001
180 0.660784
182 1.313726
181 0.747059
183 0.641176
184 0.582353
185 0.582353
186 0.605882
188 0.609804
187 1.14902
189 1.057056
190 1.015686
191 0.664706
192 1.180392
193 0.809804
194 0.684774
196 0.743137
195 0.637255
197 1.416652
198 0.613725
199 1.188236
200 0.547059
201 0.891102
202 0.629412
203 0.835294
204 0.858824
205 0.55098
206 0.598039
207 0.6132896666666667
209 1.37647
208 0.819608
211 1.305882
210 0.786275
212 0.762587
214 0.766667
213 0.77451
215 1.100358
216 0.705975
217 0.960784
218 0.511765
219 0.4905991666666667
220 0.547059
221 0.858824
222 1.2966
223 0.766667
224 0.803922
225 1.17255
226 1.26848
227 1.164706
228 0.890196
229 0.505425
230 0.429412
231 0.560784
232 0.694118
233 0.662746
234 0.639216
235 0.452941
236 0.552942
237 0.331373
238 0.458824
239 0.468698
240 0.221569
241 0.821569
242 0.898804
243 0.915686
244 0.892157
245 0.9
246 0.833088
247 0.820321
248 0.860784
249 0.805882
250 1.565546
251 0.813725
252 0.758001
253 0.794118
254 0.739216
255 0.6788286666666666
256 0.558824
257 1.361018
258 1.360784
260 0.731373
259 0.758824
261 0.57451
263 1.109804
262 0.582353
264 0.87451
265 0.476471
266 0.413725
267 0.796078
268 0.417647
269 0.354902
270 0.641176
271 1.086274
272 0.592156
273 0.598039
274 0.539216
275 0.945026
277 0.385233
276 0.843138
278 0.615686
279 0.584314
280 0.358824
281 0.241176
282 0.218703
283 0.280392
284 0.364706
285 0.18823516666666665
286 0.30196
287 0.362745
288 0.205882
290 1.007844
289 0.778431
291 1.277564
292 0.601961
293 0.558824
294 0.492598
295 0.929412
296 0.890902
297 0.485694
298 0.511765
299 0.413725
300 0.480392
301 0.456863
302 0.647058
303 0.582353
305 0.680392
304 0.419608
307 0.584168
306 1.196078
308 0.55098
309 0.507843
310 0.445098
311 0.823334
312 0.39582116666666667
313 0.382353
314 0.62549
315 0.458824
316 0.366667
317 0.435294
318 0.23905083333333335
320 0.531373
319 0.476471
321 1.368628
322 0.770588
323 1.29804
324 0.735739
325 0.714379
326 0.613725
327 1.292286
328 0.578431
329 0.55098
330 0.5092343333333333
331 0.586275
332 0.558824
333 0.562745
334 1.031372
335 0.688235
336 1.015686
337 0.739216
338 0.703922
339 1.22745
340 0.621569
341 0.590196
343 0.529412
342 0.511765
344 0.401961
345 0.882352
346 0.82745
347 0.398039
348 0.370588
349 0.35098
350 0.31518483333333336
351 0.543137
352 0.300854
353 0.672549
354 0.630307
355 0.587054
356 0.598039
357 0.633333
358 0.453088
359 0.736558
360 0.590196
361 1.390788
362 0.737994
363 1.12549
364 0.519608
365 0.290857
366 0.612548
367 0.605882
368 0.952942
369 0.841176
370 1.039216
371 0.82549
372 1.7103
373 1.564706
374 0.89804
375 1.578278
376 1.329412
377 0.647474
378 0.664706
379 0.715686
380 1.432296
381 0.583304
382 0.835294
383 0.921568
384 0.696078
385 0.852941
386 1.19974
387 1.454902
388 1.307704
389 0.682029
390 1.117648
391 0.637255
392 1.156862
393 0.645098
394 0.582353
397 0.558824
395 0.523529
398 1.022836
396 0.554902
399 0.703922
400 1.00361
401 1.705882
402 1.658362
403 0.801961
404 0.782353
405 1.125142
406 1.078432
407 0.937254
408 0.6538045
409 0.652941
410 0.633333
411 1.235294
412 0.796078
413 1.133334
415 0.82549
414 1.133334
416 0.558824
417 1.605754
418 0.790196
419 0.84902
420 0.790196
421 1.386218
422 0.688235
423 0.6263051666666667
424 1.014976
425 0.652941
426 0.577651
427 0.554902
429 0.835294
428 0.515686
430 0.62549
431 0.703922
432 0.562745
433 0.880392
434 0.856863
435 0.829412
438 0.74902
437 0.794118
439 1.454902
436 0.929412
440 0.715686
441 0.664719
442 1.266666
443 0.652941
444 0.645098
445 0.590212
446 0.648429
447 1.533334
448 0.562745
449 0.907843
450 1.039216
452 0.4473128333333334
451 0.876471
453 0.5046156666666667
454 0.809804
456 0.835294
455 0.480392
457 0.85098
458 1.4
459 0.3789018333333333
460 0.719608
461 0.65793
462 0.310486
463 0.82549
464 0.711765
465 0.903922
466 0.864706
467 0.876471
468 0.758085
469 0.892157
470 0.97451
471 0.798039
472 0.970588
473 0.813725
474 0.966667
475 0.98707
476 0.962745
477 0.719608
478 0.790196
479 1.4403
480 0.862634
481 0.998039
482 1.486314
483 0.998039
484 0.994118
485 1.988236
487 1.920252
486 1.988236
488 0.994118
489 0.947059
491 0.946901
490 0.952176
492 0.7830388333333334
493 1.109804
494 0.990196
495 1.882166
496 0.962745
497 0.884314
498 0.672549
499 0.758824
500 0.723529
501 0.723529
502 0.770588
503 1.352942
504 1.282352
505 0.608085
506 0.707843
507 1.392156
508 1.22745
509 1.203922
510 0.547059
512 0.900918
511 0.5582721666666667
514 0.782353
513 1.486274
515 0.6739281666666668
516 1.266666
517 1.22745
518 1.293914
519 0.688235
520 0.590196
522 0.571113
521 0.64902
523 1.078432
524 1.062746
525 0.507843
527 0.5776288333333333
526 0.566667
528 0.521568
529 1.65098
530 0.813725
531 0.845098
532 0.825673
533 1.419248
535 0.75351
534 0.676471
536 1.266666
537 0.721652
539 0.690757
538 0.711765
540 0.567072
541 0.5552331666666667
542 0.539216
543 0.833333
544 0.641176
545 0.872549
546 0.841183
547 0.829412
548 0.417647
549 0.727451
550 0.696078
551 0.723529
552 0.668627
553 0.652941
554 0.664706
555 0.482352
556 0.280392
557 0.590211
558 0.574525
559 0.77451
560 0.562745
561 0.943137
562 0.932324
563 0.923529
565 0.8425216666666665
566 0.884314
564 0.923529
567 1.431372
568 0.880392
569 0.852941
570 0.7028085000000001
571 1.22745
573 1.074988
572 0.723529
574 0.796523
575 0.892157
576 0.794118
577 0.884314
578 0.864706
579 1.666674
580 1.02353
581 0.794121
582 1.517648
583 0.780392
584 0.492157
585 1.415686
586 0.803922
587 0.672549
588 0.656863
589 0.37451
590 0.709804
592 0.35098
591 0.778431
593 1.635294
594 0.778431
595 1.415686
596 0.739216
597 0.727451
598 0.661592
599 1.25098
600 1.050712
601 0.594118
602 0.503922
604 0.535294
603 0.862888
605 0.484314
606 0.990466
607 0.7
608 0.913726
609 0.717083
610 0.668627
611 1.37647
612 0.656863
613 1.117648
614 0.733334
616 1.321568
618 0.629412
617 0.853852
615 0.456863
619 0.75098
620 0.629412
622 0.57451
623 0.519608
621 0.613725
624 0.558824
625 0.786275
626 0.7
628 0.688235
629 0.688235
627 1.509804
630 0.707974
631 1.164706
633 0.535294
632 0.558824
634 0.511765
635 0.57451
636 0.968628
637 0.452941
638 0.445098
639 1.180392
640 0.835294
641 0.963707
642 0.955441
644 0.947059
643 0.947059
646 0.931373
647 1.834374
645 0.931373
648 0.919608
649 0.907843
650 0.645098
651 0.939216
652 0.892157
653 1.180392
654 1.086274
655 0.935294
657 0.75098
656 0.86592
658 1.243138
659 1.203922
660 1.258824
661 0.5454095000000001
662 0.937254
663 0.468627
664 0.484314
665 0.866666
666 0.445098
667 0.433333
668 0.401961
669 0.362927
670 0.695564
671 0.51349
672 0.703922
673 0.821569
674 0.794118
675 0.62549
676 0.809804
677 0.707843
678 0.758824
679 0.6156043333333333
680 0.6206186666666667
681 1.400692
682 0.7
683 0.664706
684 0.652941
685 0.507843
687 0.748084
686 0.547059
688 0.913726
689 1.429876
690 1.658824
691 0.833333
692 0.790196
694 0.903922
693 0.762532
695 1.161092
696 0.731373
698 0.703922
697 0.715686
700 1.219608
701 0.77451
699 0.837255
702 0.722526
703 0.739003
704 0.801961
705 0.754902
706 0.801961
707 1.109804
708 0.75098
709 1.496484
710 0.743137
711 0.660784
712 1.413592
713 1.094118
714 1.058334
715 0.656863
716 0.645592
717 0.63665
718 0.637255
719 0.613725
720 0.570588
721 1.536658
722 0.723529
723 1.384314
724 0.652941
725 0.622251
726 0.49366183333333336
727 0.531847
728 0.5
729 0.960784
730 0.586275
731 0.49804
732 0.409804
734 0.507843
733 0.394118
736 0.347059
735 0.803922
737 0.77255
739 1.831372
738 0.907843
740 0.907843
741 0.896078
742 0.864706
743 0.868627
744 0.856863
745 1.211764
746 1.011032
747 0.747059
748 0.755961
749 0.805882
752 0.727451
750 0.778431
751 0.833333
753 0.935294
754 0.943137
755 1.188236
756 0.923529
757 0.884314
758 1.721568
759 0.931373
760 0.90056
761 0.966667
762 0.966667
763 1.601304
764 0.907843
765 0.871923
766 0.867418
767 0.978431
768 0.869154
769 0.805882
770 0.77451
771 0.676471
772 0.582353
773 1.140196
774 1.17255
775 0.62549
776 1.039216
777 0.621569
778 0.566667
780 0.668627
779 0.484314
781 0.523529
782 0.507843
783 0.782353
784 0.890196
785 0.819126
786 0.805882
787 1.313726
788 0.737172
789 0.77451
790 0.605882
791 0.660784
792 0.670588
793 1.282352
794 0.595561
795 0.594118
796 1.083622
797 0.484314
798 1.109804
799 0.652941
800 0.764706
801 1.37647
802 1.243138
803 0.613725
804 1.368628
805 0.794118
806 0.566667
808 0.711765
807 1.470588
809 0.613725
810 0.711765
811 0.503922
812 0.882352
813 1.368628
814 0.534398
817 1.0
815 1.57255
816 0.660784
818 0.731373
820 0.5230018333333333
819 0.7
821 0.963704
822 0.609804
823 0.764706
824 0.507843
825 0.654902
826 0.55098
827 0.866666
829 0.44902
828 0.366667
830 1.0
831 0.756862
832 0.35098
833 0.76475
834 1.109804
835 1.031372
836 0.676471
837 0.65483
838 0.601961
839 0.590196
840 0.556882
841 0.535294
842 1.04233
843 0.50157
844 0.461966
845 0.819608
846 0.678432
847 1.180392
848 0.678432
849 0.888235
850 0.849024
851 0.44902
852 0.833333
854 1.494128
853 0.798039
855 0.762745
856 0.723529
857 0.727451
858 0.633333
859 0.696078
860 0.264706
861 0.709804
862 0.3531953333333333
863 0.778431
864 0.213725
865 0.84902
866 0.821569
867 0.6852438333333334
868 1.313726
869 1.494118
870 1.12549
871 1.14902
872 1.117648
873 1.0
874 0.52914
875 1.141176
876 0.492157
877 0.456863
878 0.472549
879 0.723529
880 0.511765
881 1.415686
882 1.447058
883 0.696078
884 0.660784
885 0.5742748333333334
886 0.905882
887 0.72549
888 0.4398693333333334
890 1.153846
889 0.484314
891 0.56456
892 0.541532
893 0.535294
894 0.498536
895 0.858824
896 0.485286
897 0.829507
898 0.794118
899 1.533334
901 0.719608
900 0.680392
902 0.641176
903 0.5911973333333332
904 0.594118
905 0.628103
906 1.042374
907 0.656863
908 0.581133
909 0.946354
910 0.543137
911 0.652941
913 0.771857
912 0.543137
914 1.462746
915 0.6970676666666668
916 0.6745096666666667
917 1.031372
918 0.586275
919 0.558824
920 0.535294
921 0.515686
922 0.912236
923 0.945098
924 0.437255
925 0.389452
926 0.386275
927 1.183872
928 0.391011
929 1.564706
930 1.745098
931 1.27451
932 0.82549
933 0.982353
934 0.784535
935 0.986275
936 0.731635
937 0.727451
938 0.986275
939 0.760124
940 1.941176
941 0.966667
942 1.48066
943 0.990196
944 1.956862
945 0.809804
946 0.77451
947 0.676471
948 0.715686
949 0.703922
950 0.672123
951 0.656863
952 0.641176
953 0.594118
954 1.026132
955 0.617647
956 0.515686
957 0.598039
958 0.539216
959 0.6309170000000001
960 0.528677
961 0.892157
962 0.872549
963 1.580392
964 0.754791
965 0.813725
966 0.696078
967 1.368718
968 0.743137
969 1.164706
970 0.609804
971 0.696078
972 1.211764
973 1.337254
974 1.164706
975 0.672549
976 0.566667
977 0.708048
978 0.762745
979 0.929412
980 1.211764
981 0.629412
982 0.72549
983 0.688235
984 1.313726
985 0.598039
986 0.609804
987 0.582353
989 0.901774
988 0.609804
990 0.82745
992 0.578423
991 0.723958
993 0.837255
994 1.305882
995 0.786275
996 1.415686
997 1.447058
998 0.684314
999 1.337254
1000 0.637255
1001 0.5236258333333333
1002 0.696078
1003 0.578431
1004 0.578431
1005 0.64902
1006 1.047058
1007 1.42353
1008 0.503922
1009 0.84902
1010 0.801961
1011 0.860784
1012 0.837255
1013 1.760784
1014 0.841176
1015 1.51905
1016 0.74252
1018 1.173086
1017 1.258824
1019 0.762745
1020 0.835294
1021 0.566667
1022 0.70196
1023 0.852941
1024 0.535294
1025 1.847058
1026 0.911765
1027 0.6631721666666667
1028 1.360784
1029 0.864728
1030 1.27451
1032 0.813878
1031 0.801961
1033 0.684314
1034 0.813725
1035 0.776766
1036 0.731373
1037 0.641176
1038 1.485532
1039 0.629412
1040 1.066094
1041 1.478432
1042 1.635294
1043 1.17255
1044 0.723529
1045 0.688235
1046 1.156862
1047 1.282352
1048 0.594118
1049 1.117648
1050 0.598039
1051 0.968628
1052 0.570588
1053 0.510832
1054 0.554902
1055 0.731373
1056 0.986642
1057 0.80321
1058 0.7084176666666667
1059 0.880392
1060 0.884314
1061 1.470588
1062 0.800357
1063 0.680392
1064 1.305882
1065 0.75368
1066 0.790196
1067 0.641176
1068 1.25098
1069 0.794532
1070 1.313726
1071 0.82549
1072 0.696078
1073 0.84902
1074 0.939216
1075 0.919608
1076 0.880948
1077 1.494118
1078 0.7
1080 0.937254
1079 0.84902
1081 0.6500363333333333
1082 1.598328
1083 0.696078
1084 0.78423
1085 0.805882
1086 0.770588
1087 1.447058
1088 0.758057
1089 1.258824
1090 0.835294
1091 0.711765
1092 0.637255
1093 0.692157
1094 0.621569
1095 1.101504
1096 0.578431
1097 0.547059
1098 0.535294
1099 1.031372
1101 0.617647
1100 0.472581
1102 0.417647
1103 0.643584
1104 0.858824
1105 0.852941
1106 0.715686
1107 0.801961
1108 1.211764
1109 1.188236
1110 0.711765
1111 0.691823
1113 0.62549
1112 0.782353
1114 0.633333
1116 0.613725
1115 0.617647
1117 0.558824
1118 0.802772
1119 0.821569
1120 0.77255
1121 0.9
1122 0.923529
1123 0.864706
1124 0.884314
1125 0.75098
1126 1.611764
1127 0.7316571666666666
1128 0.837478
1129 0.829412
1130 0.817647
1131 0.805882
1132 0.794118
1133 0.790196
1134 1.228918
1135 1.266094
1136 1.290196
1137 0.770588
1138 1.360784
1139 0.737127
1140 1.486274
1141 1.4
1142 0.5845821666666667
1143 1.062746
1144 1.039216
1145 0.621569
1146 0.598727
1147 0.605882
1148 0.858824
1149 0.578431
1150 0.714702
1151 0.696078
1152 1.156862
1153 0.601961
1154 1.09538
1155 0.456863
1156 0.456863
1158 0.610262
1157 0.741176
1159 0.315686
1160 0.49804
1161 0.267434
1162 0.23389033333333334
1163 0.2312755
1164 0.327451
1165 0.190196
1166 0.409804
1167 0.3772518333333334
1168 0.32549
1169 1.752942
1170 0.837255
1171 0.582353
1172 1.470588
1173 0.780391
1174 1.062746
1175 0.535704
1176 0.75098
1177 1.015686
1178 0.594118
1179 1.141176
1180 0.558824
1181 0.688235
1182 0.454444
1183 0.782353
1184 1.078432
1185 0.911765
1186 0.82549
1187 0.85981
1188 1.442038
1189 0.855109
1190 0.817647
1191 0.794787
1192 1.37647
1193 1.007306
1194 1.337254
1195 0.727451
1196 0.890638
1197 0.719608
1198 0.845098
1199 1.596078
1200 1.368628
1201 0.966667
1202 0.692157
1203 0.864706
1204 1.298718
1205 0.786275
1206 0.6890866666666667
1207 0.994118
1208 0.901255
1209 1.588236
1210 0.990196
1212 1.77647
1211 1.792156
1214 0.884314
1213 0.986275
1215 1.238538
1216 1.180392
1217 1.407844
1218 0.727907
1219 0.876471
1220 0.684314
1221 0.786275
1222 0.626737
1223 0.601961
1224 0.596002
1225 0.703922
1226 0.641176
1227 0.727451
1228 0.601961
1229 0.590196
1231 0.835294
1230 0.601961
1232 0.47520150000000005
1234 0.600548
1236 0.684314
1235 1.392156
1233 0.782353
1237 0.562745
1238 0.535294
1239 0.654902
1240 0.519608
1242 0.371379
1244 0.435777
1241 0.62549
1243 0.890196
1245 0.819198
1247 0.719608
1249 0.805882
1246 0.465074
1252 0.8063038333333333
1248 0.515686
1251 0.84902
1250 0.752439
1253 0.817647
1255 0.7
1257 1.352942
1254 0.816226
1258 0.547059
1256 0.62549
1260 1.431372
1259 0.947086
1261 0.645098
1262 0.711765
1263 0.829412
1264 1.384314
1265 1.933334
1266 0.958824
1267 0.986275
1268 0.947059
1269 0.927451
1270 0.62549
1272 0.919608
1271 0.923529
1273 0.907843
1274 0.570588
1275 1.792156
1276 0.892157
1277 0.566667
1278 0.844382
1279 1.956862
1280 0.719608
1281 0.794118
1282 0.758824
1283 0.84902
1284 1.384314
1285 0.64902
1288 0.913726
1287 0.590055
1286 0.652941
1289 0.7
1290 1.046764
1291 0.558824
1292 0.547059
1293 0.733334
1295 0.672549
1294 0.89804
1296 1.031372
1298 1.290196
1297 0.809804
1299 0.739216
1300 0.743137
1301 1.156862
1302 1.10196
1303 0.6013071666666666
1304 1.141176
1305 0.554902
1306 0.598039
1307 0.83071
1308 0.554902
1310 0.717648
1309 0.55098
1311 0.692157
1312 1.031372
1313 0.798039
1314 0.766667
1315 0.829412
1317 0.684314
1316 1.054902
1318 0.633333
1319 0.586275
1320 0.531373
1321 1.0
1322 0.554902
1323 1.078432
1324 0.519608
1325 0.704598
1326 0.586275
1327 0.5764706666666667
1328 0.82745
1329 0.860648
1330 0.821569
1332 0.766667
1333 0.660784
1331 0.6734303333333332
1334 0.609804
1335 0.830028
1336 1.02353
1337 0.652941
1338 0.598039
1339 1.156862
1340 1.235294
1341 0.613725
1342 0.562745
1345 1.690196
1343 0.68989
1344 0.594118
1346 0.864706
1347 1.42353
1348 1.643138
1349 0.798039
1350 0.645098
1351 0.696078
1352 0.6229415
1353 0.641176
1354 0.723529
1355 0.637255
1356 1.208298
1357 0.711056
1358 0.699318
1359 0.727521
1361 1.807844
1360 0.554902
1362 0.888322
1363 0.872989
1364 1.713726
1365 0.837856
1366 0.801961
1367 0.790196
1368 0.77451
1369 1.486274
1370 0.743137
1371 1.454902
1372 1.447058
1373 0.7
1375 1.62745
1374 0.97647
1376 0.678434
1377 1.67451
1378 0.805882
1379 0.680392
1381 0.817647
1380 0.743137
1382 0.676471
1383 0.762745
1384 0.64902
1385 0.913726
1387 1.141176
1386 0.590196
1388 1.094118
1390 0.645098
1389 0.558824
1391 0.7
1392 1.062746
1393 0.698965
1394 0.652941
1395 0.555925
1396 0.570588
1397 0.523529
1398 0.492157
1399 0.843138
1400 0.405882
1401 0.570588
1404 0.503922
1402 0.547059
1403 0.32418316666666663
1405 0.280027
1406 0.37255
1407 0.882352
1408 0.445098
1409 0.880392
1410 0.860784
1411 0.860784
1412 0.845098
1413 0.829412
1414 0.554902
1415 0.668627
1416 0.6640521666666667
1417 0.758824
1418 0.679172
1419 1.470588
1420 0.586275
1421 1.42353
1422 0.7
1423 0.805882
1425 0.688235
1424 0.692157
1426 0.735294
1427 1.109804
1428 0.617647
1429 0.629118
1430 0.701016
1431 0.72549
1432 1.031372
1433 0.652941
1435 0.478504
1434 0.621569
1436 0.586275
1437 0.36747033333333334
1438 0.39019600000000004
1439 1.196078
1440 0.409804
1441 1.12549
1442 0.741176
1443 0.413725
1444 0.378431
1445 0.370588
1446 0.34200349999999996
1447 0.269281
1449 0.609804
1448 0.315686
1450 0.594118
1451 0.337834
1452 0.229412
1453 0.535294
1454 0.3085195
1455 0.521568
1456 0.347059
1457 1.551524
1458 0.876471
1459 0.712807
1460 0.852941
1462 0.5975326666666666
1461 0.6895788333333334
1463 0.688235
1464 1.337254
1465 0.762745
1466 0.75098
1467 0.72136
1468 0.708683
1469 1.031372
1470 0.496451
1471 0.908794
1472 0.676471
1473 0.732467
1474 0.7
1475 0.657951
1476 1.133334
1477 0.578431
1478 0.527451
1479 0.503922
1480 0.44057349999999995
1481 0.811764
1482 0.382353
1483 0.421569
1484 0.618512
1485 0.662746
1486 0.741176
1487 0.55098
1488 0.3728941666666667
1489 1.37647
1490 0.645098
1491 0.586275
1492 1.078432
1493 0.543137
1494 0.85249
1495 0.40599383333333333
1496 0.445098
1497 0.558824
1498 0.394118
1499 0.382353
1500 0.28012
1501 0.472549
1502 0.905882
1503 0.492157
1504 0.35098
1506 1.533334
1505 0.770588
1508 0.688235
1509 0.64902
1507 0.743137
1510 0.607844
1511 0.637255
1512 0.546269
1513 0.601961
1514 0.515686
1515 0.4941178333333333
1516 0.473807
1517 0.882352
1518 0.472549
1519 0.555121
1520 0.402513
1521 1.266932
1522 0.622934
1523 0.731373
1524 1.201186
1525 1.129914
1526 0.629412
1527 0.472549
1528 0.709804
1529 0.670588
1530 0.780392
1531 0.568628
1532 0.652941
1533 0.637255
1534 0.621569
1536 0.27810250000000003
1535 0.835294
1537 1.462746
1539 1.938572
1538 0.7203505
1540 1.141176
1541 0.7843431666666668
1542 0.978431
1543 1.956862
1544 0.7072336666666666
1545 0.966667
1546 0.970588
1547 0.970588
1548 1.941176
1549 0.966667
1550 0.7
1551 1.964706
1552 0.962745
1553 0.6207466666666667
1554 0.6564829999999999
1555 0.82745
1556 0.805882
1557 0.821569
1558 0.778431
1559 0.704843
1560 1.290196
1562 0.647954
1561 0.703922
1563 1.17255
1564 0.601646
1565 0.652941
1566 0.601961
1567 0.798039
1568 0.586275
1569 1.290196
1570 1.174938
1571 0.535294
1573 0.475129
1572 0.741176
1574 0.605882
1575 0.578431
1576 0.72549
1577 0.35151366666666667
1578 1.007844
1579 0.2857671666666667
1580 0.256863
1581 0.380392
1582 0.417647
1583 0.873158
1584 0.686274
1585 1.54902
1586 1.63473
1587 0.868627
1588 1.711118
1589 1.67451
1591 1.57255
1590 0.807544
1592 1.02353
1593 0.762745
1594 0.743729
1595 0.629412
1596 0.718765
1597 0.711765
1598 1.38372
1599 0.809804
1601 0.888235
1600 0.72549
1602 0.856863
1603 0.841176
1604 0.817647
1605 0.798039
1606 0.429412
1607 0.739216
1608 1.447058
1609 0.692157
1610 0.890196
1611 0.4155545
1613 0.4461825
1612 0.645098
1614 0.613725
1615 0.464706
1616 0.609804
1617 1.11727
1618 0.723529
1620 1.69804
1619 1.015686
1621 0.746538
1622 0.786275
1623 0.766667
1624 0.786275
1625 0.668627
1626 0.632213
1627 0.615764
1628 0.600764
1630 0.5476253333333333
1629 0.709804
1631 0.816469
1632 0.813484
1633 0.778431
1634 0.6833113333333333
1635 1.258824
1636 1.25098
1637 0.719608
1638 1.047058
1639 0.633333
1641 1.086274
1640 0.62549
1642 0.609804
1643 0.586929
1644 0.960784
1645 0.488235
1646 0.930556
1647 0.688384
1648 0.913726
1649 1.611764
1651 1.462746
1650 0.766667
1652 1.4
1653 0.6554121666666667
1654 0.613725
1655 0.588788
1656 0.554902
1657 0.539389
1659 0.4938
1658 0.511765
1660 0.472549
1661 0.905882
1662 0.432964
1663 0.643294
1664 0.409804
1665 0.821569
1666 0.714974
1667 1.533334
1668 0.743137
1669 0.7182979999999999
1670 1.465178
1671 0.739216
1672 0.704304
1673 0.956306
1674 0.692157
1675 1.156862
1676 0.664706
1677 0.633232
1678 0.535294
1679 1.17255
1680 0.55098
1681 0.82549
1682 0.7350713333333334
1684 0.809586
1683 1.039216
1685 0.656863
1686 0.5787785
1687 0.70196
1688 0.905882
1689 1.203922
1690 0.692157
1691 1.42353
1692 0.72549
1693 0.62549
1694 0.621569
1695 0.692157
1696 0.513726
1697 0.872549
1698 0.849059
1699 0.723529
1700 0.813725
1701 0.539216
1702 0.747111
1703 0.727503
1704 0.49804
1705 0.703922
1706 0.507843
1707 0.664706
1708 0.637324
1709 0.4117405
1710 0.637255
1711 0.766719
1712 0.34968850000000007
1713 0.759462
1714 0.82549
1715 1.603922
1716 0.877506
1718 0.703922
1717 1.065748
1720 0.960784
1719 0.507843
1721 0.5202616666666667
1722 0.543137
1723 0.434202
1724 0.529322
1725 0.562745
1726 0.539216
1727 0.688235
1728 0.945098
1729 0.7229010000000001
1730 1.394074
1731 0.726515
1732 0.743137
1733 0.680392
1734 1.342688
1735 0.651031
1736 0.628781
1738 1.026182
1737 0.5516341666666668
1739 0.504041
1740 0.531373
1742 0.547059
1741 0.507843
1743 0.645098
1744 0.74902
1745 0.609804
1746 0.605882
1747 1.196078
1748 0.562745
1749 0.464706
1750 0.44902
1751 0.4151198333333333
1752 0.835294
1753 0.35098
1755 0.70196
1754 0.37451
1756 0.292157
1757 0.311765
1758 0.53052
1759 0.42549
1760 0.22110233333333337
1762 0.829412
1761 0.856863
1763 0.805882
1764 1.156862
1765 0.762745
1766 1.509804
1768 1.12549
1767 0.717648
1769 0.766667
1770 1.368628
1771 0.731373
1772 0.647058
1773 0.696078
1774 0.680392
1775 1.533334
1776 0.664706
1777 0.935294
1778 1.964706
1779 0.982353
1780 0.9
1781 1.619608
1782 0.864706
1783 0.970588
1784 0.970588
1785 1.243138
1786 0.966667
1787 1.909804
1788 0.641176
1789 1.25098
1790 0.958824
1791 1.533334
1793 0.678432
1792 0.954902
1794 0.856863
1795 0.841176
1796 1.12549
1797 1.337254
1798 0.5490278333333333
1799 0.57451
1800 0.707909
1801 0.703922
1802 1.352942
1803 0.656863
1804 0.652941
1805 0.637255
1806 0.609804
1808 0.594118
1807 0.560784
1809 1.387146
1810 0.868627
1811 0.994118
1812 1.509804
1813 0.990196
1814 1.713726
1815 1.144028
1816 0.986275
1817 1.97255
1818 0.986275
1819 0.918537
1820 0.688235
1821 0.978431
1822 0.833333
1823 1.42353
1824 0.978431
1825 1.517648
1826 0.79884
1828 1.219608
1827 1.141176
1829 0.739216
1830 0.696078
1831 0.578431
1832 0.652941
1833 0.937254
1834 0.897826
1835 1.188236
1836 0.558824
1837 0.547059
1838 0.539216
1839 0.693906
1840 0.503922
1841 0.707843
1842 1.40765
1843 0.813725
1844 0.821569
1845 0.748268
1846 1.243138
1847 0.743137
1848 1.047058
1849 0.7
1850 1.243138
1851 0.664706
1852 1.054902
1853 0.638802
1854 0.5535948333333333
1855 0.778431
1856 0.558824
1857 0.833863
1858 1.690196
1859 1.666666
1860 0.992156
1861 0.805882
1862 0.747059
1863 0.778352
1864 0.703922
1865 0.62549
1866 0.734061
1867 0.652941
1868 1.188236
1869 0.693109
1870 1.109804
1871 1.431372
1872 1.086236
1873 0.896078
1874 0.826328
1875 0.868627
1876 1.713726
1877 0.833333
1878 0.799373
1879 0.6909811666666666
1880 1.211754
1881 1.494118
1882 0.727451
1883 0.727451
1884 0.707843
1885 0.696078
1886 0.6250761666666667
1887 0.821569
1888 0.660784
1889 1.360784
1890 0.703922
1891 0.645098
1892 0.605882
1893 0.570588
1894 0.452941
1895 0.811764
1896 0.472549
1897 0.733334
1898 0.788236
1899 0.796078
1900 0.35098
1901 0.362745
1903 0.503922
1902 0.433333
1904 0.292157
1906 1.25098
1905 0.845098
1907 1.988236
1908 0.794118
1909 0.998039
1910 0.986275
1911 0.8248368333333334
1912 1.12549
1913 0.766667
1914 0.998039
1915 0.994118
1916 0.994118
1917 1.541176
1918 0.994118
1919 1.988236
1920 0.598039
1921 0.841176
1922 0.634071
1923 1.705882
1924 0.829412
1925 1.282352
1926 0.676471
1927 0.641176
1928 0.621569
1929 0.698199
1930 0.601961
1931 0.664472
1932 0.796078
1933 0.819608
1934 0.539216
1935 0.5681001666666666
1936 0.975696
1937 0.945098
1938 1.611764
1939 1.347794
1940 0.801961
1941 0.837255
1942 1.610358
1943 1.14902
1945 0.876471
1944 0.77451
1946 0.594118
1947 0.608629
1948 1.431372
1949 1.666666
1950 0.5264538333333334
1951 0.821569
1952 0.821569
1953 0.727451
1954 1.352942
1955 0.739216
1956 1.431372
1957 1.337254
1958 0.657134
1959 1.12549
1961 1.156862
1962 1.117648
1960 1.10196
1963 0.554627
1964 0.609804
1965 0.547059
1966 0.5362565
1968 0.492157
1967 0.645098
1970 0.743137
1969 0.8482736666666666
1971 0.801961
1972 0.75783
1973 0.754902
1974 1.478432
1975 0.735294
1976 0.652941
1977 0.721837
1978 1.235294
1979 0.690687
1980 0.6201583333333333
1981 0.676471
1982 0.558824
1983 0.788496
1985 1.620532
1984 0.523529
1986 0.817647
1987 1.745098
1988 1.658824
1989 0.817647
1990 1.321568
1991 0.833333
1992 1.517648
1993 0.798039
1994 0.668627
1995 1.447058
1996 0.6356148333333334
1997 1.22745
1998 0.696078
1999 0.82549
2000 1.37647
2001 0.805882
2002 0.876471
2003 0.990196
2004 0.706981
2005 1.17255
2006 1.109804
2008 0.982353
2007 0.982353
2009 0.570588
2010 0.907843
2011 0.978431
2012 0.992156
2013 0.7962471666666665
2014 1.760784
2015 0.813725
2016 0.827935
2017 0.903922
2018 0.9
2019 0.892157
2020 0.690822
2021 1.290196
2022 0.852941
2023 0.829412
2024 1.599232
2025 1.517648
2026 0.774411
2027 1.519742
2028 0.766667
2029 0.5973856666666667
2030 0.637255
2031 0.656863
2032 0.578431
2033 0.705771
2034 1.321568
2035 0.77255
2036 0.57451
2037 0.858824
2038 0.4050553333333333
2039 0.433333
2040 0.405063
2041 0.582353
2042 0.717648
2043 0.33034916666666664
2044 0.307843
2046 0.480392
2045 0.45098
2047 0.89804
2048 0.260784
2050 1.62745
2049 0.994118
2051 0.7758171666666667
2052 0.841176
2053 1.266666
2054 0.794118
2055 0.923529
2056 0.7249918333333333
2057 0.772599
2058 0.7146944999999999
2059 0.896078
2060 0.982353
2061 0.982353
2062 0.6407378333333333
2063 0.935294
2064 1.42353
2065 0.6819033333333334
2066 0.892157
2067 0.872549
2069 1.117648
2068 0.63753
2070 0.719608
2071 0.696078
2072 0.527451
2073 0.680392
2074 0.968628
2075 0.874808
2076 0.472549
2077 0.517089
2078 0.913726
2079 1.141176
2080 0.44902
2081 0.786275
2083 0.719876
2082 1.517648
2084 1.070588
2085 0.97086
2086 0.5283448333333334
2087 0.570588
2088 0.548303
2089 0.519691
2090 0.74902
2091 0.480392
2092 0.460784
2093 0.437255
2094 0.417647
2095 0.625828
2096 0.394118
2097 0.805882
2098 0.833333
2099 1.219608
2100 1.431372
2101 1.062746
2102 0.913726
2103 1.117648
2104 1.054902
2105 0.515686
2106 0.552856
2107 1.062746
2108 0.490196
2109 0.4192833333333333
2110 0.952942
2111 1.29804
2112 0.460784
2113 0.809804
2114 1.360784
2115 0.876471
2116 0.692157
2117 0.845098
2118 1.094118
2119 0.723529
2120 0.651034
2121 1.305882
2122 0.531373
2123 0.739216
2124 0.609804
2125 0.507843
2126 0.5313765
2127 0.762745
2128 0.55303
2129 0.794118
2130 1.580392
2131 0.672549
2132 0.7
2133 1.229972
2134 0.64902
2135 0.598039
2136 1.06792
2137 1.10196
2139 0.913726
2138 0.543137
2140 0.492157
2141 0.85298
2142 0.468627
2143 0.937254
2145 1.82353
2144 0.413725
2146 0.958824
2147 0.954902
2148 0.876471
2149 0.9
2150 1.486274
2151 0.821569
2152 0.7455383333333332
2153 0.798039
2154 0.888235
2155 0.778431
2156 0.6411764999999999
2157 0.892157
2158 1.462746
2159 1.256606
2160 1.436776
2161 1.325308
2162 0.998039
2163 0.903922
2164 1.611764
2165 0.998039
2166 1.117648
2167 1.206264
2168 0.998039
2169 0.998039
2170 0.766667
2172 0.837255
2171 0.947059
2173 0.62549
2174 0.998039
2176 0.998039
2175 1.638914
2178 1.407844
2177 1.488826
2179 1.02353
2180 1.258824
2181 0.587036
2182 0.523529
2183 0.5
2184 0.945098
2186 0.505882
2185 1.282352
2187 0.409804
2188 0.582353
2189 0.3584436666666666
2190 0.333047
2191 0.566667
2192 0.634172
2193 0.84902
2194 1.533334
2195 0.743137
2196 0.778431
2197 0.596065
2198 0.735294
2199 1.039872
2200 0.739216
2201 0.85098
2202 0.641176
2203 0.641176
2204 1.14902
2205 1.22745
2206 0.590196
2207 0.568325
2208 0.584061
2209 1.368628
2210 1.187378
2211 1.447058
2212 0.590196
2213 1.17255
2214 0.409804
2215 0.57451
2216 0.698592
2217 0.629412
2218 0.476471
2219 0.460784
2220 0.670588
2221 0.547059
2222 0.507843
2223 0.62549
2224 0.488235
2225 0.872549
2226 1.57255
2227 1.42353
2228 0.884314
2229 0.798039
2230 1.156962
2231 1.50196
2232 0.735294
2233 0.719608
2234 1.080314
2235 1.366272
2236 0.680392
2237 1.321568
2238 0.5
2239 0.782353
2240 0.64902
2241 0.818481
2242 0.805882
2243 0.805882
2244 1.133334
2245 0.711765
2246 1.054902
2247 0.5723216666666667
2248 1.282352
2249 1.007844
2250 1.25098
2251 0.601961
2252 0.586275
2254 0.968628
2253 1.10196
2255 0.7
2256 0.570588
2257 0.903922
2258 0.885057
2259 0.778431
2260 0.841176
2261 1.452014
2262 1.556862
2263 0.7
2264 1.516802
2265 0.74205
2266 0.785678
2267 0.711529
2268 1.394242
2269 0.582353
2270 0.669766
2271 1.403758
2272 1.439216
2273 0.864706
2274 1.917648
2275 0.929084
2276 0.947059
2277 0.939216
2278 0.994118
2279 0.994118
2280 1.141176
2281 1.14902
2282 0.990196
2283 1.10196
2284 0.860522
2285 0.888235
2286 1.431372
2287 0.6790458333333333
2288 0.994118
2289 0.829412
2290 0.703922
2291 0.82549
2292 0.805882
2293 1.54902
2294 1.360784
2295 0.721151
2296 0.50235
2297 1.360784
2298 0.539216
2299 0.657265
2300 0.656863
2301 0.590196
2302 1.27451
2303 0.614963
2305 1.086274
2304 0.566667
2306 1.305882
2307 0.680392
2308 0.64902
2309 0.605882
2310 1.22745
2311 0.590196
2312 0.58503
2313 0.539216
2314 0.937254
2315 0.503922
2316 0.421569
2317 0.472549
2318 0.452941
2319 0.601961
2320 0.365365
2321 0.786275
2322 0.656863
2323 1.454902
2324 0.805882
2325 0.952942
2326 0.747059
2327 0.582353
2328 0.5
2330 0.992156
2329 0.684314
2331 0.5
2332 0.480392
2333 0.456863
2334 0.590196
2335 0.633198
2336 0.582353
2337 0.892157
2339 0.82549
2338 0.74902
2340 0.6701316666666667
2341 1.22745
2344 0.6201863333333334
2342 0.763773
2343 0.637255
2345 1.556862
2346 0.766667
2347 0.595999
2348 0.62549
2349 0.723529
2350 0.711765
2351 0.868627
2352 0.984314
2353 0.902952
2355 0.664706
2354 0.903922
2356 0.849255
2357 0.842872
2358 0.696078
2359 1.352942
2360 0.854618
2361 0.493768
2362 0.735294
2363 1.188236
2364 0.77451
2365 0.688235
2366 0.743137
2367 1.721568
2368 0.695317
2369 0.935294
2370 1.721568
2371 0.876471
2372 0.896078
2373 1.69804
2374 0.856863
2375 0.945098
2376 1.196078
2377 1.384314
2378 0.809804
2379 1.329412
2380 0.790196
2381 1.313726
2382 0.766667
2383 1.588236
2384 1.439216
2385 0.794118
2386 1.149758
2387 0.743137
2388 0.7
2389 0.535294
2390 0.639696
2391 0.5015241666666667
2392 0.547059
2393 0.605882
2394 0.547059
2395 1.054902
2396 0.539216
2398 0.480392
2397 0.496078
2399 0.664706
2400 0.882352
2401 0.892157
2403 0.860784
2402 1.65098
2404 1.693184
2405 0.856863
2406 0.621569
2408 0.739216
2407 0.754902
2409 0.757679
2410 1.431372
2411 0.762745
2412 0.731373
2413 0.704924
2414 1.27451
2415 0.829412
2416 0.652941
2417 0.888235
2418 0.841176
2419 1.392156
2420 1.643816
2421 1.588236
2422 1.534584
2423 1.14902
2424 0.735294
2425 0.719608
2426 0.684314
2427 0.5791496666666667
2428 0.668627
2429 0.641176
2430 0.609804
2431 0.758824
2433 0.919608
2432 0.62013
2435 0.884314
2434 0.841176
2436 1.729412
2437 0.5990891666666666
2438 0.601958
2439 1.384314
2440 0.769372
2441 0.64902
2442 0.639904
2443 1.444782
2444 0.692157
2445 1.38247
2447 1.208396
2448 0.500651
2446 0.578431
2449 1.290196
2450 1.760784
2451 0.584723
2452 0.707843
2453 0.984624
2454 1.321568
2455 0.70196
2456 0.594118
2457 0.570588
2459 0.660784
2458 1.109804
2460 0.835294
2461 1.255906
2462 0.503922
2463 1.588236
2464 0.436463
2465 0.707843
2466 1.470588
2467 1.413768
2468 0.67159
2469 0.64902
2470 0.539216
2471 0.77255
2472 0.74902
2473 0.819608
2474 0.507843
2475 0.452941
2476 0.890196
2477 0.3497121666666667
2478 0.386788
2479 1.219608
2480 0.779588
2481 0.801961
2482 0.770588
2483 0.437255
2484 0.764706
2485 0.668832
2486 0.629412
2487 0.590196
2489 0.554902
2488 0.551498
2490 0.34334033333333336
2491 0.717648
2492 0.527451
2493 0.429402
2494 0.851818
2495 1.290196
2496 0.40631
2497 1.031372
2498 0.723529
2499 0.794118
2500 1.023538
2501 0.747059
2502 1.062746
2503 0.676471
2504 0.433333
2505 0.633333
2506 0.594118
2507 1.078644
2508 0.82745
2509 0.607844
2510 0.48338
2511 0.621569
2512 0.488235
2513 1.470588
2514 1.229024
2516 0.958824
2515 1.050098
2517 1.203922
2518 0.966667
2519 0.823401
2520 0.892157
2521 1.54902
2522 0.954902
2523 1.486274
2524 0.817647
2525 0.943137
2526 0.9
2527 0.970588
2528 0.768263
2529 1.886274
2530 1.878432
2531 0.919759
2532 0.911765
2533 0.895254
2534 0.874941
2535 0.876471
2536 1.707798
2537 0.813725
2538 1.682352
2539 0.833333
2540 0.829412
2541 0.817647
2542 0.801961
2543 0.896078
2544 0.688235
2545 1.964706
2546 0.990196
2547 1.619608
2548 1.188236
2549 0.972036
2550 0.966667
2551 0.978431
2552 0.978431
2553 0.960784
2554 0.7145113333333334
2555 0.7264821666666667
2556 0.970588
2557 0.966667
2558 0.966667
2559 0.62549
2560 0.962745
2561 1.274808
2562 0.717648
2563 1.015686
2564 0.472549
2565 0.89804
2566 1.643138
2568 0.794118
2567 0.805882
2569 0.37451
2570 0.766667
2571 0.639216
2572 0.739216
2573 0.723529
2574 0.711765
2575 0.837255
2576 0.7
2578 1.509804
2577 0.77451
2579 0.660784
2581 0.656863
2580 1.384314
2582 0.594118
2583 1.019448
2584 0.543137
2585 0.843138
2586 1.0
2587 0.78301
2588 0.441176
2589 0.437255
2590 0.460784
2591 0.617647
2592 0.417647
2593 0.872549
2594 0.7071081666666666
2595 1.321568
2596 0.26047
2597 0.766667
2598 0.543791
2599 0.75098
2600 0.731373
2601 0.39643350000000005
2602 1.0
2603 1.02353
2604 0.664706
2605 0.59861
2606 0.689826
2607 0.613725
2608 0.433333
2609 0.614559
2610 0.680392
2611 0.939554
2612 0.507843
2613 0.558824
2614 0.445098
2615 0.905882
2616 0.42549
2617 0.72549
2618 0.421569
2619 0.656863
2620 0.654902
2621 0.37451
2622 0.676471
2623 0.464706
2624 0.741176
2625 0.758824
2626 0.856863
2627 0.558824
2628 0.813725
2629 0.798039
2630 0.558824
2631 0.417647
2633 0.741176
2632 0.727451
2634 1.360784
2635 0.913726
2636 0.362745
2637 0.3
2638 0.62549
2639 0.293569
2641 1.321568
2640 0.598045
2642 1.329412
2643 0.884941
2644 1.266666
2645 0.954902
2646 0.986275
2647 1.878432
2648 1.156862
2649 0.982353
2650 0.982353
2653 0.743137
2651 0.735294
2652 0.915686
2654 0.907843
2655 0.99345
2657 0.84902
2656 1.462746
2658 1.263572
2659 0.813725
2660 0.790196
2661 1.192474
2662 0.731373
2663 0.739216
2664 0.945098
2665 0.652941
2666 0.85098
2667 0.641176
2668 0.796078
2669 1.188236
2670 0.590196
2671 0.753961
2673 1.65098
2672 0.641176
2675 0.994118
2677 0.892157
2676 0.994118
2679 0.692102
2680 0.994118
2681 0.994118
2678 0.770588
2682 0.256515
2683 1.203922
2684 0.6502183333333335
2674 0.994118
2685 1.243648
2686 1.22745
2687 0.994118
2688 0.770588
2689 1.784314
2690 1.713726
2691 1.290196
2692 0.922459
2693 0.829412
2694 0.747059
2695 0.758824
2696 0.994118
2697 0.942984
2698 1.141176
2699 1.134562
2701 0.843817
2700 0.892157
2702 0.609804
2703 1.870588
2704 0.876471
2705 0.754902
2707 1.361296
2706 0.719608
2709 0.664706
2708 0.698718
2710 0.629412
2711 0.556183
2712 1.164706
2713 0.637255
2715 0.562745
2714 0.55098
2716 0.543137
2717 0.492157
2719 1.266666
2718 0.594118
2720 0.515686
2721 0.903922
2722 0.715686
2723 0.871671
2724 0.851959
2725 0.758824
2726 0.792635
2728 0.645708
2727 0.743137
2729 0.641176
2730 0.629412
2732 0.668627
2731 1.188236
2734 0.668267
2735 0.711765
2733 1.156862
2736 0.709804
2737 1.198772
2738 1.039216
2739 0.758824
2740 0.637255
2741 0.84902
2742 1.313726
2743 0.817647
2744 1.305882
2745 1.086274
2746 0.64902
2747 1.42353
2748 0.684314
2749 0.630502
2750 0.6315013333333334
2752 0.617647
2751 0.723529
2753 0.759814
2754 0.813725
2755 1.57255
2756 1.279036
2757 0.62549
2758 0.692157
2759 0.668627
2760 0.64902
2761 0.629412
2762 0.586917
2763 0.57451
2765 0.545928
2764 0.57451
2766 0.539216
2767 1.12549
2768 0.519217
2769 1.219608
2770 0.731373
2771 0.668627
2772 1.258824
2773 0.605882
2774 0.952942
2775 1.007844
2776 1.054902
2777 0.460784
2778 0.445098
2779 0.4234961666666666
2780 0.398039
2781 0.39325
2782 0.74864
2783 0.668627
2784 0.788236
2785 0.945098
2786 0.856863
2787 0.829412
2788 0.5724279999999999
2789 0.905882
2790 0.747059
2791 0.4217471666666666
2792 0.684326
2793 0.652941
2794 0.680392
2795 0.3944558333333334
2796 0.645098
2797 1.235294
2798 0.216515
2799 0.766667
2800 0.616169
2801 0.994118
2802 0.927451
2803 0.6726823333333334
2804 0.943137
2805 0.892157
2806 0.982353
2807 0.982353
2808 0.856863
2809 0.845098
2810 0.743137
2811 0.965822
2812 0.970588
2813 1.031372
2814 0.954902
2815 1.279182
2816 0.966667
2817 0.703922
2818 0.861028
2819 0.656863
2820 0.930626
2821 0.492157
2822 0.992156
2823 0.445098
2824 0.456863
2825 0.741176
2828 0.343137
2826 0.378431
2829 0.335294
2830 0.295151
2827 0.3818946666666667
2832 0.370588
2831 0.519608
2833 0.756862
2835 0.396061
2834 0.44902
2836 1.258824
2837 0.615686
2838 0.482352
2839 0.521568
2840 0.380392
2842 0.42549
2841 0.452941
2843 0.288235
2844 0.764706
2845 0.356863
2846 0.139216
2847 0.3223508333333333
2848 0.129688
2849 1.37647
2850 0.864706
2851 0.833337
2852 0.64902
2854 0.858824
2853 1.243138
2855 0.421569
2857 0.42416800000000005
2856 0.715692
2858 0.692157
2859 0.656863
2860 0.85098
2861 0.629417
2862 0.62549
2863 0.913726
2864 0.33398683333333334
2865 0.660784
2866 0.872549
2867 0.688421
2868 1.65098
2870 0.62549
2869 0.97647
2872 0.582353
2871 0.613725
2873 0.570588
2874 1.305882
2875 1.015686
2876 0.598039
2877 0.390196
2878 0.460784
2879 1.556862
2880 0.565106
2881 0.876471
2882 0.705313
2883 1.956862
2884 0.97451
2885 0.962745
2886 0.962745
2887 0.84902
2888 0.958824
2889 1.243138
2890 0.93923
2891 0.935294
2892 0.947059
2893 1.136568
2894 1.117648
2895 0.966667
2896 0.629412
2897 1.62745
2898 0.781316
2899 1.740774
2900 0.723529
2901 0.692157
2902 1.27451
2903 1.007844
2904 0.590945
2905 0.56262
2907 0.523529
2906 0.541458
2908 0.498956
2909 0.47450583333333335
2910 0.592156
2911 0.668627
2912 0.445098
2913 0.789377
2914 0.75098
2915 1.25098
2916 0.680392
2917 0.64902
2918 1.015686
2919 0.567111
2920 0.543137
2922 0.489927
2921 0.429412
2923 0.470319
2924 0.448496
2925 0.843138
2926 0.398039
2927 1.070588
2928 0.386275
2929 0.821569
2930 0.766667
2931 0.751063
2932 0.722459
2933 0.692249
2934 0.5771241666666667
2935 0.613725
2936 0.803922
2937 1.12549
2938 1.070588
2939 0.417647
2940 0.631372
2941 0.479668
2942 0.905882
2943 0.664706
2944 0.883932
2945 1.243138
2946 0.5780066666666667
2947 0.637255
2948 0.519608
2949 0.488235
2951 0.3888891666666667
2950 0.70196
2952 0.688454
2953 0.575648
2954 0.57647
2955 0.531373
2956 0.366667
2957 0.453434
2958 0.62353
2959 0.796078
2960 0.237255
2961 0.919608
2963 0.884314
2962 1.611764
2964 0.872549
2965 1.705882
2966 1.392156
2967 1.54902
2968 0.746052
2969 0.731373
2970 0.719608
2971 0.63094
2972 1.152474
2973 0.731373
2975 0.798039
2974 1.329412
2976 0.62549
2977 0.978431
2978 0.884314
2979 1.541176
2980 0.84902
2981 1.338318
2982 0.958824
2983 0.888235
2984 0.970588
2985 0.768842
2986 0.727451
2987 1.878432
2988 1.229456
2989 0.939216
2990 1.282352
2991 1.415686
2992 0.931373
2993 1.54902
2994 0.77451
2995 1.188236
2996 0.6492068333333333
2997 1.02353
2998 1.243138
2999 1.024086
3000 1.12549
3001 0.558824
3003 0.5
3002 0.492157
3005 1.015686
3004 0.496078
3006 0.484314
3007 0.672549
3008 0.77255
3009 1.564706
3010 0.841176
3011 0.820786
3012 1.401762
3013 1.24183
3014 0.762745
3015 0.747059
3016 0.786275
3017 1.059232
3018 1.062746
3019 1.031372
3020 1.329412
3021 1.054902
3022 0.519608
3023 0.739216
3024 1.392156
3025 1.886274
3026 1.57752
3027 0.915686
3028 1.464438
3029 1.284434
3030 0.7627491666666667
3031 0.880392
3032 0.656863
3033 0.845098
3034 1.705882
3035 1.666666
3036 1.431372
3038 0.808907
3037 0.82549
3039 0.786275
3040 0.794284
3041 1.760784
3042 0.8231716666666666
3043 0.892157
3044 0.888235
3045 1.407844
3046 1.541176
3047 0.7534899999999999
3048 1.235294
3049 0.809804
3050 0.798077
3051 1.14902
3052 0.778431
3053 1.099186
3054 1.07548
3055 1.717016
3057 0.95098
3056 0.749127
3058 1.69804
3060 0.813725
3059 1.862746
3061 0.626754
3062 0.896078
3063 1.77647
3064 0.970588
3066 0.919608
3065 0.868627
3067 0.601961
3068 0.962745
3069 0.833333
3070 0.715686
3071 0.903922
3072 0.896078
3073 0.758824
3074 0.637255
3075 0.688235
3076 0.603076
3077 1.235294
3078 0.562745
3079 0.527451
3080 0.507843
3081 0.654902
3082 0.866666
3083 0.44350350000000005
3084 0.472549
3085 0.733334
3086 0.445098
3087 0.578431
3088 0.398039
3089 0.923529
3090 1.737254
3091 0.7
3092 0.668627
3093 0.864706
3094 1.010964
3095 0.791715
3096 0.813725
3097 0.809804
3098 0.748447
3099 0.735294
3100 1.52549
3101 1.270294
3102 1.108436
3103 0.82549
3104 1.27451
3105 0.792164
3106 0.754902
3107 0.723529
3108 0.692157
3109 0.741176
3110 0.601961
3111 0.511678
3112 0.546863
3113 1.0
3114 0.85098
3115 0.475964
3116 0.908346
3117 0.725398
3118 0.613725
3119 0.627863
3120 0.395238
3121 0.856863
3122 0.7156453333333334
3123 1.392156
3124 0.735294
3125 1.25581
3126 0.714124
3127 0.7
3128 0.566667
3129 0.666894
3130 1.054902
3131 1.117648
3132 0.468627
3133 0.969354
3134 0.605163
3135 0.629412
3136 0.594236
3138 0.617647
3137 0.672549
3139 0.913726
3140 0.586275
3141 0.590196
3142 0.72549
3143 0.409804
3144 0.370588
3145 0.33678766666666665
3146 0.356501
3147 0.35098
3148 0.320797
3149 0.529412
3150 0.537924
3151 0.558824
3152 0.53963
3153 0.921568
3154 0.6594101666666666
3155 0.66622
3156 1.086274
3157 1.160322
3158 1.057046
3159 0.498727
3160 0.480392
3161 0.44447
3162 0.419567
3163 0.496078
3164 0.335294
3165 0.452941
3166 0.343137
3167 0.97647
3168 0.315016
3169 0.70196
3170 0.7139916666666667
3171 0.978431
3172 1.839216
3173 1.815686
3174 0.962745
3175 0.958824
3176 0.587861
3177 0.864706
3178 0.95098
3179 0.503922
3180 0.6112363333333333
3182 0.609804
3181 1.118196
3183 0.57647
3184 0.6845098333333334
3185 0.884314
3186 0.46748
3187 0.829459
3188 1.62745
3189 0.570588
3190 0.968628
3191 0.476471
3192 1.423628
3193 0.7
3194 0.684314
3195 0.668627
3196 0.668627
3197 0.625539
3198 0.621569
3200 0.803922
3199 0.529412
3201 0.907843
3202 0.888235
3204 0.884314
3203 0.872549
3205 0.77451
3206 1.619608
3207 1.439216
3208 0.735294
3210 1.337254
3209 1.387082
3212 1.02353
3211 0.747059
3214 0.672549
3213 0.758824
3215 1.54902
3216 0.978202
3217 1.77647
3218 0.488235
3219 0.829416
3220 0.5058143333333334
3221 0.82549
3222 0.747064
3223 0.362745
3224 0.747059
3225 0.4896546666666666
3226 0.42810583333333335
3227 0.696078
3228 0.28806566666666666
3229 0.637255
3230 0.64902
3231 0.766672
3232 0.586275
3233 0.677289
3234 0.731373
3235 1.091998
3236 0.960784
3237 0.64902
3238 1.182426
3240 0.680392
3239 0.7
3241 0.707843
3243 0.756862
3242 1.133334
3244 0.647058
3245 0.511765
3246 0.515552
3247 0.960784
3248 0.562745
3249 0.805882
3250 1.614282
3251 1.054902
3253 0.566667
3252 0.845098
3254 1.086542
3256 1.039216
3255 0.678432
3257 1.25098
3258 0.995118
3259 0.968628
3260 0.629412
3261 0.711765
3262 0.707843
3263 0.719608
3264 1.054902
3265 0.802073
3266 0.633333
3267 0.656863
3268 0.724071
3269 0.62549
3270 0.621569
3271 0.641176
3272 0.554902
3273 0.605882
3274 1.094118
3276 0.57451
3275 0.562745
3277 0.5
3278 0.535357
3279 1.360784
3280 1.007844
3281 0.864469
3282 0.962745
3283 0.817647
3284 1.345098
3285 0.994118
3286 1.996078
3287 0.943137
3289 0.994118
3288 1.086274
3290 0.907843
3291 0.684314
3292 0.896078
3293 0.888235
3294 0.6863856666666667
3295 0.998039
3296 1.988236
3297 0.982681
3298 0.990196
3299 0.978431
3300 0.986275
3301 0.982353
3302 0.982353
3303 1.224826
3304 0.978431
3305 1.94902
3306 0.97451
3307 0.922824
3308 0.817647
3309 0.5927343333333334
3310 0.966667
3311 1.261486
3312 0.594118
3313 1.486274
3315 1.541176
3314 0.715686
3316 0.743246
3317 0.715686
3318 1.52549
3319 1.164706
3320 0.62549
3321 0.598039
3322 0.570588
3323 1.062746
3326 0.454902
3324 0.958472
3325 1.02353
3327 1.378902
3328 0.609804
3329 1.345098
3330 0.739216
3331 1.14902
3332 1.093942
3333 0.6289638333333333
3334 0.520915
3335 0.552187
3336 0.523529
3337 0.496748
3339 0.449934
3338 0.937254
3340 0.437255
3341 0.431218
3342 0.403922
3343 1.213582
3344 0.371995
3345 1.635334
3346 0.7401095
3347 1.58241
3348 0.772295
3349 1.481866
3350 1.470588
3351 0.703922
3352 0.684314
3354 0.658463
3353 0.692157
3355 1.14902
3356 0.645098
3357 0.637255
3358 1.14902
3359 0.75098
3360 1.184576
3361 0.9055505
3362 0.998039
3363 0.998039
3364 1.196078
3365 1.97255
3366 0.985344
3367 0.994118
3368 1.988236
3370 0.994118
3369 1.988236
3371 0.990196
3372 0.990196
3373 1.980392
3374 1.219608
3375 0.994118
3376 0.986275
3377 0.703922
3378 0.75098
3379 1.22745
3380 1.156862
3381 0.652941
3383 0.4372131666666666
3382 0.756862
3384 0.4295395
3385 0.686274
3386 0.398039
3387 0.64902
3388 0.44902
3389 0.315686
3390 0.780392
3391 0.62549
3392 0.582353
3393 0.860784
3394 0.837255
3395 0.813725
3396 0.6233828333333334
3397 0.805882
3398 0.629412
3399 1.472266
3400 0.747059
3401 0.5565578333333333
3402 0.590196
3403 0.578431
3405 0.62549
3404 0.696078
3406 0.543137
3407 1.533334
3408 0.672549
3409 0.7828
3410 0.788198
3411 1.02353
3412 0.762745
3413 1.415686
3414 0.692157
3415 0.468627
3416 0.630664
3417 1.10196
3418 0.590196
3420 0.594118
3419 0.582738
3424 0.89804
3422 0.469298
3421 0.578431
3425 1.690196
3423 0.7
3430 0.684314
3428 0.837255
3426 0.790196
3432 0.87444
3427 0.856863
3435 0.622607
3429 1.267122
3431 1.54902
3434 0.64902
3433 0.638469
3437 0.696078
3436 0.707843
3438 1.368628
3439 0.719608
3440 0.598039
3441 0.9
3442 1.611764
3443 0.864706
3445 0.841176
3444 1.52546
3446 0.794118
3447 0.77451
3449 0.87451
3450 0.723529
3451 0.711765
3448 0.762745
3452 0.707843
3454 0.668627
3453 1.360784
3455 0.815271
3456 0.952942
3457 0.872549
3458 1.784314
3459 0.804615
3460 0.778431
3461 1.520912
3462 0.798039
3463 0.7
3464 1.141176
3465 0.77405
3466 0.762097
3468 0.633333
3467 0.652941
3469 0.952942
3470 0.711347
3471 0.809804
3472 0.700125
3473 0.841176
3474 0.809804
3475 1.392156
3476 0.759188
3477 0.736616
3478 0.6112166666666666
3480 0.62549
3479 1.033946
3481 0.62549
3482 0.598039
3483 0.882352
3484 1.118128
3486 0.535294
3485 0.536953
3488 0.503922
3489 1.635294
3487 1.17255
3490 1.493634
3491 1.650242
3492 0.837255
3493 0.939216
3494 0.911765
3495 0.907843
3496 0.711765
3497 1.713726
3498 1.792156
3499 1.557496
3500 0.809804
3502 1.141176
3501 1.25098
3504 0.598039
3505 0.6259576666666665
3503 0.923529
3506 0.754902
3507 0.829459
3508 1.164706
3509 1.086274
3510 0.754902
3511 0.739216
3512 0.715686
3513 0.4721796666666666
3515 0.653012
3514 0.77255
3516 0.645098
3517 0.456863
3518 0.602052
3519 0.64902
3520 0.641176
3521 0.6882