2 0.4453854674841489
1 0.00709098816905101
3 0.05084233337061526
4 0.6037304118289073
6 0.7642720192660678
5 0.5787216602819346
7 0.5476179623293982
8 0.5457803043333561
9 0.4785565914241797
10 0.4064514958076382
11 0.12297010281928428
12 0.22011935153770365
13 0.44574534244014985
14 0.5422539229883353
15 0.543442006296207
16 0.2582179639488078
17 0.6288868743820955
18 0.7689160237762307
19 0.6196909746675033
21 0.3209885629680894
20 0.34425505821090063
23 0.6023289059233766
22 0.4703745909477155
24 0.0965653213547067
25 0.11402696820409723
26 0.5104733592310785
27 0.48339078763453575
28 0.5661370950624043
29 0.47013486623692785
30 0.5566390064820481
32 0.19365558393499943
31 0.6609165474005705
33 0.050311492317519385
34 0.16355413043507316
35 0.049137167326784664
36 0.0012544367595261647
39 0.433031357525546
38 0.4248432163082686
40 0.07162610521631962
37 0.4440134209430866
42 0.40849288193745237
41 0.09674914740811912
44 0.0631775281368804
43 0.373782391348201
45 0.023188669930270335
46 0.3218672180901051
47 0.4386727666823278
48 0.04379863041932886
49 0.525714267906272
50 0.7041926996919103
51 0.6000193100738214
52 0.854433918648551
53 0.08058801781331044
55 0.6605341588638519
54 0.8139311510534536
56 0.017361693959259166
57 0.0353710125684799
58 0.7394874358842275
59 0.6720424686590567
60 0.6125774131466715
61 0.7481512203150493
62 0.7073930544662327
63 0.017344870243177008
64 0.23987646017039166
65 0.6113527390020124
66 0.6774061958584157
67 0.6906996041481659
68 0.5183883471107157
69 0.48560434998544694
70 0.510159897382137
71 0.4302601443642567
72 0.41880006382577983
73 0.40617230897015133
74 0.4831571874812808
75 0.3140264544448239
76 0.3346407686409737
77 0.3398189775619704
78 0.36085392816281114
79 0.4954464554087015
80 0.2775008827184575
81 0.7923488759602152
82 0.8331271504795202
83 0.11719387244515972
84 0.0058530578051334756
85 0.4787997072773716
86 0.6638123840337797
87 0.7097060205199818
88 0.7351870323686422
89 0.2160456224108803
90 0.6606069436611939
92 0.5258471401733357
91 0.4955663575588201
93 0.5944227655650652
94 0.41173308090732896
95 0.8087684870968418
96 0.5241922501687188
97 0.3009117133135902
98 0.698141204600683
99 0.7719908884409626
100 0.11192102121467255
101 0.7111986118685784
102 0.8014579003958765
103 0.7788851878701644
104 0.20693725904689364
105 0.3678728459663006
106 0.2034409276057751
108 0.5235627452574148
107 0.8237093220426472
109 0.16824084610326087
110 0.31188748221067675
111 0.5446880421541497
112 0.19365019183131596
113 0.105759225406306
114 0.21952156426088199
115 0.6229486747492203
116 0.5969803315286738
117 0.19325439861731902
118 0.5997604899795155
119 0.6769499621414518
120 0.6546147848097734
121 0.5466506632676349
122 0.49184355175036126
123 0.5263553514201128
124 0.14518360986064172
125 0.440257951756218
126 0.6011640994246475
127 0.13364586553473762
128 0.3517985901636495
129 0.05870619150255239
130 0.0019255412916162219
131 0.7147594711530335
132 0.641855577184869
133 0.6057514669910685
134 0.5618477101093183
135 0.11407308187564308
136 0.1746298374471755
137 0.518531163114857
138 0.43862953130876836
139 0.28229834713966356
140 0.08304071428798147
141 0.30205701641854993
142 0.4348445468754823
143 0.6670571237105881
144 0.41598308850875254
145 0.40095598435950985
146 0.57886292455524
147 0.14418529190091503
148 0.4314845122779977
149 0.4664486551240272
150 0.4467926230762967
151 0.4031878852708694
153 0.055800784077913265
152 0.0
154 0.36220120384882837
155 0.33669815768105016
156 0.1237323983463538
157 0.31208325368358575
158 0.29091445926867004
159 0.3420278674481292
160 0.18759749985307847
162 0.2488400371610344
161 0.06377533653761287
163 0.005225002439844532
164 0.4396813273599942
165 0.5576501312824967
166 0.49215319320876777
167 0.4657197034028642
168 0.41969576285608
169 0.3013329238920202
170 0.3143004168739223
171 0.33136875282219075
172 0.3438043400238663
173 0.19419001775253902
174 0.26371130595842546
175 0.05719112902617318
176 0.23258463632820778
177 0.6597186437457581
178 0.7013930035593325
179 0.6153724312125916
180 0.5788749617445403
181 0.4907013550451383
182 0.6415864870462427
183 0.6986445135335324
184 0.5495828254287787
185 0.18581274892393376
186 0.5255890307157589
187 0.03137583722722002
188 0.49526467681763087
189 0.08683707138988792
190 0.4960356633292062
191 0.5172762591705387
192 0.5343896953896354
193 0.6539110561429353
194 0.6356661042471379
195 0.650435090004184
196 0.5594792661010526
197 0.5947269627449081
198 0.5753861003597583
199 0.6014558745933045
200 0.557018239793864
201 0.38249915830350095
202 0.5608528675252943
203 0.35678823029567824
204 0.5281496750620019
205 0.2065921667002751
206 0.3025350493766349
207 0.6073046749870159
208 0.5365088295287542
209 0.14918449152357321
210 0.27290640130701854
212 0.6672920064868813
211 0.13802749576509482
213 0.32626249829528603
214 0.16362697499273143
215 0.7321404502300016
216 0.498491053431459
217 0.43134190143883017
218 0.39975603739151017
219 0.3797320891809886
220 0.562530130018046
221 0.2987495622812244
222 0.5015690888564559
223 0.6205444049360224
224 0.4057976530281999
225 0.0281047923208211
226 0.18811374463183192
227 0.0
228 0.47949115334421416
229 0.31288822136778355
230 0.007582827863260188
231 0.3285523487600242
232 0.24934685731196216
233 0.35338090144942386
234 0.19582821948549867
235 0.2909751382420616
237 0.18935874473573927
236 0.22798878233610126
238 0.3239482193430461
239 0.2749236298431023
240 0.027374654587437226
241 0.4470645024677561
242 0.5655552385506907
243 0.005822773419204706
244 0.7495201687259793
245 0.46994823675320774
246 0.3360795931274775
247 0.017338153157901198
248 0.017266685242034233
249 0.07185304330880636
250 0.7003382630254822
251 0.017283944248788322
252 0.4222758679137099
253 0.017336384380017732
255 0.40075532743663406
254 0.017260831521689925
256 0.5051646027562755
257 0.6950286212265173
258 0.016866573874208736
259 0.12545448778303514
260 0.36985017699210215
261 0.23670400911195572
262 0.5057144306098182
263 0.5070917199091647
264 0.42215628544560413
265 0.40959859480509614
266 0.31988762241954266
267 0.37218554608001214
268 0.3355038811071819
269 0.0
270 0.2823947324246899
271 0.18322761215733344
272 0.4385535678657692
273 0.5710343331516182
274 0.46808156405642565
275 0.39122635740629524
276 1.461705473593323E-4
277 0.1350128051020254
278 0.2982452872241215
279 0.3542367844731393
280 0.26191949305499407
281 0.22407960390074658
282 0.19352002315749364
283 0.24295865827982957
284 0.2146597502542403
285 0.07537066076557718
286 0.16503228613174015
287 0.41631996491500756
288 0.14343179006187173
289 0.7353470342881069
290 0.6987494356424135
292 0.5752237266018982
291 0.575266297716569
293 0.3385557973555839
294 0.11191512594287664
295 0.05919609679718238
296 0.363451521039616
297 0.3553409102416958
298 0.03868158739497623
299 0.45844035739343486
300 0.411594184938942
301 0.43932267990197227
302 0.36237032095529664
303 0.515985123210799
304 0.3870934509260946
305 0.6138975327740493
306 0.5762840819364173
307 0.5261739626394757
308 0.4538404623166758
309 0.44741535529128595
310 0.3711954015089337
311 0.28592030201919943
312 0.3293281363700075
313 0.3084610680677674
315 0.27242518389679526
314 0.2672438630502206
316 0.2670646580879635
317 0.27610352023505796
318 0.24243871680068543
319 0.500648994343044
320 0.2219368117799213
321 0.04887833530345322
322 0.7575048421054055
323 0.11980436157739126
324 0.46893843751031883
325 0.6345018061059018
326 0.6141678655256851
327 0.6190760229656426
328 0.5492039444194904
329 0.08027659824744844
330 0.5339920196016436
331 0.5245610353013768
332 0.2759577855010301
333 0.4015189294215948
334 0.5069879988579442
335 0.026767720608593854
336 0.5200442142267436
337 0.7083460651442743
338 0.6833853668277609
339 0.0
340 0.6288421510561397
341 0.5592210206385362
342 0.530585210496692
343 0.4456355814755865
344 0.3681813389428977
345 0.1960206192638911
346 0.38696760742093683
347 0.029998942874172044
348 0.3341902516895382
349 0.3285423042166753
350 0.3595606083717035
351 0.5294273243942876
352 0.05185700858645962
353 0.5911905805736571
354 0.7299667782629886
355 0.6481453156001327
356 0.5400973452818526
357 0.28028228014363976
358 0.16100894467653823
359 0.07910623359883003
360 0.19207590930299132
362 0.40646275054275427
361 0.5856517391516629
363 0.3536781965945643
364 0.3893920679453329
365 0.21287842699494
366 0.24058576213695615
367 0.5337804696264425
368 0.35384709508108264
369 0.10094672775152708
370 0.2904629338680051
371 0.7545960033035173
372 0.16623781142041527
373 0.3427972270326539
374 0.5148699931103804
375 0.4625054196607288
376 0.32595974471143446
377 0.03064781546374577
378 0.45710686780558796
379 0.46952593592498537
380 0.4462534815071514
381 0.4659901178279908
382 0.4576827619763524
383 0.5940505031688108
384 0.4260500002793542
385 0.32817309410596074
386 0.7241765424008925
387 0.29060090968038615
388 0.14089330657308485
389 0.22816158756406438
390 0.5245191406782341
391 0.10559254254435493
392 0.23109746234520387
393 0.4650143976320109
394 0.5823409267905665
395 0.46711716984352397
396 0.459998218630343
398 0.4659809185614536
397 0.4803612474927577
399 0.7087038842285789
400 0.47384331239275296
401 0.629532752159992
402 0.7514253631856687
403 0.24450011130428964
404 0.17382333044670514
405 0.6408892157275388
406 0.6423499819794553
407 0.7139063078754482
408 0.6880054168960268
409 0.017564603102690767
410 0.5674398818291814
411 0.3210889437585
412 0.482962265775604
413 0.39766699909124936
414 0.367444176890502
415 0.6688704876506445
416 0.1995067138939869
417 0.09826491260894377
418 0.017601139782453257
419 0.7189134489336303
420 0.6161073524840195
421 0.6535006294132489
422 0.6206703279032995
423 0.558674197906359
424 0.02628450781452153
425 0.5636883504573101
426 0.6367946990577426
427 0.529270635862252
428 0.3043526985469499
429 0.5424551262477597
430 0.4541271841974039
431 0.5774865748592988
432 0.266721724210093
433 0.4431142594307777
434 0.4789516438062067
435 0.5856712161304465
436 0.5883885390299193
437 0.43676864062804266
438 0.15453648494818406
439 0.5221077301004368
440 0.049130910496829855
441 0.3807710799808198
442 0.415148221772964
443 0.3762915788542317
444 0.3060623362927848
445 0.32558045127337737
446 0.2797258480722847
447 0.41028240108929737
448 0.30185678349887146
449 0.5298058441670179
450 0.16391242468194153
451 0.6826284054659728
452 0.3580269920332805
453 0.5854716294337984
454 0.42236622443832406
455 0.501218307068886
456 0.47570607015873106
457 0.39666537339829433
458 0.5785880958430986
459 0.4543432335315502
460 0.017218136701064365
461 0.017265487130919577
463 0.016860285148823616
462 0.11976035738706797
464 0.41712568857135995
465 0.04700843997020682
466 0.4086043489722235
467 0.4752467443771923
468 0.7827132306699044
469 0.8447196373804148
470 0.7114924593426799
471 0.26004146560822083
472 0.7173555462847828
473 0.35767913864711565
474 0.41230679898532
475 0.8215022159988737
476 0.6534907079057207
477 0.2734885658800981
478 0.2441643196249487
480 0.6541161607683255
479 0.7367961146023194
481 0.7765968720055431
482 0.8872381329567641
483 0.29698781100102006
484 0.32382141448788754
485 0.3842684558685406
486 0.588615794319432
487 0.9142285311336253
488 0.6156445450110524
489 0.703817507314901
490 0.3850779262146957
492 0.31808250956187734
491 0.0
493 0.7150229302823805
494 0.26068420867935005
495 0.26719972636028544
496 0.41861481048820154
497 0.7830213537755278
498 0.7572688553776425
499 0.6549362717719527
500 0.6910264101697522
501 0.5923081617352187
502 0.6010643086697425
503 0.5544448771581558
504 0.036846719802635146
505 0.6117993703282173
506 0.49735239175873625
507 0.30514334917434416
508 0.48989881663769214
510 0.21613640995387248
509 0.47520120459658727
511 0.653839330048775
512 0.1793145335518539
513 0.705115010886194
515 0.6547468537536973
514 0.01651763187842185
516 0.6285398363401001
517 0.10705986808793255
518 0.2606256129823075
519 0.6007685911195616
520 0.48683777447642673
521 0.08448787038177043
522 0.20679775000884543
523 0.2711847794662843
524 0.2757443604343626
525 0.3240732805127574
526 0.052833324987736505
527 0.6020411574597311
528 0.41046631478931345
529 0.8112002377565318
530 0.8106900727799562
531 7.220713514275875E-4
532 0.10355283953550402
533 0.36520014980554966
534 0.4408113545929428
535 0.6305477726758019
536 0.3391135447536238
537 0.6350606992398785
538 0.2310248430743978
539 0.04814395773760926
540 0.2797755630444397
541 0.45378652910106504
542 0.5044508964236231
543 0.6255239264906937
544 0.459966726137634
545 0.2466437704459264
546 0.31874387775005253
547 0.27811433962053994
548 0.08518579580494183
550 0.15287256396091722
549 0.30217700324205365
551 0.11261653551793607
552 0.19112077279931156
553 0.5002992539261834
554 0.014939637243238277
555 0.2701153062846817
556 0.017220163941904565
557 0.24801273490121833
558 0.3064138284935062
559 0.5035854292003364
560 0.3851255028711516
561 0.15107097196733477
563 0.8657064892366972
562 0.6976224730458843
564 0.7993211438377774
565 0.8140835179059189
566 0.7232337886477611
567 0.2700844544450742
568 0.262998992254731
569 0.6722713827959016
570 0.6677339174760357
571 0.7723936582008002
572 0.3758867321869311
573 0.6157597339369602
574 0.0647120470495867
575 0.8049113542420868
576 0.7505071089079522
577 0.43898675636697493
578 0.10149803044736962
579 0.4767631486068684
580 0.3526981095194462
581 0.3818610982411174
583 0.016864742611364877
582 0.4315069046487544
584 0.2939190598390826
585 0.016578251142696357
586 0.4819886001010341
587 0.23928765160459903
588 0.3546453593092642
589 0.017230359216205148
590 0.5458073496133723
591 0.048452553295944924
592 0.4697424770650999
593 0.8224666654285573
594 0.7447391537879758
595 0.08148867182241494
596 0.6663111552316937
597 0.027833449729451506
598 0.03040769034985449
599 0.5189189806421683
600 0.6178357763999957
601 0.186763160032089
602 0.5291560738528474
603 0.24258243539898577
604 0.44822855020390073
605 0.5432713476167953
606 0.14024005025207648
607 0.3789649211991472
608 0.4516638494622052
609 0.7171130847303271
610 0.09084280116709162
611 0.6299745935755898
612 0.5654162735875623
613 0.5686067742057817
614 0.5483352086302434
615 0.5431011670709196
616 0.45024018896251683
617 0.15394847294620084
618 0.49236356464392145
619 0.3741536885286828
620 0.608151417565991
621 0.09044217306496208
622 0.4173714244682456
623 0.2917336949915646
624 0.36583491781562716
625 0.1393069697287507
626 0.10985624303268239
627 0.5940787135996001
628 0.36770365349461853
629 0.5776542317772917
630 0.5109551081460669
631 0.33809364802427966
632 0.4030750571460181
633 0.3434949648628113
634 0.448618249795513
635 0.40248641956732023
636 0.4069782079065664
637 0.521041835143449
638 0.4039358629694733
640 0.2712705354530521
639 0.5057320116444791
641 0.4009166095627228
642 0.7628527455331071
643 0.4394463092628723
644 0.7152252484729744
645 0.7005313693139247
646 0.3655732545933384
647 0.40769172027904016
648 0.1990410388323241
650 0.6684617184518286
649 0.5782064766812779
651 0.5433339907225498
652 0.5390900111007887
653 0.11682330967799055
654 0.6509237948075582
655 0.6486877238939427
656 0.6855578089882196
657 0.00888377421189428
658 0.5723451203569413
659 0.3627643997204916
660 0.2263857828905149
661 0.5931812828135169
662 0.11373261776718639
663 0.44724895580021784
664 0.016352112909140407
665 0.6184476892654741
666 0.3896305392761385
667 0.011509418159916943
668 0.2760400713297768
669 0.34929138123843967
670 0.34990872105754306
671 0.15900400390467745
672 0.42716764339453045
673 0.6731122151369034
674 0.7254294483467336
675 0.6814708733779782
676 0.5287278222281865
677 0.6958136726675863
678 0.37331799871867605
679 0.6240469427277575
680 0.46886127125842314
681 0.3795016266544167
682 0.6433160087996148
683 0.5385291181412403
684 0.6574162005578909
685 0.3819664891193483
686 0.35043058742577265
687 0.6114106477148332
688 0.2683287424353668
689 0.825493520166122
690 0.730179894893346
691 0.7110068121570378
692 0.1871832132783447
694 0.6690325631579097
693 0.7051542095005359
695 0.6991542820738628
696 0.557899569130302
697 0.6149562160155391
698 0.2600302002844223
699 0.4874989598865
700 0.5889515134888821
701 0.4914698167726343
702 0.643988627434483
703 0.5728573681391247
704 0.5125924920121943
706 0.25955958917101707
705 0.4410671693498863
707 0.21997931977183327
708 0.21996751629462177
709 0.20428651527411384
711 0.552450543996676
714 0.2247158284613328
710 0.4310714559786363
713 0.6411795783755229
712 0.4677450930164894
715 0.274677623290995
716 0.45948051457151184
717 0.5707709805638442
718 0.0865385002076403
719 0.23346589669661724
720 0.5684626018544197
721 0.7665280645894179
723 0.4092552948121334
722 0.7093532460311394
724 0.4877143234565198
725 0.33389583271596485
726 0.4809942433822152
727 0.4569754767287719
728 0.013559269974073139
729 0.321246071927054
730 0.4593350805361274
731 0.2883456672869834
732 0.44629635398966344
733 0.34216321332432753
734 0.027972901949895025
736 0.3784764817938482
737 0.00581601709829001
735 0.05202420940617081
738 0.21288682811886528
739 0.6455009024535554
740 0.061030145831258056
742 0.38505277737932275
743 0.33205004699736207
741 0.74217676821564
745 0.41784524786789196
744 0.4917011533391928
746 0.16092592971110883
749 0.35914939008808433
748 0.7293100866800213
750 0.33791949098284546
751 0.020368382187169156
747 0.3957619984277899
752 0.030690121381411334
753 0.5154675440581614
754 0.06463297065133469
755 0.16228382917228706
756 0.38452087531511947
757 0.9014750615274812
758 0.3850604031154619
759 0.1292784782280917
761 0.6301895664319893
760 0.4617086023923479
762 0.6863566084046502
763 0.23466391411135515
764 0.11151393725044859
765 0.734555807658023
766 0.18260628100474388
767 0.901419102998765
768 0.20374431217449862
769 0.0
770 0.19591845961598373
771 0.40905175380073694
772 0.6701952225465121
773 0.7265897292368243
774 0.22457363945794434
775 0.11273919391094174
776 0.4666421429442402
777 0.44453816408071495
778 0.08548094130349188
779 0.4907575090157035
780 0.15142865171533948
781 0.5101919614536148
782 0.452081048907875
783 0.06223514198707688
784 0.2701263853195837
785 0.569156651477626
786 0.6479765365508395
787 0.1152424304731769
788 0.44264678603772334
789 0.5299439091597387
790 0.017305329298432467
791 0.4649636893639504
792 0.50294234225587
793 0.6101660979773419
794 0.11184997854477086
795 0.0651351620430166
796 0.44725116453730207
797 0.5281183696015093
798 0.5417139206031311
799 0.01726129446161496
800 0.5677244011813138
801 0.43626058124106426
802 0.5839513289313999
803 0.3328424757192846
804 0.6128203596499369
805 0.2691289489371363
806 0.6829492535826334
807 0.34160299874147887
808 0.29547126937715895
809 0.00815409336668119
810 0.20232565921613402
811 0.5119696574769778
812 0.46166218279763105
813 0.463122481036213
814 0.3799139254378801
815 0.16669792642722056
816 0.06769044992845366
818 0.6473096936399396
817 0.5879251833460524
820 0.6102456932072354
819 0.5864377683274404
821 0.5500645324683913
822 0.09435253550704843
823 0.3381555403262921
824 0.3732287531781959
825 0.27897629185352074
826 0.32950694637435374
827 0.2629612160312722
828 0.38447948309416247
829 0.09416300368243391
830 0.2661400974525989
831 0.47307146116922694
832 0.24659918703843953
834 0.5726495536176732
835 0.7298861038931315
833 0.7418759316161903
836 0.02703916313107766
838 0.4568650998983868
837 0.5962413837302196
839 0.4883901348634619
840 0.4970465876018536
841 0.14721948696454085
842 0.5246283005247787
843 0.4543374389950209
844 0.1580915936696429
845 0.20837471392940413
846 0.004651038581322422
847 0.6239987153414945
849 0.7817775772447051
848 0.421632341710062
850 0.5608383432905985
851 0.005854734016022585
852 0.3431690071602093
853 0.32964711824466
854 0.01725625854965857
855 0.4532004348227615
856 0.48864194871596234
857 0.12070066612219425
858 0.3337974556844901
859 0.3615627831310949
860 0.3526156654694057
862 0.38380589981238317
861 0.3014136878467067
863 0.22807510951790722
864 0.26237297476167937
865 0.7858815343421063
866 0.7184670596332586
867 0.6844161946127068
868 0.5948484963344448
869 0.07969551281672815
870 0.33865490785917957
871 0.5988637859092998
872 0.2045283563114421
873 0.5039917969734758
874 0.23587041335698702
875 0.2597260702054211
876 0.32216430105590543
877 0.454404178350059
878 0.5401969600198968
879 0.06516415319984904
880 0.445762023875158
881 0.19620195305663526
882 0.0480173107746432
883 0.20610066944938335
884 0.647733118571162
885 0.0
886 0.5323601071093278
887 0.3323057150050917
888 0.3776826331357991
889 0.4901806162362297
890 0.5154046537575822
891 0.3736023547275208
892 0.5541764975202096
893 0.5166075537671941
894 0.42431902822694617
895 0.47734349339701965
896 0.3133596625062067
897 0.8092024814018434
898 0.26835265418169524
899 0.7553786630594339
900 0.7531407894380687
901 0.5898048617645968
902 0.24553284039970355
903 0.14760428784456905
904 0.5479932250879824
905 0.5248670299718823
906 0.21966736566778647
907 0.06184188074480524
908 0.4796728849986471
909 0.3229215789684244
910 0.5458183653230971
911 0.14126468861334102
912 0.2066753100519705
913 0.2779527482203762
914 0.6907650626066877
915 0.6893228921434841
916 0.1990127595327371
917 0.021410536535820347
918 0.1923298769854459
919 0.41157288300596306
920 0.08576681480499988
921 0.08529897360576477
922 0.35856519640799595
923 0.5286095636659057
924 0.45175490564131343
925 0.3227910582859072
926 0.35559121037941527
927 0.6699618141752511
928 0.11196789096784025
929 0.30206545703781534
930 0.7316064394765369
931 0.8281568531439295
932 0.5564378671904696
933 0.24230832916586498
934 0.8121774894611232
935 0.03165672425281012
936 0.3071717963650583
937 0.7017962953322584
938 0.7542788349490255
939 0.36448396209542955
940 0.7345814804244853
941 0.3396474906784955
942 0.6544880468404843
943 0.6811780180267154
945 0.7090867494747696
944 0.3894560997670888
946 0.7134858598241286
947 0.6599263574074171
948 0.6920905994596666
949 0.6324723208385127
950 0.5393531670387383
951 0.5162640039649116
952 0.20573462168303897
953 0.6415711223574865
954 0.5040929955048504
956 0.5545481597255322
955 0.3464816167698387
957 0.3300431039334772
958 0.5369815868950254
959 0.13833492826299704
960 0.2733648610599781
961 0.6762581193960937
962 0.8018772232096462
963 0.2226833399804003
964 0.6267916832430708
965 0.6018715673267431
966 0.6844628363341454
967 0.174401775168217
968 0.3482386197660408
969 0.1620699808846879
970 0.13785967318308096
971 0.4850803725554146
972 0.39664857126692565
973 0.5064746762530735
974 0.0
975 0.7162502585480263
976 0.5364306249153544
977 0.6188733665355229
978 0.13007969604471642
979 0.1611582997125115
980 0.5617494142280303
981 0.5926017166823176
982 0.30634919103933544
983 0.5665573240049222
984 0.027353071946665843
985 0.3583787188511922
986 0.44185736997384434
987 0.15743125146258594
988 0.49037399941034054
989 0.21190079912260695
990 0.5654941380080128
991 0.6627646389825937
992 0.37897252521372016
993 0.1288472815762612
994 0.6948110203613966
995 0.21343000921907965
996 0.1599611008753713
997 0.6074704183210585
998 0.5094037658910092
999 0.247151875514202
1000 0.5513131845621696
1001 0.5840563692941504
1002 0.20392977910962262
1003 0.19476042501674642
1005 0.5727219351292834
1004 0.5529293736598926
1006 0.4465484422613695
1007 0.6087771433168105
1008 0.539523847025614
1009 0.4828814803579513
1010 0.05336455449752995
1011 0.5964720129501039
1012 0.4599380326955371
1013 0.15797202631250767
1014 0.6037284248736529
1015 0.6964281314234684
1016 0.46826783224963603
1017 0.5985649325826645
1018 0.2807880179792705
1019 0.6796001171389618
1020 0.08678940030030055
1021 0.5164953354024872
1022 0.5216572502675638
1023 0.3935505265959873
1024 0.6335881561492562
1025 0.5177282374646605
1026 0.5986707611004344
1027 0.7724108137449273
1028 0.41141921902645484
1029 0.4343235924281218
1031 0.512473920330862
1030 0.40521337385323264
1032 0.474588871815051
1033 0.6406575531648001
1035 0.5840311201155592
1034 0.4437249430497884
1036 0.44728877499228437
1037 0.6391845295249038
1038 0.5240151527968683
1039 0.4314328176256695
1040 0.2571922325415273
1041 0.6451903442824093
1042 0.6473679200033161
1043 0.07586508256770512
1044 0.6660870608298162
1045 0.12691216811609865
1046 0.07696282897722095
1047 0.20434412250698591
1048 0.11401763774238838
1049 0.4184036559228518
1050 0.6850053614835163
1051 0.26429386951761186
1052 0.21873351884097134
1053 0.31192816201950735
1054 0.5222685741172787
1055 0.17649850711328077
1056 0.09950142671686878
1057 0.13134813790361988
1058 0.7454479173899803
1059 0.5980727763841445
1060 0.5387951124195635
1061 0.5715392884429121
1063 0.03253149848588335
1062 0.15686616308607718
1064 0.019801713020648766
1065 0.6775946075383102
1066 0.5346592154655229
1067 0.44441179832795735
1068 0.3797561783461664
1069 0.5521259841871622
1071 0.16857675564969637
1070 0.6786756835453892
1072 0.3877458762691573
1074 0.8038645711974238
1073 0.788539804235573
1075 0.10089808217422304
1076 0.06004917580675721
1077 0.009013254145850068
1078 0.34438835781876825
1079 0.7159817085191822
1080 0.6482848547726648
1081 0.6947504433823944
1082 0.6152645297188978
1083 0.7121914195254497
1084 0.2125124593043387
1085 0.6678765070182913
1086 0.4734827160302944
1087 0.32835834287396626
1088 0.23044632021044573
1089 0.28258641279754093
1090 0.5318558539125067
1091 0.5043952342135415
1093 0.5175956815304086
1092 0.22870428988384484
1094 0.12431056553843503
1095 0.53213335234883
1096 0.1026639403963565
1097 0.5296295685975483
1098 0.5228665564087028
1099 0.2453881235218902
1100 0.39038720795036663
1101 0.4010451705362595
1102 0.48551016829900323
1103 0.47826251077157367
1104 0.42229474204500517
1105 0.7317967559381167
1106 0.15902472429960043
1107 0.13702861114854262
1108 0.6358883935923617
1110 0.6087430176212915
1109 0.6297235425592285
1112 0.7242309228829396
1111 0.5623515774875187
1113 0.09569072681770627
1114 0.47673791060569853
1115 0.6071222295246957
1116 0.2715997017266027
1117 0.5047220262086775
1118 0.5990238999259537
1119 0.3851168453554898
1120 0.4002915714142769
1121 0.7949540314654605
1122 0.8436999901393661
1123 0.8185888628713344
1124 0.6809676940448606
1125 0.6970972141035233
1126 0.7550507943569287
1127 0.6636919922387651
1128 0.7888669897769283
1129 0.39001062008772025
1130 0.6976833461007232
1131 0.6321122188589504
1132 0.5336390275328723
1133 0.5728050879226083
1134 0.3223848448776881
1135 0.06715566646593102
1136 0.5686638210024614
1137 0.5901661881199888
1138 0.6460710373751275
1139 0.6812402348921031
1140 0.05052668002748559
1141 0.6017215519892781
1142 0.6025024515841203
1143 0.5671439361700165
1145 0.19388174352097648
1146 0.12872430410383606
1144 0.5451590985715713
1147 0.23760291616718962
1148 0.49162440636010113
1150 0.48024949360107766
1149 0.5273630597863592
1151 0.5876646171390658
1152 0.5098344548214314
1153 0.015917505500504404
1154 0.006405837993924566
1155 0.2837170543068975
1156 0.4595191942792816
1157 0.36070621306493816
1159 0.402083643566259
1158 0.07437712633466406
1160 0.25669649228634
1162 0.2097838720038067
1161 0.3121145459347628
1163 0.2042021094429909
1164 0.2875472255743229
1165 0.16410479303794936
1166 0.03426138952449398
1167 0.36316888954775883
1168 0.0651364611295784
1169 0.7002808702487896
1170 0.7316417123923604
1171 0.4457951730878615
1172 0.5722406194887067
1173 0.6172834626226537
1174 0.26387523474414637
1175 0.6326591107248177
1176 0.36564497643710375
1177 0.24198172676192553
1178 0.5087467265028083
1180 0.5881250093559469
1179 0.3229019016287324
1181 0.5998780707865141
1182 0.34805646748643904
1183 0.5772382301647492
1184 0.2587792111575767
1185 0.6716068765549095
1187 0.7473002842729436
1186 0.6671056800354435
1188 0.03409215791245525
1189 0.7697058167015479
1190 0.7042248266808665
1192 0.1631338254265828
1191 0.18872420142748858
1193 0.2083766104443788
1194 0.6523219328515546
1195 0.701028504896027
1196 0.029017248099768963
1197 0.19647515634718898
1198 0.12995424176937348
1199 0.681602301314395
1200 0.6390943300688757
1201 0.5600819445523492
1202 0.8475503316908553
1203 0.7022191842387809
1205 0.09912672358581212
1204 0.2866649378249085
1206 0.29381201477568064
1207 0.7541560688996377
1208 0.5888049667916929
1209 0.9119276626539274
1210 0.11847158589509958
1211 0.6940410409424518
1212 0.5265461176789027
1213 0.22141410492457503
1214 0.3998029989138856
1215 0.4025533403255185
1216 0.3160777686251337
1217 0.7373352671752893
1218 0.7228000988758599
1219 0.3537686781734411
1220 0.337552270148494
1221 0.5496424220599244
1222 0.5928178759544873
1223 0.5152128969410722
1224 0.4188312057852832
1225 0.5443214053765639
1226 0.05627943034116562
1227 0.5229319099509977
1228 0.47400031167571544
1229 0.41849448015955637
1230 0.49749161857856744
1231 0.7368550971133665
1232 0.4092771741677518
1233 0.7087902965012719
1234 0.6192144357234194
1235 0.5949672879699975
1236 0.0
1237 0.0
1238 0.3077008146060725
1239 0.4844493663233362
1240 0.011167107604275299
1241 0.27640040987401027
1242 0.11538917710539988
1243 0.35587416465289967
1244 0.38187744996151873
1246 0.353811725112993
1245 0.36130112509261003
1247 0.5573487146207917
1248 0.4515296233695769
1249 0.020308276222154358
1250 0.8311913444803749
1251 0.7769742088211582
1252 0.0
1253 0.1258406678910234
1254 0.2845151422795662
1255 0.6727679202861718
1256 0.5395585558295884
1257 0.590589588678121
1258 0.5228057698239612
1259 0.2407535986099295
1260 0.32014417160674363
1261 0.24792410697298087
1262 0.6534074540799477
1263 0.18537478013325065
1264 0.48267247820680964
1265 0.1719627309530821
1266 0.7810280570115128
1267 0.11712264422795218
1268 0.8375748126879496
1269 0.7493197472755063
1270 0.76636441289238
1271 0.5238590903458076
1272 0.5560844228935531
1273 0.04498391180908342
1274 0.17878000679848988
1275 0.7924346286517087
1276 0.28035405834758637
1277 0.6263220050384061
1278 0.7469304905699037
1279 0.3889077126134521
1280 0.19218826876186687
1281 0.06310670773922333
1282 0.7019382812167597
1283 0.37612085042951765
1284 0.2124684273348657
1285 0.6594577050509999
1287 0.12719597455890547
1286 0.21926932449627737
1288 0.4945485170050735
1289 0.5054463644517281
1290 0.48959851204297544
1291 0.5585644385821393
1292 0.26509341131187997
1293 0.03585584445678628
1294 0.01463165591482496
1295 0.5973871470854489
1296 0.46689519582415756
1297 0.6841462056372509
1298 0.6963635203192103
1299 0.6494907931916443
1300 0.6525199400327913
1301 0.6112034425256241
1302 0.5870967694828232
1303 0.42958797220255085
1304 0.010156629399538807
1305 0.4124754890617375
1306 0.26090030388126617
1307 0.5522789888829401
1308 0.24363764065772286
1309 0.30742232836763667
1310 0.5681292757902214
1311 0.6402724575720551
1312 0.21010370185315957
1313 0.243022919108037
1314 0.18337866828772478
1315 0.6583745192493559
1316 0.15732999704913203
1317 0.050847555507567685
1318 0.5367867605520118
1319 0.31978996753899247
1320 0.4978092425443323
1321 0.3233357558072627
1322 0.3788632863140206
1323 0.3619520715395041
1324 0.2519860808474202
1325 0.3286381787926919
1326 0.3293213618036896
1327 0.6471796810613175
1328 0.2874935228901956
1329 0.6620623656533663
1330 0.16495443965130993
1331 0.7189124256200911
1332 0.39598801795122684
1333 0.4067045056929381
1334 0.39924115586156883
1335 0.07061306869334415
1336 0.4590709258718594
1337 0.47279428252514655
1338 0.4074193944432094
1339 0.4704554995917232
1340 0.390501387003146
1341 0.607473172714912
1342 0.21575646358348183
1343 0.5305041377733529
1344 0.44564605050275835
1345 0.24784472862407636
1346 0.8182102926329454
1347 0.5014369273718505
1348 0.08459925044174282
1349 0.29291482255503737
1350 0.17045338504751031
1351 0.6782733701859588
1352 0.560535729626346
1353 0.5013948513335619
1354 0.23105696751946564
1355 0.44500785280293226
1357 0.4968128127810296
1356 0.41891859315671215
1358 0.5378001895944431
1359 0.729776510883035
1360 0.30942440330808374
1361 0.8787372763366129
1362 0.1142606077907902
1363 0.06935217684896051
1364 0.7658163907303853
1365 0.6685523960127044
1366 0.8281314267642131
1367 0.38315066981145696
1368 0.6902792141524846
1369 0.592979950899468
1370 0.5774638311655519
1371 0.7221460733707086
1372 0.5121456998792544
1373 0.5950270429015824
1374 0.019056048900932647
1375 0.3276719034310148
1376 0.5246340192297851
1377 0.8583571512181585
1379 0.7766657322269964
1378 0.04270552911995554
1380 0.06584711176880802
1381 0.674302167662432
1382 0.6037300845620589
1383 0.6181857810475153
1384 0.6390067349137711
1385 0.38190659455391535
1386 0.04746718512179643
1387 0.5236702694607446
1388 0.14729710647200592
1389 0.4156694072072387
1390 0.5079035839590638
1391 0.09156362896533753
1392 0.44432284296483854
1394 0.5506198178430589
1393 0.24786388892579236
1395 0.5110425571375814
1396 0.5843837927810253
1397 0.5116258042873493
1398 0.4781038956779668
1400 0.38479811277336734
1399 0.3794208167343873
1402 0.41694046288465364
1401 0.18447320594520433
1403 0.31101240119820717
1404 0.1302531975045186
1405 0.2556703722917752
1406 0.21435742247830958
1407 0.47388310782576953
1408 0.2482114442079476
1409 0.30548465408293135
1410 0.6435500858149994
1411 0.2796460842345869
1412 0.2896996473147187
1413 0.6874422923659103
1414 0.09993224058197775
1415 0.3814594409852742
1416 0.338377012538015
1417 0.5335104684025389
1418 0.5783106552690932
1419 0.578025575185981
1420 0.549710456607599
1421 0.4789678742217
1422 0.5894277301109387
1423 0.10683760472864462
1424 0.2873458661698495
1425 0.03272007564000353
1426 0.6174854987322235
1427 0.3008638041864073
1429 0.24957125305381883
1428 0.5639824303420163
1431 0.4443539037047361
1430 0.3717484783008245
1432 0.20790012292455218
1433 0.47227075871895813
1434 0.3781020468772749
1435 0.39152812626121086
1436 0.317963963856058
1437 0.4162139181927175
1438 0.3384625985773154
1439 0.16044477578189298
1440 0.46434848581772437
1441 0.47375377220933784
1442 0.404675162169341
1443 0.28713648567359346
1444 0.4564478503545368
1445 0.3511746848201854
1446 0.43900420742486596
1447 0.299238481707925
1449 0.6532308653167126
1448 0.340009323166336
1450 0.2745379946423854
1451 0.22924470633385474
1452 0.23293266702506532
1453 0.39535743130538126
1454 0.2540482963536895
1455 0.22971554971361635
1456 0.2435208246927316
1457 0.8443810352884034
1458 0.6807307404405987
1459 0.7649684159342681
1460 0.04824526443987232
1461 0.059558193855151674
1462 0.6978940049997351
1463 0.24201926596405482
1464 0.7146338164783289
1465 0.6981984345561323
1466 0.565311321440181
1467 0.49518511110066643
1468 0.20246389801853046
1469 0.24448023911006275
1470 0.5002089305327316
1471 0.7621590732896799
1472 0.43304247464662055
1473 0.08940674668855092
1474 0.49309332056926425
1475 0.6740931535699659
1476 0.036260826493643795
1477 0.5424563496723384
1478 0.46393121336323206
1479 0.4698894576553117
1480 0.507816974146874
1481 0.15347287451418223
1482 0.38828845884069757
1484 0.3417499657419156
1483 0.3612448068139282
1485 0.250869829816014
1486 0.4123327608322268
1487 0.5354033666195868
1488 0.30454069944501977
1489 0.040324440558061614
1490 0.6233628634887026
1491 0.1288519230739726
1492 0.5441166377188209
1494 0.47575960884701496
1493 0.5780364908887726
1495 0.03623477870894171
1497 0.4053304822859356
1496 0.3865729050055334
1498 0.20838523373897816
1499 0.24313739994937303
1501 0.2519716733431253
1500 0.15985577410072724
1502 0.25429226682986206
1503 0.44732836896277217
1504 0.16090048490009054
1505 0.1468996637628935
1506 0.6716853855240528
1507 0.14946156605724528
1508 0.1400634328768573
1510 0.4196958665781005
1512 0.43598087844770805
1511 0.5652835679289906
1513 0.3096186707978699
1514 0.21295307530874438
1509 0.39107174775609893
1515 0.5079500284108661
1516 0.4515429563160921
1517 0.42098472473568194
1518 0.5156460665974583
1519 0.569595052023161
1520 0.42490847965636136
1521 0.2103239241658219
1522 0.5150781891883415
1523 0.11369453518103333
1524 0.4815567498193417
1525 0.5116425574918795
1526 0.1537502687206882
1528 0.4820534402153466
1527 0.5218236330462005
1529 0.3883460565123559
1530 0.5203815018914582
1531 0.3242019485514464
1532 0.0
1533 0.33975519643771035
1534 0.2189470775276107
1535 0.024909460241066213
1536 0.20223862843335322
1537 0.7660061415896651
1538 0.6972951790260754
1541 0.688525672281323
1540 0.21614384675559978
1539 0.718517065441597
1542 0.5830878498056753
1543 0.4751488908042198
1544 0.686658435910245
1545 0.31215454758505695
1546 0.5992198813855146
1547 0.6141369377451796
1549 0.6292186882452093
1548 0.25416658997787245
1550 0.7203495158300015
1551 0.7124276796367817
1553 0.22458720289772313
1554 0.6444310469498494
1552 0.7540099388416207
1555 0.0596933662753993
1556 0.4269540502789162
1557 0.8315793009865332
1558 0.7680062401310309
1559 0.25225359273974207
1560 0.5145049696736745
1561 0.29348453683105347
1562 0.6287638068526014
1563 0.6682470147665884
1565 0.3819246297095386
1564 0.23501624935787335
1566 0.6441056837342451
1567 0.5973800195057296
1569 0.6807320494636688
1568 0.43425242415367254
1570 0.5206391418185674
1571 0.46524760690049866
1572 0.48380068176986524
1573 0.48444152691664877
1574 0.39118358397756
1575 0.35971341464715906
1576 0.39232441390361095
1578 0.249718518371563
1577 0.37275874793822045
1579 0.08054654861375314
1580 0.190062738915277
1581 0.29218221985785003
1582 0.27087251680203667
1583 0.4932110172761687
1584 0.1937630368369735
1585 0.7848476123304515
1586 0.8931738121310628
1587 0.7582042642525878
1588 0.2505793925565921
1589 0.4661410993430566
1590 0.6740920370145551
1591 0.028838754971062364
1592 0.7471766965774452
1593 0.5250771574637437
1594 0.28211146176711094
1596 0.6793405146529732
1595 0.4296451375941757
1597 0.5236840023865702
1598 0.5614423625728455
1599 0.7486189355501447
1600 0.45927011292332337
1601 0.4938143259254075
1602 0.520734324813528
1603 0.06003465743933584
1604 0.7195312931467296
1605 0.3137276356940357
1606 0.35122299727185347
1607 0.24990036013839242
1608 0.25034861776175443
1609 0.2926253218970041
1610 0.49556746896239373
1611 0.19480732826661185
1612 0.3921594504468048
1613 0.40864231450216004
1614 0.4651925194765393
1615 0.3111375444038185
1616 0.40473266064528773
1617 0.13569287275906622
1618 0.5747586647614781
1619 0.6404052413805021
1621 0.37361750151423506
1620 0.6708297810185208
1622 0.6494352794880873
1624 0.5955957991798839
1623 0.5185391272680747
1625 0.3104650833166094
1628 0.15794838995216984
1626 0.42469624030634295
1627 0.6419582265761039
1629 0.5060563125942296
1630 0.6474976413460546
1631 0.6648621096712949
1632 0.35380304339607765
1633 0.02359655763300269
1634 0.2048141954896467
1635 0.6655198086053188
1636 0.6314375616508887
1637 0.6026910280903085
1639 0.5380872898678621
1638 0.45101469957328877
1640 0.5460334709688978
1641 0.5671057427089704
1642 0.5091513450054733
1643 0.5242485192688914
1644 0.5362050735549738
1645 0.32326590096410346
1646 0.1834577319921795
1647 0.6186693244698541
1648 0.45712358783030166
1649 0.16180648800135078
1650 0.10517753926205241
1651 0.6225938432615757
1652 0.6667155932625282
1653 0.6610165673057724
1654 0.5741518860361634
1655 0.5668233222521292
1656 0.21211919674944835
1657 0.2910940853180295
1658 0.41557958858335464
1659 0.4148318261703895
1660 0.43971322607328167
1662 0.010611008934302009
1661 0.46970920655653897
1663 0.004445607725463016
1664 0.37785684229767563
1665 0.16908704994668505
1666 0.6430839761520675
1667 0.6520734544036645
1668 0.09367265764957905
1669 0.6471770899209117
1670 0.6284000796856128
1671 0.2427962945805448
1672 0.6501583673411542
1673 0.6289751507131919
1675 0.42140927756098784
1674 0.16039150571388708
1676 0.37486006281456247
1677 0.6286992530727263
1678 0.18818732089701304
1679 0.6042469247205433
1680 0.5193591199621431
1681 0.7107766385367907
1682 0.7126476351981205
1683 0.5187931681184837
1684 0.4799496389915882
1685 0.35350280072583634
1686 0.4053507238952671
1687 0.46904833695514164
1688 0.5837247793742023
1689 0.4065758582262235
1690 0.39790300393480965
1691 0.23175136707137764
1692 0.5121694999792641
1693 0.5505750146430306
1694 0.5566784745546377
1695 0.5887882932391196
1696 0.339288573258423
1697 0.01926763957283355
1698 0.32093351938299697
1699 0.24348593232656138
1700 0.32748827150859866
1701 0.40955636305656645
1702 0.30815950447087775
1703 0.2962815642762203
1704 0.2938317576973677
1705 0.6298113855934703
1706 0.02685126954577068
1707 0.18348244130642913
1708 0.017328078126803384
1709 0.4685555039475387
1710 0.2415967394869583
1711 0.1023183503597169
1712 0.5254517124638308
1713 0.7332258795588867
1714 0.2613309526861686
1715 0.6249863924518287
1716 0.6246347319785543
1717 0.0818636839659796
1718 0.6154376711585764
1719 0.2615321016573372
1720 0.09612735709707002
1721 0.5631651535995247
1722 0.41495105697138873
1723 0.45234993756715125
1724 0.3455204725427397
1725 0.4792576214130178
1726 0.43162304186392647
1727 0.1773253004008887
1728 0.4451405917633417
1729 0.15507336980434291
1730 0.6436792013763475
1731 0.6728078164008713
1732 0.551981872315489
1733 0.10315546974928497
1734 0.6402980130417345
1735 0.43523326095354786
1737 0.5622100768561963
1736 0.6190428115427636
1738 0.38636894601389127
1739 0.09302295781272939
1740 0.581462377784058
1741 0.3327137478145264
1742 0.15746763340415715
1743 0.6557554327172073
1744 0.4507178033333225
1745 0.5943149968884436
1746 0.09544448216536201
1747 0.1172026394018327
1748 0.502619463940436
1749 0.5038435447576641
1750 0.37366363193898583
1751 0.3996251188218677
1752 0.37938300739078085
1753 0.2426105802122831
1754 0.044611228472241284
1755 0.3345845848251859
1756 0.239028736177334
1757 0.3788238244483284
1758 0.3073759040211108
1759 0.46225504356222413
1760 0.17152463378478988
1761 0.7978567045103345
1762 0.6620038836502573
1763 0.3545834777175923
1764 0.5217053761261936
1765 0.30779586425058175
1766 0.01601228192469924
1767 0.778719254329951
1768 0.355246608999217
1769 0.6160455350728088
1770 0.22692565541812007
1771 0.4051771053248219
1772 0.6685484951902024
1773 0.49128753561041955
1774 0.37711600127272865
1775 0.6572319308465826
1776 0.358245787218867
1777 0.5237960938732662
1778 0.6902611800368545
1779 0.44469429437361746
1780 0.399848178222717
1781 0.7514521596707334
1783 0.6165371790884162
1782 0.7157685571000976
1784 0.1800618358128257
1785 0.32109187458348853
1786 0.12056019739693545
1787 0.6678300639501283
1788 0.0658695584741678
1789 0.27925705429902836
1790 0.30665529689842447
1791 0.6357363610533275
1792 0.7280085220494954
1793 0.3716649836221815
1794 0.5070348880697005
1795 0.3641238600691797
1796 0.7042070607760516
1797 0.549694009333352
1798 0.43973684271776015
1799 0.5254438315313225
1800 0.3902681742350023
1801 0.2924346614042342
1802 0.1967541228672356
1803 0.46593038337674214
1804 0.4186730630348969
1805 0.014522446012048424
1806 0.2982668262620158
1807 0.27942664053768396
1808 0.5572674088180041
1809 0.38160228540682084
1810 0.6526004162148492
1811 0.7519292587147728
1812 0.43730631200019915
1813 0.7461966940208972
1814 0.4056278585416973
1815 0.16347579007524168
1816 0.4366524252645013
1817 0.36306129346504606
1818 0.7879203184671298
1819 0.6450035320638082
1821 0.6963243005170013
1820 0.21793382957068722
1822 0.7867411021253148
1823 0.21636950533774219
1824 0.5358197600098675
1825 0.6710214886702138
1826 0.6658725092825873
1827 0.3294771476094805
1828 0.10593874010304936
1829 0.606432031724503
1830 0.5371878918495058
1831 0.29179832453098303
1832 0.32579807894485974
1833 0.5430581255731294
1834 0.5849924444356421
1835 0.5437129306890728
1836 0.40959285522516403
1837 0.49336308734202955
1838 0.3387169898850196
1839 0.35518807766469684
1840 0.24264967634199222
1841 0.8180586229283071
1842 0.7477997280090909
1843 0.23615756104259528
1844 0.6959759241627735
1845 0.4259355600537036
1846 0.6009119910568742
1847 0.6600030236143213
1848 0.2358727100822948
1849 0.13524481006858577
1850 0.5472790705460543
1851 0.05061225622439086
1852 0.6372118389416468
1853 0.020039371094002695
1854 0.5798613440708071
1855 0.6046339457799256
1856 0.5143257612681136
1857 0.7143488749402934
1859 0.08615731923659588
1858 0.07132832419985531
1860 0.6276793346226923
1861 0.6581969986190628
1862 0.6398627062787169
1863 0.3483218966795297
1864 0.1492606819295576
1865 0.3969221322008192
1866 0.009448807043353762
1867 0.5054101891891577
1868 0.4060307083141695
1869 0.3295240695165673
1870 0.4833551812450239
1871 0.6007044666364107
1872 0.40668287396754327
1873 0.8948587244918789
1874 0.0
1875 0.8518176685173507
1876 0.1801464819706978
1877 0.7906377608090891
1878 0.6853429188134901
1879 0.7427442651343287
1880 0.5184001014595858
1881 0.031294330548999556
1882 0.0
1883 0.0039455710066399275
1884 0.31904535417308877
1885 0.5060036890860693
1886 0.5439593564422692
1887 0.014216532198813444
1888 0.531416761658571
1889 0.2863607569473973
1890 0.5647374019047016
1891 0.5891460893913957
1892 0.588674309600026
1893 0.5164239250651427
1894 0.5733457383866819
1895 0.5092050261270619
1896 0.055332567264875065
1897 0.11034029125156412
1898 0.39726668849102836
1899 0.15611157684695948
1900 0.1964276560610039
1901 0.23836821132247168
1902 0.3165493090436581
1903 0.4365941559455971
1904 0.12007908365152567
1905 0.3299536799514419
1906 0.7906104111222279
1907 0.10754772373548342
1908 0.778824761238958
1909 0.3339671460357452
1910 0.41362538585044234
1911 0.7156373672011681
1912 0.09850409900062065
1913 0.7392722412330849
1914 0.06078053316042984
1915 0.7218876518891725
1916 0.8430219442890268
1917 0.2456881006645089
1919 0.1808170348611563
1918 0.5574477302255609
1920 0.6462301075655856
1921 0.6107606485955763
1922 0.6326550180185744
1923 0.6210742639540854
1924 0.15232172676302805
1925 0.22901818613251335
1926 0.4506453318126791
1927 0.5322728633151201
1928 0.6108478000577168
1929 0.4841241034380696
1930 0.470082567156628
1931 0.3945941965520521
1932 0.5025474755541575
1933 0.2317319296289755
1934 0.4590983128932672
1935 0.2670913414953087
1936 0.41347370571264436
1938 0.24211172621501023
1937 0.6489476521727902
1939 0.8278470473595901
1940 0.7499469951301274
1941 0.10686224028520504
1942 0.6704927787909599
1943 0.3686441222576966
1944 0.6600195629133424
1945 0.46655804627335196
1946 0.6397279020954658
1947 0.6393575635138671
1948 0.30376241841930585
1949 0.03192244009062674
1950 0.3825928465798721
1951 0.7849169756471781
1952 0.43061430429171593
1953 0.07743561870459724
1954 0.6957022108891832
1955 0.33853463872739037
1956 0.13294231849096472
1957 0.41257401752909256
1958 0.6172640113401288
1959 0.4119512122223913
1960 0.12773115192778997
1962 0.582019929158083
1961 0.19741277637375812
1963 0.19380653008233556
1964 0.021991503056469505
1965 0.27750616076369167
1966 0.5430944147895082
1967 0.6279574128230875
1968 0.30006223988902675
1969 0.6874871395187613
1970 0.002168880041678379
1971 0.38574407365679747
1972 0.7610069314777061
1973 0.11437439576226202
1974 0.0541210560643705
1975 0.6254089243052156
1976 0.541230346886256
1977 0.15516909975299956
1978 0.5158445570519327
1979 0.4921165554857948
1980 0.19863579118786845
1981 0.4000136474634563
1982 0.49246617628125594
1983 0.1675867560290916
1984 0.22580748343248866
1985 0.054070154366497175
1986 0.3216607270169031
1987 0.12629022851215002
1988 0.14701386100238936
1989 0.05073070012498839
1990 0.10689924290591596
1991 0.22142044573170946
1992 0.6843113074543727
1993 0.007836310542887831
1994 0.11727273294753772
1995 0.7669033768259576
1996 0.6332170934708287
1997 0.21821454317792677
1998 0.10920135271020756
1999 0.2054519617337355
2000 0.5213809742156688
2001 0.8004773447285825
2002 0.7812149728490502
2003 0.7212925552138391
2004 0.6907407374558713
2005 0.32906620900947375
2006 0.7878288002168795
2007 0.6878320678995311
2008 0.2968466051431823
2009 0.7015953516356479
2010 0.5675607028019856
2011 0.2953915933629171
2012 0.7092998968461058
2013 0.34651282708041226
2014 0.666443059156629
2015 0.7372548460773972
2016 0.6913906457110283
2017 0.8695319593785905
2018 0.8402059703750961
2019 0.43516223833611656
2020 0.6091461469371623
2021 0.13942409368868783
2022 0.41258379913186183
2023 0.5356855507737701
2024 0.6160457046700055
2025 0.5960055337797581
2026 0.7171725571874495
2027 0.5329286417736221
2028 0.6776156120543938
2029 0.6875470621206625
2030 0.2932058131587241
2031 0.6178238029860921
2032 0.6593285251178994
2033 0.2836299408686848
2034 0.5711044714125381
2035 0.0
2036 0.5465890569922675
2037 0.47521102741315097
2038 0.487771708487575
2039 0.4517599217222179
2040 0.16907818111969622
2041 0.3006435941003501
2042 0.38132465025178924
2043 0.2602766256000004
2044 0.2746112504785481
2045 0.21879282050444193
2046 0.1963741031016744
2047 0.503897548619233
2048 0.14795867506613683
2050 0.2337203753686855
2049 0.6766162317794797
2051 0.6137398209947689
2052 0.14608606742601724
2053 0.7990796054984826
2054 0.3670568037149856
2055 0.41970370960240183
2056 0.7847573925669167
2057 0.5087417882488319
2058 0.5149171614014731
2059 0.1444658972051337
2060 0.24782248359686873
2061 0.49126207595271837
2062 0.5467159859909573
2063 0.3825958114331398
2064 0.3515248209992313
2065 0.81137671961549
2066 0.6734639091085314
2067 0.6429516810805092
2068 0.4311441398544317
2069 0.03323073689613225
2070 0.6316247332118017
2071 0.4215758882687008
2073 0.29996835030650904
2072 0.5419047931285801
2074 0.3244007221068611
2075 0.37566585580155865
2076 0.10267556127128022
2077 0.14456447889086257
2078 0.1825874582236511
2079 0.5815781471674081
2080 0.17085870973601888
2081 0.7891054696175168
2082 0.6999938719552656
2083 0.32341289335762424
2084 0.016791143143964966
2085 0.49330689262153193
2086 0.603914913995187
2087 0.4669801989659413
2088 0.30558652700336536
2089 0.4701328769052428
2090 0.5490298258308232
2091 0.4037803079275761
2092 0.4450591281115096
2093 0.4524885516857301
2094 0.027391451153624867
2095 0.005929073774945061
2096 0.28701837406494585
2097 0.7385934824091858
2098 0.23088639170988182
2099 0.6518348222760101
2100 0.3071007051308098
2101 0.5318300075615037
2102 0.48139198095905583
2103 0.06159841005903838
2104 0.44355375948936027
2105 0.45542984251211266
2106 0.030915394811176476
2107 0.3813058996486998
2108 0.42138520451008266
2109 0.3973867160957987
2110 0.27749872572039525
2111 0.5641240355362155
2112 0.4028962672554276
2113 0.7428415028336011
2114 0.7946496740045162
2115 0.21422249348400618
2116 0.6760982315652051
2117 0.7369818469920341
2118 0.345632056349629
2119 0.6911788083196532
2120 0.5798102977387738
2122 0.5886314655099054
2123 0.21184403585414585
2121 0.3008506509581328
2124 0.6302272664475005
2125 0.5676289267683468
2126 0.012616155594187974
2128 0.49159131045320753
2127 0.586256836809301
2129 0.7780262596085371
2130 0.6304158948304982
2131 0.6753232715080731
2132 0.625434340673058
2133 0.06418398270886168
2134 0.21864277627763315
2136 0.2912587313761569
2135 0.516155360811599
2137 0.5738482676750271
2138 0.46523272444641833
2139 0.55056280452871
2140 0.3437486202168786
2141 0.2761224077110133
2142 0.4043144652721076
2143 0.6540735434275952
2144 0.4321956765629341
2145 0.8077627537765892
2146 0.18659711779495686
2148 0.7509887026544672
2147 0.6053587940042664
2149 0.07048064345749669
2150 0.6677115125424592
2151 0.7326843495382559
2152 0.7632602212525585
2153 0.6391219048556501
2154 0.640767936686871
2155 0.6075231538940498
2156 0.5600207906066944
2157 0.22527249092366428
2158 0.6157385016205807
2159 0.8061685955225886
2160 0.7044396902416771
2161 0.35740946704087556
2162 0.8409187031776211
2163 0.6614467598038655
2164 0.517068660498817
2165 0.778039213532092
2166 0.6211515193195336
2167 0.6415979773080901
2168 0.8270278543221167
2169 0.3893670302929974
2170 0.8220907550200033
2171 0.7340378152167768
2172 0.4142608183809482
2173 0.6492838356727888
2174 0.6226087892312028
2175 0.6677846909206661
2176 0.7245475595651035
2177 0.7188187525831389
2178 0.5175809080428804
2179 0.5960110580311925
2180 0.5964721897025578
2181 0.5910879467782129
2182 0.3340767876802434
2183 0.31563034025976977
2184 0.4608308264256708
2185 0.4167176781435894
2186 0.4939176919064193
2187 0.4324589769932403
2188 0.46396104411819666
2189 0.32281296097437573
2190 0.3282876322378572
2191 0.528272221356144
2192 0.3252496540213315
2193 0.6484704194278339
2194 0.351015515966184
2195 0.6919777588389224
2196 0.3378639227558005
2197 0.5587002961062209
2198 0.5378640422073458
2199 0.5447970226207363
2200 0.5215632551496562
2202 0.5475952999934723
2201 0.36361752449000434
2203 0.3584666289302955
2205 0.5147037573409594
2204 0.4897594660078419
2206 0.3491852600822432
2207 0.5605056030039861
2208 0.20376476682902966
2209 0.7988171786465964
2210 0.6461390368312405
2211 0.6334190908151488
2212 0.005829059313916054
2214 0.4762996862187179
2213 0.5135362035144073
2216 0.3801071331235659
2217 0.4112007915867616
2215 0.22938653011107335
2218 0.2800724914208559
2219 0.3459230424629306
2220 0.41206909634963407
2221 0.3948438579843056
2223 0.2887220272585886
2222 0.24582553284542671
2224 0.3666015891340106
2225 0.7746400637011949
2226 0.8359840276357963
2227 0.7277360037549775
2229 0.6856843420097074
2228 0.741533792241263
2231 0.09591599785018791
2230 0.6082498930250795
2232 0.0011470039642435255
2233 0.26772892349232946
2234 0.2513692331744918
2235 0.3972698352543309
2236 0.5162264819928399
2237 0.5756908538371593
2239 0.6965767439410172
2238 0.522366835044458
2240 0.2845074135871716
2241 0.044899696188019506
2242 0.821027373459588
2243 0.678986623101067
2244 0.6249731831918361
2245 0.46340975511220645
2246 0.2973393157159811
2248 0.5965048272936543
2247 0.42419911861718906
2249 0.48558605586931225
2250 0.4469070076726049
2251 0.5018356477689476
2252 0.24279926724242706
2253 0.5343931788182457
2254 0.3642531829894219
2255 0.3807665606553899
2256 0.3127931569807504
2257 0.021756595869535645
2258 0.4362892613326199
2259 0.7913855372522222
2260 0.6263290484756711
2261 0.7109915555252695
2262 0.14434833581002737
2263 0.5010961783807661
2264 0.5953716705370341
2265 0.6558542669171924
2266 0.2085256270123004
2267 0.6631535053196836
2268 0.6637603575450088
2269 0.14363341623694112
2271 0.44667102070378006
2270 0.5332850664944992
2273 0.7318888611434938
2272 0.5862512876102957
2275 0.7815204343255856
2274 0.7572747144537028
2276 0.9116508163060925
2277 0.4523007754807224
2278 0.19265535030164352
2279 0.6189721419050849
2280 0.6546534589851545
2281 0.7487961857475133
2282 0.6047271942266182
2283 0.1849448856867324
2284 0.0
2285 0.708304171462395
2286 0.2984037838430652
2287 0.3804285778074885
2288 0.4889135864210509
2289 0.09194114640213247
2290 0.5632415265992485
2291 0.6519326477557877
2292 0.5122833223516344
2293 0.6636304803118516
2294 0.26394014221225454
2295 0.6376177313133183
2296 0.22158033170698846
2297 0.12856836613716577
2298 0.5737737781057705
2299 0.5675233982739405
2300 0.3641420140521413
2301 0.5357029561068569
2302 0.5880020425660634
2303 0.46115359033256415
2304 0.3754686802561834
2305 0.5917120824414395
2306 0.6946955915321493
2307 0.03839119139507648
2308 0.2916985866717168
2309 0.48121462949831384
2310 0.50670032875661
2311 0.49541223321475014
2312 0.500701942756882
2313 0.43490583150280604
2314 0.0
2315 0.4158023878516163
2316 0.0
2317 0.29936577571991374
2318 0.4445719213721752
2319 0.514013840352984
2320 0.18145572265290286
2321 0.8088568528471182
2323 0.05376018641492526
2322 0.6146615518691191
2324 0.0
2326 0.4884701073687499
2325 0.6001920337008819
2327 0.08484108133613
2328 0.514933974646028
2329 0.37846835313557337
2330 0.3560512187107516
2331 0.3839878564698591
2332 0.4486112968663067
2333 0.3257206467730083
2334 0.44630966476602674
2335 0.05113394665896354
2336 0.25105816554580546
2337 0.8485216379774839
2338 0.0
2339 0.5174652612821773
2340 0.7517492838915258
2341 0.2184084610421434
2342 0.49555333998117845
2343 0.45430714283738616
2344 0.6654447560491956
2345 0.3267690759693109
2346 0.01728477186699424
2347 0.6226516895688065
2348 0.7112905255796099
2349 0.017342676677719958
2350 0.5191369939942548
2351 0.12097999147475935
2352 0.5368672187472945
2353 0.5456141688175307
2354 0.005849225854654993
2355 0.49192470294703433
2356 0.501532652862937
2357 0.3479803126250271
2358 0.016629087954440267
2359 0.4357876628750486
2360 0.2885550581268403
2361 0.37312463481798397
2362 0.20471679166300366
2363 0.029012965000978403
2364 0.4189726393131343
2365 0.43678207361118715
2366 0.5460882604025823
2367 0.10603705490146924
2368 0.6948705752199322
2369 0.9181420059144805
2370 0.10483773762767956
2371 0.6345732360384861
2372 0.679532325396578
2373 0.7884530558570061
2374 0.20449223431781371
2376 0.6891717495648614
2375 0.40269319688365807
2377 0.6651884737437768
2378 0.6994741239303777
2380 0.6817858140730988
2379 0.22512334032568185
2381 0.6309710081671699
2382 0.008785285020986924
2383 0.7492952704003032
2384 0.6501901938526026
2385 0.7088911404971592
2386 0.6792786847789127
2387 0.7033559996747827
2388 0.12818213769664927
2389 0.5864388156790961
2390 0.5394201587594055
2391 0.5115258484394901
2392 0.43805947616645186
2393 0.32429657529196504
2394 0.38242967323024674
2395 0.20550259106412827
2396 0.452328368791209
2397 0.04555710383272837
2398 0.328868595895709
2399 0.033888229098905064
2401 0.6795624205383972
2400 0.29370896025805243
2402 0.49211289150502385
2403 0.05279416684678386
2404 0.5499486831040885
2405 0.30172766278679836
2406 0.33877581188146416
2407 0.2963023409429568
2408 0.617075082595249
2409 0.1912177590226753
2411 0.04382378858487598
2410 0.6126255040495092
2413 0.652856679748604
2412 0.6129703265263398
2414 0.21870708304321937
2415 0.805258377710585
2416 0.4618457334492105
2417 0.8386302598991557
2419 0.8004171937506936
2418 0.8566711976968387
2420 0.065767394553121
2421 0.23423015557971533
2422 0.6449556874124913
2423 0.7792422901385768
2424 0.6768587131944978
2425 0.7446028150292764
2426 0.338569715181021
2427 0.5785578928455466
2428 0.5959101418416501
2429 0.5914422288161422
2430 0.5219762049644627
2431 0.02922762477131707
2432 0.289847344511117
2433 0.4717404880592509
2434 0.23561728554709974
2436 0.6925387456424804
2435 0.7276996798361993
2437 0.33588698821176
2438 0.09791463823695179
2439 0.28130041512152726
2440 0.6723673927871661
2441 0.6222187256186048
2442 0.5002647581147007
2443 0.4535894977962529
2444 0.4755360491645524
2445 0.3319778334018037
2446 0.3311161378656507
2447 0.6569343757485799
2448 0.5891911172993721
2449 0.6533566174439972
2450 0.6682325829180994
2451 0.2241438550498044
2452 0.44181118298135114
2453 0.5682168719283557
2454 0.23300561942808493
2455 0.37469008447960783
2456 0.20248020072741454
2457 0.45517669050529386
2458 0.39398364889991144
2459 0.4012597541016924
2460 0.20617624715190552
2461 0.0036244363453300766
2462 0.004190899389082006
2463 0.5130379434605074
2464 0.30849307150441097
2465 0.28107955945845
2466 0.17097073002919416
2467 0.6217823580903152
2468 0.027356070048003597
2469 0.5118778945046859
2470 0.0021565797455291593
2471 0.13651545037592056
2472 0.45608812886089045
2473 0.46100561992770567
2474 0.3003030859401795
2475 0.37451552225983614
2476 0.3581378576200904
2477 0.012327238914971835
2478 0.43453315021144895
2479 0.6262885578655359
2480 0.18539145426405276
2481 0.41102031855712967
2482 0.43234849755548294
2483 0.3802971578595037
2484 0.2885288456394724
2485 0.25645502669358666
2486 0.29630746635363164
2487 0.39680028843533915
2488 0.38841710929064266
2489 0.3634587303848255
2490 0.35995519805062004
2491 0.011577475948811517
2492 0.2826604467409565
2493 0.24330654094518964
2494 0.5363599708036183
2495 0.017128023219468224
2496 0.2000672715867781
2498 0.03858485529270703
2497 0.6319180927655008
2499 0.5800557749328239
2500 0.3168507878946629
2501 0.5699723039865594
2502 4.453769585013905E-4
2503 0.08178565612183131
2507 0.18260294221147677
2504 0.49039453892650015
2505 0.30871400944668065
2506 0.4504902184627753
2509 0.4850757708707687
2508 0.325165845606347
2510 0.04658280789893017
2511 0.6109752222334046
2512 0.3935219974064456
2513 0.8484699720227312
2514 0.12026287772320762
2515 0.9467068416634015
2516 0.13806036724609688
2518 0.8230767862767382
2517 0.7904557687769318
2519 0.7900111427181
2520 0.7607100378823076
2521 0.7584930638480983
2522 0.4249315663186147
2523 0.5755614470421969
2524 0.7168313256146709
2525 0.41700173242833616
2526 0.6962939028148307
2527 0.3982030588432351
2528 0.5138561954950328
2529 0.08716394438579748
2530 0.40257999889895546
2531 0.7981214578829366
2532 0.8404443837330661
2533 0.8468081241968503
2534 0.7193071216101471
2535 0.7074996845193066
2536 0.24418724330064245
2537 0.24464307404648572
2538 0.7373317787985851
2539 0.6951659953651025
2540 0.3484330669515594
2541 0.26836972133690934
2542 0.7121313956401443
2543 0.7815021532458066
2544 0.6475095695804143
2545 0.6137203160200831
2546 0.3256906178091476
2547 0.7727320515671978
2548 0.8295503133620403
2549 0.40118066356124105
2550 0.4825225087791346
2551 0.29829817594977875
2552 0.23407952633334994
2553 0.7973161319402153
2554 0.5511342724787098
2555 0.5496738331242667
2556 0.701594821958878
2557 0.32888766657576046
2558 0.2762886580055188
2559 0.7147790697987522
2560 0.6680104690285877
2561 0.26466344916545337
2562 0.40671606270962324
2563 0.20962743015179036
2564 0.6102892633645013
2565 0.19174569988938875
2566 0.4105847896509989
2567 0.01713841852585321
2568 0.22037056397920876
2569 0.4163737403386158
2570 0.016158405386290674
2571 0.3360967120632364
2572 0.30791493815901544
2573 0.784615379475518
2574 0.014466855938407025
2575 0.47430186929106316
2576 0.36278288562499283
2577 0.5916493534051731
2578 0.7091471840698894
2579 0.024587705616570914
2580 0.15430626965505
2581 0.17326243271172356
2582 0.6007968570218419
2583 0.4010524398488718
2584 0.14289214914915452
2585 0.3404688800945451
2586 0.13700930236001874
2587 0.45510870090554545
2588 0.4932861227469495
2589 0.120157673207639
2590 0.36847543349568257
2591 0.5649358123975948
2592 0.4528059267019609
2593 0.14151518620771034
2594 0.005848101937941512
2595 0.47748242431144494
2596 0.3934113353381658
2597 0.661398910897141
2598 0.6042421942910882
2599 0.03386379774755688
2600 0.8199356914981908
2601 0.5358386534657396
2602 0.0168211588677113
2603 0.3855626318523447
2604 0.35238232597531927
2605 0.017097708114825517
2606 0.02399810680261813
2607 0.5888817311312156
2608 0.19464543205157547
2609 0.0
2610 0.4219364998521161
2612 0.012548155777769738
2611 0.1637487841062973
2613 0.09893044926455154
2614 0.5092415441268684
2615 0.14735906144511587
2616 0.42776628259448407
2617 0.47577898396280405
2618 0.3979108791712844
2619 0.555475540655083
2620 0.32757790391725183
2621 0.19757233285905657
2622 0.27916689877908707
2623 0.4434157020510227
2624 0.31140795323973575
2625 0.19180541672393359
2626 0.3695076071783081
2627 0.3729323564486522
2628 0.039242731852688124
2629 0.35630839949209653
2630 0.017151293761773344
2631 0.31371734596523215
2632 0.40510010644055783
2633 0.4630166376863597
2634 0.18264119905543344
2635 0.20528210057892057
2636 0.2868237888522781
2637 0.16867208909414597
2638 0.3470928847852009
2640 0.38412376739200216
2639 0.3122167038400999
2641 0.3216351828829184
2642 0.3124758918980893
2643 0.8131411621376975
2644 0.5903500662457648
2645 0.7182398353869056
2646 0.6532732016409453
2647 0.6645669890588572
2648 0.7035596193393973
2649 0.603842603869767
2650 0.2768966106476169
2651 0.47600956461161326
2652 0.16313437682262125
2653 0.5525553185466721
2654 0.13737560388016892
2655 0.2376112242142018
2656 0.691406912196145
2657 0.7588432022948314
2658 0.49442119409792934
2659 0.7123323369166598
2660 0.6761107772510941
2661 0.7659345209759127
2662 1.711835589928539E-4
2663 0.5040703690405254
2664 0.7006532270908471
2665 0.5006087018327017
2666 0.5718395531808544
2667 0.44045349608705425
2668 0.4408453599298097
2669 0.5262420629376872
2670 0.36422281073190893
2671 0.7038257806991417
2672 0.3787824657902631
2673 0.7139207679881899
2674 0.6250381468893677
2675 0.5712400964258684
2676 0.724224179785489
2677 0.591199121324632
2678 0.6165834012931469
2679 0.7311758549278097
2680 0.49500597730259616
2681 0.6663228650861902
2682 0.6917109697736
2683 0.3825588172690572
2684 0.6442154600858855
2685 0.6487778089746153
2686 0.27477590539108965
2687 0.06420669047595971
2688 0.12086700930117673
2689 0.6449523188298616
2690 0.4233294548572759
2691 0.8444346526251636
2692 0.5847766362734556
2693 0.0032794006298528396
2694 0.5840969753919971
2695 0.30290861389221085
2696 0.33958871873932633
2697 0.5835480361799785
2698 0.8912547723407804
2699 0.2918425033111691
2700 0.7732210806906612
2702 0.6043355878299251
2701 0.14614304120933558
2703 0.16844333614024898
2704 0.48119901515548213
2705 0.013173981719892055
2706 0.7698966284867572
2707 0.3556740403026612
2708 0.6976310075231907
2709 0.6366803742848853
2710 0.6775512420184253
2711 0.6125637016157366
2712 0.13741291465888988
2713 0.5701940773828934
2714 0.34654987115541885
2715 0.09055825923071716
2716 0.30278519252788205
2717 0.08969587127863299
2718 0.4400999235869047
2719 0.43541437165600655
2720 0.5063866595417561
2721 0.7575425592934696
2722 0.12178585086493339
2723 0.6270996171944473
2724 0.7783551556201125
2725 0.07918284249859227
2726 0.14557137322686
2727 0.4348478675525456
2728 0.4299958639269426
2729 0.299200957021824
2730 0.5692417433836932
2731 0.3901720610598474
2732 0.547723553137587
2733 0.551846060890809
2734 0.6110518856780055
2735 0.6236318895257233
2736 0.019773889652769105
2737 0.577620701585592
2738 0.27135108122991064
2739 0.3065721329113741
2740 0.01437661275307231
2741 0.32368166770538975
2742 0.5137930916771373
2743 0.6115946483142238
2744 0.26467255094317754
2745 0.640868387774125
2746 0.6523930543401099
2747 0.11673063671371936
2748 0.6292764103927951
2749 0.11479399758667855
2750 0.579851654721593
2751 0.6413827016994746
2752 0.5519122889324407
2753 0.7961678533900646
2754 0.7514061595908224
2755 0.7035746398235153
2756 0.4609455561731112
2757 0.27691157034597846
2758 0.6243800910739667
2759 0.6405418313617081
2760 0.5416580088980879
2761 0.06257782003355473
2762 0.5189007768797457
2763 0.38335835271460983
2764 0.3805727992304134
2765 0.46815209350321035
2766 0.35713208101635585
2767 0.6539356543614498
2768 0.38751451884708105
2769 0.5912045126148202
2771 0.22966943447728178
2770 0.700247923500635
2772 0.6378680694285636
2773 0.6312389216697385
2774 0.5818999396731828
2775 0.4443279638627526
2776 0.5480990713180901
2777 0.09505577171730543
2778 0.49547935108931357
2779 0.09514142003095631
2780 0.19688956572410354
2781 0.3722071891971239
2783 0.011154846318705999
2782 0.014620843631359424
2784 0.3346181979952266
2785 0.5748407565744681
2786 0.5713324557904788
2787 0.61365244122991
2788 0.26937598318619055
2789 0.44288735841743
2790 0.06870292349344206
2791 0.29325265531889283
2793 0.36437589243526536
2792 0.5066859065807298
2794 0.01899064257626174
2795 0.4594870010635159
2796 0.33012011211366016
2797 0.016814296251986903
2798 0.31915766748941965
2799 0.4573901748909007
2801 0.7371349900567241
2800 0.016609117576281498
2802 0.7698256938838121
2803 0.7546319421915832
2804 0.7344493723359502
2805 0.580059617541477
2807 0.6008911864270747
2806 0.3508766178694472
2808 0.7104487925460319
2809 0.6384177912547497
2810 0.8257063434608175
2811 0.64950873809607
2812 0.304120007132062
2813 0.7631273035349674
2814 0.8453482446669334
2815 0.6442128070763579
2816 0.3222997571691827
2817 0.6023441056826725
2818 0.5361848185445877
2820 0.34890641388918037
2819 0.5411685510644855
2821 0.41308041564555525
2822 0.42006775260818174
2823 0.4669441720263278
2824 0.24105572907744785
2825 0.4183109483717102
2826 0.11588151516999999
2827 0.39919103644021264
2828 0.08039754855130982
2829 0.1632542185831202
2830 0.25726478708289596
2831 0.16069735643418645
2832 0.06006568741244897
2833 0.41292287670927574
2834 0.3648095273072493
2835 0.43120005889091845
2836 0.3884562210349925
2837 0.30680421375667816
2838 0.24204242312852672
2839 0.2703708044016164
2840 0.17831089268984193
2841 0.3603066819750107
2842 0.13296966520841233
2843 0.19291541738753284
2844 0.1338662575991697
2847 0.02064334284351969
2845 0.17423549838408964
2846 0.13883971626234257
2848 0.18855613806717583
2849 0.1570735321470647
2850 0.47602333458389534
2851 0.5262743210215834
2852 0.3510903948876826
2853 0.47357306406178973
2854 0.5943711825351009
2855 0.25464792266144587
2856 0.2697141732728253
2857 0.41923245894161076
2858 0.5140677014339042
2859 0.4224175587941457
2860 0.017206660781345168
2861 0.2905793123912319
2862 0.5029897772894862
2863 0.5260512519362671
2864 0.3822030993210232
2865 0.6609704269104447
2866 0.6431115046114013
2867 0.5946174345851847
2868 0.6020695602505794
2869 0.28356152802365625
2870 0.4834550166643176
2871 0.43522721181053553
2872 0.15209799013213235
2873 0.17975129825096842
2874 0.3386748153110591
2875 0.3866905412427462
2876 0.06714395660582241
2877 0.03334368509940673
2878 0.37605998872423185
2879 0.529994444114954
2880 0.4111813845088495
2881 0.706765784755737
2882 0.8830301499035095
2883 0.3711684008594274
2884 0.4299424528874975
2885 0.26199930555159656
2886 0.646526191865353
2887 0.5645374807364127
2888 0.24090168618079952
2889 0.6236133447340789
2890 0.16669630650921524
2891 0.011146190590579641
2892 0.2732692470093704
2893 0.8014247767606293
2894 0.09468603080384719
2895 0.673109130716599
2896 0.08073266591470805
2897 0.7663552487522342
2898 0.7439403908523996
2899 0.764034913637834
2900 0.00794245633873355
2901 0.6073188485677947
2902 0.5852713965796736
2903 0.5303935655693859
2904 0.6421627289645552
2905 0.27552156655146254
2906 0.5234860538206375
2907 0.2342423910317301
2908 0.27906954134801976
2909 0.4328828377506998
2910 0.1910391202071823
2911 0.2129061801252337
2912 0.03666716224191103
2913 0.09253411567878701
2915 0.6861210523486132
2914 0.6967903802020029
2916 0.18044644913185928
2917 0.1562028918100149
2918 0.5113281458981721
2919 0.24015058141591342
2920 0.2109947578208408
2921 0.263882310672623
2922 0.4107439803591055
2923 0.012416941450306931
2924 0.5082401528855465
2925 0.4678061807116037
2927 0.6315196902745618
2926 0.25766350684656647
2928 0.28676002634658365
2929 0.16670414525653285
2930 0.00784787207127628
2931 0.7203779466594907
2932 0.7051478692499803
2933 0.5747669448230606
2934 0.03550910145319413
2935 0.5730025521782813
2936 0.5292404107910089
2937 0.002112768926655644
2938 0.47496627429785154
2939 0.41993950257886287
2940 0.2975575805438447
2941 0.32187105492340196
2942 0.36362855266806154
2943 0.00879475830142709
2944 0.0026711791008065906
2945 0.6208638698866665
2946 0.5537885617058218
2947 0.06605991865083535
2948 0.5033968466930706
2949 0.49009444390263207
2950 0.36507662489055126
2951 0.41464993424420604
2953 0.24165967665811336
2952 0.15716584893462432
2954 0.27325948230334923
2955 0.37361558026251873
2956 0.3022861428924934
2957 0.2537049935497816
2959 0.46951180151702815
2958 0.15829083327862867
2960 0.24971651811343507
2961 0.8412073393486166
2962 0.6838200748468831
2963 0.8323772642047803
2965 0.7446824679265862
2964 0.8177708652160794
2966 0.14267571078195743
2967 0.7447845940296213
2968 0.6805273023164446
2969 0.6866668229887755
2970 0.09444755254292105
2971 0.6937411544237376
2972 0.6066547108815172
2973 0.48320772225258096
2975 0.22980959347169222
2974 0.618877075535575
2976 0.40771828003749283
2978 0.20172096882565468
2977 0.6982280922922044
2979 0.5350363612549013
2981 0.738210027778015
2982 0.12815458152844042
2980 0.2752432451333002
2983 0.8023698092907233
2985 0.7776166461924221
2984 0.36590177798328
2986 0.7540617761346837
2987 0.05631153639126024
2988 0.7525830049006862
2989 0.3967857318742441
2990 0.27189489025192265
2991 0.028244673300547234
2992 0.7978821028164526
2995 0.2651375375091572
2994 0.6988041188284454
2996 0.04625428566213321
2997 0.08161567323442245
2998 0.5363521900275937
2999 0.4904591288647024
2993 0.17372626035016067
3000 0.1289053904800518
3001 0.5952095367009498
3003 0.5575015619544095
3004 0.48845822947933726
3002 0.11300992094493946
3005 0.22767286652471921
3006 0.08872599065522119
3007 0.6411678595952114
3009 0.664207455046965
3008 0.2272001564591718
3010 0.8482053683800334
3011 0.7017908966284832
3012 0.5715503930265438
3013 0.4926559096293263
3015 0.6673036271027356
3014 0.6742272384932744
3016 0.6326561469131897
3017 0.6343159302211101
3018 0.04828051095340834
3019 0.3345284923297326
3020 0.5718288132488735
3021 0.05041114943892713
3022 0.22304567340687467
3023 0.06691472063484905
3025 0.8059051257344844
3024 0.6094844795638519
3026 0.8016025957102749
3027 0.77300250092325
3028 0.32132788537915447
3029 0.0957149636751754
3030 0.7565159913339433
3032 0.004713601654889836
3031 0.7697526082818996
3033 0.7383415529079204
3034 0.11711431771632143
3035 0.6689706499851952
3036 0.6522994084146727
3037 0.8023173166133772
3039 0.05553285566730898
3038 0.6856338531800186
3040 0.5957118015483542
3041 0.6189056455106862
3042 0.20177488212025443
3043 0.6558537069034528
3044 0.8662863642700599
3045 0.272499278351468
3046 0.26944019182428997
3047 0.6475036950394593
3048 0.5949177940228769
3049 0.641785681992333
3050 0.017185562781860102
3051 0.24396966592754624
3052 0.5498527976041253
3053 0.1568910647785782
3054 0.5434720058855582
3056 0.30903069497436536
3055 0.2974386605651255
3057 0.6927379807666981
3059 0.8032560747454872
3058 0.2740299346484082
3060 0.6947688036964904
3061 0.610666635802301
3062 0.851546883378037
3063 0.3706003223171142
3064 0.22864100469523124
3065 0.49304490372588927
3066 0.573772222546242
3067 0.34476956579858525
3069 0.2751582445479745
3068 0.4846497769777757
3070 0.13754781000116717
3071 0.40984757392346577
3072 0.800273424270369
3074 0.26863976942368095
3073 0.6871467787602815
3075 0.3170983447939126
3076 0.5696750583963577
3077 0.5981063827991084
3078 0.12090792773293808
3079 0.5611676764470603
3080 0.4823514231387974
3081 0.47125331209249993
3082 0.45431867419498134
3083 0.33661793100184334
3084 0.08142232960196813
3086 0.3877635922261124
3085 0.270285171014328
3087 0.3926739206071509
3088 0.20133595416175726
3089 0.693926672500611
3090 0.09367810417828948
3091 0.34996713518896383
3092 0.6258386482143089
3093 0.6962797467521864
3094 0.05318135186460285
3095 0.017384526979953237
3096 0.7098646535676606
3097 0.636623547945676
3098 0.3137867617160626
3099 0.44967130553734563
3100 0.209215850202716
3101 0.40636278431205275
3102 0.7070658241481277
3103 0.5594340707454739
3104 0.7850681142954069
3105 0.7565983143904612
3106 0.6627419641153512
3107 0.6902636496343741
3108 0.6037223263492885
3109 0.5918042639644534
3110 0.5947373686762256
3111 0.4527852066503402
3112 0.010143815920794703
3113 0.1416290291625117
3114 0.49656782478894157
3115 0.5090927864334589
3116 0.5036133910476829
3117 0.4881866959125353
3118 0.4148194432388849
3119 0.6294248683516479
3120 0.0042200957813972794
3121 0.0808278295951716
3122 0.3174954536738038
3123 0.2860331511017393
3124 0.47404088305062875
3125 0.45477295107230054
3126 0.4205609810648865
3128 0.25982975519703416
3127 0.5618761974130377
3129 0.47898572343629164
3130 0.29752807699407646
3131 0.37610047066923785
3132 0.18751208303758057
3133 0.2591195392050953
3134 0.14473622896443117
3135 0.40333605967818176
3136 0.4349925818373831
3137 0.20303500980038647
3138 0.0
3139 0.5156033379902719
3140 0.47082332291284823
3141 0.036926319752966695
3142 0.39654990067514584
3143 0.2820238012238325
3144 0.32165786431645915
3145 0.07655993196650311
3146 0.27423370973655464
3147 0.18926743903335716
3148 0.2747858874074412
3149 0.1302693653573324
3150 0.24331579904960243
3151 0.2490574498927968
3152 0.2703061463055655
3153 0.6918624500946375
3154 0.6804211250904677
3155 0.6821494003918595
3156 0.11498979008196356
3157 0.5205910922183864
3158 0.2661298162319709
3159 0.4278090771754758
3160 0.5320458123517781
3161 0.10004641637485684
3162 0.36692888926528694
3163 0.43805569817528384
3164 0.18814784546724891
3165 0.30236762540197354
3167 0.5266205158777001
3166 0.29000655550101617
3168 0.023539214453686737
3169 0.04285504579076976
3170 0.38824007799100785
3171 0.39324767502307245
3172 0.6558094470661526
3173 0.036505761040043154
3174 0.5007627238015525
3175 0.40735717108992514
3176 0.4932367900910937
3177 0.6041556910679848
3178 0.6226805926289983
3179 0.48112184751606707
3180 0.06137845459075857
3181 0.40925077264608656
3182 0.6773255242176728
3183 0.6158990227893021
3184 0.039828192804828716
3185 0.39023029773736634
3186 0.0058364309488676555
3187 0.0058174040306615315
3188 0.34214272793677525
3189 0.13784787564822817
3190 0.1722171955108112
3191 0.07086752138175663
3192 0.13252872541468036
3193 0.25600381791311766
3194 0.014326396198261464
3195 0.48237060022338785
3196 0.2954948685014091
3197 0.29438022895810173
3199 0.3497449709225035
3198 0.3045467791391109
3200 0.3869086626706782
3201 0.8472140728401699
3202 0.8575577519304455
3204 0.7915795232368921
3203 0.799105784895923
3205 0.7814099132021576
3206 0.7649930511336901
3207 0.7111752173711795
3208 0.6190134058938149
3209 0.20849206939166337
3210 0.13768047572630732
3211 0.5893699750376689
3212 0.16531009466030788
3213 0.6751890246921961
3214 0.5383204151547251
3215 0.6650110010623155
3216 0.5904015198855491
3217 0.13097588348685857
3218 0.353593399828458
3220 0.005833905373867808
3219 0.4709961641816564
3221 0.027869289121492627
3222 0.01719547168076301
3223 0.36003959538647884
3224 0.12560216995326526
3225 0.34042117834015617
3226 0.3438790183321613
3227 0.38217507533063516
3228 0.08584856083444331
3229 0.23269407310579376
3230 0.2998918782506754
3231 0.47680071735194374
3232 0.0909747406464259
3233 0.5732077673315013
3234 0.43416834576161656
3235 0.3869121550620252
3236 0.5797857421870438
3237 0.41803895884500275
3238 0.3428518227206341
3239 0.5585520278473382
3240 0.16605797184350304
3241 0.5167762212335332
3242 0.3233427321698652
3243 0.49678358149408236
3245 0.20513301072235465
3244 0.12599398182096302
3246 0.36648191454079593
3247 0.6434663893240322
3248 0.4173580539705623
3249 0.6624239985541859
3250 0.6580628569281202
3251 0.6061690112834586
3252 0.6492294184536151
3253 0.5148196394523306
3254 0.6793152959811509
3255 0.5856545350974803
3256 0.20637220223008193
3257 0.5551963236403763
3258 0.30043352014388836
3259 0.48351273208951845
3260 0.5392635142807378
3261 0.30347686476938557
3262 0.10622572071078483
3263 0.5962046956849878
3264 0.07056248763319586
3265 0.6695219276398764
3266 0.14787132643179607
3267 0.6492294377906457
3268 0.6217302387577381
3269 0.6987126379431455
3270 0.5344536020856528
3271 0.08752817121641078
3272 0.6121403983482657
3273 0.43822824742629385
3274 0.5282998744787404
3275 0.30894627033253275
3276 0.22856802711639326
3277 0.4355467806192455
3278 0.25205418544853003
3279 0.5139394199914746
3280 0.34492666597765254
3281 0.8451634483607512
3282 0.21203855553832768
3283 0.8276393279314266
3284 0.3615612828675588
3285 0.525942247096018
3286 0.28770856504357395
3287 9.958405751723492E-4
3288 0.1830889974516835
3289 0.4006700123006215
3291 0.379050273980025
3290 0.7505021920131996
3292 0.13516376976464586
3293 0.23447256133521413
3294 0.4681405499480043
3296 0.25783226513564694
3295 0.8334344250227149
3297 0.9200274801669026
3298 0.8273522007842101
3299 0.6802839899765318
3300 0.19171455852141372
3301 0.6965898327120333
3302 0.3534505806530816
3303 0.2440866693885022
3304 0.028099591816531586
3305 0.16977638804576817
3306 0.8442688852483023
3307 0.311943752411292
3308 0.41600764006065777
3310 0.6979417400109816
3309 0.7465971186647192
3311 0.6103975139859804
3312 0.5480470976866987
3313 0.7444398390007093
3314 0.039327105320885826
3315 0.18633571368290544
3316 0.08089475648860242
3317 0.21907313295177513
3318 0.43785471397403064
3319 0.03947233014544134
3320 0.5550231313765023
3321 0.5944225681748103
3322 0.19882914614398037
3323 0.10952145614382765
3324 0.4632371870399297
3325 0.4814223393373973
3326 0.4991480756238685
3327 0.6695264485233922
3328 0.4439906888293921
3329 0.011057895140933229
3330 0.7167186170945471
3331 0.6832386357484893
3332 0.008699225852992395
3333 0.0
3334 0.469989910781582
3335 0.495200475512029
3336 0.43744215909992656
3337 0.4208117235888036
3338 0.39013543487682456
3339 0.4368551396520582
3340 0.3082711912183693
3341 0.13354077331159184
3342 0.2938845892605391
3343 0.26813806233610427
3344 0.3974570441547231
3345 0.6852741834600413
3346 0.5786925008949646
3347 0.043075179692616664
3348 0.7103551019636957
3349 0.03740628141231256
3350 0.6974606229473924
3351 0.37408391827097415
3352 0.01731517337163644
3353 0.31752527655310986
3354 0.42465231736778797
3355 0.0748345949603092
3356 0.6587401265695705
3357 0.47558668648723723
3358 0.6529485882057674
3359 0.7244597704794477
3360 0.5065842860738662
3361 0.7664877350729808
3362 0.8670157184755694
3363 0.33985271537479933
3364 0.7570711757056394
3365 0.672612314011975
3366 0.03099174718783848
3367 0.18311454711900568
3368 0.6710166655604932
3369 0.1376324574690746
3370 0.49487559944175397
3371 0.6165136559182853
3372 0.5797588121553877
3373 0.9264088508103773
3374 0.05018895080467341
3375 0.674117571634361
3376 0.152342191018014
3377 0.32272111895026595
3378 0.3942799156339881
3379 0.5533813540123866
3380 0.5458031008042538
3381 0.5676992121101093
3382 0.3800294450606527
3383 0.46785306113309166
3384 0.2271877610469635
3385 0.4523062807215815
3386 0.32944875179386696
3387 0.3700538411008121
3388 0.54515429919588
3389 0.4926985865663054
3390 0.08152774832996058
3391 0.46735900447586326
3392 0.02010419896185753
3393 0.641807449024715
3394 0.7794444280115862
3395 0.5374599915229636
3396 0.7179318175800404
3397 0.11153714847512548
3398 0.6339649188818065
3399 0.6444078110595792
3400 0.5527746491588498
3401 0.6172906884234585
3402 0.174209358390166
3403 0.5317147660917924
3404 0.5291738853112837
3405 0.4463887492364711
3406 0.048154152425212544
3407 0.6096123893561938
3408 0.16913386074585912
3409 0.7940873725403008
3410 0.7890566249083435
3411 0.6998346796903456
3413 0.6924437069108206
3412 0.3004480241873845
3414 0.6557006146927609
3415 0.6122951108974701
3416 0.5862623487497468
3417 0.24201890976712676
3418 0.5256993260043492
3419 0.5549369130729433
3420 0.523412437813094
3421 0.4868146976583681
3422 0.3927719243067046
3423 0.05260146141416425
3424 0.12973029031810124
3425 0.689089089563726
3426 0.4458514281349235
3427 0.4485807102903586
3428 0.7466197719723603
3429 0.6148570420085521
3430 0.3505858682074564
3431 0.6264735977459256
3432 0.6398559623095701
3433 0.5429143002052167
3434 0.6446815790410645
3435 0.07659630376689902
3436 0.3433628380489052
3437 0.6198056633164009
3438 0.6021529251413091
3439 0.6613517019534452
3440 0.5578430152850052
3441 0.8651694576745937
3442 0.8471431238241268
3443 0.14109001647993366
3444 0.013816870395143161
3445 0.7650372481389971
3446 0.22606721212107694
3447 0.25136184767722974
3448 0.6827212841973542
3449 0.1982531634590226
3450 0.6219493311604272
3451 0.25669144257149534
3452 0.5637433589383124
3453 0.6217836001495745
3454 0.29550060413273543
3455 0.6086866787302466
3456 0.001664309367898349
3457 0.24063976788222058
3458 0.7536531205684355
3459 0.32395845982781485
3460 0.1091656225640163
3461 0.8078692702127341
3462 0.6740944210430003
3463 0.642097413251569
3464 0.46354306048729976
3465 0.36635641100399413
3466 0.6666744757079132
3467 0.018319620425723316
3468 0.4852391152633048
3469 0.4390758437527468
3470 0.6242430724499008
3471 0.6909235964575887
3472 0.6398499413954422
3473 0.11920878916443892
3474 0.8081152395278784
3475 0.15211958410169818
3476 0.7342067606316199
3477 0.6909019232520819
3478 0.2500007313940613
3479 0.4716951620800916
3480 0.018325687441940207
3481 0.5821878147516055
3482 0.5306903547882859
3483 0.5886356851554212
3484 0.014326741544573756
3485 0.3623708036794866
3486 0.03962112388284493
3487 0.24713225908444736
3488 0.35900460562734987
3489 0.13596987204479344
3490 0.10465243161641415
3491 0.007602558714801361
3492 0.7833833561821683
3493 0.6931848897820986
3494 0.166554735451489
3495 0.6761018791074704
3496 0.22842475123173978
3497 0.7076347646301793
3498 0.14854890876071086
3499 0.037186097531437624
3500 0.6756701804209968
3501 0.7211147773205423
3502 0.4118028954540494
3503 0.25504658363387533
3504 0.6446559334059262
3505 0.5053624762631465
3506 0.0058370287667706515
3507 0.0058507092869278425
3508 0.2076648800453078
3510 0.4955414708287742
3509 0.17163575769649944
3511 0.0669476973678637
3512 0.5351804127507092
3513 0.3202847854084575
3515 0.028396999615794172
3514 0.45433150470347144
3516 0.01722888424995428
3517 0.01723906957959864
3518 0.10436498549582998
3519 0.4071491990621288
3520 0.1508730382487979
3521 0.6170894179749671
3522 0.6226343244763499
3523 0.546893618015821
3524 0.5512243668108341
3525 0.06387020398306652
3526 0.5398235751169714
3527 0.4583333533746546
3528 0.4865291101054437
3529 0.33923806471300216
3530 0.46879660558205016
3531 0.38286723500638925
3533 0.34986059083663484
3532 0.39963148845640195
3534 0.32941691952538615
3535 0.4327700253433367
3536 0.11655513043903566
3537 0.7288034915396822
3538 0.6496169123272703
3539 0.3925204731775729
3540 0.7590577583038088
3541 0.33254169959263136
3542 0.7546423959307305
3543 0.7505831542116541
3544 0.802706789416193
3545 0.04028170658138605
3546 0.5822053217645266
3548 0.6876274153517096
3547 0.5163513439818193
3549 0.23986837601565272
3551 0.6907731592582295
3550 0.024724610499918892
3553 0.86385922126915
3552 0.5309862148392965
3555 0.7084777603302091
3554 0.8020568363388669
3556 0.7037091866631572
3557 0.6923058007859356
3558 0.20568206616293455
3559 0.07166475021149403
3560 0.6911704106656038
3561 0.627843648283753
3562 0.4999520241040281
3563 0.13220748797658832
3565 0.3196523419168399
3564 0.3739083976236203
3566 0.15726291187492272
3567 4.240087279218472E-4
3568 0.41370172069821814
3569 0.5649212836892258
3570 0.5546712903835145
3571 0.7089962281581668
3572 0.7238534988141054
3573 0.028566155125508894
3574 0.5632596336051116
3575 0.3437223347996101
3576 0.5639152276125703
3577 0.387573721537747
3578 0.6301425278485557
3580 0.2891534163139661
3579 0.5324027586068266
3581 0.6195360095192189
3582 0.017300662640353924
3583 0.827496456984522
3584 0.3348679280570401
3585 0.6049369405931841
3586 0.369188759068213
3587 0.5135886053725062
3588 0.1562138935989816
3589 0.5015829970570492
3591 0.5872673657968523
3590 0.6171690269634768
3592 0.4282605464792221
3593 0.20973192885651845
3594 0.552464510786388
3595 0.510318062067196
3596 0.48341332799838754
3597 0.22177609371419363
3598 0.5455657018537136
3599 0.5936652894438351
3600 0.4812044868304752
3601 0.660521414781279
3602 0.25004118589396923
3603 0.05113827344646376
3604 0.4735589252938513
3605 0.137462776462702
3606 0.35598055859937516
3607 0.3361214506373685
3608 0.3298505377059692
3609 0.47565091040553303
3610 0.35482025845511045
3611 0.260283765879869
3612 0.27906951313899164
3613 0.3272890660198499
3614 0.12967133438477052
3615 0.4023800438911363
3616 0.06540512562587443
3617 0.4109243253180044
3618 0.39582588739214625
3619 0.6843279647478501
3620 0.5509216880208965
3621 0.5183634877015171
3622 0.5729457796473348
3623 0.6511396297775228
3625 0.159120518891709
3624 0.25947229685358053
3626 0.011579954628427806
3627 0.14807092683215184
3628 0.4399057325494189
3629 0.4211102932225706
3630 0.49611505671172434
3631 0.2772598059676627
3632 0.308656376811335
3633 0.5644748353182895
3634 0.5659240189957035
3635 0.7353861026203894
3636 0.019984277009305187
3637 0.6104785916313186
3638 0.44572024135731286
3639 0.006962273687249784
3640 0.4356842995401886
3642 0.568578757062616
3641 0.11548442985668102
3643 0.587352097201766
3644 0.4071919698400029
3645 0.5544200379063055
3646 0.37196444501770287
3647 0.5228951327713321
3648 0.5403745915015683
3649 0.8171148392924307
3650 0.5862725448898671
3651 0.730942626986099
3652 0.12542538781903248
3653 0.7009230605641377
3654 0.6314189515138917
3655 0.6428145933972069
3656 0.2814535452930651
3657 0.17884860441564165
3658 0.23753925850653324
3659 0.7052665841723061
3660 0.6240628520809975
3661 0.6076612573477006
3662 0.5911366212280188
3663 0.7691041884298937
3664 0.5455895873983955
3665 0.17798901496886424
3666 0.6560726459615246
3667 0.6337573379600981
3668 0.6086761725066537
3669 0.35196159198328286
3670 0.4816134209396638
3671 0.3156258924513705
3672 0.4806349801287536
3674 0.5214280131733803
3673 0.5350427596595896
3675 0.44131782267156405
3676 0.18714986327610716
3677 0.45596702095552405
3678 0.24564617197087874
3679 0.6162625546036918
3681 0.2968647805074561
3682 0.532392114636761
3680 0.4022224507801472
3683 0.49772372415475713
3684 0.4481247206706081
3685 0.004892881756572855
3686 0.5531808825512581
3687 0.421193861003895
3689 0.2723991324660368
3688 0.23466686941797085
3691 0.39024067313044003
3690 0.4242797214817215
3692 0.4242352050939214
3693 0.36266402152346056
3694 0.3459162175809902
3695 0.4778072153080443
3696 0.40698803931868877
3697 0.6073054680161063
3698 0.48500662246500764
3699 0.19592114783391473
3700 0.4636781979161796
3701 0.3969129936551386
3702 0.3164297047720472
3703 0.4981793452835723
3704 0.6151453243421879
3705 0.5846320560049427
3706 0.318161191360861
3707 0.5055318104334563
3708 0.11009588218037165
3709 0.5368917830164938
3710 0.3323181434892278
3711 0.545009004283841
3712 0.3247209261191688
3713 0.5773017068142983
3714 0.02608143877850743
3715 0.7248478692914034
3716 0.7391162241184762
3717 0.5950151014635668
3718 0.5641190176993498
3719 0.5898515560209416
3721 0.5968547585620069
3720 0.3353489115340955
3722 0.4534268771728104
3723 0.4483526847660698
3724 0.33551121287232416
3725 0.4853561495247158
3726 0.4349846485509525
3727 0.6197375172683224
3728 0.4051700042233887
3729 0.7038006854322043
3730 0.6739823987204033
3731 0.17610820204310276
3732 0.2034006004343778
3733 0.6772219788055417
3734 0.4281265842109077
3735 0.32875471914448645
3736 0.6412096087066652
3737 0.46626015749301225
3738 0.5494484122475277
3739 0.29497462251789736
3740 0.13092264190861652
3741 0.11648280069101816
3742 0.38136212965567745
3743 0.4712524945050642
3744 0.4893850135628355
3746 0.6977617143664692
3745 0.487648959284189
3747 0.67728466945325
3748 0.19353726037038044
3749 0.8135559302533971
3751 0.13266352323622377
3750 0.033962518363596816
3752 0.6683931533131935
3753 0.23515360088122936
3754 0.14102400790391426
3755 0.1814491607425182
3756 0.4934777537685491
3757 0.8005663165929433
3758 0.5524786360683718
3759 0.9640384489294684
3760 0.4743760352284901
3761 0.29593770934735886
3762 0.7219600176898424
3763 0.9222132918006173
3764 0.7052