1 8.724740752548095E-6
2 2.0120118037505237
4 0.843405866883689
3 0.5126446842709907
5 1.0237071926441772
6 6.483772192043998
7 0.22646444989960748
8 0.6534491909768706
9 0.9675713761731528
10 0.8763976650106711
11 1.0035914977817066
12 0.20630168784301653
13 0.12515132719056188
14 0.9984082326501776
15 0.7498314699068933
16 0.7483887321177144
17 0.7470869442825073
18 0.6376336757213216
19 1.6800312727577666
20 1.1390115014258246
21 0.07345444572701693
22 0.19926520041929296
23 0.01171271769448234
24 0.6032436226267774
25 0.023327858714153386
26 0.21228301642367772
27 0.9351456370030287
28 0.5108579028767529
29 0.5500577899443729
30 0.3071287816967578
31 0.9998501581442828
32 0.16488477652563216
33 0.028409505198887713
34 0.7251348557561433
35 0.17878830077338895
36 0.22733363292944309
37 0.5150288980362757
38 1.3632693558449693
39 0.9997253531036727
40 0.01201446073830127
41 0.6036964944353296
42 0.8098892819673921
44 0.22755617313120602
43 0.07246994560325605
45 0.9160943490769288
46 0.5016303913365138
47 0.42191085862597466
48 0.0012313340042236008
49 1.5428461397400122
50 0.17708218514513707
51 0.40007477175692713
52 2.4972972639252684
53 0.3152539576072491
54 1.0244979272918049
55 0.788873388085332
56 0.9950204110496373
58 1.0052893026212806
57 0.34866245523479905
59 0.9850892912200206
60 1.0000155065812544
61 0.03135843453534061
62 1.6089683621705697
63 3.8233845178529355
64 4.5032540831679625E-6
65 1.7609594802303203
66 0.31141802475168345
67 0.3339641524556393
68 0.03624103185861834
69 0.5167388050494528
70 0.9899816985883335
71 0.5905194847990854
72 0.0060744448244945395
73 1.0072122164334005
74 0.9825877406806156
75 0.8097589506008975
76 0.7379327775371274
77 0.7595823437406101
78 0.39793151371440916
79 0.9108581200551342
80 0.9038160590356312
81 3.4365851681116677
82 1.9069871182830384E-8
83 0.857252780379372
84 0.05121539312789079
86 2.89477436739084
85 0.8777898104905901
87 0.4004950975124304
89 1.1642802161780121
88 1.010846555153137
90 0.6871173815595307
91 1.0
92 1.3054622469039663
93 1.9738600124171768
94 0.22656945248424368
95 0.9031769298704249
97 0.0
96 0.28984807603601215
98 2.740226486232883
99 1.0138679011983651
100 0.7954071603760902
101 1.5209220464008772
102 0.880993886190188
103 0.9641303539769919
104 0.19378159339242562
105 0.7727356089744976
106 1.0886392364674387
107 0.8489500266145124
109 1.256343820644641
108 2.0116324897870737
110 1.0758144443487037
111 0.808983447368162
112 0.04274506832104618
114 0.01794192660594434
115 1.4028084832507077
113 0.9019159099678647
116 0.622626490371912
117 1.29692929341
118 0.06040910555686173
119 1.0533701258636845
120 0.9697902591126684
121 0.9906493300041492
122 0.32006376895264266
123 0.23473162123068156
124 1.0552184408687262
126 0.003243762909966464
125 0.8131576078214713
127 0.6111405390952094
128 0.11374672582073099
129 3.125660295708352
130 0.03289089770202973
131 5.534147537629948E-4
132 0.37780788081294486
133 1.0042939069876513
134 0.9618573030544786
135 0.028519243205893156
136 0.6700537673292872
137 0.1749823546622208
138 0.277411117618304
139 0.9932400543456135
140 0.6856443434285797
141 0.9009348856134133
142 0.03844632953360691
144 0.8162459759652301
143 0.036004786221309565
145 1.6004772676484562
147 0.5153913224382602
146 0.7819372061998668
148 0.7560253619492342
149 0.8510416937023945
150 0.805921854589904
151 0.9349540075120196
152 3.187137128684493E-4
153 0.9643118612431
156 0.5266913930678094
154 0.4370450387711174
155 1.0036185792790329
157 0.26216912434501605
158 0.8615187523580621
159 0.39644142300784474
160 0.12494166008613207
161 1.2347083419352485
162 0.5508224305328794
163 1.2607023282504897
164 0.26046395772826375
165 0.5961440970724052
166 0.9509131224588535
168 0.12155653987806836
169 0.17874123416663854
167 0.11909728049278966
170 0.989155511903698
171 0.7153917137464857
172 0.12326489492955735
173 1.0000068958349595
174 0.3629750727344039
175 0.6071224523508386
176 0.2249349562676196
177 0.9961631335163799
178 0.0062863462750955956
180 6.510659735703815E-9
179 0.9448921886419125
181 0.9803793233427909
182 1.1492242854215333
183 1.1644617254357152
184 0.03893416965948299
185 0.016812569924421428
186 0.01699218409775931
187 0.9065705791129559
188 1.1934790678889802E-8
189 1.001267948973092
190 0.7569025553259625
191 1.4129191728563288
192 0.4969881598722786
193 0.5348342098348008
194 0.9981001134751313
195 3.0438049072680218
196 0.4891895654218802
198 1.010924045380887
197 1.0845340684573737
199 0.1949077649382984
200 0.287611273688767
201 1.5705876710253905
202 0.9048773476182879
203 1.0376672044273334
204 1.7016134646430439
205 1.0698923471771766
206 0.030899700351614375
207 0.2288532730334327
208 0.7968475424630546
209 0.9704435484226258
210 14.580113082896842
211 0.9268306315625543
212 0.6158194278484408
213 7.863346109193976E-6
214 1.06601233815247
215 0.02694610123846161
216 0.4433993340140989
217 1.7654399908782794
218 0.515221652498392
219 0.45650538294332055
220 1.0347508089665958
221 0.9481045356606802
222 0.07152783506747405
223 0.4507252827163396
226 2.6780191010430876
224 0.8213007756893546
225 1.130921442084391
227 0.5024937086185326
228 0.7650429966819251
229 0.24104760754714574
230 1.2995959208586512
231 0.9901361338863326
232 1.0981900526391772
233 0.7636637984928702
234 0.9296684376758347
235 0.9419638182607812
236 0.7703451799081185
237 0.5026612584425192
238 0.5390670080162017
239 0.13486457666523155
241 0.11722555494265302
240 0.8623848609233813
242 1.4374919713207501
243 0.18346171271267891
244 0.8392887875269591
245 1.2169109875463269
246 0.6220389853823558
248 0.9311223996342275
247 0.847828550239293
249 0.2981137410962813
250 2.807793348682722
251 1.0916966698634853
252 5.090477090804023
253 1.297832897564036
254 0.29831577184008495
257 0.47636466049839477
255 0.9972412805362768
256 1.0440554253047991
258 1.4678887049231577
259 0.026317225126562104
260 0.1145277624519218
261 0.16925075810859247
262 0.9401561637554522
263 0.2902446991112044
264 0.8384818764931941
265 1.151252584010159
266 0.4248104325128674
267 0.25148627114447
268 0.544156949226832
269 0.6318819604198721
270 0.6442771252293512
271 0.8261841238730672
272 0.0
273 0.9961233531093423
274 0.03298253403771081
275 0.9891431666815393
276 0.8705727002996767
277 1.0018028525933629
278 0.435929941652563
279 0.3041829765382878
280 0.9147321276192784
281 0.762688599293338
282 0.5189242826160128
283 0.5890069438690605
284 0.6585410419508356
285 0.7000975527610415
286 0.9156895740312168
287 0.3601903350272069
288 1.0
289 0.9812847584345586
290 0.7260423569954066
291 1.1552807389038577
292 1.177546124178116
294 0.26345981689231757
293 1.0000510706802561
295 3.367650230847375
296 0.6854435091611083
297 0.48344225459865103
298 0.9973806610177719
299 0.9962852967237714
300 0.36906830068942637
301 1.1742734072132375
302 0.9981645931799908
303 0.9986992851406614
304 0.20202973843566202
305 0.736150167234736
306 0.528578570463284
307 0.9383001733441274
308 0.9988126718223042
309 0.9374648155260605
310 0.9775961522349657
311 0.4571256074576426
312 0.46762094008394023
313 0.22389314988156678
314 0.5411083169959817
315 0.8938119383790684
316 0.12053089221538704
317 0.7057100468710737
318 0.07204345118601344
319 0.7035581661681531
320 0.6858562154923378
321 1.0
323 0.999959193408336
324 1.0023682950343684
322 1.698255467022153
325 0.3762122584368832
326 1.0328960715802005
327 0.7475038851637743
328 0.9188791158220166
329 0.034126545713608285
330 0.5316371903700398
331 0.16203950107558773
333 1.0444178984288455
332 0.5477732131909577
334 0.8404278360351352
335 0.23350983097817146
337 0.12169140814846456
336 1.8416350677919152E-5
338 1.3456885152943752
339 1.0002320909617977
340 0.7376228704260699
341 0.9579169024748583
342 2.7644262043735695
343 0.452426248216008
344 1.4922115918669825
345 0.2786583232215012
346 0.6957665151438244
347 0.5212626604390537
349 0.8213953218724087
348 0.9295346528529834
350 0.81425235027728
351 0.99374107687596
352 0.8736668393725047
353 0.30453721876089596
354 0.2179665762430562
355 2.775555193275661
357 0.1239036212185319
356 0.14501686249126414
359 1.0719213259841327
358 0.9902363726019504
360 0.6014437530324095
362 0.6854259111156332
361 0.1816867884976111
363 1.0299429524124595
364 0.6193787787191714
365 1.0028382905889677
366 0.7459358738807859
367 0.7863609837591404
368 0.6073578659528244
369 0.6137779898709791
370 0.9985482994776045
371 0.006700530292996361
372 0.2492376329704849
373 1.5067830818874022
374 0.012921710533677909
375 0.8226246981142158
376 0.9812392811867496
377 0.8207945209783334
378 0.8307087244441517
379 1.0323347015750963
380 0.5996168724070071
381 0.41414612209131235
382 0.9828718894936044
383 0.5056123396866508
384 0.4071850912481288
385 1.4905412452224362E-4
386 0.9814811330550028
387 1.6589983313592875
389 0.8937581424899141
388 0.07664766134396091
390 1.088948102824368
391 2.186891246406664
392 0.17435630291944593
393 0.0
394 0.4701911635529636
395 0.5059024295591436
396 0.8923829236045002
397 0.7753968007896369
398 0.9975946542108973
399 0.843870306458885
400 0.011473313314574485
401 0.8061554427748974
402 0.1632265065456501
403 1.1707191681469271
404 1.028874411262465
407 1.050008124085911
405 0.0
406 0.2820785564328576
408 0.9952063344189055
409 0.8653277652963515
410 0.004465294366483118
411 0.376141842272361
412 0.7338037066101253
413 0.8128870244398526
414 0.9030846867645143
415 0.033089971057403356
416 1.902261341262005E-5
417 4.053642013794055
418 1.2398938467799483
419 1.4914168888208317
421 0.7756746205395147
422 0.9752183695663749
420 3.319639419791434
423 0.4751393009043173
424 0.619018571548638
425 5.784543014532696E-8
426 0.9794537405301552
427 0.7674895720605598
428 0.02189018353694092
430 0.5509684010923118
429 0.563862157212912
431 2.0629264365416087
432 0.4860251421682299
433 0.925933147305431
434 0.6065764634152837
435 0.9876236933200151
437 0.8468010626352844
436 0.7960921025406721
438 0.8127003554667441
439 0.7121504388050093
440 0.4179855928112932
441 0.07325127631690558
442 1.0103379656000926
443 0.8269147168039003
444 0.003397005639942973
445 0.2777500393190698
446 0.44146366882390436
447 0.02001194365789958
448 0.3031883178525289
449 0.9234931041739612
451 0.9163541683910109
450 0.0838268383695177
452 0.9766704823948911
453 1.0969397728531265
454 0.8527518745288672
455 0.7729260505740506
456 0.03148184755027202
457 0.7628663146128439
459 0.9038898657756435
458 0.1996777243018873
460 0.8948075889285572
461 0.9932561098486727
462 4.84502028332416E-5
463 0.37156541320454933
464 0.17743426638392754
465 0.8185731491625581
466 0.471139178359763
467 1.2132124769275374
468 0.9965106168430007
469 0.917282966972175
470 1.48663640818772
471 0.02468926257513893
472 1.3599876493094598
473 1.5411809858398386
474 0.9671415220388212
475 0.8909525742281967
478 0.0040102009736568646
477 0.8842611313905641
476 0.9593775054348758
479 0.0029078302574163193
480 0.9872414211746638
481 1.229129659610491
483 1.1066556479356764
482 0.97371494328782
484 1.9336172659997102
485 1.0445913886271012
486 0.5090620306874174
487 1.5539268446047796
488 1.0701966608358284
489 0.06085722308574064
490 1.0985077587046543
492 0.886161472740553
491 1.967169647758153
493 0.9919223224765411
494 0.9920856563456619
495 0.002083467296598825
496 2.372280939991701
497 1.5292135108279272
498 2.307872184543225
499 1.8328398169944744
500 1.1637862593918524
501 0.8706403988347734
502 0.005148264041548259
503 1.0000053769775263
504 1.2638420467591864
505 0.9540234885385601
506 1.019355689059975
508 0.1939058099932986
507 0.9966103695196629
509 3.2581774647925887
510 0.07122532555302644
511 0.6048981783158375
512 0.9912766563336236
513 0.618591461086049
514 2.7378692420906643
515 0.6895245435826273
516 0.7311529728535058
517 0.8530724848507375
518 2.511084429967064
519 0.7988166324968801
520 1.539985533636273
521 0.24244620475538484
522 1.034565480801662
523 0.940927348403007
524 1.0723623755512777
525 0.8556609862561525
527 1.0148394751006091
526 0.7176889023035321
528 0.9807772677279837
529 0.9290300754173059
530 0.06679381754490149
531 0.8561126463227505
532 1.1777515113287444
533 1.4605130587291784
534 0.9197521154886434
535 0.24126492012773917
536 0.0012657134791973284
537 0.38401380868444873
538 0.9250003921240686
539 0.5352865439247011
540 0.9999996825498156
541 1.0174318583709203
542 0.27537740233046787
544 0.37909549446826324
543 0.052053956587355364
545 0.9235181345752281
547 0.38654600023575264
546 0.8719251531948107
548 0.9925984855093248
549 0.9707162036985537
550 0.9861273804921107
551 0.7856071590896948
552 0.4669707221986274
553 0.9394381994507711
554 0.3238029116417087
555 0.13457432068816558
556 0.9765930801931243
557 0.867907764613372
558 0.992415400311689
559 1.8175442514526174
560 0.33850362385346067
561 0.12732531576923298
562 1.0369610828056255
563 0.1399330376609249
564 0.9469922865735587
565 0.31341376994483705
566 1.000602145019815
567 0.9965821628609715
568 0.21713865108133198
569 1.4077604614844925
570 1.2781349868271665
571 1.3360318476791027
572 0.012777988996323411
573 1.781285776177136
574 0.21844688805550647
575 1.0178820537157467
576 1.5175563456382217
577 0.8736848811915452
578 1.2298256719167053
579 0.7712746823487144
580 2.6344288188654745E-8
581 0.8450975804584274
582 0.07942197614706852
583 0.680721057150954
584 1.0986364733413638
585 0.7395557093926171
586 0.9970639455573604
587 1.058821328262664
588 8.3613825683946
589 0.7201698913761753
590 0.82088646664044
591 0.02305677847662888
592 0.9989210935229196
593 0.5090296422660152
594 0.393781607398601
595 0.824220318142745
596 1.267029234597493
597 0.4893442249923117
598 0.968420016225023
599 0.8967064253787685
600 1.5756990695649868
601 0.49445621648303184
602 0.9778674800751015
604 1.4467052606512425
603 0.9675924053399837
605 0.8420618596506769
606 0.2540249125925905
608 0.12062235046307125
609 0.053757946263603064
607 0.846960972571453
610 1.3467463407735851
611 0.015075441852143314
612 1.0448173209897667
613 1.0
614 1.4646050311764784
615 0.9999509411973665
616 0.9059431545730915
617 0.9826820416971285
618 0.2418874932686673
619 0.8296788672915467
620 0.9200493935121692
621 0.9901635390557558
622 1.0156729851894286
623 0.8758468883247094
624 6.037640076160965
626 0.8491867809494493
625 0.9809092617275844
627 1.0500266369115483
628 1.0025602277415142
629 0.884521699790658
630 1.1928313865296543
631 0.2980516841532489
632 1.0376244697752512
633 0.8121338322272919
634 0.29517220296208674
635 0.774740588133454
636 0.9846841087782204
637 0.17787101914005002
638 0.9975243047982101
639 0.29643662108869684
640 0.9949134251640007
641 0.6715305689726144
642 1.9975184173397547
643 0.8229842197261861
644 1.0488218302219403
645 1.6591267848986193
646 0.563315164924734
647 3.4311804586256858
648 0.9804017569608076
649 0.16160298428249897
650 1.2426290415383459
651 0.7105882471631061
652 1.3900161955670132
653 0.8704168121810861
654 0.8870022565505172
655 0.6795028372123474
656 0.6271147674978205
657 0.5911239991947133
658 2.369354442366868
659 0.9792307512695385
660 0.9916051468930807
661 0.7200418225582168
662 1.7488557111916614
663 0.2681586958154052
664 0.14245049595888576
665 2.1243381166600623
666 2.60164894576983
667 0.7133707690594226
668 0.11439023265987255
669 0.9825197339741735
670 0.6892268457397382
672 0.9417115688375015
671 0.9075918573091345
673 0.02016478170662747
674 0.007167335349179736
675 0.5133906324583877
676 0.007385336707966864
677 0.11974882271010799
678 0.6883951527452032
679 0.33889160119298173
680 0.37162676255670873
681 0.581005630386899
682 0.3387490294119213
683 0.9375205696019068
684 0.4480986502540625
685 0.433544540252948
686 1.4325918049826334
687 0.7172593728498697
688 0.5958739102959507
689 0.595345714237697
690 0.7333705382900907
691 0.3195061875665928
692 1.0100394236114743
693 5.789547499411484
694 4.896936992612505
695 1.1902866013636513
696 0.1875018345697722
697 1.065586669669367
698 3.6041264603253796E-4
699 0.5045552632501069
700 0.026987447723458676
701 1.64933986893856
702 0.21025754770005245
703 0.39631114199486805
704 0.5434743371886888
705 0.8855346090281803
706 1.2940090017213302
707 0.7758656890140072
708 0.7124747573979878
709 0.636324909450033
710 0.8196640206772776
711 1.000128642744646
712 0.46988896717785555
713 0.6325278189885416
714 1.2913798444340334
715 0.5696124392689232
716 0.33091576512697113
717 0.040380871838708754
718 1.2404974093595142
720 2.02077495369988
719 1.1354089476413571
721 1.1048601528687185
722 0.9337232231383114
723 1.8015542328648086
724 0.9418324194390587
725 0.999496716506947
726 1.3528097570063562
727 0.7417571676390241
728 0.42454414381018185
729 0.19061014316663116
730 0.642662902176292
731 0.3515685153151168
732 0.3993139558086209
734 0.6778192523858151
733 1.0111876886402393
735 0.004606785733965827
736 0.5120566790113719
737 0.9946963188049428
738 0.5711443204183891
739 0.515824202350237
740 0.8964795578248131
741 1.0555101557960056
742 0.8831505434528704
743 0.8300959708331811
744 0.10935163023951065
745 0.9887140556646373
746 0.18410062583298015
749 1.0822292590804343
748 0.4645029575749724
750 1.424293992470651
747 1.0701048457517202
751 0.257983861895582
752 0.25837071222608204
753 0.9785197211906894
754 0.8579661221079627
755 0.2654238607236982
756 1.0028051146410992
757 0.15791246948213716
758 0.4646951589800244
759 3.4822597770759636
760 2.109601943686685E-5
761 0.977034912986199
762 1.0235706178374095
763 0.5681491765222596
764 0.1934615423310034
765 0.8427694974376582
766 21.47835588017423
767 0.9545971837013181
768 1.0
769 5.187456173516089
770 0.6554384128322168
771 0.999834880005612
772 0.004374373339909854
773 0.8697794714012019
774 0.9962669431342509
775 0.9259247240891865
776 0.45286026686677033
778 0.8436422657139528
777 1.2232557313692884
779 0.9303171982645548
780 0.8389862053772104
781 0.5295829642962722
782 1.0001978583304458
783 1.607744016942458
784 0.010308624407753273
785 1.0021684907603572
786 0.7251472853386699
787 2.9207579089283114E-4
788 0.35855034178087086
789 1.0311976199160575
790 1.2469513864003414
791 0.9604584041444807
792 0.6448895040688425
793 0.6021810424554291
794 0.18788963794224925
795 0.4052579452737695
796 0.3123553805366542
797 0.9999772690179013
798 0.6006188915538834
799 0.6924216829238649
800 0.7487843144067854
801 0.6946368261313458
802 0.9983705176488885
803 0.4916096204028554
804 0.8535624718896169
805 0.7667124925354055
806 0.0026229018994464418
807 0.4505352362790286
808 0.34769526307497095
809 1.1234161218996677
810 0.45766249467546105
811 0.7081536991820213
812 2.1218317429690763
813 0.5562355441701112
814 1.0018464983548772
815 2.711079748154063
816 1.0966460138295036
817 1.1424646015399615
818 0.23592705629523597
819 0.9965458985163343
820 0.9493837788100452
821 0.94340519776006
822 0.9875000074937191
823 0.3420568986451137
824 0.35455065863372837
826 0.018262393642007033
825 0.060984922600512574
827 0.46880046711517387
828 0.8056879223475247
829 0.896679170699658
830 0.9530166678335783
831 0.09638032746157502
832 1.0
833 0.9999982595711338
834 1.9227258515499536E-21
835 0.5533814890825725
836 0.09044486227684505
837 0.2723209413730805
838 0.5011949239603619
840 3.197170434807794E-8
839 0.8165643855741094
841 0.9268760363872298
842 1.0005010097441789
843 1.0
844 1.048219301768596
845 0.8266512237021186
846 0.5959378597285391
847 0.2185367303972509
849 0.9460001420965137
848 0.8772177032772082
850 0.07962172756130381
852 1.6595484380750116
853 0.6162264900958871
854 0.4664958724934861
851 0.01417042724770545
855 0.9447952498963912
856 0.29637791526710144
857 0.3275978268896097
858 0.9403207937815804
859 0.9946224868676494
860 0.7747410840422502
861 0.8397085199203006
862 0.1928394805177943
863 0.8585376879362883
864 0.9540181878600787
865 2.2070559172869446
867 0.8718641747086102
866 0.7881441507757859
868 0.8200986063093202
869 1.381002746046171
870 0.3149980472526802
871 0.02047488296789413
872 0.12870846404903777
873 0.8366813655908254
874 0.5353360010004312
875 0.2749821910217413
876 0.18593693041890402
877 0.4477794527515237
878 0.47174365905422555
879 0.5616222967299602
881 1.5347404060562853E-6
880 1.0073189139226784
882 2.255209710888165E-4
883 1.3401468805949008
884 1.0160780005976113
885 0.6960323867990373
886 0.18112263694930958
887 0.7585182538591809
888 0.8938742890567964
890 0.3943769577324517
891 0.6557810078003135
889 0.8987294354399122
892 1.0497509523817743
893 0.035303365505961415
894 0.9652666336661997
895 1.0426145130914397
896 0.7072149407356013
898 0.6402803048145177
897 0.4870659001771106
899 2.685240921650273
900 1.8777129644952784
901 0.9999112683939182
902 0.42861889649076784
903 1.3594168961873825
904 0.06381982840692774
905 1.000020742082539
906 1.008116186034487
907 1.7328680603892779
908 0.7733022439754701
909 0.4013571358479367
910 0.9962259435027384
911 1.0694704653385219
912 0.8742674952639266
913 0.49334588362467696
914 0.07275741793542118
915 0.7704866508187959
916 1.497891451622625
917 1.3764805026947193
918 0.01180105561910976
919 0.420986016377457
920 0.6640592232652389
921 0.6980762465956313
923 0.7555634880674125
924 0.7238387779234108
922 0.3386136639360693
925 0.6953684596035853
926 0.0
927 0.4614594533047462
928 0.1586550008515798
930 0.9661977823556069
929 0.16979951756280998
931 1.1717584868525988
932 0.22877666288745824
933 2.432111834803816
934 4.356452989414202
936 0.9997726057790326
935 0.7562917709969863
938 0.974340387780897
937 0.9713408418986109
939 0.02749591547049139
940 8.682634637142161E-5
941 0.3932274671845456
942 1.4942745568752551
943 0.6935291124463583
944 0.20758186698717881
945 0.03321314336081539
946 0.028886557727292705
947 0.46652998548986363
948 1.1846713101640192
949 1.0023086071487721
950 1.1008719274436578
951 1.438480504238012
953 0.08386152719862026
952 0.9765493543772901
954 1.1845954960276497
955 0.0018677893688934803
956 0.2663168000474338
957 0.5422133740597836
958 0.9774548114860706
959 0.6374891347772444
960 0.8971116371939248
961 1.295178768424355
962 0.9939899581656488
963 0.08975385080397341
964 0.8572125210960629
965 0.6780733212303881
966 2.721622228752567
967 1.0244247703443936
969 0.6718636953525937
968 0.00394361643038176
970 1.0000067785365914
971 0.9018206933509152
972 0.5041290874526049
973 0.4418989601471411
974 0.903591942127467
976 0.018876088512479693
975 0.9629222149155505
977 0.026490083743765293
978 6.250288490146003E-6
979 0.12930438912760567
980 1.3399869678605014
981 0.12608080436505723
982 0.30092805508502923
983 1.453654269655521
985 0.9640898733331957
984 0.4372373773485563
986 0.7911686551912476
987 1.502457548557436
988 1.035020305644583
989 0.93677662228823
990 0.9963337478007898
992 0.18770347476357654
991 0.16010860977720165
994 2.908665489861837
993 0.9437516062277816
995 0.5885001871505238
996 0.7480694616911686
997 1.2159488547921258
998 0.7465084109326298
999 0.4042616802105927
1000 0.8811933140865833
1001 0.5127462791669687
1002 0.6392952896182639
1003 1.1379712249446605
1004 1.0760229121901999
1005 0.9255727367122006
1006 0.8798760148061668
1007 1.2579350759724721
1008 1.8161358832820496
1009 0.9520708401606929
1010 0.002557250905800131
1011 0.6265973101580119
1012 1.3551051712291544
1013 0.1511817689853663
1014 1.0011453600777167
1015 0.5210875768934606
1016 1.0030971454849233
1017 1.0677974976967424
1018 1.2065973099287066
1019 0.9845604593972811
1020 2.550041877527553
1021 0.851754125502964
1022 0.9996172063547096
1023 0.9644029585956709
1024 0.5424329735082103
1025 0.05740356435841589
1026 0.47593980339357084
1027 1.285594052433874
1028 44.508681278407416
1029 0.009948390011283907
1030 1.4051965380648546
1031 0.7073091482470625
1032 0.9138998462936512
1033 0.4170992660486197
1034 0.8199829374353146
1035 1.0017151488989724
1036 0.561320085569354
1037 0.9908458683419856
1038 0.8721078349086814
1039 0.49748254446834844
1040 0.9940660623751367
1041 1.0314245782122482
1042 1.0017814266515834
1043 1.2552977707504533
1044 0.9954640802739196
1045 0.5415564166958544
1046 0.5950533302213908
1047 1.1937210497132207
1048 0.7831587976488679
1049 1.0146629430829013
1050 0.7582038802915712
1051 1.5005267446648312
1052 0.9999994539710984
1053 0.18865499493255383
1055 0.9253840067118709
1054 0.6445544509741866
1056 0.374305859741039
1057 1.5273676888592524
1058 1.0569206336604116
1059 1.3280116516735807
1060 0.07051161500580336
1061 3.185150082253161
1062 0.9168722169151146
1063 0.6994952943957772
1064 1.0956975917887843
1065 0.3931771356054629
1066 0.3132471767082167
1067 0.7685789728304985
1068 0.10639638504309523
1069 0.20080097126476715
1070 0.873658033474782
1071 0.7418693889169824
1072 1.7949809236891945
1073 2.482162490550605
1074 6.805464855728034
1075 1.8759613062210343
1076 2.781869581264958
1077 0.9984907636802656
1078 1.4854595549519616
1079 0.9036434456203645
1080 0.47212719461289004
1081 0.42334369361871016
1082 0.6982552417745872
1083 0.7222976430942384
1084 0.599053362604117
1085 0.24628887531615198
1086 0.15311015909212822
1087 0.9873972756241797
1088 0.8216246116553106
1089 0.3339655649245035
1090 0.690724132105741
1091 5.685145289182892
1092 1.1583756716720595
1093 0.9430533015136117
1094 0.05857625079145546
1095 1.1120301122045395
1096 0.32058713342953626
1097 1.0000766411391653
1098 0.8676667527420043
1099 0.6554819950308234
1100 0.9387091108712097
1101 1.406931051121896
1102 0.9016225552435881
1103 0.9954938464248286
1104 0.8874058168310476
1105 0.9426626806048711
1106 1.494066615874888
1107 0.8045679401322403
1108 0.39861247385653026
1109 0.9982549933745697
1110 0.6560247036053064
1111 0.0063774282496020926
1112 0.9922220885110691
1113 4.2751904525440776E-4
1114 0.9308494876616057
1115 2.95865494031927
1116 0.545599198612727
1117 0.8294941362960933
1118 0.8119952509425753
1119 1.0016033395617436
1120 1.0122692612906123
1121 0.68440454847722
1122 0.14586996815753525
1123 0.1656491267110339
1124 1.2291121147262742
1126 1.3070169212307856
1125 0.6667501586950206
1128 0.05830889940872679
1127 2.1195154697960223
1129 0.33341234633801903
1131 0.43440285536007045
1130 0.9592142870074362
1132 0.5004287205234622
1133 0.0019918252367773057
1135 2.800879809936685
1134 0.767595941542641
1136 0.9995590871379834
1137 0.9257642177331395
1138 0.6335512652186611
1139 1.0177894832923775
1140 1.0362638681784688
1142 0.6695240730344313
1143 0.35257755924992656
1141 0.29757513924328116
1145 2.1750796784388413
1144 0.47255567961102557
1146 1.114204335334444
1147 1.5349997096415273
1148 0.9127108485741231
1149 0.9478073454441679
1150 0.27110510661928783
1152 0.35382714922491987
1151 0.4487681558438979
1153 1.0191035115239206
1154 0.28569031353794494
1155 0.02961330941003334
1157 0.7102325510392252
1156 0.930693039775918
1158 0.7028887777933757
1159 1.104764112476353
1160 0.9047195887332918
1161 0.5995172182618864
1162 0.44154443030218155
1163 0.9904042250587175
1164 0.11049332344499217
1166 0.274735735363149
1165 0.6291837208752115
1167 0.7851917872243083
1168 0.002553450420599114
1169 0.8478423502262104
1171 0.7119984199480458
1170 0.06177619700881741
1172 0.17292673632834912
1174 0.9778177018398797
1173 0.6226849481333134
1175 1.4683814902313992
1176 0.3789777486518171
1177 0.19712852349186777
1178 1.018813493923454
1179 0.4237346681490734
1180 0.9847801012459678
1181 0.9932452801398383
1182 0.904788075587975
1183 0.9218057645396308
1184 0.45199440632641824
1186 1.099858044958138
1185 0.7486012843175307
1188 0.9975866969919863
1187 1.0010696457817676
1189 2.970595977660748
1190 0.8887644554115154
1191 0.4450520821917419
1192 0.20999339476249634
1193 1.2773101324263447
1194 1.6184147188377187
1195 7.248530284536237E-4
1196 0.9709038254291419
1197 1.3162988213269717
1198 0.8259240217495002
1199 1.0004530936258986
1200 0.024440096474457364
1201 0.7215378225606661
1202 0.9520657394554841
1203 0.9429769678041151
1204 0.10552050445209868
1205 0.5900529435543905
1206 0.937615504310394
1207 1.2869624414447927
1208 0.5426921890111542
1210 1.018814985085354
1209 0.9337298225152595
1211 1.759537666878114
1212 0.5949623850360591
1213 1.4694998800393768
1214 0.46889501499667524
1215 1.009060820184848
1216 0.9734549550955337
1217 0.933149034543474
1218 0.48174134255228934
1219 4.853909178013084E-7
1220 0.3204026786455239
1221 0.9500462199146976
1222 0.7879916517188187
1223 4.529276102186642E-4
1225 0.5117010263200772
1224 1.2327238618149563
1226 0.8018932812142718
1227 1.0065431163521883
1228 0.9896525163753752
1229 0.7019788771381704
1230 1.0231249271441294
1231 0.28461029748339733
1232 1.4118237282096326
1233 1.0224763619330255
1234 1.257375346965231
1235 1.184751809416149
1237 0.027189253769737295
1236 1.239544210958672
1238 1.0176788384233526
1239 0.9509028639758895
1240 0.0
1241 0.991605109491719
1242 0.45609686083429407
1243 0.9953616886870689
1244 0.02766818410472049
1245 0.9922300218499688
1246 0.6862353182800486
1248 0.0696121221229111
1247 0.06845916855902925
1249 1.2926387563836748
1250 2.2964447833899744E-4
1251 1.0143701182144182
1252 0.004373695236339803
1253 1.1019869093430963
1254 0.6902968911548787
1255 0.920822803525992
1256 0.29902776229919936
1257 0.7393911060766715
1258 0.8797834359202712
1259 0.5099077891051398
1260 1.7567049498641696
1261 0.5222563999192156
1262 0.4583382787244244
1263 1.265946064985921E-10
1264 5.882569353456226E-6
1265 0.7487429061091201
1266 0.9883386037838362
1267 6.988714828828255E-4
1268 0.9995118121266916
1269 0.05451710662745774
1270 0.20266885190013267
1273 0.8731145454579885
1271 1.8864442949264766
1272 0.818359014142642
1274 2.0480981150538025
1275 0.9430735846727595
1276 0.8724195740567112
1278 0.35118971199272925
1277 1.9413264572331372
1279 0.46538865750547476
1280 0.9114145530313692
1281 0.9974676068396986
1282 1.4883859025314896
1283 0.2105660904076854
1284 0.1753199834061817
1285 0.9479520937952318
1286 0.8871836198494455
1287 0.004179983575883991
1288 0.9684160294887892
1289 0.9771182979877597
1290 0.9454809723322567
1291 1.0054704030921575
1292 0.19878178664108692
1293 0.06448058476906224
1294 0.9998959076677382
1295 1.430258841718444
1296 0.891861482990037
1297 0.29334184942096886
1299 0.8176145735549065
1298 1.0547419780609595
1300 0.853494043050323
1301 0.2340500560778237
1302 1.0530223983047662
1303 0.6568070092233105
1304 0.9181951839334672
1305 0.2639618547421827
1306 1.1112808492929167
1307 0.6151166504198838
1308 1.7466100903092447
1309 0.9921149644089566
1310 0.8620045962306889
1311 0.712903030851381
1312 1.040627902050504
1313 0.1097129915696601
1314 0.5024865173352063
1315 1.2406868320953353
1316 0.6000574832562914
1317 0.9348253850416196
1318 0.7919271974056001
1319 0.5401261888829372
1320 1.4288833186248477
1321 0.9543655953256689
1322 0.9831941902387817
1323 0.6155886525733707
1324 1.0373118780177752
1325 0.5145431130427406
1326 0.7428555649734011
1328 0.9931951461516189
1327 0.9953515698612313
1329 1.6324078547176235
1330 2.0727680877698402
1331 0.17628866595266632
1332 0.7029866143459347
1334 0.7599590426028279
1333 0.839536732530468
1335 0.03438084392785717
1336 0.7901701935383012
1337 0.9714216839494828
1338 0.09829716226701313
1339 0.28721529987241595
1340 1.0809094938922035
1341 0.345199264880786
1342 0.35067980135594906
1343 0.6716181237504801
1344 0.9874149773894783
1345 0.5678801326505185
1346 0.03424847222506177
1347 0.08290307877090915
1348 2.842055266043655
1349 0.7639767317173427
1350 0.8601160598073254
1351 1.237617286732205
1352 0.969592392604609
1353 1.078402061416033
1354 0.12459173465789632
1355 0.5377597728562095
1356 0.9043808407685882
1357 1.0935054924716245
1358 0.5407249295152856
1359 0.6126352430919034
1360 1.1449865242413924
1362 0.9985487581609976
1361 3.7439358266495537
1363 0.6587405970526606
1364 3.921023720239903E-5
1365 0.08680755751416583
1366 1.0482299124415255
1367 1.0794248903727568
1368 1.5021177643136505
1370 0.789569038628877
1369 1.1049965739450616
1371 1.5588092613536848
1372 0.027624858422301814
1373 0.7565542360363935
1374 1.0112497217157421
1375 1.1000908076514182
1376 0.6054963441660948
1377 0.44696838164289077
1378 7.990983828419663E-4
1379 0.7702706702125367
1380 0.38130632226016636
1381 0.19324238667109006
1382 1.0006431299305358
1383 0.9998177124846945
1384 0.9911466420549874
1385 0.7267375875692821
1386 0.12875934387578597
1387 0.5732855608697055
1388 1.0014961592093845
1389 1.0010480928670775
1390 1.7928147933668503
1391 0.8402237963879089
1392 0.99505569061618
1394 0.012353391774763816
1393 1.1623298254936008
1395 4.298883381372872
1396 1.998814567513409
1397 0.5181684170968532
1398 0.0
1399 0.8062895268934384
1400 0.9950543588489055
1401 0.2351725259647937
1403 0.6693074144627836
1402 0.976563341727506
1404 0.643187115722829
1405 0.8881600327998587
1406 0.9445453955287089
1407 1.6151803847282162
1408 0.6084192930092418
1409 1.027809943741408
1410 0.42351681423476095
1411 1.0437165700278868
1412 0.21211842762179026
1414 0.9456485429144639
1413 0.1600988056508236
1415 0.9971536351841944
1417 0.49110800503236784
1416 1.060158616421063
1418 0.3055858496136361
1419 1.0495836456076983
1420 0.9272991212586158
1421 0.15643503720231428
1422 1.3258953518603491
1423 1.0692845160737299
1424 0.9974330022523609
1425 0.724542644834025
1428 1.5809925120387636
1427 1.5974120394769435
1426 0.7329501724609184
1429 0.6611083674377052
1430 0.8268354468724497
1431 0.6625980441646602
1432 0.7719550391529637
1433 0.5652954578071813
1434 0.09558305041206902
1435 0.8311073853348873
1436 0.9980305678647313
1437 0.6869325247044146
1438 0.7364001350403924
1439 0.9786890174078554
1440 0.8826182942139669
1441 0.9179201499489676
1443 0.4687059934366213
1442 0.3809303578747243
1444 0.5768365716590032
1445 0.6414719198022595
1446 0.9914793393266432
1448 0.2209861107386588
1447 0.9996300110702332
1449 0.29041153210314136
1450 0.9876166230961373
1451 0.2848634562605926
1452 0.996639217985525
1453 0.7191398644673103
1454 0.9476870565873757
1456 0.5588952991134575
1457 0.8781978882796921
1455 0.7750629558579488
1458 0.946020718481332
1459 1.0593617958572126
1460 1.3183205469414054
1461 0.9997123592141737
1462 0.901707974515656
1463 0.229527860494927
1464 0.5429148938414802
1465 1.0225296311456855
1466 0.0757561703420714
1467 1.0132384956420664
1468 1.1031001553375233
1469 0.807595885080207
1470 0.8706984209654258
1471 0.14753595773970948
1472 1.071893702191159
1473 0.097675606428482
1474 0.9825876476767308
1475 5.823035329591895
1476 0.597208269088655
1477 0.03255485256319866
1478 0.13220455752146615
1480 0.856648298152259
1479 0.49728885375072224
1481 0.6071583280958798
1482 1.9010822256194122
1483 0.07405000286290005
1484 0.22180759284911136
1485 0.3179264470756124
1486 0.9811244617101174
1487 0.4669353617613626
1488 0.6573470443678875
1489 1.6358708429036146
1490 1.315174005077653
1492 0.9074793959405203
1491 0.9955512134001827
1493 1.137272279162998
1494 0.9031834455228076
1495 1.3774945390978468
1496 0.9857078769631207
1497 1.0167516845560531
1498 0.9884262126692389
1499 0.7747146420481656
1500 0.24292772412670224
1502 0.4600477334452175
1501 0.9728283739377805
1504 0.9738959424409032
1503 1.0169805182676224
1505 0.5239645680990693
1506 2.2148324451116403
1507 0.6064397615650644
1508 1.0000425379405553
1510 0.9997413906370468
1509 0.2308634448474233
1511 2.665153091679947
1512 0.29220177101321304
1513 1.0272173396433621
1514 0.24398527841770076
1515 1.7660013836799398
1516 0.9903007312409468
1517 0.47113171207185095
1518 0.47910091114754777
1519 0.4924020152008152
1520 0.04687339270148757
1521 0.8383465907949685
1522 0.8322868127261761
1523 1.0003752723726058
1524 1.6226670098854796
1525 0.948082942818211
1526 0.7211645111299126
1527 1.6338006256796094
1528 0.0632548372853757
1529 0.9620516964226014
1530 0.6786898027901735
1531 0.32719207314697263
1532 0.9941654665524513
1533 0.766761216561542
1534 0.7694041348892199
1535 1.00789730811487
1536 0.8793895740086712
1537 1.4677279809775725
1538 0.9397890190896554
1539 1.7533480616646244
1540 0.7230901525001688
1541 1.0626109948183389
1542 0.5785304724935104
1543 0.5599834556425799
1544 1.0157988210949995
1545 0.851548325591736
1547 0.6937608813520909
1546 2.087832207952541
1548 0.3615829493092098
1549 0.3440987910106589
1550 5.3800282563765505
1551 1.0689774733554107E-10
1552 1.047254777528663
1553 1.212018021645002
1554 0.009822973709868295
1555 0.9478719932251013
1556 1.74226675420167
1557 1.0067865024580174
1558 0.7007642344057616
1559 0.6782260349381528
1560 0.41558741168416397
1561 0.23600630580456608
1562 0.12684485999179723
1563 0.3778881218142709
1564 0.592332058964605
1565 0.7586267257033272
1566 0.9995805587197455
1567 0.964020085389408
1568 1.6117606005069838
1569 0.41154744936415444
1570 1.053810935299317
1571 0.278648178907052
1572 0.9474195935977571
1573 0.7287191270486693
1574 1.5583270317072535
1575 1.1552665966023172
1576 0.7478991664782875
1577 1.0045222944252197
1578 0.49235105661584094
1580 0.7956664893611387
1579 0.9883284115693456
1581 0.018027697284011743
1583 0.635810000675746
1582 0.9512459496349852
1584 0.7814537535327579
1585 2.677140037059306
1586 1.295067231825737
1587 1.4250514527356049
1588 0.7660035783292517
1589 1.0005795528052137
1591 1.1685386499869066
1592 0.04384095985126249
1590 2.1448108393234717
1594 1.2928385250527892
1593 1.3509085202759414
1595 1.0000000144419483
1596 0.4866046939965188
1597 0.4726532364612767
1598 1.2386391065904914
1600 0.6553245229714941
1601 1.8786195412492634
1599 1.0005438897355858
1602 0.03960057232588992
1603 0.05272517303875367
1604 1.0790935719387968
1606 0.14787748163861264
1607 0.053979308095889925
1605 0.9961277927573712
1609 0.8937806674370231
1608 0.4752411637125393
1610 0.19993687648831654
1611 0.2966650424017531
1612 0.7226717042553635
1613 4.877427161336468E-10
1614 0.6444240693111607
1615 0.6691043665901536
1616 0.7497270729044315
1618 0.7725169102730366
1617 0.9754803100872952
1619 1.0081593965641404
1621 0.6855906020997208
1620 0.2869189730752569
1622 0.5767417727777274
1623 1.3978707312271426
1624 1.3762543973067924
1625 1.094838172018546
1626 0.9684240183912513
1627 0.6386158709484305
1628 1.0952675433816625
1629 1.0873273791427487
1630 1.0225548815907606
1631 1.1929536898472937
1633 0.009056551211767147
1632 0.3986375790085797
1634 0.8150290932031534
1636 1.0025754812045558
1635 0.7266337712756518
1637 1.1909660463212919
1639 0.6545053772290086
1638 0.12308378836233148
1640 0.7489411679188837
1641 0.7899186396934232
1642 1.0974059727214567
1645 2.004995480021707
1643 0.9633230586027469
1644 0.9989908261096183
1646 0.7731984393271352
1647 0.1652654185330628
1648 0.8925448537020274
1649 2.2816738202512052
1650 0.7836404826763437
1651 0.5706603158269232
1652 1.2336928853700733
1653 0.10243736680709058
1654 0.44188409025227293
1655 0.9929204733688844
1656 0.8124789534871125
1657 0.9990221657134112
1658 0.9130136148186733
1659 1.0335537261711345
1660 0.30537626251823563
1662 0.7573852681424167
1661 0.3938701440644483
1663 1.1773382128858443
1664 0.6874157144990956
1665 1.3357874034180373
1666 1.317836195804846
1667 1.032594898733996
1668 1.135544363214426
1669 1.029217770788309
1670 1.1066332765125722
1671 1.0028708934436317
1673 0.9980908030561008
1674 4.072308323448151
1672 0.13122486716514337
1675 0.9999937592993906
1676 0.463707748303586
1677 1.1390075636907109
1678 1.0000938762602218
1679 0.5432011541778087
1680 0.940198425357088
1681 0.005405002044642819
1682 0.020254121671998526
1683 0.5618988598700811
1684 0.8454136415063445
1686 0.7784081222957318
1685 0.04172582708570948
1687 0.0036446329596694755
1688 1.321639343287174
1689 0.8439906041446077
1690 0.5918835007568896
1691 0.8989720883283421
1692 0.11096549802305342
1693 0.9224651373967747
1694 0.8197764926982437
1695 1.212297668765057
1696 0.16900500789367806
1697 1.2950095862066355
1698 0.9966427940842896
1699 0.7191017984848526
1700 1.0769494696374335
1701 0.8903004548202179
1702 3.2041969336413993
1703 0.35569448476038046
1704 0.23263864990127614
1705 0.303859894379585
1706 0.14837581887514062
1707 1.0065133657490999
1708 0.02900264326813629
1709 0.8913238090602442
1710 0.6094783400420447
1711 0.7693096131873112
1712 0.9947102830253068
1713 0.012346151273483175
1714 0.7991260162136901
1715 0.9100678939017425
1716 0.9946219585596914
1717 1.1096960075036395
1718 1.0222004780400074
1719 0.010075435303356188
1720 0.5607469197304039
1721 0.47432636175523746
1722 0.8178286643231837
1724 0.9518649106150371
1723 0.2833939482855473
1725 0.6812401357232231
1726 0.9923672899207483
1727 0.39520587081048136
1728 0.9871493077036028
1729 1.1022145320326044
1730 1.1378964400699418
1731 0.353628321218926
1732 0.9615153769543908
1733 0.3426885010972446
1734 0.005685317496986249
1735 0.861795917264823
1736 0.9956068017188185
1737 1.05768532592814
1738 0.5155221251997186
1739 0.8612948816390216
1740 1.0567556455862197
1741 0.6980981098604846
1742 1.0560402560411617
1743 1.037070068352105
1744 1.0319937978285585
1745 2.6942944631558485
1747 1.0074398870134127
1746 0.4255366946520481
1748 0.7782308099029002
1749 1.0155809451985045
1750 0.4981413395059694
1751 0.5172172069073844
1752 0.18486740537186136
1753 0.9445368729744836
1755 0.5034811269714374
1754 0.8251893210758149
1756 0.6847347714512231
1757 0.8403562150406763
1758 0.4661277690307
1759 0.9972508799387065
1760 0.7456084861975818
1761 0.962003942115578
1762 0.6618923692583182
1764 0.4220415528912975
1763 1.0768602406357979
1765 0.9872035216412954
1766 0.9923149274968762
1767 0.42100379030298085
1769 0.6220598995439588
1768 0.9415242724009039
1770 0.7330291101095597
1772 0.6571182398570423
1771 1.1666245356501654
1773 0.013816686441389472
1774 0.5629232219024791
1775 0.4448746282475797
1776 1.1031671196462867
1777 0.47090500202208413
1778 0.5522778399649937
1779 0.3894180378027959
1780 1.0165643358996728
1781 0.9582788709310317
1782 0.012191638354560353
1783 2.2879792875761535
1784 1.483881785124432
1785 0.909168747403846
1786 0.9567987485187814
1788 0.8200328575140599
1787 0.9227332812714993
1789 0.9231974415501824
1790 0.9969174892686683
1791 0.802449101093809
1793 1.5352056560462108
1792 1.1009032643403684
1794 0.8075215484235923
1795 0.9991770165014545
1796 0.988226338826029
1797 0.8975429401626025
1798 1.5106003757346886
1799 1.1050290934932288
1801 0.7487669316001936
1800 0.9789986811704503
1802 0.965218972544053
1803 0.11759456117260593
1804 0.2437329653570277
1805 0.5071889902492835
1807 0.44824695381255975
1808 0.7029888514487522
1806 0.477311483247136
1809 0.3728079762938264
1810 1.3209074939884766
1811 0.1700901692346036
1812 1.00758142865679
1813 0.48561854325879716
1814 0.3973800721499074
1815 0.9236222401236519
1816 0.10174627948024496
1817 1.928385474292018
1818 0.19967973703125047
1819 0.06637618461006496
1820 0.21314601359485813
1821 0.3148139950589018
1822 0.8169220654422888
1823 4.135287576487842
1824 0.8928318280633003
1825 1.5573846759572765
1826 1.268519133757848
1827 0.026481176979032527
1828 3.0115970788718562
1829 1.0253363396391808
1830 0.3170510675885511
1831 1.9907361867527171
1832 0.2592754017263421
1833 0.9014623343295742
1834 0.8802680056035185
1836 0.019493836103635656
1835 0.850774
1837 1.012591135897145
1838 0.969100403752765
1839 1.0051367857784343
1840 0.5434593891026773
1841 0.6695426961916844
1842 0.9891737718729776
1843 0.132058023252801
1844 0.5157915465925867
1845 0.9965923791907076
1846 0.16952339464185376
1847 1.0407648132561618
1848 4.363040426220733
1850 0.1926285805838074
1849 1.5770916640753296
1851 0.016900993434300213
1852 1.0143860100524866
1853 0.5702373106798523
1854 0.5895979462372412
1855 0.9717448658090455
1856 0.19938330896026812
1857 1.1933985824215558
1858 0.9927776114295265
1859 0.4014796179165942
1860 0.5306002789653179
1861 1.72915813299203
1862 0.4036146913914549
1863 0.4837542508733365
1864 1.0584152903564128
1865 0.2354273900926598
1866 0.001559340737020819
1867 0.09209792726720965
1868 2.7182325741235696
1869 0.9915563614654527
1871 0.3736680808610032
1870 0.8616385117906044
1872 1.0718577306697255
1873 1.2312906332080782
1874 1.6364775230176014
1876 0.3838613712931778
1875 0.6404497139063721
1877 1.3366782988806845
1878 0.0518794946345369
1879 2.113340616375002E-4
1880 0.4624111009547935
1881 1.0
1882 0.9431896201543514
1883 0.9999811349177258
1884 0.6439942676569902
1885 1.4076017007833115
1886 0.6366879725742981
1888 0.3938266097707398
1887 2.44497544040514
1889 1.0729416845410722
1890 0.5397313406622378
1891 0.8740515439315432
1892 1.5887164767129975
1893 0.006031479265032843
1894 1.7305352445945743
1895 0.3621086664429267
1896 0.6733807992272879
1898 0.6933187711778872
1897 1.6178802252988072
1900 0.3859387798945939
1899 0.8239543118886224
1901 0.8507507738594011
1902 0.9009765778212129
1903 0.8529989689366689
1904 1.1569833965332066
1905 1.010720673089565
1906 1.014784353132763
1907 0.6739549680883462
1908 0.982005934826506
1909 0.7963974689773783
1910 0.23100357770141644
1911 2.003946068569179
1912 0.9989297866751876
1913 1.000000096298036
1914 1.2357937341734553
1915 0.1310326443564167
1916 0.5874553519265477
1917 0.7267987612195228
1918 1.0301073192638268
1919 4.931733357127411
1920 1.7661260060447048
1921 0.9013886211390769
1922 1.0001650928317578
1923 0.12353302792626404
1925 0.8742618622175092
1924 0.8899271612048827
1926 0.26603060149062313
1927 0.6121639636611634
1928 0.6082465784527342
1929 1.0532897119815081
1930 0.9735764571726404
1931 1.1190180400256042
1932 1.0993889985783132
1933 1.2223529813742122
1934 0.09087385025650754
1935 1.553837337824415
1936 1.074779217892726
1937 0.026926543527502695
1938 0.9666774247412748
1939 0.8718601748924167
1940 0.9774519711261017
1941 0.9935261067265357
1943 0.4966377168178593
1942 1.4829457885278965
1944 0.7809253055335407
1945 0.9139139742434604
1946 0.7113014364269574
1947 0.15466971473564534
1948 0.8793986661225099
1949 5.915970558795923E-6
1951 0.3668657063076074
1950 1.0660882556053886
1952 0.5246507389319343
1953 3.304703958972296
1955 0.3101151435392726
1954 0.392424520544046
1956 0.4381348898023528
1957 1.0000121678426552
1958 1.5524503881545328
1959 1.0003205141652023
1960 1.000447048492943
1961 0.5464043795577206
1963 1.0086523834909675
1964 0.2818972053715685
1962 1.2441214884645129
1966 0.9977487403278712
1965 0.8724082865673246
1967 1.219207662007767
1968 0.5609758420831089
1969 0.9861040136511122
1970 0.010336458804527455
1971 0.44021647708171213
1972 4.5547703965063335E-5
1973 0.9107931920749701
1974 1.3999140834028483
1975 1.0059147308306913
1976 0.9999393966151522
1977 0.06296066161433975
1979 0.47933431512863206
1978 0.9887880697003413
1980 0.3526985841641692
1981 1.3968001884027755E-13
1982 0.7979470479666152
1983 1.1103607218372796E-4
1984 0.0
1985 0.35369930169404545
1986 0.9990881575227916
1987 0.9614064926779698
1988 0.7617610593374845
1989 0.7963206615300894
1990 0.2775295517742173
1991 2.136895000175325
1992 0.03507456084304947
1993 2.2376730246557397
1994 0.8943869831850396
1995 0.08427683436192528
1996 0.19552030546965257
1997 0.013014470841407718
1998 0.22118534795358114
1999 1.3468918627800996
2000 0.7231247336358234
2001 0.944308345495272
2002 0.37688048016105113
2003 0.7387664797875317
2004 0.949755187852085
2005 1.1386074601791043
2006 0.3190401229787868
2007 1.4291337731887663
2008 1.0241330647703741
2009 0.7329992968194248
2010 1.3739722825337668
2011 0.9990872950247716
2012 0.9665448279657338
2013 0.9731854427563791
2014 0.2759175011400525
2015 0.9999523771891754
2016 0.7850408174035042
2017 1.1043367044557322
2018 0.17706659957671134
2019 1.1436732924413635
2020 0.273768363718882
2021 0.12394804161295403
2022 0.9570313535010296
2023 3.3667034265245776E-11
2024 1.3321164918723438
2025 0.8959658705653952
2026 0.696792922100726
2027 8.955365490510616E-8
2028 1.0810131762177224
2029 0.6201273999017913
2030 0.2595487613483601
2031 2.5566201453877335
2032 1.0088247478186478
2033 0.9992118296538595
2034 1.2907788792003587
2035 0.6188100286212506
2036 0.9384198290514989
2037 0.8328700729573559
2038 1.2012081863417419
2039 0.08830816734872451
2040 0.7202408812323254
2041 1.1236628215202407
2042 1.001242359153597
2043 0.05688267207465758
2044 0.8344597366885929
2045 0.9986649550463595
2046 1.0006784298023697
2047 0.9990493331179322
2048 0.8833672528962844
2049 0.26463797870602984
2050 0.7216781974172716
2051 1.1185112350376636
2052 1.4418500865418369
2053 1.0051183670880584
2054 0.7688294055888163
2055 0.7678125780905698
2056 0.0945740656715229
2057 0.08002572598616019
2058 1.1487647256807059
2059 0.80552073850782
2060 1.0057538756659916
2061 3.4743346628242175
2062 0.27016992078148416
2063 0.9643307073635129
2064 0.10898991782879434
2065 0.6251745993384478
2066 1.536101094604744
2067 3.184939322165225
2068 3.0910151417784995E-5
2069 0.5583736088331981
2070 0.8730472933615577
2071 0.5212379283645702
2072 1.078500757561271
2073 2.385959938958728
2074 0.015851985230502557
2075 0.16269506264736494
2077 0.7620955925518997
2076 0.9377973008235231
2078 4.4587762858050434E-4
2079 0.913670936680192
2080 0.9437448266898201
2081 0.017701470286412325
2082 0.03897243107329775
2083 3.2874557084326907
2084 0.6498961913038852
2085 3.5150302727710847
2087 0.841791429851258
2086 0.068877783321201
2089 0.4247802023140082
2088 0.9609049202859079
2090 0.4987462221730751
2091 1.186072006532967
2092 0.9838161040963875
2093 0.989347106441259
2094 0.9838825990906761
2095 0.9974862705124744
2096 0.9566210366031923
2097 0.7896829857096278
2098 0.9959370365301031
2099 0.9979016844235483
2100 2.0218917553705644
2101 1.0046789535325953
2102 0.8845015491279018
2103 1.1773271790310917
2104 0.4035379661126837
2105 0.4237626561136016
2106 0.2510698932512229
2107 0.9544341877322172
2108 0.8757755593224122
2109 0.6550568947064962
2111 8.67818815111037E-4
2110 0.9539148798641609
2113 0.6754377920861353
2112 0.5312131445073054
2114 1.4010223261532604
2115 1.152510194435466
2116 0.593733091986644
2117 1.1359446699438527
2118 0.3261963067429497
2119 1.1077135635916409
2120 0.09074414164068337
2121 0.013890560148696288
2122 0.5340069101734418
2123 0.23286978696090946
2124 1.0017558924916876
2125 1.4728385139559277
2126 2.2334985644134928E-4
2127 0.4187846008667905
2128 0.114741392259996
2129 1.0019334610117405
2130 1.7819969303939753
2131 0.3968015281682663
2132 0.35987241304281514
2133 0.8898857686568811
2134 0.9950713170326538
2135 0.00805058679678395
2136 0.8620802330980282
2137 1.4217982652117047
2139 0.29239606252283756
2138 1.0104482132695352
2140 0.9912628313659538
2141 0.4173274588019561
2142 0.38637172024525424
2143 1.0004195217268945
2144 0.02046008549528215
2145 2.211568275475112
2146 1.8128976602643794
2147 0.9894468838845895
2148 1.2783273429129753
2149 1.2087037224875448
2150 6.728623363432074E-4
2152 0.28290560736428516
2151 0.4471223287862581
2153 0.22734232681742728
2154 1.210333876934354
2155 4.390054868512038E-8
2156 1.4376062786285067
2157 1.0
2158 0.029399132709078676
2159 17.64216206590367
2160 0.5936777101115719
2161 1.4904809350846833
2162 0.13810359340978837
2163 1.2798217077041225
2164 0.01979195732308284
2165 1.0436562860474483
2166 0.7224262536025989
2167 2.3680338495051956
2169 0.5745418262683974
2168 0.8186417208748972
2170 0.9218493797989442
2171 0.9317162059612462
2172 0.7774500125234056
2173 0.9996901364105425
2174 0.16153999798268245
2175 1.1625548680963813
2176 0.07063448754312965
2177 1.060240640229806
2178 0.37980393162133164
2179 0.02921741866803357
2180 0.009776580288527879
2181 0.9972664636910721
2182 0.7137312588596553
2184 0.8234669159493573
2183 0.40811612965665384
2185 0.9490173501231292
2186 0.8743647522605213
2187 0.18018900576246
2188 0.9831767748927897
2189 0.8895073146182848
2190 0.9339419714231222
2191 0.9506441695187171
2192 0.539605336933241
2193 0.1536659079247735
2194 0.0
2195 6.62099074809324
2196 0.6418297272949932
2197 1.0186784660455586
2198 0.9980288119066816
2199 0.8165888563059118
2200 3.4894701727606803
2201 0.1788225140910024
2202 0.9649646361818909
2203 0.8385058045633794
2204 0.27054987116750623
2205 0.06524775999538864
2206 3.204758764014301
2207 1.011006581704011
2208 0.9497134777324464
2210 0.9988068672441254
2209 0.5644825403680626
2211 0.08709316228357032
2212 1.175010990501945
2213 0.7142439240044092
2214 0.049943778656621626
2215 0.15105117702446996
2216 0.3170872468806247
2217 2.298888493480278
2219 0.7577228984342469
2218 0.9826856388823872
2220 0.8556106094161819
2221 0.1019255552784826
2222 1.0332656666198183
2223 0.6364622229791789
2224 1.554835610249588
2225 0.9024340112012585
2226 0.779695085835514
2227 1.3413134843533585
2229 0.9443729102460537
2228 0.8330059555127207
2230 1.3264476305770394
2231 0.9811248422606154
2233 1.1708962511107723
2232 1.3612741941115083
2234 0.178718432976808
2235 0.43241624800598316
2236 2.833300925899243
2237 0.598467329775742
2238 0.15703359651188104
2239 1.3216137564823307
2240 0.4455337603077585
2241 0.4665247505512533
2242 0.9609386469179049
2243 0.08253020713014231
2244 1.3459115695974635
2245 0.9824978865781477
2246 0.1625820425342897
2247 0.940235985105371
2248 0.09465229948017866
2249 2.3526120188328097
2250 0.9380334687455146
2251 0.6593646164266921
2252 0.9994416064555991
2253 0.9832686572675693
2254 0.9190698263947742
2255 0.37572242271697276
2256 0.7333805178437683
2257 2.6823091904543803
2258 0.47080281095244947
2259 1.2001754194966268
2260 1.0565087440234484
2261 0.6904039843644109
2262 0.9089956648131051
2263 0.6237039177544546
2265 0.3957123775455391
2266 0.9983388612848031
2264 0.11390592529378774
2267 3.364111345958684
2268 1.0883314999890197
2271 0.7113998640999635
2270 1.0449588602790227
2269 0.03581308617695918
2272 0.9200262007446788
2273 0.019100383645573083
2274 1.8736670838450578
2275 0.9950113824121884
2276 0.5298088235998525
2277 1.466161694622539
2278 1.005183759133854
2279 0.31420706843055646
2282 0.04506985764823087
2281 1.090458633214589
2280 0.7428406811811555
2285 0.001593002706298724
2289 1.6571847663642234
2291 1.0517689748406194
2283 0.3096693266495551
2286 4.163865019551661
2284 0.5895947942940564
2287 0.9720335236321594
2292 0.48615474613914855
2290 0.5022583499113263
2293 1.2564931857881128
2288 1.1863294275248573
2294 0.7384380971640226
2295 0.46807837135673064
2296 0.9157104434266835
2297 0.2253655546066625
2298 1.0038475511475535
2299 2.046000465873819
2300 0.21650918167669692
2301 0.9181018986612831
2302 0.33298576226722526
2304 0.9992373492697061
2303 1.094290072506098
2305 5.042032797602536
2306 0.35286331834453727
2307 1.001489707229967
2308 0.3866327813054965
2309 0.9508317702731238
2310 0.058700147176864025
2311 0.46649386010764093
2312 0.20988261276946554
2313 1.0803497601810277
2314 0.15006319077859295
2315 0.7178214827316376
2317 0.8855987824106082
2319 1.1642866276729449
2316 0.7489827751241543
2318 1.3998137445037726
2320 1.0407748183388075
2321 1.4149338104468838
2322 2.7069167500586488E-17
2323 0.46856057168082416
2324 0.014577851110403847
2326 0.7539247699974579
2325 1.4132399387934995
2327 0.7422305461939958
2328 0.9816238339771296
2330 1.4676791890639649
2329 0.9972092715707095
2331 0.7294242060291213
2333 0.32506291580836827
2332 0.1459717158284152
2334 0.544148765792129
2335 1.1688971624955136
2336 0.5324473974315288
2337 0.6482695210893222
2338 0.7498158216991976
2339 1.9864962849126415
2340 1.3834917921774286
2342 0.3532069152533186
2341 0.6007481190255903
2343 2.609282347072434
2344 1.331515806797446
2345 1.0011650546874624
2346 0.9657195287755967
2348 0.992636072000985
2347 0.9218451121692055
2349 1.0233334283593436
2351 8.848549002748872E-5
2350 1.4021265316600786
2352 2.1912962966940905
2353 1.5466084120139851
2354 0.9143655200416817
2357 1.6205473159295731
2355 1.0014503573341258
2356 0.6561521557755083
2358 1.0813785881877631
2359 0.9851850071568037
2360 0.7493369856949966
2361 0.7222524272110221
2362 0.977541896353954
2364 1.0390186643407187
2363 0.8866674221241543
2365 5.487609529306333E-5
2366 0.11196693914865623
2367 0.8004835160614476
2369 0.5751576813622867
2368 0.8246392809964885
2370 0.7103922129052924
2371 0.487880455189368
2372 0.9987115346990636
2373 0.07809941985032255
2374 1.9852572145761234
2375 2.9426761533623155E-9
2376 0.9655318392590478
2377 1.9316590177467776
2378 0.9386939562328799
2379 2.117493716973149
2380 1.1723509771337945
2381 0.0025013036245109563
2382 0.6765565467147446
2383 1.0258574333848003
2384 1.181651584089425
2385 1.0373661604147022
2386 0.7551152424264811
2387 0.9997287639092747
2388 1.7401794592568103
2389 0.9543760467945294
2390 0.228888133217338
2391 0.4967074393309432
2392 1.192072990189041
2394 1.0402255467120916
2393 1.2509133564967663
2395 1.0486366254023434
2396 0.14900384761702026
2397 0.4930430149507735
2398 0.9907388981333085
2399 0.5813849878723772
2400 0.9696653714706286
2401 2.6733416591362014
2402 0.6156093375464353
2403 0.7679385532116351
2404 0.9776251954513984
2405 0.9679972335217273
2406 0.034693366746723124
2407 0.4960798017429899
2408 1.0
2409 0.4461064027742266
2410 0.5609230763993411
2411 0.35406504792574006
2412 1.1023303297017397
2413 0.9658896709709467
2415 0.04123572790264883
2414 1.0330590545438263
2416 1.1644836491523602
2417 0.9967966005945659
2418 0.8749597529074988
2419 1.077082921526391
2420 1.0
2421 1.0001402823250634
2422 0.5192277716274084
2423 0.23843114442888516
2424 0.9733381594330963
2425 0.04681367002027027
2426 0.7096002804080142
2427 0.8325281778558271
2428 0.5700559007503974
2429 0.9427903935696034
2430 1.2500020520860233
2431 2.3494805930982197E-5
2432 0.3290482154905936
2433 0.34986566763193255
2435 0.929935362039055
2434 1.5351857232794996
2436 1.545685952396858E-4
2437 0.6284441341435412
2438 1.1454733072601289
2439 1.1028346384288477
2440 0.8725196386745703
2441 0.9927384081032712
2442 3.664544247630383E-6
2443 1.0034861160285915
2444 0.3494810523531304
2445 5.277456166387996E-7
2446 3.682927967206758E-7
2447 1.384651109390105
2448 0.2648059520576262
2449 0.7716876926592809
2450 2.795848251594085
2451 0.9447275353058173
2452 0.005631699170109239
2453 0.6591034679504224
2454 0.7035976678861201
2455 0.3864821380075434
2456 1.6219573664499705
2457 0.6204737900727326
2458 0.5830247385104762
2459 0.5914144900432073
2460 0.15571736067357972
2461 1.1947517521516935
2462 0.08146986599032674
2463 1.0327691148160119
2464 0.7556155208675419
2465 1.012905994514361
2466 0.8360870978462682
2467 0.8819720465393661
2468 1.1265143147677898
2469 0.8497213523104521
2471 0.8143521614366082
2470 0.2542817773989639
2472 0.9722234715496639
2473 0.32643834627896906
2474 0.6800750923071263
2476 0.5236195663489246
2475 0.6047032632277658
2477 0.6296479343321489
2478 1.2553737417252817
2479 0.15414697645650502
2480 0.18297261607935578
2481 0.6631935818798669
2482 0.4193894483966945
2483 0.06426419104946803
2484 1.0236079341691842
2485 1.3189114999741491
2486 0.9770162699250998
2487 1.525461208033649
2489 2.583058633785451
2488 0.7824308567985462
2490 0.7609325150779784
2492 0.6586486930830658
2491 0.910612437041814
2493 0.46304762043233977
2494 0.1853693860638655
2495 0.6566784118295962
2496 0.7460666899907055
2497 1.531950475686359
2498 1.1800085401693694
2499 0.5178956859669257
2500 0.9999995892192345
2501 0.9905555825894791
2502 0.9044237145172825
2503 0.6501858977055173
2504 0.0
2505 0.5559462348694605
2506 0.41748877174874977
2507 0.9023799469197896
2508 0.2741578253300535
2509 0.73117992895328
2510 0.9491464250334503
2511 0.9159131689343796
2512 0.21353845276717415
2513 0.6346975927427354
2514 1.1466846757725797
2515 2.9549195879156303
2516 0.9443622674200596
2517 1.4675103416659065
2518 0.565338541168246
2519 1.4667798935098912
2520 0.9909079560590912
2521 0.0014593215056431376
2522 0.7914425642513878
2523 0.26919924728069544
2524 1.4666898352153692
2525 2.4917472604700794
2526 1.044696668240116
2527 0.011202242870282465
2528 0.9838672117687042
2529 0.36042154436566276
2530 1.3924247110699162
2531 0.09441153351669071
2532 0.09901372238755798
2533 0.5854201710303248
2534 0.016679577594474568
2535 1.5214718188999061
2536 0.9872279644166888
2537 0.6254140087791977
2538 0.9852074345212041
2539 0.7524627072099028
2540 0.03777531360144844
2541 1.171717525516001
2542 0.10591828118159699
2543 0.555750417373537
2544 0.9831532363921364
2545 1.13605276560448
2546 1.0072100293794093
2547 0.9970121736371201
2548 0.1813509202947817
2549 1.202562275529688
2550 0.547059
2551 0.7245111747833283
2552 0.7521840815061194
2553 0.9385120440367689
2554 1.510094638320142
2555 0.33088009757687925
2556 0.062246547441734745
2557 0.9998420287390836
2559 0.370547599698886
2558 1.0632200376876677
2560 0.7360697353950689
2562 0.37430298970306236
2561 0.5917571113813147
2563 0.9693520546861897
2565 0.972620907728681
2564 0.9722064620979824
2567 0.9814345020247691
2566 0.8753584496329654
2568 0.7164796765577442
2569 0.9519422309231547
2570 0.444426856489595
2571 1.18231732354052E-5
2572 2.1957527529764596
2573 0.9055181600438542
2574 2.3535221185049755
2575 0.9994776401691945
2576 0.5185711247282851
2577 5.187280049567322E-5
2578 0.9710514257888933
2579 1.3766275100759333
2582 0.09504037082137552
2580 0.686399357953304
2581 2.6588685070753777
2583 0.24583521107461553
2584 0.9029967586250927
2585 0.9526884675119119
2586 0.5727256287872154
2587 0.7284911855271514
2588 0.3910884632948673
2589 0.26803741032761663
2590 0.8275183280064567
2591 6.129687694713696
2592 1.1110214199315258
2593 0.9999313172477661
2594 0.9998705323214853
2595 0.1510074361028056
2596 0.021210127093193365
2597 0.5599236541147475
2598 0.9987167087999572
2599 1.0445660169497972
2601 1.0269485937107556
2602 1.3880208560491822
2600 1.0069182764875755
2603 0.7828547903299603
2604 0.004488875891823584
2606 0.34388004188158766
2607 0.9205214195512947
2605 0.6523956438904949
2608 0.37008722109762615
2609 0.08273919156845479
2610 3.875119898832285
2612 1.2594735029661823
2611 0.08194588636300397
2613 1.1449441229180128
2614 0.033890335455786756
2615 0.11969247185512917
2616 0.5119638851928365
2617 0.37170293020974887
2619 1.0383850944220456
2618 0.6767733340740839
2620 0.2059984838403969
2621 0.7426169048580961
2622 0.19845642878162292
2623 0.6386302658862197
2625 1.8086516474541179
2624 0.8354858062752532
2626 0.3462735439173384
2627 0.7339943495057223
2628 0.19719065299753782
2629 0.9231579773586196
2630 0.7302150507242477
2631 0.1237647092151694
2632 0.0598648124184641
2633 0.6083347479562178
2634 0.7898701369349082
2635 0.9875153361656401
2636 0.6447659783104166
2637 0.8542844064040324
2638 0.9816661214276288
2639 0.9871817095706743
2640 0.25260357033775943
2641 1.367688233450011
2642 0.6957033480572641
2643 0.37630117585835815
2644 1.0122529979282826
2645 0.6687196768487534
2646 2.070466677162143
2647 0.22423166216220566
2648 0.006244461728698649
2649 0.7038201342456388
2650 2.824815072060224
2651 1.1384185629093346
2652 0.1059890427120818
2653 0.9075631560519125
2654 1.1588486716241002
2655 1.4891797280832848
2656 0.23392178648380627
2657 5.070192549520785E-6
2658 1.0292238900715214
2659 0.5629636924458906
2660 1.2025472861127666
2661 9.650042283676779
2662 0.0
2663 1.1253414400927622
2664 1.0414216406602037
2665 0.9078208221258577
2666 1.4966700372984303
2667 2.4759544714606685
2668 0.982690259006325
2669 0.6856141407717956
2670 1.1068392251544505
2671 0.9350583751125484
2672 0.7426930712454847
2673 0.43540541611095646
2674 0.42396764214512833
2675 2.7368028093038714
2677 0.9999997688248367
2676 0.002659522140930162
2679 0.3560397979725452
2678 1.3567700480543101
2680 0.004094559308219918
2681 1.1348280192177125
2682 0.9143046079023875
2683 0.6966845406256065
2684 0.24808849850685172
2685 0.5560436852567048
2686 0.38702651870900023
2687 1.1017418679108644
2689 10.052998405123272
2688 0.44657123602751314
2690 1.0538974986430523
2691 0.9639085327950565
2692 1.8566544852512756
2693 1.4491042763167399
2694 0.08293872134491966
2695 0.25482021363228896
2696 3.4819760244331386
2697 0.642084266532503
2698 0.8286310113072354
2699 0.1732283357208211
2700 0.9999968425511774
2701 0.7117236311199747
2702 1.0294717841363448
2703 0.2705855200163785
2704 1.0243675617801042
2706 2.8364733649330294
2705 1.3069022360748868
2707 0.983994139504375
2708 0.08170848333170047
2709 0.8022322910575269
2710 1.2172313596631827
2711 0.7315502226303914
2712 3.7891391725389303
2713 1.11961382637698
2714 1.0626109948183389
2715 0.013342278056546608
2716 0.9986481239302637
2717 0.9247958073618402
2718 0.34812327638810764
2719 0.10707205938055024
2720 0.5123042958664793
2721 0.8974649372319523
2722 0.7421913376012658
2723 0.6159793556162546
2724 1.0535073932611168
2725 0.1356239120822246
2726 1.5024965255272869
2727 0.8513910166938247
2728 0.6488694551944204
2729 1.3556816420443516
2730 0.08640674099280614
2731 0.893789531399655
2732 0.6279050416682203
2734 0.054353077619902955
2733 0.9995756613760662
2735 5.634626034478649E-6
2736 0.8629116185482815
2737 0.8225735980743032
2738 0.4257319107833178
2739 0.9402540105500516
2740 1.2113760919504204
2741 1.4912572430873046
2742 1.0461918995034414
2743 0.9096039423076979
2744 0.3093356720701729
2745 1.0364122676437373
2746 1.003582046539553
2747 0.9071094745965247
2748 1.0334613147180347
2749 0.5408602664313995
2750 0.9086184811622241
2751 0.13657988660479198
2752 0.6584761724798676
2753 0.009235042448664178
2754 0.813251592740014
2755 1.3682582156279282
2756 0.23197263641742505
2757 0.03042844298168292
2758 0.625269629099936
2759 1.0522905387921873
2760 0.14343946093540544
2761 0.9822778817302764
2762 3.898529276608979E-4
2763 2.2186962663362455
2764 1.422235906267995
2765 1.0008273966181764
2766 0.08356789717255993
2767 0.3882786095571844
2769 0.9736093653475756
2768 0.6698778707790034
2770 0.9125232417094663
2772 0.10976487073626665
2771 0.021964530224623677
2773 1.0003525735227026
2774 0.22732909828379208
2775 0.03607110830798819
2776 0.01473799573275118
2777 1.2290696432742285
2778 1.6053003326485893
2779 0.9072451227702136
2780 0.5261169013671472
2781 0.08810596145858089
2782 0.8057617442595096
2783 0.9579974196329107
2784 0.6118504626374043
2785 0.212179435578227
2786 1.1490303411541511
2787 0.014473406241032577
2788 0.24599905866792846
2789 0.4478521843895341
2790 0.9999388738042216
2791 0.08743346029569768
2792 0.6185323569805599
2793 0.00494657237193307
2794 1.0142731141869186
2795 0.9993692037835915
2796 0.9822764521297391
2797 0.5194720720693347
2798 0.0
2800 0.6548329091835994
2799 0.9025025576817395
2801 0.7598579357295963
2802 8.168858171852447E-5
2803 0.9890144687981957
2805 1.003088818907757
2804 1.156293592784093
2806 0.008827054932355282
2807 1.8119213894721842
2809 0.12317748078522874
2810 1.1497517007142004
2808 1.982054171412247
2811 0.7944201860644178
2812 0.8529834236132837
2813 2.4823792480944995
2814 0.5301702355769078
2815 1.9730538662615944
2816 0.7429319730525354
2817 1.235803534728065
2818 1.1407548624958452
2819 0.09021681290894513
2820 0.65386294158191
2821 0.20531627376869882
2822 0.05323392117025005
2823 0.7487324575164508
2825 0.9999592239073778
2824 0.9996346043906564
2826 0.2692388121440866
2827 0.9999999230037758
2828 0.7006765980104125
2829 0.06064444892319688
2830 0.04373280953662337
2831 1.0129430592444704
2832 0.05000864389044051
2833 1.0
2835 0.9945372849327146
2834 0.9347740417277204
2836 0.7634037628075888
2837 2.385086606025273
2840 0.6853212084370027
2838 0.3516379018982072
2839 0.18525523557946197
2841 0.9504066877585953
2842 0.15098
2843 0.8260261691492384
2844 0.23439699644510054
2845 0.8348796081200507
2846 0.8198248660509068
2847 0.9104625970483984
2848 0.3224840961104636
2850 0.951515339788301
2849 0.8553047928939501
2851 0.9553427012030875
2852 0.6454193845770946
2853 0.40122398678009863
2854 1.0021866352092081
2855 0.9188980270300828
2856 0.1966388721269444
2857 0.7449503993505358
2858 0.05819169310937053
2859 1.4716042655626784
2860 0.611790425251962
2861 1.1147056625533238
2863 1.093470186503889
2862 0.877985867946379
2864 0.8171313313990347
2865 0.13681053294421397
2866 0.81431412267783
2867 1.0740879361072317
2868 0.26637444939004246
2869 0.8415681541902033
2870 1.0920962439211779
2871 0.8632485462450709
2872 0.9597049300779332
2874 0.8705555111014622
2875 0.5735467181943656
2873 0.9767904213043748
2876 1.0005453119708672
2877 0.8414498811709591
2878 0.9148359558223474
2879 0.4983928653018135
2880 0.9929551811329685
2881 1.064146163344843
2882 0.11917920193086062
2883 1.8781879143437925
2884 0.8629844934091521
2885 0.9619825051944211
2887 0.9788879325885981
2888 0.681666074188415
2886 0.6546743458438583
2889 0.016712288456816084
2890 3.396486204447501
2891 0.03967591896438376
2892 0.0704458210728916
2893 0.05040523671868941
2894 0.9753204919114331
2895 1.575375174096856
2896 0.11607800572304149
2897 0.06351594922638444
2898 1.9039599366374813
2899 1.0
2900 0.9886081387098082
2902 0.9380689475067431
2901 1.572608472852069
2903 0.9999149264910439
2904 0.922479853215589
2905 3.3627601533975734E-7
2906 1.758114007920726
2907 0.6202191157107801
2908 0.01915906414319687
2910 0.999974261631855
2909 9.875420457543354
2911 0.6309508372706125
2912 0.9382106235468809
2913 0.6884531071562773
2914 0.29335730429494017
2915 0.03386300905818985
2917 1.0008911409659398
2916 0.40009708262176064
2918 0.11849917206116765
2919 0.7223891797956902
2920 0.9755830597530594
2921 0.5586897210712962
2922 0.6689023339071443
2923 0.6133175073058269
2924 3.145975455001441E-4
2925 0.8608770448760314
2926 0.1865595826956668
2927 1.2256843946818117
2929 0.5991302258678172
2928 0.25706586482328625
2930 0.5764809556399028
2931 1.3196240603738572
2932 0.761492027791254
2933 0.4348431762704422
2934 0.9753412971037532
2935 0.9530212884466052
2937 0.7386520198603045
2936 0.7252472627480953
2938 0.9347345955173122
2939 1.0163543076036798
2940 0.9901959159123546
2941 0.9492376316892686
2942 0.34882233006093344
2943 1.003417432077033
2944 0.03331269340773907
2945 0.6621001555960122
2946 1.0009224877908671
2947 0.9921338434466881
2948 0.3055916353619901
2949 0.3981845143835486
2950 0.5726394922870441
2952 0.9644052889471927
2951 0.9378629458951706
2953 0.1120694757178183
2954 0.4930582605056759
2955 1.0253705268829365
2956 0.16872891246479374
2957 0.00565478479300421
2958 1.1051386422914466
2959 0.34992214709418945
2960 0.1945443736925429
2961 2.636810612238914
2962 0.9986680829658426
2963 1.0
2965 7.315721899301125
2964 0.6591767002472622
2966 0.5813318462593513
2967 12.514534447289186
2968 1.0000000241880382
2970 0.7059050056342393
2969 0.08828900772766761
2971 1.0001112013523306
2972 0.24858726248192453
2973 0.0
2974 0.024163469602028257
2975 0.4543920889368286
2976 2.8693979560036547
2977 1.4390608823092543
2978 0.99340807921803
2979 1.87275913635773
2980 1.0049992419356428
2981 2.4209302898107915E-4
2982 0.18408686428189025
2983 7.091127035172149
2984 0.2090555163063046
2985 0.08633410947286
2986 1.0908150359450508
2987 1.091526883339205
2988 0.31343332635093923
2989 0.8640424478622114
2990 0.9447381634609106
2991 0.8413792516599671
2992 0.3334507145633555
2994 0.26413543018211877
2993 1.3139512441547627
2995 3.840827890394323E-5
2996 0.7431581382071508
2997 2.461502638143979
2998 0.26966665576374255
3000 0.0032412358956658365
2999 0.7589307609336254
3003 1.005837548307017
3001 0.9510389824529385
3006 0.030967848545024323
3004 0.9998485266358121
3005 0.720318717267134
3002 0.9069666993789519
3007 0.9340164743007754
3008 0.6704356011893755
3010 0.9935076753875085
3011 0.659037361563908
3009 2.0741732008195184
3012 3.2233290296376684
3015 2.64268142519329E-4
3017 0.0
3016 0.2337471139240762
3014 0.9355299198248356
3013 0.6861890258859977
3019 0.9892088186531818
3023 0.9669423625215889
3020 0.4247416198534557
3025 1.9759914267796945
3018 0.9955705621174352
3024 0.9733720007537505
3021 2.089999704622006
3022 0.8902900189968377
3026 0.82788297322352
3027 2.102443971287996
3028 60.437516844039486
3029 1.0025267171079655
3030 0.5247989199514725
3031 1.0064986829506755
3032 1.067790969922437
3033 0.001018229198702489
3034 1.4721624133575182
3035 1.1207132581843773
3036 1.4026111831302754
3038 1.2871033930188125
3037 1.3969265583210853
3039 0.8967196744195975
3040 0.8981081677859176
3041 2.8024052583184953
3042 0.9836754739076251
3043 0.7751067498479788
3044 1.011774651815712
3045 2.071526090474271
3046 0.1727069447304798
3047 4.732400258499008
3048 0.5230669953039269
3049 1.4208727115518234
3050 0.47824723201353203
3051 0.8909590143106798
3052 0.9980755871686857
3053 0.9778804166652739
3054 0.9959874866609036
3055 7.066999717182744E-6
3056 0.09966017981170955
3057 1.2000596537535764
3058 0.037733394374234445
3060 0.260964229075957
3059 0.7035917739456412
3061 0.003494874622306839
3062 0.3930656679305993
3063 0.8248086869096158
3064 0.0058327652473489115
3065 1.0013634873181434
3067 2.3148428366405907
3066 0.9058059037097165
3068 1.0140981037016195
3069 1.848739797755516
3070 0.17562525427437872
3072 0.9793997425514098
3071 0.009040213087811716
3073 1.1088403188563152
3074 1.1118266175847082
3075 0.8569655410827582
3077 1.0030890239914148
3076 0.7239964933478947
3078 0.19169416524012084
3080 1.74446628092134
3079 0.9565115576918906
3081 0.6812980063548533
3082 0.968696531169984
3083 0.8465308282287055
3084 0.893299851757073
3085 0.5482737515182777
3087 3.9492484685140092
3086 1.5595850305387542
3088 0.8859504157546106
3089 0.0035325605343555625
3090 0.8490954929183593
3091 3.400837144753923E-5
3092 0.16140665613458213
3093 0.2569265058685504
3094 1.1455281780375455
3095 0.5889645028944095
3096 1.1027641537006954
3097 0.13786589564461418
3098 0.5397335546592912
3099 1.2257945466658935
3100 0.795846950548728
3101 0.6658366328320727
3102 0.9985431511304486
3104 0.3277435740419185
3103 0.5139528819880578
3105 1.7857932744254013
3107 0.8024891555708152
3106 1.0060292948424576
3108 0.14918605886525357
3109 0.8245176181366277
3111 1.030230797062099
3110 0.19881818509136873
3112 8.133234349537735E-4
3113 0.7667674869132554
3114 0.6299980422561297
3115 0.3161013236344868
3116 0.9457770590116311
3117 0.999780896395986
3118 0.6560235044659357
3119 1.0016541648697082
3120 1.2851517182685908
3121 0.7526438659933575
3123 1.7301497592880162
3122 1.2442933715077171
3124 0.19542027937622317
3125 5.4498844372715924E-8
3126 0.9988092080692559
3127 0.9523983396070879
3128 0.33201736393532294
3129 1.1258278160048298
3130 0.7116197647805264
3131 0.6181969594232444
3132 0.4721837033293304
3133 0.6222850899538666
3134 1.0856953511237302
3136 2.094865522132438
3135 1.1736426200617749
3137 1.0904135568758695
3138 0.9391976730656375
3139 0.5777551466168478
3141 0.6191232366578963
3140 5.1045012129172E-4
3142 2.0199168827666862
3143 0.8012312455899412
3144 0.16520239028250597
3145 0.6133473369659905
3146 0.7555140902914514
3147 0.1704610251183854
3148 0.7961057990420107
3149 0.9684139803333144
3151 2.036972097853309
3150 0.5275050996369862
3153 1.0311311499941285
3154 1.1763542154939683
3152 0.6785193143127097
3156 0.782822637160395
3155 0.6726247915781681
3157 1.0001672609281633
3158 0.13139985690316452
3159 0.45699136412966906
3160 0.8774661499801523
3161 1.0
3162 1.0
3163 0.11206734373068009
3165 0.5496902500386283
3164 0.7917110941680338
3166 1.035886113311372
3167 0.2628482331577251
3168 0.7723204616136231
3169 0.7601730380233642
3170 0.3671390974190374
3171 0.3561158992402818
3172 0.9994065595820636
3173 0.8891758677529112
3174 0.9064698149314158
3175 0.7747248050177412
3177 0.9808806342842794
3178 0.8342241191751236
3176 0.7501780096422138
3179 0.9850607606962418
3180 1.248017927448213
3181 0.054027627452000966
3182 0.21587432259707562
3183 0.6620218587467429
3184 0.0028798581706803534
3185 1.8001835438169745E-8
3186 0.4071716508767649
3187 0.7876341984177702
3188 0.3492032476969418
3189 0.9985486923247375
3190 0.8639640466107076
3191 0.6924458193721158
3192 1.0256383673982075
3193 0.22694630931301596
3194 0.8687311955583693
3195 0.6767468667139466
3196 0.022618490599002814
3197 0.037664725652469845
3198 0.9070191164877386
3199 0.5403532210685336
3200 3.6372083096528583E-4
3201 1.4247622264430273
3202 2.4675389216377597
3203 0.046137443632003464
3204 0.9273202236157269
3205 0.8282407396681681
3206 1.0047173403832832
3207 0.40491842639662035
3208 1.345335013219349
3209 0.5296437006327724
3210 0.8437932345736627
3211 1.0280785197558469
3212 0.4493491174486967
3213 0.974884889551525
3214 0.21515686955601418
3215 1.0181806165546614
3216 0.044517404390859085
3217 0.8426048978028705
3218 5.842148546310775E-6
3219 1.0127059609486049
3220 1.462971291525159
3221 0.7064082061912496
3222 0.6239153131290298
3223 2.2364578254885656
3224 0.27814175607802033
3225 0.927071797290187
3226 0.15782757375831807
3227 0.06390814327453063
3228 1.0000074143726592
3229 0.8318548799527781
3230 0.8277764672651547
3231 1.1327309341438019
3232 1.0025657548955522
3233 5.185829708050223E-4
3234 1.4079347118973773
3235 0.42004627906488123
3236 0.0021683030756791213
3237 0.11984782102209302
3239 0.8119664182018453
3238 0.7825092058954877
3240 0.9989689367515209
3241 0.28179116153075473
3242 0.9245151418491883
3243 1.002536531630119
3244 0.9925954917436465
3245 0.37811958219705416
3246 3.4628417449428284
3247 0.9556190224441171
3248 0.9545436347516979
3249 0.9299349806731012
3250 0.04719527578112548
3251 0.7690125912053015
3252 0.8386458589958978
3253 2.5814731465468617
3254 0.9035985641773203
3255 1.465071014672251
3256 1.0218280978633814
3257 0.6712879805079753
3258 0.94203114586053
3259 0.2515984987830849
3260 0.9437682690149599
3261 0.014319339001382431
3262 0.9594925784549265
3263 1.0309557528922297
3264 0.9570191789239352
3265 1.0284067741975327
3266 3.720977289837669
3267 0.7849074911092884
3268 0.1110925212764901
3269 0.00728702237467068
3270 1.362157405349872
3271 0.6074662366948563
3272 0.6719432730617599
3273 0.7519463532347894
3274 0.6661455545183784
3275 0.9465312870636079
3276 0.04098954303416759
3277 0.6414955527230022
3278 0.42409349379713746
3279 1.2333295301086133
3280 0.5046493551188794
3281 40.28897947810371
3282 0.8254032809945279
3283 0.0016563653661761822
3284 1.5598206867943458
3285 1.4169576274766271
3286 0.1419253170855689
3287 0.880804712936026
3288 1.4291063956598256
3289 0.9034803315254205
3290 1.0
3291 1.2418604424635522
3292 0.6014948665562614
3293 1.1559407095846719
3294 0.7999064693484023
3295 0.003167914936164393
3296 0.661735608765432
3297 0.24468889475391237
3298 0.1402286924296911
3299 1.0358828600643564
3300 0.9983907174896043
3301 0.9985606030719218
3302 0.9882336686709409
3303 1.0983564374001735
3304 0.04323801284568748
3305 0.4813751161410169
3306 0.9847487610740876
3307 0.18207506092692632
3308 0.25373383394418486
3309 0.6883484244130357
3310 1.180117648798316
3311 0.8836960654125857
3312 0.2797315274183483
3313 0.0028885088062882616
3314 0.8575034575384355
3315 1.0000029766082095
3316 0.9971739633558023
3317 0.8769689994478084
3318 0.4317318926865229
3319 1.1076498717613428
3321 0.029325321315166294
3320 0.5161611540959278
3322 0.8545515749059686
3323 0.3105963424311586
3324 0.34518945041704313
3325 0.9349274871515246
3326 0.5041238777460612
3327 0.9341796343041138
3328 1.385143047125345
3329 0.4436749762717867
3330 0.8004368118698172
3331 0.03198851701528832
3332 1.2432929139223725
3333 1.0
3334 0.2863373515104523
3335 0.516816529903091
3336 3.2943350306243833E-6
3338 0.7533388109756056
3337 0.7316212854439209
3339 0.40731208799371216
3340 0.37704984417300363
3341 0.7452766315775947
3342 1.0001750240361778
3343 0.5587760228515499
3344 0.32779697693190557
3345 0.967321214092469
3346 0.9031191594400947
3347 0.6494829108044357
3350 1.3824835542168894
3349 0.7214586393602138
3348 0.25471676948776706
3351 1.8582905961800968
3352 0.7728657779357009
3353 0.9953396399971695
3354 0.011806243751737572
3355 1.1740757728220734
3356 0.9942731782801838
3357 0.8516599431609705
3358 1.0111287074893451
3359 0.6508568177918208
3360 1.262891900753049
3361 0.33553228882278385
3362 1.1798307784017257
3363 1.8568655704964792
3364 1.3217632894266278
3365 0.9942727085889448
3367 1.1192037338655068
3366 0.013868942912905474
3368 0.5963486059492712
3369 0.379591589354446
3370 0.9873088281772083
3371 0.5315409069074637
3372 1.6034500167276573
3373 0.3059373663190113
3374 0.9695959551546255
3375 7.753000864145201
3376 1.160097963227085
3377 0.6785489914735324
3378 0.39414812765448554
3379 1.087326517074166
3380 1.0749455136159627
3381 0.38464333711872756
3383 0.43513059893245276
3382 1.5674176974721585
3384 0.4171634403566127
3385 0.7228680583125364
3386 0.8341465228585796
3387 0.2656304970315122
3388 0.6837262312881595
3389 0.1819842177302236
3390 0.052683038743378666
3391 0.7300874110394374
3392 0.22001836348223722
3393 1.0981325450226433
3394 0.35465438691254303
3395 0.9234398499673687
3396 4.2278867776055
3397 0.9903784050608373
3399 1.0213143938555769
3398 1.4111970502173645
3400 0.5466313145594508
3401 0.08468164978345767
3403 0.8652411711166531
3402 0.9205605925690021
3404 0.8897834735033645
3405 0.07103342736317207
3406 0.8655915885010395
3407 0.0720771055124421
3408 0.8907760625768666
3409 0.9848870897372378
3412 1.0292820159906388
3411 0.8480138701874357
3410 0.3866974199927276
3413 1.510158782639917
3414 0.6606460208243479
3415 0.8545263144973473
3416 1.5052948494638216
3417 1.0434481882884146
3418 4.0935368448702554E-7
3419 1.0417682406236635
3420 0.7424226017656312
3421 0.6965795202721232
3423 1.0848273907302413
3422 0.06558202085093989
3424 0.8538074181194196
3425 0.2996488672234764
3426 0.46226789010277586
3427 0.6064778574152683
3428 8.630000850745944
3430 0.5568464788080116
3429 1.8490775396709827
3431 1.0396252060067468
3432 1.8386511226044386
3433 0.8697616442443872
3434 0.34093518697271835
3435 1.0035616884973788
3436 0.950455693759475
3437 1.3694155284971568
3438 0.7068048407024018
3440 0.6803078810786789
3439 1.0810762770795783
3441 21.087723357557444
3442 0.22835634421067716
3443 0.7812366839018315
3444 1.5613132963744623
3445 1.0001696649419953
3446 1.1958579787434058
3447 0.6678599318055674
3448 1.6054002091506019
3449 1.0027110051309838
3450 0.8936174279945777
3451 1.0445843093394118
3452 0.5800832514324696
3454 0.3558536448831907
3453 1.3940037878270584
3455 1.6594945487372952
3456 0.031333598675998345
3457 0.9674862324005046
3458 0.8739536516834444
3459 0.4167000556786511
3460 1.3115766286018398
3461 2.4680539622310897
3462 0.01346811449683066
3463 0.651882015237213
3464 1.218659272101111
3465 1.0705728939975128
3466 0.9920656233942228
3467 1.0298976254542787
3468 0.06887319179675222
3469 1.0000777305567656
3470 0.9608875404390093
3471 0.8088515214127584
3472 0.9780825775247192
3473 1.008598265270739
3474 0.9985083042908921
3475 0.7414845683424843
3476 2.3310013134199443
3477 0.6394513670234269
3478 0.34270420122478407
3480 1.6727578513755208
3479 1.1596947696536488
3481 1.6943716723430322
3482 1.0789731560487673E-4
3483 0.7207402415217219
3484 0.5779761850923755
3485 0.7092304396800734
3486 1.1268112294323391
3487 0.9999980016883261
3488 0.6039449059903688
3489 0.8499762152230557
3490 1.0193175864631396
3491 0.041485367591679735
3492 0.0403090604994629
3493 0.9994188237125542
3494 1.7063993991349493
3496 2.7484804678135735
3495 1.6419723742727608
3497 0.2609565296712527
3498 0.0038955276366238203
3499 0.5622122787365977
3500 1.3364571701020058
3501 7.240805180918649E-4
3502 0.0024051091462557374
3503 0.652459920258627
3504 0.962919289795138
3505 0.0453048576652961
3506 0.9230446302968489
3507 0.6091411971287026
3508 0.7092419993812112
3509 0.2989649419214744
3510 0.007513563130731644
3511 0.48293894671491167
3512 3.878536002605407
3513 0.6399741820468343
3514 0.05508821641013372
3515 0.7315509401947538
3516 1.2771592221306596
3517 0.8171085408388028
3518 0.9005504617081865
3519 1.9054874579333752
3520 1.0
3521 0.9939024641739803
3522 0.9948367517009488
3523 3.3595963739676757E-4
3524 0.906072887697912
3525 0.2868879320063088
3526 0.08430002397720458
3528 0.11628124138243026
3527 0.8990680962766925
3529 0.5315128479261263
3530 0.9484566318886459
3531 0.038018396511358014
3532 1.167811226870905
3533 0.9990161556088824
3534 1.1590789673073238
3535 1.4831640139210063
3536 1.1924429748709118
3537 1.1475811723850264
3538 33.650924367572884
3539 0.947901913659271
3540 0.927160971240094
3541 1.0542249226906495
3542 12.458940117165453
3543 0.964011572641658
3544 0.16647223076613601
3545 1.0351429886501997
3546 0.999939764838064
3547 3.6482937744146877
3548 1.089392044333184
3549 0.5887035784992137
3550 1.1091451189570405
3551 0.19783804661117754
3552 0.9951338922606979
3553 0.14438100820430244
3554 0.6904587934614886
3555 0.020405978339202036
3556 1.2869088985918264
3557 1.090032899372909
3558 2.4549173826883472
3559 0.7023387670931152
3560 1.0519410641260651
3561 0.9188591787862073
3562 1.0116464962190106
3563 0.5194413359126586
3564 1.5070995718582432
3565 0.23679026948892523
3566 0.9819464676889013
3567 1.4917643665229505
3568 1.12521489180443
3569 1.780812976670732
3570 0.6383145771740649
3571 7.877079648327118E-5
3572 0.3905015616319408
3573 1.1560336542531504
3574 0.7722412418358308
3575 0.09514599572494487
3576 1.0941594180373182
3577 0.7056419594786965
3578 0.8713879901445392
3579 1.652693881934798
3580 1.8281724964553245
3581 0.5918299948552956
3582 1.058896703086865
3583 0.8169587838349295
3584 0.11527023287958173
3585 0.9684064090436957
3586 9.525414019874736E-4
3587 1.0479434102612237
3588 1.1107014978857215
3589 1.0438172731866653
3590 1.7556499991003383
3591 0.6678530390752594
3592 1.2289047603314038
3593 0.9433899516972033
3594 0.9247227589148371
3595 0.6747998216664949
3596 1.013438591165302
3597 0.16234755530828618
3598 0.06508203252613183
3599 1.5531903605425663
3600 1.109057461661906
3601 0.7918723366629449
3602 0.22434275908758966
3603 1.0277978350622496
3604 0.029298612814101097
3605 0.924557672057452
3606 0.2853288149794528
3607 0.9949947584072245
3608 0.30005983376194095
3609 0.8521012635561591
3610 0.9367032547557052
3611 0.3940649896911312
3612 0.6048339711160154
3614 0.9188943420085416
3613 0.904363261865082
3615 0.9999692903720456
3616 0.013170548921940257
3617 0.05311026328845609
3618 0.7514267345156802
3619 0.8784930290078421
3620 0.8650301507825385
3621 2.803018889560902
3622 0.9957067244096748
3623 0.9969384598032855
3624 0.9903370422190876
3625 0.9811310247849502
3626 0.7777041690666275
3627 0.063353908977482
3628 1.050207989475146
3629 0.6287986471625532
3630 1.0092232371096514
3631 0.578181339925967
3632 1.0008484324782871
3633 0.7870733697867884
3634 1.3187924848826934E-5
3635 1.1122016924296951
3636 0.8615617465203464
3637 3.2228184326709206
3638 0.10870738168292407
3640 1.0485263949630566
3639 0.5191384207235983
3641 0.8406766951298941
3643 0.9307537955019761
3642 0.8044639079238967
3645 0.9266895712647286
3644 0.7559696514143617
3647 0.8865188987777401
3646 0.8569931455801778
3648 0.9578211030696989
3649 1.3987378921256004
3650 1.01020962955153
3651 0.9349691345022632
3652 0.28397096759703094
3653 0.9954407734107739
3654 1.3261215837131985
3655 1.077220300034117
3656 1.638309176525212
3657 0.6284881062416388
3658 0.7365793058868909
3659 1.0728937175652564
3660 0.11201747109892458
3661 0.9154248821432905
3662 1.016111975648499
3663 0.8804328431222741
3664 0.1755177741503007
3665 0.36549307149084725
3666 0.986461658103039
3667 1.0066011623186972
3668 0.960519386452689
3669 1.0259045866756895
3670 0.8576036638462275
3672 1.0041553072634175
3671 0.9223181119560342
3673 0.8909694148811196
3674 0.9553313178167482
3675 0.36216579556955314
3677 0.6136690120202397
3676 1.3720769062272806
3680 0.9974206983021668
3679 0.0011137914091704398
3678 0.9563082936058144
3681 0.6230648613947933
3682 0.24898165293724828
3683 1.3307680606460814
3684 0.6715260735310807
3685 0.6894683205970374
3686 0.5780995636255393
3688 1.0690979032206944
3689 0.8796218569116413
3691 0.06876068850014658
3690 1.4968056576521513
3693 1.6841233106394264
3692 0.9159816226251769
3694 0.009929779613797126
3687 1.3910864488141732
3695 0.40971018452825925
3696 0.7592310440196328
3698 1.2302740807132704
3697 0.39701120974155685
3700 1.7637854653604494
3699 1.2456593312540747
3701 0.11680072413565046
3702 0.17779200824191518
3704 1.9105722011218687
3705 1.511369700048645
3703 0.8203696948323094
3707 0.9862701986453953
3706 0.3427361280452921
3708 1.1318290739821577
3709 1.397960536875252
3711 0.9975905011619007
3710 0.23110720367572068
3712 1.871368840363305
3713 0.00917099228528741
3714 1.0165642307314653
3715 1.010396317413731
3717 0.024161869689328104
3718 0.5491975051856821
3716 0.16964028434081818
3719 1.1463938880674611
3720 0.97390088080805
3721 0.5141744965610358
3723 0.7535871612657349
3722 0.9784154087622378
3724 0.7202359653950483
3725 0.37214261422968076
3726 0.46890115609474103
3727 0.5976062262103722
3728 1.3259244910092163
3729 2.0191550677116807
3730 0.8575968655859444
3731 0.2835973737848612
3732 0.9922213693639366
3733 1.3334920270899977
3734 0.017179065854635214
3735 0.9972657017206432
3737 0.7324017910895031
3736 0.6893883469956165
3738 0.9883111586905886
3739 6.989377002275897E-4
3740 0.9493460249593784
3741 0.9728908143242888
3742 0.9876255435295087
3743 0.15644797634551397
3744 0.5645405666135971
3745 0.5598861760791406
3746 1.060635365306334
3747 0.0789150283387652
3748 0.9582667199305368
3749 0.37178785812157156
3750 1.025255221498508
3751 0.07081421414147515
3752 1.0032457056440336
3753 0.4219486176461576
3754 0.5283949495699847
3755 0.9892666885047986
3756 2.724966155052176
3757 0.6002858518783734
3758 0.6058022149187828
3760 1.292622757642706
3759 1.046249831363186
3761 0.5607213650782606
3762 1.538481908663575
3763 5.991462337073434E-4
3764 0.8525667611049865
3765 0.9234867232865822
3766 0.037520505133917165
3767 0.9368456305853488
3768 5.0567211220600315E-5
3769 1.299024776174966
3770 2.2402628977189365
3771 3.5315661260015316
3772 0.9881179374640465
3773 0.21169020785645104
3774 0.6439381748106209
3775 0.8954850303624142
3776 1.7464209486110376
3777 0.5891454241282468
3778 0.331445409050952
3779 0.9875995253171868
3780 2.9129786420084036
3781 0.0026133069271308262
3782 0.5703140608814431
3783 0.500697934574006
3784 0.7195515683318506
3785 0.4674768079575143
3786 2.8865194374241705
3787 0.9790434000690181
3788 0.9572912385318147
3789 1.031329249171439
3790 0.9819858627571797
3792 0.8846637866604086
3791 0.12399003562770015
3793 0.9436575557409788
3794 1.9228335694524683
3795 1.39264869662194
3796 1.22960135526866
3797 0.9747119676056808
3798 0.3225840747853253
3799 0.01312684254817748
3800 1.09165817153706
3801 0.9400451952654048
3802 0.046758