1 0.9944633531190845
2 0.4696597674788765
3 0.9981381669471414
4 0.14126063193383737
5 0.11668344422039648
6 0.8498594300602561
7 0.6997671929082458
9 0.8859096476560132
8 0.8340262025449674
10 1.0210461356064857
11 0.9998437272841608
12 0.783846559962749
13 0.5389512807962247
14 0.9160613250088733
15 0.4630274659523291
16 0.8814449362095774
17 0.8697513637901139
18 0.38881055852772484
19 0.6969705516471834
20 0.9862415685455891
21 0.98470036858044
22 0.12168938427103934
23 0.44066119721462405
24 0.45932998490415766
25 1.1382218406100746
26 0.994137340241036
27 0.987655643958547
28 0.9567144953705268
29 0.6146393551825928
30 0.5900577315974938
31 0.21430464491198875
32 0.32980146282478745
33 0.028219095352427427
35 0.6884771014553757
34 0.06502788531898104
36 0.31970792580077484
37 0.6247601642819032
38 0.8546440842623498
39 0.0077399363354871565
40 0.9999132862182248
41 0.2048360203216581
42 0.34369621112073484
43 0.29010777748226874
44 0.9999973342660046
45 0.9367101862582802
46 4.6157548997236077E-7
47 0.42022627796184153
48 0.9023854532191515
49 0.9623297879998597
50 0.3953331961401236
51 0.014141840164340412
52 0.3276828432526177
53 0.13304839035197202
54 0.28063347562344965
55 0.9406403894227516
56 9.618811082616585E-4
57 0.40015587860676094
58 0.7245292575466845
59 0.9964017740007618
60 0.8332868682314131
61 0.39736373057200436
62 0.5670421211533019
63 0.816544223916057
64 0.012051623766791315
65 1.0000190262232553
66 0.8237304402886761
67 0.3931557106883217
68 0.7966043269983292
69 1.004784242368103
70 0.46693689182489234
71 0.5560585268172124
72 0.1669425485277598
73 1.3961593855961347
74 0.7801569380082324
75 0.6255007616512624
76 0.9995521010996077
77 1.0926528859364828
78 0.916929855116898
79 0.1894393189812964
80 0.105175664685851
81 0.9582679867579456
82 0.9999732842328297
84 0.8904513807604852
83 0.6773448851693539
85 0.859661655878095
86 0.6224880325303581
87 0.9790103502795725
88 0.31463850416646894
89 0.9493909898748412
90 0.6658530694993471
91 0.3592256894988614
92 0.9008280027198476
93 0.9999311515745802
94 0.6749978296758574
95 0.9162991318696275
96 0.8306349598730374
97 0.8161123170489574
98 9.64952746696455E-6
99 0.968583114660835
100 0.7411928083277719
101 0.8521978610231752
102 0.9985243702859535
103 0.2770526155232637
104 0.7566444154567522
105 1.151198744123707
106 0.94623292623127
107 1.0664452632368098
108 1.2477050458353895
109 0.9895350114577921
110 0.8422627364930019
111 0.6822166887929886
112 0.9669403483874419
113 0.018705815781740198
114 0.9864742994032312
115 0.9144111007959378
116 0.8817052535557037
117 0.6937583128798702
118 0.535679460293205
119 0.9198511929737586
120 0.942410330372533
121 0.7972448009216577
122 0.8843594054467964
123 0.5687663146055558
124 0.9493550919608917
125 2.5688840382584064
126 0.11927792708494078
127 0.9506324492875303
128 0.8134533199609886
130 0.9687347324981663
129 0.2901106361451631
131 0.087204031772419
132 0.9990035632426343
133 0.22502561769455154
134 0.02761689459582392
135 0.5505914907804201
137 0.9996279799577596
136 0.75885062205643
138 1.0
139 0.9341037757175279
140 0.004430033730066141
141 0.9637613959599575
143 0.26898212063320664
142 0.8791165358605056
144 0.3392527088405441
145 0.1039154676072755
146 0.642290156792378
147 0.9354591116211213
148 0.009237362852938153
149 0.9186441609473387
150 0.657752389065423
151 0.7415833589333964
152 0.9805080512335215
153 1.004795975556389
154 0.13921663494120584
155 0.990710508682069
156 0.8985706983533263
157 0.0
158 3.486920656387508E-9
159 0.9371652678496434
160 0.8274440051272803
161 0.865638338270716
162 0.6755996347335502
163 0.7777326656996819
164 0.6499303128553381
165 0.9041915114256787
166 0.48280882695464405
167 0.864999283438187
169 0.2567141490225629
168 0.0038692026984443926
170 1.0204740308674363
171 0.3692086737827975
173 0.9230208369905657
172 0.999599741100609
174 0.049909138308582554
175 0.4698673087690311
176 0.9814577892309089
177 0.8508983177995152
178 1.1600112975705326
179 0.7182083404641153
180 0.9582523101747148
181 0.3912819799664709
182 0.9995416472279358
183 0.3148735429035552
184 0.07184561542849116
185 0.983535299699968
186 1.0434768228496227
187 0.7906115336504762
188 0.9136599155769723
189 0.7666848155210775
190 0.4227222682106335
191 0.7879057763037869
192 0.9999963575389235
193 0.706857814528792
194 3.418731151247489E-4
195 0.014778098710569954
196 1.2854917136436896
197 0.33747276449235464
198 0.8126802237769831
199 0.07921916156503259
200 0.017718420304583794
202 0.932328422577091
203 1.0070465007380716
201 0.5549367145836777
204 0.7780560064424377
205 0.9163007750296464
206 0.9889248147201852
207 0.9158716813154151
208 0.8968596045780569
210 0.7783173121374805
209 0.49698791742959963
211 0.9950914812026416
212 0.9552810365150143
213 0.6951124830541054
215 0.043178882895760974
214 0.10833717384990015
216 0.4762072338552928
217 0.9679422478090842
218 0.44322855608648043
220 0.005094388625090732
219 0.9812179126960734
221 0.9219873568936908
223 0.5259757264386212
224 0.9751433820012444
222 0.5162763865113985
227 0.3748707235336558
226 0.5096961144980273
225 0.36773117164199465
228 0.9788583677302728
229 0.12979801050230214
230 0.9753113198097614
231 0.8203988281750813
232 0.9568704295207198
233 0.8423997482649676
235 0.9999995095778381
234 0.9927453841339948
236 0.1525818468695491
237 0.9928648934721379
238 0.8538514926502185
239 0.9446757478515572
240 0.0
241 1.012327302868997
242 0.9589894432404239
243 1.1224345103257916
244 0.07623310070694687
245 0.6145863894667045
246 0.9991785886558072
247 0.9884420201034843
248 0.9749940446231826
249 0.9996430421782011
250 0.7222057046501628
251 0.7096902348817288
252 0.8733759693492771
253 0.3892208225205833
254 1.7450526487185958
256 0.10563910507894879
255 0.07092992047534473
257 1.0021602260363653
259 0.9841958745261775
258 0.9643442906600129
260 0.5985980930134268
261 0.6466690573805539
262 6.21355945625594
263 0.9968912650143252
265 0.8411723948071251
266 1.0762540065042832
264 0.8705634059227662
267 0.42429310465220704
268 0.9887999282142826
269 0.9319569543683013
270 0.5334582507120492
271 0.8518992844483734
272 0.9333973424887244
273 0.38687668596052394
274 0.8075919707372894
275 0.9997977349148792
276 0.9458002913343698
277 0.2723872548027874
278 0.9413364829404137
279 0.9953055746330122
280 0.8719883600777186
281 0.9976506881313004
282 0.47439465424725724
283 0.9928218159377712
284 0.9622128872423877
285 0.8464453748920573
286 0.9535561873933553
289 0.7313891550953315
288 0.9087711828385391
290 1.1684291991805238
287 0.07069544304407813
291 0.32535399269593196
292 0.0754982454549324
293 0.048722993331887655
295 0.7822640671277391
294 0.6385032497167621
296 0.28069470863267015
297 1.0198617516950874
298 0.9783626226777142
299 0.9582428344748731
300 0.9775875913000716
301 0.4113933306499889
302 1.0632081890945493
303 0.49307670414545585
304 0.9989166320950311
305 0.17881503971927365
306 0.6440616215939386
307 0.46173104770992995
308 0.3462361242037505
309 0.7844418037125969
310 0.8671778144470866
311 0.8447931284491819
312 0.5552953129337523
313 0.5645316193688977
314 0.8193004724524215
315 0.15641112430951967
318 0.30996945645611557
316 0.7364503149240118
317 0.9659622945816855
319 0.9481030922051752
320 0.9302876484016152
321 0.9999357129472436
322 0.7791450116843129
323 1.4105424285974861
324 0.0045463800346588834
325 0.8874405140936732
326 0.31532922340437913
328 0.3957054550518172
327 0.6512020294455212
329 0.7910124758530998
330 0.6839384249146134
331 0.9773134732925691
332 0.00904938789329363
333 0.8792485156710534
334 0.45436696115685665
335 0.9646618319360607
336 1.0855274885499793
337 0.861786692205172
338 0.8168052729915153
340 0.8752946368471565
341 0.1499347220920278
339 0.8414289630419888
342 0.6889327454645734
343 0.4810772724507529
344 0.9995636764884759
345 0.0026441783920533564
346 0.9671241175559369
347 0.5227811218674486
348 0.20745906787683752
349 0.6773047045970103
350 0.8653192354350822
351 0.14034640015928176
353 1.3029429587873425
352 0.8989100232185279
354 0.01091820357148146
355 1.4069962511507366
356 0.8297150887524783
357 0.931518237235971
358 0.8068110801769736
359 0.06224559192208346
360 0.9024818299982676
362 1.7712595299485646E-4
361 1.9190320399631078
363 0.8783212275722315
364 0.7904573672787378
365 0.9546379534064899
366 0.9298988114587956
367 0.4835802209610112
369 1.423434907000076
368 0.9700604601238286
370 0.9963205541270377
371 0.9970497781484172
372 0.5064388724005398
373 0.8985114872243264
374 0.6312781487935721
375 0.2660164013075757
376 0.31017574637567397
378 1.0000161255231814
377 0.18025989800290051
380 0.6691671493750463
379 0.9622889558093308
381 0.6829245745472765
382 0.7587977121488567
383 1.001041602259432
384 0.6159549025292336
385 0.3814344897008864
386 1.0148798543643471
387 0.6138064474037787
388 0.00160098188772023
389 0.9274715389167268
390 0.999889539290076
391 1.352933072750075
392 0.2528155522329728
393 0.3026227120666591
395 0.9973420859307605
394 0.3169555683154758
396 0.6104717333920059
397 0.9015205223668984
398 0.97435209767238
399 0.5692379711014899
400 0.9621211658847397
401 1.2040253810539912
402 0.07661369421040046
403 0.2961560398249145
404 0.8842579923133062
405 1.0116086353919194
406 0.9050599209272113
407 0.9754061472740306
408 0.2404305720821138
410 0.7960171243622495
409 0.8173732436324809
411 0.9722673308842592
412 0.9935022161313404
413 0.8368795396618958
414 0.3083835402327004
416 0.9664935259523693
415 0.786598836535769
417 1.6475038586777528
418 2.206838600644182
419 0.9999976468869264
420 3.564489285116799
421 1.3046220250659304
422 0.8343553454075139
423 0.9639021911140587
424 0.9364149368847753
425 0.4546552652756462
427 0.9963040110441599
428 1.0359007366453052
429 0.8148892730426898
426 0.06540495825400117
430 0.9094380693367611
431 0.803261856159574
432 0.9989002026593776
433 0.4895298374359158
434 0.33442114587775035
435 0.9021094187992624
436 0.4801516644710096
437 0.6717956687782815
438 0.9816994911505751
439 0.5363677393154765
443 0.17221954465976153
442 0.9999345092449077
440 0.9854398931909347
441 0.0103168386211692
444 0.39312516552593535
445 0.9474191605694092
446 0.6427152704812744
448 0.9536577901007786
447 0.9925505782858642
449 0.5091566358487629
450 0.8059271609722538
451 1.013908438012456
452 0.4282036728529553
453 0.9996722204583178
454 0.43523624866760463
455 0.06672563533598411
457 7.340564683443344E-4
456 0.228096142760641
458 1.3395327638811727E-14
459 0.9848192148980627
460 0.8353799986588979
461 0.7230507129204471
462 0.7087712784524771
463 0.7168528186516464
464 0.979724805382483
465 0.9163231428502586
466 0.9999577786443673
467 0.9895222452721475
468 0.6725454884149602
469 0.17719489365123353
470 1.1550105591930118
471 0.02959821168171519
472 0.5723798083905446
473 0.30034132315377976
474 0.9962191109577312
475 0.6478495821753445
476 0.9986181673718034
477 0.1971804760899957
478 0.8632752925945402
479 0.8829741574435462
480 0.9968753998017047
481 0.40539019498022
482 0.054778333734342544
483 0.9982205519811074
484 0.49673020423434766
485 0.7219045981925996
486 0.05164454809068842
487 0.6787389111063492
488 1.004348423855068
489 0.979174480648229
490 0.26652579813644417
491 1.3037672335337838
492 0.611792150452014
493 0.303759506354913
494 1.2854719880603518
495 0.45497763291084503
496 0.1594593407093476
497 0.2720055932598604
498 0.8670178331767395
499 0.8914936631116774
500 0.8681090037740894
501 1.6228575375928538
502 0.47460596961202445
503 0.9980190163390323
504 0.9550720861970612
505 0.9133174281342675
506 0.6519599716571037
507 0.12458421475985049
509 0.5021097994492252
508 1.893613072233113
510 0.17016514862645848
511 0.9976600685648083
512 0.6237146349816389
513 0.9699021965035762
514 0.9677145560967726
515 1.074778008152788
516 0.9874638438735217
517 0.777765650217282
518 0.8609855820005178
519 0.3894256767307264
520 3.2103951944717983
521 0.9219906389428614
522 0.13261829784935367
523 0.9874239893544595
524 0.248079094526728
525 0.082471503028934
526 1.1851091703042536
527 0.7976234347862964
528 0.915549409785032
529 0.892703743649874
530 0.9115973351775831
531 0.6372124226287665
532 1.0082438406139576
533 1.0216223818175625
534 0.8999996675183043
535 0.9556377282340969
536 0.6820828218246643
537 0.9892068087295979
538 0.7935151174699037
539 0.9971272808939841
540 0.033240879546644946
541 0.9497586279481416
542 0.9966225309421147
543 0.9865169190038756
544 1.055211843814135
545 0.8032504294678922
546 0.8197835285319699
547 0.8729679623640866
548 0.8582954779280312
549 0.7923444822736447
550 0.3682694557594631
551 0.4430543205516069
552 0.8101945541756385
553 0.9979718340978541
554 0.6636699422120266
555 0.34609228909801687
556 0.7610624362941412
557 0.5377789972466989
558 0.999887326988394
559 0.9492904435924903
560 0.4731854128092403
561 0.8024294861814931
562 0.9964792407778625
563 0.9991479006529801
564 0.44431324459246213
565 0.5292711839674992
566 0.9241922616810269
567 0.977051701933952
568 0.9937441783699216
569 0.10832865817766635
570 0.6339163623815095
571 0.8491180271342725
573 0.1908852187768542
574 0.2540380703659274
575 0.7683863618945872
572 0.2599829206271229
576 0.9414870979551334
577 0.2977382662235241
578 0.4042255077675892
579 0.002324219794361605
580 0.5011187287610595
581 0.15489106038838688
582 1.0468823757764902
583 0.2410588052011034
584 0.015276639976135079
585 0.9931707371720243
586 0.9923255260529159
587 0.9999995095602757
588 0.9837685044879058
589 0.9374068926380571
590 0.9605482027399445
591 0.9992702871182766
592 0.9995534860607762
593 1.4797931064438095
595 1.5976511204221862
594 1.2872962089918742
596 0.45614103937593975
597 0.8423428874098312
598 0.9056235352867599
599 0.5477359131015842
600 0.22808462823768044
601 0.5878381708331464
602 0.9894334457860302
603 0.46109956939134794
604 0.9569307315460237
605 0.9998716109616247
606 0.5794155076995444
607 0.01562615272781581
608 0.8061832252412916
609 0.4390772642017311
610 0.7438080373587997
611 0.08515905073892485
612 0.27697971025990314
613 0.9923460307228179
614 0.6984678704499279
615 0.968035489924828
616 0.37489114738272966
617 0.8934711639807422
619 0.979492665516383
618 0.4726509397992283
620 0.617390631214505
621 0.7263914942395727
623 0.9812269423108608
622 0.9812182572727174
624 0.9999131394577068
625 0.14808228570489165
626 0.19729549339181912
627 0.01843647679193759
628 0.07679818534953486
629 0.9241425208033945
630 0.027742819692777167
631 0.4161994164923507
632 0.02211784003452898
633 0.7401408266205639
634 0.9784984951367874
635 0.5690113135957844
637 0.4900308731572316
636 0.9301094627836303
638 0.7967808677306157
639 0.935640149562983
640 0.5754091467075922
641 0.8727205593550863
642 0.8694769890766749
643 0.9541650012788053
644 0.5342208296964847
645 0.6435669169754673
646 1.1892872481395471
647 0.5554938490545592
648 0.03041717825223253
649 0.11687238091324237
650 0.12655754327739524
651 0.830449903364294
652 0.18539151462954637
653 0.11878865919185144
654 0.26494369753984387
655 1.034410970024039
656 0.14510916140255065
657 1.0367222409923893
658 0.3171966328732837
659 0.9902385518909863
661 1.3784317288518015
660 0.9324086628115911
662 0.9759129274281043
663 0.9999989479999053
664 1.236159454944647
665 0.028067588043681372
666 0.25388064960788803
667 0.9365165610265243
668 0.6757327478696793
669 0.8202688516530008
670 0.9596128739337056
671 0.5318320728831233
672 0.5171722105413612
673 0.3856688173218424
674 0.11784610170881382
675 0.960120229526329
676 0.6291280444922871
677 0.4644950958227516
678 0.9872070317796062
679 0.8602427890529346
680 0.058887084118412536
681 0.007051660090715411
682 0.7323159595632588
683 0.35775826352413587
684 0.8167701763885349
685 0.6821577003321039
686 0.9989736908711991
687 1.1942327609622194
688 0.4377894097929794
689 1.1404001295450985
690 0.8549058608634698
691 0.9416870418179936
692 0.582889094478267
693 0.403457933163544
694 0.9131627072598266
695 0.8769534279877115
696 0.5553008065789431
697 0.6263583604040932
698 0.440532601462899
699 0.9395046136257533
700 0.9852573033384094
701 0.22381163560300962
702 0.8898363589077403
703 0.8533717835636989
704 1.031245783897976
705 0.9267833553852208
706 0.37055456624214766
707 0.3756501383103449
708 0.5528639875520838
709 0.49946659618586486
710 0.406847662098086
711 0.4612210426053883
712 9.720754225022671E-5
713 0.01660387019860764
714 1.11756979661108
716 0.6156380450985561
717 0.8929411546199211
718 0.5553973627297362
715 0.9999997116267398
719 0.9984057642370897
720 0.5834637302017583
721 1.2307184333842793
722 0.7820480415854796
723 0.9999966781457755
724 0.9006637841248245
725 0.9285588493512489
726 0.8984092059075783
728 0.47920732818470435
727 0.6102283682914023
730 0.9660091351654577
729 0.7308195847785098
731 0.5004770332424089
732 0.11351438149493534
733 0.9462449843318256
734 0.14376356019048095
735 0.32538998693076854
736 0.16436303926110618
737 0.8443377362275455
738 0.002610560188428679
739 0.9995356383435531
740 0.4197578010233709
742 0.1920737870102956
741 0.4531629260640213
743 0.9999991720987783
744 0.6563958760539971
745 0.7814382516728093
747 0.34722628769315433
746 0.531457589197944
748 0.9585463316397205
749 0.7866588710287774
750 0.9986120851562121
751 1.4727034801274814
752 1.2655251878702667
753 0.9953824534648651
754 0.9434982235652477
755 0.01830478922097491
756 0.99205819175085
757 0.18161748184523435
758 0.9615331634162391
759 0.9440138467467071
760 1.0791171540421158
761 0.9838782238434889
762 0.6395279971384037
763 1.217891862810757
764 0.9927389453302702
765 0.33337191283496337
766 0.9170981017747755
767 0.342157085065527
768 0.9974942796560392
769 0.7803835927763162
770 0.9258111533577008
771 0.91720732158378
772 0.6779245838076899
773 0.5132533532761127
774 0.8740057967209219
775 0.5308427983627796
776 0.49593940015634713
777 0.19242279290186065
778 2.4577454255040254E-4
779 0.9670276758770945
780 0.8280040631797367
781 0.8737784905458462
782 0.15503563540085216
783 0.3892042987399198
784 0.9110761453400438
785 1.210004400978514
786 0.7601627966096273
787 0.0025522540128237415
788 1.0000262200494536
789 0.9999989162088839
790 6.99715327189686E-4
792 0.021179895477860707
791 1.0048867545103939
794 0.15805785692861893
793 0.9401204552095632
795 1.0000353147169427
796 0.5475352120521428
797 0.3631917151111428
798 0.9998305899435117
799 0.8676406916122674
800 0.2854415958225834
801 0.9758578273163223
802 0.763142812831386
803 1.1633675501806586
804 1.213176672163515
805 0.8446725131396753
806 0.4986921862540749
808 0.8416754875278253
807 0.05668801744319431
809 0.9285162580222251
810 0.8866527870336628
811 0.8407748163770589
813 0.8500873197095226
812 0.9733433155129795
814 0.5359613509339097
815 0.047802364309857494
816 0.22710068981195347
817 0.3045481120926801
818 0.006861999969184605
819 0.8964844074135649
820 0.4325410661552742
821 0.9884156132121141
822 0.5761710373110656
823 0.997504207730463
824 0.4340168044002313
825 0.38464837707761157
827 0.9837875143152307
826 0.9681483283294324
828 0.974564716546945
829 0.08553578554537727
830 0.18030349904975562
831 0.39764996002162495
832 0.5481955785246757
833 0.0021250888016607987
834 0.9744288813820459
835 0.012603347140309092
837 0.4587629822962461
836 0.7189390152699033
838 0.9785623899005966
839 0.9792655945379158
840 0.07183633348012147
841 3.2773708974140776E-4
842 0.02377767124125864
843 0.02193452252942208
844 0.9432378357378512
845 0.807305201193208
846 1.1997725931297627
847 1.0155157243977813
848 0.6726467084675907
849 0.7293744141634338
851 0.1608781214240213
850 0.9804738377933154
852 0.4890462415816973
853 0.19230299773770304
854 0.5225705295668124
855 0.011193948548802589
856 0.5942773206648105
857 0.20347430194645238
859 0.9516393587252461
863 0.25725629239421527
864 0.4602251345132516
866 1.268372842121345
861 0.8514070539192115
862 0.4190981826578359
858 0.9544761939673776
867 0.8317546770431962
868 0.42124802194789485
860 0.9156929664986452
869 0.005256440516838918
871 0.938755723963101
872 0.9999926518030695
873 0.4709643536112265
870 0.9999993009225047
874 0.6776454313028154
875 1.0248366389376642
877 0.02685503971772618
876 0.8607629574311191
878 1.3790796790302189
879 0.9173590717337858
865 1.1544394106556422
880 0.4076746194582814
881 0.16794314565355076
882 1.1285576945240583
883 0.9829995733846445
884 0.9952922360401384
885 0.7919974938895457
886 0.6792869582761674
887 0.4375231725990028
888 0.9950265414930365
889 0.3896746118638962
890 0.6218719332608666
891 0.8201931786885153
892 0.9951780280120194
893 0.9508863358630912
894 0.9374236912513216
895 0.5679703310250546
896 0.9952072073248514
897 0.9999999433948189
898 0.11940241177524376
899 0.01941766993337057
900 0.8633846382150152
901 0.6198543235219968
904 0.9873642106864661
903 1.3425537104741618E-5
902 1.1784766949760457
907 0.7017996596099181
906 0.7587260471035511
905 0.9546716217774696
908 0.9595015606223302
909 0.8078837544089726
910 0.23791952949334993
912 0.03707268312427047
913 8.601983201452033E-7
911 1.268963981800384
914 0.999312221605098
915 1.2185714680637234
916 0.5342276121348233
917 0.8636523569585163
918 7.280136187490261E-7
921 0.8902339827950814
919 1.065036527602558
920 0.954319263315787
922 0.6660288829775718
923 0.8380110996003138
924 0.038277706078578805
925 0.0733807148374234
926 0.6065520802829786
929 1.138079964037402
931 1.2923096507286742
930 0.28773772851114243
933 0.8545187317780287
927 0.9991927382386728
934 0.9983068181017949
928 0.005245046884046607
935 0.2980311611673531
937 0.9212757008807764
932 0.36416896594968867
939 1.0164331087289646
936 0.6798703560288776
938 0.5570264907200332
940 0.9677656750387715
942 0.7240142456437426
941 0.2117724745294727
943 1.436488913676734
945 1.0716881028999237
944 0.9640408248579648
947 0.9092750102248149
946 0.36317499540924925
948 0.8446974739634241
949 0.856191972355829
950 0.6111518566590624
951 0.8839868588546176
952 2.2524223270711787
953 0.6590865918890839
954 0.35927703640870096
955 0.9985951616835697
956 0.824568692594634
957 0.9390434703698951
958 0.9102320287051122
959 0.6881658425361233
960 0.18065473022698758
961 0.4455296978238777
962 0.9999965771004058
963 0.3059408211020463
964 1.6512966503204343
965 0.36572163196652285
966 0.4008188867360823
967 0.999580361126368
968 0.07186566000558464
970 1.0518714547549965
969 0.16413661655566056
971 0.9161593338733109
972 0.951129835624724
973 0.8603902523149022
974 0.6814548409313679
975 0.9262430075508291
976 0.9892848293624337
977 0.5099571596859772
978 0.024485373943910458
979 0.7773435558604573
980 1.1254527577430398
981 0.7207411762434538
982 0.999727851501922
983 0.9913097690528831
984 0.7932692526028999
987 0.2250796320820595
988 0.14475792229085677
990 0.5778796317031654
989 0.13321395309966613
993 0.9201860382062444
985 0.611957996514608
995 0.9857539034755675
991 0.9932859645048995
996 1.4205422429881265
997 0.8667872545555374
994 0.9925193283479384
998 0.23987389540344603
986 0.08685455506412085
1000 0.5642824044786302
992 0.9711735497904608
999 0.8154180915950575
1001 0.46448282310805855
1002 0.9843670983010394
1003 1.064857659816666
1006 0.3448212045216959
1008 0.020997184574474262
1009 0.46483523439962215
1010 0.007461662037712004
1005 0.9822687254816115
1007 0.5671434602215991
1004 0.8654734494621784
1013 0.9912215319786484
1014 0.8216089163799333
1011 0.3332893929287635
1012 0.7119385651983946
1015 0.9776657718152137
1019 0.9497612942101078
1020 0.006730530281595282
1022 0.38079565073804794
1017 0.9995515500874681
1021 0.10684068398289091
1016 0.8335497096486436
1024 0.9947617097058047
1018 0.9881074761585757
1025 0.04787736248347268
1023 0.8710037920739123
1026 0.003833137982187618
1027 0.3882863728293911
1029 0.9942041360022137
1028 0.018121803024029284
1030 0.08642068360854735
1031 0.1396232256463491
1032 0.9999999029195438
1033 0.9924979188523205
1034 0.42307420099187526
1035 0.6440771928579176
1036 0.9990409862672115
1037 0.4332847669815631
1038 0.9523737834362898
1039 0.9874553884458982
1041 1.0081380457158042
1040 0.38365180607973415
1042 1.0203505050358908
1043 1.2927367406939523
1044 1.2655277917198389
1045 0.6423024222304201
1046 0.9916015137310478
1047 1.1367470977154706
1048 0.8000890094002586
1049 0.9999979985214754
1050 0.9689448424053486
1052 1.3800874416236177
1051 0.03289726381331161
1053 0.31566839563020666
1055 0.2934447448015106
1054 1.0068183634834773
1056 0.9779850410462684
1057 0.5493697901584162
1058 0.31941068487328517
1059 0.35665150986955024
1060 0.8449762803161763
1061 0.9914097706362658
1064 0.8280992870500944
1063 0.3536195464920959
1062 0.3646720421589923
1065 0.9325798799424361
1068 0.9977026655123622
1067 0.9885320146746283
1066 0.5799622623562551
1069 0.6693940811404384
1070 0.7654276140766426
1071 0.5888946074016778
1072 0.3306238736644247
1073 0.10167616233275657
1074 0.9881199557198399
1076 0.07239656309300917
1075 0.4442533788559407
1078 0.6949591099211686
1077 0.45087074855476184
1081 0.8702453924628145
1080 0.09447084181189401
1079 0.41308568039372895
1082 1.4617343501914035
1084 6.886158207704573E-5
1085 0.14518936519169076
1087 0.8892305752055373
1083 0.9383243598036862
1086 0.4628479970530835
1088 0.26712961104343136
1089 0.9056009238750792
1091 0.9808536572566914
1090 0.7424747157202366
1092 0.7456302809189208
1093 0.8788546919022331
1094 0.8972747737219453
1095 0.01970388510740187
1096 0.98869086090338
1097 0.025448830092636116
1098 0.9999841169222897
1099 0.5680857502400706
1100 1.348853799527604
1101 0.8509212393194864
1104 0.20127856817512926
1102 0.13309419760359906
1103 0.999303515497358
1106 4.335455260397426E-9
1105 0.3942813325024879
1107 0.09440841805027107
1108 0.3642742002362353
1110 0.7577533781465097
1109 0.8978182575315401
1111 2.681813941918613E-4
1112 0.578246565217491
1113 0.5196869131770054
1114 0.79655742909385
1115 0.5203061952062705
1116 0.556281290346432
1117 0.47040404840169575
1118 0.9737497675943392
1120 1.4566986968520947E-4
1119 0.4929107318135102
1121 0.09297379914615117
1122 0.9411943496241247
1123 1.0012782226749235
1124 0.9755270019767432
1125 1.1851545576632145
1126 1.6134672863379413
1127 0.48514034233605935
1129 0.9795558642209056
1128 0.7259753435295374
1131 0.3700039499429855
1130 1.7130885097323052
1132 0.5426500289408722
1134 0.07062576549335492
1133 0.6311101152766426
1135 1.5659419423014305
1136 0.8848175515385827
1137 0.49197491533671645
1138 1.140981247540114
1139 0.9963955241553241
1140 0.5671029421516995
1141 0.9694035558944804
1142 0.7273883259431984
1143 0.9827809588360528
1144 1.0296709753757178
1146 1.1447774722115835
1145 0.3864980570461985
1147 0.8354495437606554
1148 0.9989032481686577
1149 1.0167139422929536
1150 0.49453554092674157
1151 0.9070210805832141
1152 0.4661420951375036
1153 0.9967464210629945
1154 0.9994697987632845
1155 0.3902802750411746
1156 0.8118617739501607
1158 0.9994759986140421
1157 0.006840328055383593
1159 0.9999996722615149
1160 0.9988595551113872
1161 0.7061350854048315
1162 0.8681727876380874
1163 0.2597022121702277
1165 0.8840557802625891
1166 0.9999310735072475
1164 0.3461994942365442
1167 0.6071623714791379
1168 0.5961006454193449
1169 0.43503807633613517
1170 0.27181927574827436
1171 0.893922765736557
1172 1.0065905024364679
1173 0.6385787726677283
1174 1.3578138194964087
1175 1.37342928668978
1177 0.852047299050854
1176 0.26464589748432354
1178 0.7882748949432725
1179 0.9985726901284218
1180 1.284416506389386
1181 0.18672643821751947
1182 0.4132453223855848
1183 0.6750489423179948
1184 0.18396251507665914
1185 0.7856793809684978
1186 1.9687977582355998
1187 0.9982892382335163
1188 0.887537588189775
1189 0.7256386181138335
1190 0.39889362024611563
1191 0.13408202836729413
1193 0.8613997853125178
1192 0.8114268860942675
1194 0.9947235567045737
1195 0.037217852147334855
1197 0.9985317357354531
1196 0.9767158759126853
1198 0.979344850967228
1199 3.0662815280742457
1200 0.4641412648619907
1201 0.9982296291946703
1202 0.6218512031035627
1203 0.9559579730330836
1205 0.013946512253565463
1204 0.3190017129877165
1206 0.8662082062973455
1209 0.7043700860756653
1208 1.0562347035796282
1207 1.7451981101638254
1210 0.49643813519838165
1212 0.5925015237302114
1211 0.7861501125376403
1213 0.8544504904296003
1214 0.3122159320881137
1215 0.333827331404239
1216 0.26095266161001274
1217 0.5562357926617705
1218 1.0059433633774801
1219 0.841270681160776
1220 0.30860238537731216
1221 0.5147758920063624
1222 0.31579492150530564
1223 0.6029641885925032
1224 0.8976059432437025
1225 0.9993644613993312
1226 0.7925094718878181
1227 0.999930501861264
1228 0.9867915045849452
1229 1.0284400292542764
1230 1.0964488849141365
1231 0.008587950777531718
1232 0.5295293844157474
1233 0.9153286404812137
1234 0.04362230851136698
1235 0.3297921301296151
1236 0.4157350772807206
1237 0.09364141886604707
1238 0.8576134924190907
1239 0.8341882277522281
1240 0.9673142703120108
1241 0.8859138439502234
1242 0.9987310096318626
1243 0.48440724684890424
1244 0.9974132145925685
1245 0.8268435889135161
1246 0.716230998328078
1247 0.4530563283187777
1248 0.09403025498095038
1249 0.14926849433760694
1250 0.001107237799378546
1251 0.5805161006190906
1252 1.082687691523389
1253 0.39035041392147934
1254 0.9102271274257097
1255 0.9170874870576691
1257 0.5221011394647304
1256 0.5882135977427699
1258 0.859465343110683
1259 0.9703520084824095
1260 0.8036596703495967
1261 0.8562137105200318
1262 0.7285330169931752
1263 0.3607674604417463
1264 0.9708286335935915
1265 0.27993397041171536
1266 0.3960175320883663
1267 1.0724165692462446
1269 0.6826223608016636
1268 0.9550766994967131
1271 0.6184753269162354
1270 0.380178141377223
1272 0.1577938403202371
1273 0.34786840555257426
1274 0.8083874166852877
1275 0.8739388702724589
1276 0.4289047282988444
1277 0.9227443054241481
1278 0.6136378205982113
1279 0.15383491962851306
1280 1.288063859641249
1281 0.6461712757619501
1282 0.9966915671733916
1283 0.8760819731452675
1284 1.0394973050103204
1285 0.24093150937212252
1286 0.9735956839991867
1287 0.9872081463878885
1288 1.103512235105194
1289 0.5751559599547318
1290 0.8509781938871479
1291 0.6515502632726096
1292 0.15932927241670952
1293 0.9951815780749993
1294 0.04241041992386567
1295 0.8386746246838742
1296 0.6109115914299651
1297 0.7975013794064488
1298 0.7311081063653642
1299 0.9957057829294782
1300 1.1116003387343287
1301 0.0017326928454394037
1302 0.9962668420396404
1303 0.7016937126560449
1304 0.7724921583965253
1305 0.23823177030814943
1306 0.9626071359995958
1307 0.9829296782506002
1308 0.7205753143261904
1309 0.7571128286641254
1310 0.7878758485830174
1311 0.5878536272549091
1312 0.047901572894890505
1313 0.6080897091711674
1314 0.611312928494893
1315 1.3245196617110784
1317 0.96808464365424
1316 0.005889748842088418
1318 1.0247473573990062
1319 0.9108892484242088
1320 0.038733400070961675
1321 0.32493649632492233
1322 0.6181162061990791
1323 0.025174580444390665
1324 0.3323018792008633
1325 1.4591803211355605
1326 1.142576768254792
1327 0.9350362399991807
1328 0.33297613753914146
1329 0.6620728259266998
1330 0.5257392990115893
1331 0.9832360250934946
1332 0.2783861958134091
1333 0.0015042285854555005
1334 0.875097759960868
1336 0.207085726013162
1335 0.05656914666412631
1337 0.9877314313698718
1338 0.7190857870977602
1340 0.5030022638901388
1339 0.5367986070409829
1341 1.7430380609006095
1343 0.9792588168833917
1342 0.9411419791094423
1344 0.8721553091980943
1345 0.4646720021567834
1348 0.5248343174035097
1346 0.004627440828315291
1347 0.988254460795099
1349 0.15761679654171978
1351 6.23720650333603E-5
1350 0.9480639929858226
1352 1.1512196341735457
1353 0.2592334593083342
1354 0.6916809075056921
1355 0.9872791493748326
1357 0.9718634903811529
1356 0.382838716194547
1359 0.9876094425962019
1361 1.9932623014412127
1358 0.3397095746956144
1360 0.5231489298486368
1362 0.9703512430351123
1363 2.3649411451194386
1364 0.3120244265584778
1365 1.329037299069453
1366 0.7030344169435038
1367 0.8542308130257505
1368 0.624038286189848
1369 0.7579509522583588
1371 0.44570549399940756
1372 1.3764736222158447
1370 0.7952298565492882
1373 1.02885498543975
1375 0.9590280841383512
1377 0.06477973203309854
1376 0.041594724253309234
1374 0.11388518216205555
1379 0.7918225642778193
1380 0.7063294233455256
1378 0.9195707630575466
1381 0.4666899876931039
1382 0.9977786510677874
1383 0.9565520387379829
1384 0.9684180725260763
1385 0.04838120706559413
1386 1.0025342352159494
1387 0.6246087532509909
1388 0.9961688077432334
1389 0.062299180602193444
1390 0.9931283736567532
1392 0.6570163167832298
1391 0.8416179647551896
1393 0.8615118647016952
1395 0.4796558735730136
1394 0.43230832457720786
1396 0.9305818095715235
1397 0.15535344146101995
1398 0.9541993666580741
1399 0.8473640577927062
1400 0.8743419156486412
1401 1.007389283432772
1402 0.9907585766820773
1403 0.5867318708569091
1405 0.7314949313829636
1407 0.8072849798632098
1404 0.9031528404940339
1406 0.995092971640803
1408 0.9835117758522297
1409 0.6860435275840869
1410 1.0985812770465833
1411 0.5120850385962391
1413 0.8385959185379118
1412 0.9160438080909534
1414 1.0349938182022256
1415 1.4392050284219609
1417 0.8782815780572063
1416 0.9832016198049828
1418 0.6402067584343948
1419 0.7447621910798224
1420 0.870756965202409
1421 0.9909859170602163
1423 0.594904014245148
1424 0.38269805723919503
1422 0.03670156757835573
1425 0.6454069327574999
1426 0.6676769335408393
1427 0.0017282438629142942
1428 0.5463913619288308
1429 0.9507232440665833
1430 0.4685532215103011
1431 0.2305562803537943
1432 1.0229087486159576
1433 0.8725495770986009
1434 0.0034847606383548516
1435 0.8587192777966832
1436 0.9798880059473213
1437 0.9779044351119686
1438 0.8753760802472175
1439 1.2976730744128795
1440 0.9560362623799731
1441 1.1964363020449151
1442 0.9865222287360308
1443 0.8385424706615665
1444 0.8470567112246049
1446 0.8883257325026612
1445 1.2163347541513996
1447 0.9241358316072997
1448 0.9049995449427648
1449 0.42440573153469185
1450 0.8673988171265529
1451 0.841497901682251
1452 0.7030455324194503
1453 0.9857190668085077
1454 0.0046480172454333255
1455 0.6214368948166147
1456 0.5551179144631957
1457 0.9665093560602034
1458 0.5052710677286005
1459 0.8717698364570847
1460 0.6936438646332821
1461 1.159876166592126
1462 0.928317879564887
1463 0.5285607921396072
1464 1.2542603651683917
1465 0.7690904375063058
1466 0.04659671129719439
1467 0.9948202818239453
1469 1.0024136219735882
1468 0.3189109596136311
1470 0.970145483413596
1471 0.5800969902858132
1472 0.5237243753806583
1473 0.05204113068175593
1474 0.9887126783077939
1475 0.8905882393855821
1476 0.9968719914456858
1477 0.8973119014117495
1478 0.10151311570463974
1479 0.22098801997867798
1480 0.723367212877554
1481 0.9706291217950883
1482 0.0589828364712105
1483 1.0357699190581884
1484 0.3934850628291758
1485 0.970872090109325
1486 0.6372586959104801
1487 0.6213111605835234
1488 0.536351128318201
1489 0.33881009069003293
1490 0.9371592776288162
1491 0.9832690238378388
1492 0.9567468454984719
1493 0.07612068388817948
1494 1.0368998414386856
1495 0.7289480026463745
1497 1.0786579064805653
1496 0.9230595424805663
1498 0.6919665054774183
1499 0.7433637245668911
1500 0.9971171289966119
1501 0.5891394720189274
1503 0.9865040517912722
1502 0.661535300803904
1504 0.9892849690602308
1505 0.939895657559706
1506 0.2451796425644275
1507 0.25458508176801914
1508 0.6854581824693002
1509 0.6266505507069599
1510 0.4545342230983409
1511 0.948296519025939
1512 0.5760756530072414
1513 0.0367376907507438
1514 0.9888019672570839
1515 0.9153172167077029
1516 0.28989424184942586
1517 0.257263790386895
1518 5.384413974765735E-4
1519 0.9434187398688427
1520 0.0352944831508367
1521 1.1381633294800297
1522 0.952562488966919
1523 0.8961764382954991
1524 1.0001477158917875
1525 0.09331494561467646
1526 0.6270990758423001
1527 0.7263351645166887
1528 0.14815472707241673
1529 0.6767758663110953
1530 0.47092556890000503
1531 0.8257204808364773
1532 0.9764718365603888
1533 0.39254425223435796
1534 0.9411773013895347
1535 0.4843228444890268
1536 0.06910684583955813
1538 1.422322769666216
1537 0.8191260573471999
1539 1.4314264702099104
1540 0.46655341840477293
1541 0.9957315493831411
1542 0.4489861728113736
1543 0.5351740055607804
1544 0.9934851129601748
1545 0.9767868629409965
1546 0.8695835881244119
1547 0.2823633317334362
1548 0.5806590262329098
1549 0.993760787646187
1550 0.8064580321636418
1551 0.9121350924604946
1552 0.3082162541236648
1553 0.7196896851852674
1555 0.0489853531384855
1554 0.8625586796959469
1556 0.9989174222594357
1557 0.8257556262895399
1558 0.8437802000253025
1559 0.5506199202520509
1560 1.0153651069230936
1561 0.9848898372388017
1562 0.7452786512351292
1563 0.7569951646628044
1564 0.9994897488042711
1565 0.5563918167847672
1566 0.5671858120032349
1567 0.8268029999978366
1568 0.9576473098987621
1569 0.06629957925897127
1570 0.9097616763335323
1571 0.019342594761184034
1572 0.9506874534896337
1573 0.942938325791927
1574 0.6421589339352411
1575 0.28415020739512326
1576 0.0869768647336719
1577 0.8227853708749835
1578 0.8669511518474721
1579 0.9919721395499027
1581 0.026722681108195354
1580 0.9769213835255051
1582 0.18766648959572182
1583 0.0594461135308624
1584 0.9999999998550128
1585 0.8800509491219549
1586 0.8301994312029208
1587 1.093875820146496
1588 0.6155944944156165
1589 0.932646617644123
1590 0.8651413308455737
1591 0.6501442183424098
1592 0.490883079794788
1593 0.9530529137883424
1594 0.8755683490311438
1595 0.7407420128683999
1596 0.7405039899480994
1597 0.530661717483785
1598 0.8622121331530319
1599 1.0117296760446581
1600 0.8913939667137404
1601 1.114987246994826
1602 0.7241831658702739
1603 0.8510068941632205
1604 0.19062320044251652
1605 0.4896608804565771
1606 0.926057664344042
1607 1.0006310137155336
1608 0.7029098075938436
1609 0.3015111548009133
1610 0.5295887395806765
1611 0.6240580004101194
1612 0.36080767215995646
1613 1.0114459406173264
1614 0.967226782344619
1615 0.2802467200544608
1616 0.34706332519615624
1617 0.38615837755323884
1618 1.6424379120195831
1619 1.0038770698462152
1620 0.605278054549673
1621 0.9986134777314852
1622 0.9978975929941059
1623 0.889696728768586
1624 1.0184151460050805
1625 0.6172856062937137
1626 0.25160891205793695
1627 0.574652080373023
1628 0.9927157255161397
1629 0.3931118723860351
1630 0.9999754110214994
1631 0.07041260897554648
1633 0.3145198747816077
1632 1.0985652517624813
1634 3.1266043920896437E-4
1635 0.2532231471676875
1636 0.95326199355167
1637 0.8052896568360568
1638 0.4770849092692249
1639 0.9167209303477776
1640 0.6343222790664105
1641 0.9979706701769204
1642 0.9985563928481828
1643 1.4620882850508152
1644 0.6203664840061083
1645 0.8903336262845153
1646 0.9986399792812558
1648 0.94623405495162
1647 0.7801724970850165
1649 0.08221586943246274
1650 0.7974419767525344
1651 2.8149820963576553
1652 0.8793090230004467
1653 0.9830770798274817
1654 0.9352656177724673
1656 0.8239305103659667
1655 1.9980669449912527
1657 0.7225771930698963
1658 0.8700599514836035
1659 0.993665016251062
1660 0.8080094187233736
1661 1.1092521362835635
1662 0.9684164011981315
1663 0.004828825349713127
1664 1.0403270275611993
1665 0.12495260367945377
1666 0.4444924926070748
1667 0.7275191167041763
1668 0.007591550800421066
1669 0.34210972596502914
1670 0.761557681396169
1671 3.7462889738610114E-10
1672 0.888732863381709
1673 1.070954243330936
1674 0.9456718442421104
1675 0.0025929336069401418
1676 0.865264552401322
1677 0.9996485377987157
1678 0.3095561844316432
1680 0.0014159293396804838
1679 0.9707165038492379
1681 0.25723823483790986
1682 0.6935178391454297
1683 0.9724595277608628
1684 0.6130815658700804
1685 0.9735082542994591
1686 0.4021071969448786
1688 0.3192324689516161
1687 0.8523432541625193
1689 0.9986372044518261
1690 0.49476953526270356
1691 0.7801742011419102
1692 0.46126739900533886
1693 0.7892128199814503
1694 1.0206040144643642
1695 0.1437311726056041
1696 1.13212450151127E-4
1697 0.4610583117057994
1698 0.2891388679037154
1699 9.902191206710185
1700 1.0976322631999924
1701 0.381758112221302
1702 0.29018585144781517
1703 0.07901865844053388
1704 0.5612749635065881
1706 0.85158062624489
1705 0.832746780086654
1707 0.26193873082429636
1708 1.02397806884703
1709 0.14412475521395388
1710 0.2540272608404759
1711 0.030515654530746953
1712 0.9713961087044596
1713 0.8997910610656953
1714 0.7443104537953638
1715 0.8925707701619428
1716 0.9752715033359186
1717 0.8537893490764693
1718 0.6042226586964579
1719 0.7910039202941579
1720 0.711532735279897
1722 0.9857022349210075
1721 0.9793470060530589
1723 0.7076360409207135
1724 0.916019038882856
1725 0.8802831788184129
1726 0.5708123059340016
1727 0.9891572788502244
1728 4.1598647214478065E-4
1729 0.647303577582204
1730 0.1668657094996298
1731 0.630502603935245
1733 0.20816937010641887
1734 0.9990023617625498
1732 0.40776336582435985
1735 0.367857266440551
1736 0.5381151977883274
1737 0.999318504427588
1738 0.6005004561454416
1739 0.705665734976879
1741 0.0024327822824560794
1740 0.9001301612082308
1742 0.13587073610898578
1743 1.0128596873375522
1744 0.9999920438169242
1745 0.9590904493595157
1746 0.827803247756994
1748 0.2686858291163875
1747 0.9068993546142555
1749 0.5889323120793353
1750 0.8510359942506251
1751 0.8083744662650117
1752 0.44799394664289544
1753 0.12642547780465677
1754 0.9685899090381869
1755 0.10958245972556685
1756 0.062145663159254766
1757 0.6818254091084172
1758 0.3761635372205695
1759 0.8643033262742169
1760 0.5837448784084764
1761 0.3777307906746396
1762 0.8225102383414563
1763 1.011533137078999
1764 0.9999605262209679
1765 0.07274819952327663
1766 0.6862547637169726
1767 0.23712494255132888
1768 1.1198913087599096
1769 0.05965293564742338
1770 0.9429726776756989
1771 0.9624214226180862
1772 0.3249135308046212
1773 0.4231571873537993
1774 0.0916916785290142
1775 0.8059813059833261
1776 0.45286358336844446
1777 1.6404565912079845
1778 0.22063571695329934
1779 0.9243847347522067
1780 0.8748977060032881
1781 0.9985791015039932
1783 0.26649252193838524
1782 1.7278390109824113
1784 0.5371738893067737
1785 0.9967780725598228
1786 0.41276357689281035
1787 0.0476712401414804
1788 0.9279217519405755
1789 0.7515595035515091
1790 1.0375065482827723
1791 0.5911999002010643
1793 0.9403626842812866
1792 0.7354114661584173
1794 0.9414327483805316
1795 0.5811142539118892
1797 1.8474525053388242E-4
1796 0.5939791679467291
1798 0.9562114599366396
1799 0.1979301610576426
1800 0.9799207194100035
1801 0.9872233768074923
1802 0.9963740030627183
1803 0.8753510535473713
1804 0.5848320677140184
1805 0.8969679336248577
1806 1.1181073804309316
1807 0.9622096676518114
1808 0.9538394956940661
1809 0.4717345584684607
1810 0.06663523869620708
1811 0.16783241934669796
1812 0.6344746331247062
1813 0.4231016845497263
1814 0.01675782564080026
1815 0.15587707226923592
1816 1.4152834751416141
1817 0.6530228322023893
1818 0.4788805160713298
1819 0.9227004730911531
1820 0.053533698412111766
1821 0.8293119770833727
1822 0.09784063755257137
1823 0.4773934371211852
1824 0.230365445928672
1825 0.9736202281153472
1826 0.7085469397074354
1827 0.89594298131764
1828 0.6995099908832425
1829 0.2233220675017375
1830 0.9161683352320774
1831 0.9630964058450224
1832 0.0070890763546938
1833 0.30448382083590697
1834 0.07117026594860154
1835 0.999107907039675
1836 0.9592624042247186
1837 0.593947115302095
1838 0.15368427109655614
1839 0.6653328042199992
1840 0.9481255265142607
1841 0.5827792422139478
1842 0.6488443306538411
1843 0.2843763418167672
1844 0.8517149962052744
1845 0.9998395557030508
1846 0.00962711727019012
1847 0.9970984700638676
1848 0.9320837211733408
1849 0.038905752930586436
1850 0.3800987001871979
1851 0.9259554049304406
1852 0.9680792977289172
1853 0.9630814898208089
1854 0.6289696313796557
1855 0.2006102100721116
1856 0.9509798572743551
1857 0.9815884907635529
1858 0.9972883232387072
1859 0.03481735579106909
1860 0.8582622258396002
1861 0.30108749067799506
1862 0.5037013405288312
1863 0.9991527518672483
1864 0.8908335438220814
1865 0.9842693353966119
1866 0.9303263381639882
1867 0.9516449586433459
1868 0.9874216040963687
1869 0.9989439487941539
1870 0.772616355455567
1872 0.7373875570241614
1871 6.944227967537245
1873 0.2595523539550983
1874 0.6656185762427805
1875 0.7099124443532903
1876 0.6886984707341653
1877 0.7770553060486899
1878 0.8544846079875152
1879 0.9976725649281989
1880 0.9946005549800669
1882 0.8943161138938264
1881 0.22341205253486984
1883 0.5893108082767257
1884 1.3731845497738824
1885 0.05065987886517036
1886 0.9918598894732988
1887 0.8329804332589408
1888 1.0
1889 0.699810791717907
1890 0.8891923695223558
1891 0.7240138512586021
1892 0.0
1893 0.39666303346899884
1894 0.972402845921942
1896 0.8806447865576503
1895 0.9999617333569426
1897 0.999847677072688
1898 0.6543647239408023
1899 0.9823826593427465
1902 3.9047091099984734E-5
1900 0.710545779281531
1901 1.1585481851266113
1903 0.14204715823809938
1904 2.8966170556032087E-4
1906 1.2586433470654603
1905 0.7747541476124952
1907 0.5549658420125655
1908 1.389587413686878
1909 0.8118607734053639
1910 0.04599919359837208
1911 0.8189555727925409
1912 0.9668900089528875
1913 8.026929492481082E-17
1914 0.9999767929173486
1915 0.9828386986332472
1916 0.8693458353862608
1917 0.9143207069278841
1920 0.47572090370381537
1918 0.408353281210707
1919 0.8791257383391318
1921 0.8023829121484228
1922 0.5722077136887562
1923 0.9059264383458626
1924 0.5923129430841297
1926 0.9993902976076298
1925 0.964149275464216
1927 2.3145424126679868
1928 0.6935980767240219
1929 0.11868688947524529
1930 0.605141851339993
1931 0.848486384754852
1932 0.8274845231333126
1933 1.0744740584523023
1934 0.48476800534936276
1935 0.8009689062546719
1936 0.4672340868349411
1937 0.8950696913351003
1938 0.4012393705355756
1939 3.399991089871294
1940 0.996591241946388
1941 10.516688728169102
1942 0.7543661902135247
1943 0.5053464120381611
1944 1.071551763596941
1945 0.6248544902395395
1946 0.26422685215029446
1947 0.04843104548306341
1948 0.6971894282711438
1949 0.3223180840136278
1950 0.6375860948999156
1951 0.9899158512788139
1952 0.6442621332725833
1953 0.49974413961141534
1954 1.07872613685554
1955 0.2948716098799132
1956 0.9186802643856867
1957 0.8863235752169606
1958 0.8231991945396342
1959 0.9933464625112169
1960 0.9777560466299365
1961 0.9963950543903859
1962 0.6596520780576861
1963 0.7709667338522225
1964 0.4632332104987158
1965 0.5188293104585636
1966 1.0009300334511175
1967 0.22007685791486767
1968 0.7210364651051295
1969 0.9365251411384775
1971 1.0000737551190413
1970 4.679796250954216
1972 1.0250149527440646
1974 1.0000005641642427
1973 0.7535752884771467
1975 0.8762431230437875
1978 1.1638566414475928
1976 0.05888187812673509
1977 0.8416573179611624
1979 0.9595092868473696
1980 0.16342169193471306
1981 0.8176827042857447
1982 0.5866898055007466
1983 0.5111657363282792
1984 1.0829631841572327
1985 0.9019497425831988
1986 0.9968922507640612
1987 1.2136003046735029E-4
1988 0.8308241828693695
1990 0.5952375549594744
1989 1.547577450643107
1991 0.3711321189548037
1992 1.4209670637459089
1993 0.9958789146857463
1995 0.46613350658921904
1994 1.1302868776200294
1996 0.9385586536545651
1997 1.388887907900104
1998 0.9999546677375046
2000 0.17221297045614023
2001 0.6686777914212253
1999 1.476987148286173
2002 0.6347108216449703
2003 0.08403753593036596
2004 0.9825973669079471
2005 5.755030955934514E-5
2006 0.20480560347509436
2007 0.11518295351097953
2008 0.10659382179972172
2009 0.685416677148661
2010 0.9814263468006106
2011 2.8086882696701188
2012 1.0000586944086869
2013 0.5954454189139675
2014 0.05119112056339077
2015 0.9820120426315364
2016 0.8380505266463327
2017 0.833051139938477
2018 0.9711904482776691
2019 0.9732124345292636
2020 0.9673459929253875
2022 0.04245981209743594
2024 0.9968676347883524
2023 0.7016825254728964
2021 0.32906189115501006
2025 0.9967560355055922
2026 0.9552164065495183
2027 1.0008829991214778
2028 1.7100269800419756
2029 0.03055115306129714
2030 0.49993066389173746
2031 0.7864427645931711
2032 0.010696785812519335
2033 0.443039145214975
2034 0.08592736307252652
2036 0.49138315250636666
2035 0.527009028994754
2037 0.006836508691933898
2038 0.9755634401838368
2039 0.9993055696036132
2040 0.9591136114217897
2042 0.7140875783945054
2041 0.06004380563905902
2044 0.6269061405635475
2045 0.9807187403686644
2043 0.3307516271009294
2046 0.3992492657752063
2047 0.9799471320141949
2048 0.06531777260509948
2049 3.6267460211723686
2050 0.27627297050788846
2051 0.4837129474258475
2052 9.671428465363345
2053 0.967033832742486
2054 0.9499639145630334
2055 0.25212292797183405
2056 3.8100192379148576
2058 0.9932055684401027
2057 0.2974286458832159
2059 0.27265700709337504
2061 0.8187048432209094
2060 0.19493887043902863
2062 0.1859593697229422
2063 0.9708661653138244
2064 0.7591929765040069
2065 0.7909275280957794
2066 0.999395243011445
2067 0.6568156540173936
2068 0.9077694331607061
2069 2.4545301518981857E-5
2070 0.5920244348706217
2071 0.9446165875429408
2072 0.19082812770831184
2073 0.08244181533526575
2074 0.8618690451135802
2075 0.9766950069888818
2077 0.5229817885275394
2076 0.5249659789280138
2079 0.7383594981034493
2078 0.990130847290935
2080 0.8164850020127012
2081 0.6839931655629129
2082 0.8961235569353238
2084 0.5753056061192112
2083 0.7956016633759843
2086 0.9446544024261304
2085 1.0309254585538188
2087 0.699182758586639
2089 0.9480118884941593
2088 0.09771225778346836
2090 0.30174556329553115
2092 0.9999999999970689
2091 0.9176169704899503
2093 0.9222315181300633
2094 0.7563277313012903
2095 0.36884354954352844
2096 0.9480463508592506
2097 0.07556399829575298
2098 0.08567476248273959
2101 0.4412192237808293
2099 0.8180530318787002
2100 0.9648897838251529
2102 0.8212059186532976
2103 1.0155025659359795
2104 0.4087885332367252
2105 0.6377308098917793
2106 0.5904183307649408
2107 0.19559390247650352
2108 0.673034937205604
2109 0.0030517134512449916
2110 0.6977465269992242
2111 1.040535184584752
2112 0.9753427019898864
2113 0.8959006067732879
2114 0.6318624074515568
2116 0.3868648348753884
2115 1.546508454499482
2117 0.4590913134513758
2118 0.9529962012542842
2119 0.6065088252138662
2120 0.5580336792866557
2121 0.823249816931405
2122 0.6805988114516294
2123 0.33553836320598623
2124 0.9621417807267579
2125 0.46758128567924145
2126 0.9933608938856681
2127 1.0132349398574558
2128 0.954047111635606
2129 0.7757488421157236
2130 1.1329606814335472E-5
2131 0.6189396672496456
2132 0.13181044119890284
2134 0.9938278818805459
2133 1.2587146355482937
2135 0.9942028569545123
2136 0.9777693989131412
2137 0.7252083473475095
2138 0.49948850727553457
2141 0.8938739724848219
2139 0.9962296400767644
2140 0.30080582093774905
2142 0.7911991036483027
2143 0.7357293500799676
2144 1.0044429975762024
2145 0.014139848642407573
2146 0.8778680174440023
2147 1.0169016785750105
2148 0.7267865074885751
2149 0.9218492473850831
2150 0.9997044421500644
2151 0.6970678597344121
2152 0.38283775662804503
2153 0.33261068597988186
2154 0.8714608698261898
2155 0.9997854218840887
2156 0.9244485618176654
2159 1.2068570294635508
2157 0.4729793714634667
2158 0.5117017040999227
2160 0.3344077761967472
2161 0.8699802958272076
2162 1.0848417819833114
2163 0.9249174339784867
2164 0.7253953041000664
2165 0.8495853930610731
2166 2.4151156261710933
2167 0.3677351270695882
2168 0.8954323895787166
2169 1.201181146453622
2171 0.9176231135730032
2170 0.9806366548829168
2172 0.9913901725908583
2173 2.7972699088536235
2174 0.4253238333345984
2175 0.004381983840942743
2176 0.5615611420581942
2177 0.05105784166091196
2178 0.6314600122808922
2179 0.17105980385579714
2180 0.8712685685890592
2181 0.9344451913143528
2182 0.36207937739744395
2183 0.5490571899989162
2184 0.5858575605898136
2185 0.00275923881362062
2186 0.9978421616468522
2187 0.7625312521483028
2188 0.3075091200957661
2189 0.8257971193944991
2190 0.021771494047647586
2191 0.49109342259830185
2192 0.14927774258953164
2193 0.861231927294382
2194 0.6226160103475527
2195 2.13079286460523
2196 0.8918912724141753
2197 0.2203191541351712
2198 0.7985099952234784
2199 0.8352167995204579
2200 0.48297643107433214
2201 0.9985896121201662
2202 0.7621735440908756
2203 0.972145310094143
2204 0.8996590518193622
2205 0.6070591363200178
2206 1.1329646413302152
2207 0.8254069023595093
2208 0.6331421492607913
2209 0.8973683969211969
2210 0.7898646067352894
2211 0.9431362859579148
2212 0.921177451499104
2213 0.9996026411288308
2214 0.1517716171132443
2215 0.9446034163298325
2216 0.982427892823577
2217 0.3099886096973982
2218 0.5920243206669942
2219 0.17729668407915583
2220 0.983468182497404
2221 0.9505327210977833
2222 0.4289552115769412
2223 1.1965129173171645
2224 0.9156666900152397
2225 0.8939089181041001
2226 0.46331214329031134
2227 0.010640677937793334
2228 0.2941205237849008
2229 0.9171835155020107
2230 0.9100142207009024
2231 0.8825780287086801
2232 0.0017009587834979638
2233 1.9745712576138323
2234 0.565413905894976
2235 0.9962426571448142
2236 1.031389009061611
2237 0.31495367634386473
2238 0.7709440981922199
2239 0.765294871970716
2240 0.9184022786306423
2241 0.5638158988126055
2242 0.9240879394611122
2243 0.50427916307634
2244 0.2346582481849705
2245 0.33854505012850866
2246 0.8942367163383659
2247 0.976888096225855
2249 0.737152276217432
2248 0.014810278246104584
2250 1.1163144051437464
2251 0.9892231804880873
2252 0.6978623880479045
2253 0.3211850045312192
2254 0.9997841196831448
2256 0.9362194133452542
2257 0.9390462326262197
2255 0.1742546797310798
2258 0.5835870877884595
2259 0.7403283161962896
2260 0.6640018011494087
2261 0.9336535030361788
2262 0.4132872083855928
2263 0.6837211954356919
2264 1.2287065926472707
2265 0.7434373358595462
2266 0.9757544002098824
2267 4.493292138503543E-4
2269 0.7061956613111015
2268 0.9539292846098327
2270 0.9999999997939444
2271 0.9998204426873457
2272 0.8099365754515531
2273 0.9921838260543253
2274 0.6840615700628525
2275 1.7005736670382705
2276 0.37966455943115945
2277 0.9482019193981996
2278 0.9979402207002765
2279 0.8978955117687334
2280 0.4472477722916816
2281 0.21369368178940804
2282 0.44778292305906303
2283 0.9996947984132262
2284 0.4943875073106885
2285 0.8719233964670203
2286 0.08387480621275507
2287 0.9748515119046016
2288 0.12532463082843634
2289 0.9737782158286653
2290 0.4350701962975709
2291 1.0227802179663017
2292 0.20140360690073794
2293 0.2256394436801909
2294 0.012963088954321593
2295 0.9994322273373015
2296 0.38475730165934957
2297 0.2303561490811986
2298 0.6304349017016672
2299 0.6949976537129501
2301 0.06870684569285236
2300 0.6795290082372388
2302 0.9499353921354803
2303 0.9080615882945516
2304 0.9228080136826349
2305 0.9880324149545544
2306 0.9994994661372675
2307 0.6448114134776028
2308 1.0929459784624305
2309 1.0022471147462202
2310 1.0000011488930496
2311 0.9833707889946116
2312 0.9888738885648155
2314 0.969021746423343
2313 0.7809870085252977
2315 1.050708100263508
2316 0.7038585984600941
2317 0.9556879105423582
2318 0.06295672094817902
2319 3.51348522484129E-8
2320 0.9854811443871694
2321 0.03464023817718625
2322 0.7102808636710498
2324 1.2280437159641997
2323 0.011454271649052111
2325 0.8896849777423486
2326 0.39894234610487805
2327 0.9923998085089034
2328 0.9941355698714244
2329 0.3929536039928605
2330 1.6774624291727517E-4
2331 1.3739193603113803E-6
2333 0.6772456087408286
2332 0.8900095083761289
2334 0.9836265565712832
2335 0.7686942904492995
2336 0.30593875724084735
2337 4.419550731881266E-4
2338 0.9284484695318165
2339 0.9360584473922569
2340 0.9562193183691167
2341 0.765199210421256
2342 1.0410723319991169
2343 0.005484071651966018
2344 0.8955555317220062
2346 0.11442053313544533
2345 0.8344721443334878
2347 1.0456456085283232
2348 0.0017375809653998658
2349 0.8463874124820661
2350 0.5283060734373372
2351 0.3252876983224793
2352 0.9984907189437336
2353 0.9997321049796277
2354 0.06525738173289032
2355 1.0338923788996017
2356 0.9042587665983747
2357 0.3800680973346009
2358 0.29586021678432367
2359 0.5414328190987975
2360 7.348583034901931E-4
2361 1.1802653162869279
2362 1.0129542070316986
2363 0.9882980162434755
2364 0.7668493630092391
2365 0.5465868311872285
2366 1.585589340582545
2367 0.01252178933669575
2369 0.11976217202614127
2368 0.1662265680890913
2371 0.7854310563383922
2370 0.9765924603731925
2372 0.8044021450122066
2374 1.4932542631952699
2373 0.6297106389802201
2375 0.41608968296232834
2376 0.06743269874415701
2377 0.9996947435391303
2379 0.8320978221313843
2378 0.001374146588658082
2380 0.14557467575950556
2381 1.710261583528736
2382 0.1232217283615942
2383 0.025484581596754555
2384 0.9999978884933286
2386 0.7658471542271766
2385 0.6122007012284171
2387 0.7572187636946022
2389 0.7971252498405629
2390 0.7238645817545896
2388 0.5203904423040595
2391 0.28890395122069684
2392 0.23425161235689207
2393 0.8039056009218336
2394 0.3608166018916323
2395 0.9954358870539741
2396 1.2405849755362341
2397 0.8829514641541185
2399 0.9705135645036448
2398 0.8583120581895556
2400 0.9536778673216842
2401 0.895636512004051
2402 0.5779947738361194
2403 0.7886148879241269
2404 1.0849651552632282
2405 0.5408468937097782
2406 0.044681643861442105
2407 0.020110964906766282
2408 0.004117622564050539
2409 0.38791650400603783
2410 0.1397762295780597
2411 0.9287975341528988
2412 0.06017894177496573
2413 0.8909861067197625
2414 1.3073313188290427
2415 0.5764908063938684
2416 0.3434519696036793
2417 0.8804586785922178
2418 0.9609183225969454
2419 0.814096012786095
2420 0.9805371717009622
2421 0.6424306143523913
2422 0.6562677952397492
2423 3.4675909038164523
2425 0.4755658802648681
2424 0.9135723983826678
2426 0.8711692820298699
2427 0.7490664871720039
2428 0.6056390893881151
2429 0.898943133526427
2430 0.07959542064937276
2431 0.9789699253206344
2432 1.0148420238736708
2433 1.1588247663704876
2434 0.706049079226111
2435 0.9991629413196971
2436 0.8895215835233756
2437 2.716658515207849E-8
2438 0.4184956785665505
2439 0.4882330574104882
2440 0.376703068382363
2441 0.027794942600818124
2442 0.9362856157649866
2443 0.44401509071629597
2444 0.8533216095717507
2445 1.100623201661489
2446 0.40989968952867256
2447 0.6857658108850667
2449 0.9383125713186798
2448 1.0071707910511736
2450 0.3567812443620076
2451 0.916313883860248
2452 1.2122802088078068
2453 1.088821868131404
2454 0.012378539532556016
2455 0.0010580261237996859
2456 0.5505296883145446
2457 0.3647231784182868
2458 0.9028414332311865
2459 0.8175105181921947
2460 0.9155310723636122
2461 0.9996631497162938
2462 0.05051020632085407
2463 0.8765550333637553
2464 0.05325567540800819
2465 0.6955203844927902
2466 0.0
2467 0.6366654219980705
2468 0.9623618492906983
2469 0.19803556383792334
2470 0.9163636886999382
2471 0.6288288642423836
2472 0.9709920870164409
2473 0.9297849491305988
2474 1.0293353822146659E-5
2475 0.09557723622422026
2476 0.08919261517410376
2478 1.0
2477 0.04241804551679932
2479 0.8430749678379075
2480 0.42611075550616606
2481 0.03504254868065083
2482 0.13818765593188873
2484 0.06115833706513001
2483 0.999974850844495
2485 0.9687764721512292
2486 0.9910488767050929
2487 0.9890107529291055
2488 0.7865236661290914
2489 0.16189003445151437
2491 1.027974326131064
2490 1.0047110510468553
2492 0.7920068974115541
2494 0.9627807743626059
2493 0.9337176270804283
2495 1.0141334369054582
2496 0.16605590232406403
2497 0.8337396625204819
2498 0.4802450103673378
2499 0.05050509005774611
2500 0.00413214191185703
2501 0.9807810695645744
2502 0.3432657008378406
2503 0.9353642669492351
2504 0.8255020436197588
2505 0.3411950912173344
2506 1.0975305706347995
2507 0.9204506710767413
2508 0.5233614378536149
2509 0.6276554263382109
2510 0.33136922995808626
2511 0.43938863788511384
2513 0.8392985059590385
2512 0.9874920695954577
2514 0.982041821950762
2515 2.632654755899518
2516 0.9538335813405119
2517 0.8327261826981233
2518 0.8155873373877041
2519 0.8208544697110207
2520 2.5508893789090044
2521 0.5454358343759188
2522 0.3366433646450349
2523 0.8639006857096264
2524 1.478476864946578
2525 0.5244186627470742
2526 0.914594442036465
2527 0.9406816222968218
2528 0.2844643166881321
2530 0.5996419746314956
2529 1.8147078018206022
2531 0.8305614973835506
2532 0.32633248339314946
2533 0.42461691739264995
2534 0.26697561472984277
2535 0.9501601657468499
2536 0.836449428150017
2537 0.14125749712809316
2538 0.9960561565601568
2540 0.685436161784443
2541 0.08289967318812078
2539 1.0007561590868095
2542 0.5590249140983001
2543 0.4551085501506277
2545 0.08732109630990376
2544 0.6784025898732184
2546 0.983123850856553
2547 0.03283489013740837
2548 0.6606920763770278
2549 0.26471087745133176
2552 1.0291527809195584
2551 0.654319388416025
2550 0.9799733703739569
2553 0.971248302228268
2554 0.1294265554968755
2555 0.9291289456836992
2556 0.34312702518676025
2557 0.11749182395662319
2558 0.9995933250527907
2559 0.9724983178705122
2560 3.9199419934859234E-5
2561 0.6988240229968464
2563 0.2588543494993908
2562 0.9894520853969756
2564 0.9248547157674198
2565 0.24744828414914807
2566 0.5571110248979071
2567 0.6055480920143257
2568 0.7794836181283322
2569 0.31599812473441
2570 0.1443514610490994
2571 0.781667323343614
2572 0.24940748592008802
2573 0.0013798357362699864
2574 0.025792240117323836
2575 1.161035583297212
2576 2.867906742166951E-4
2577 3.0903527735532736E-5
2578 0.6989052583635023
2579 0.9958433295223396
2580 1.0375882496274407
2581 0.8290713350334401
2583 0.7252356231683659
2582 0.992951267918622
2584 0.5718155055830584
2585 0.769293656883374
2586 0.7570532969335272
2587 0.9595776578613064
2588 0.9436311715131692
2589 0.7721526326969672
2590 0.9992573703378611
2591 0.11914008210923713
2592 0.2125375706164603
2594 0.9999586372496102
2593 0.7621012868620759
2596 0.8059412830014895
2595 0.8358127192229332
2597 1.467920806351511
2598 0.7972470600992825
2599 3.434383953608389E-5
2600 0.7345533133259345
2602 0.9016996866111477
2601 0.2796935687279763
2603 0.4656803990147896
2604 0.1964498965997898
2605 0.9582010071579268
2606 0.18360735853073926
2607 0.8685110471187973
2608 0.2350389440306736
2609 0.41775662978029005
2610 0.6502877780627009
2611 1.320864355763107
2612 0.13377900044321014
2614 0.8158030485623166
2613 0.4578023675520066
2616 0.9200926041907883
2615 0.985879670162052
2619 0.7663192253893406
2617 0.84524645402308
2618 0.8114423261268533
2621 0.7895293225110402
2620 0.008651696470373917
2622 0.9952407817997658
2623 0.5187072590371752
2624 0.18426989376330788
2625 0.11188689903354075
2626 0.2747943381018519
2627 0.006802476770362683
2628 0.858866692854386
2629 0.9925652564269223
2631 0.8683997274496149
2630 0.9615667012418628
2632 0.9948034153831936
2633 0.33125541136092196
2635 0.9991747429719727
2636 0.3661397550660005
2634 0.5095800925706347
2641 0.9490866315983556
2637 0.8965900278349539
2638 0.32246448876711875
2640 0.7920497917819259
2639 7.18610659209439E-5
2642 0.28746034463620945
2645 0.07972332206362966
2644 0.8323726892241574
2643 0.9311864354188774
2647 0.6911281146967051
2646 1.1141845673069362
2648 0.3836324184216592
2651 0.5864953215311719
2650 4.118199336848434E-4
2653 0.8041497742765374
2649 0.939859513592646
2656 0.9989841303622093
2657 1.1242192281203576
2654 2.340895027767717E-4
2652 0.8042918789830659
2655 0.7066923737588781
2658 0.995850843632536
2660 1.0012217684936855
2659 1.291425139459929
2661 0.6252761865599716
2663 0.5145608486016616
2662 0.023837046147370616
2664 1.0009284958509743
2665 0.08091430919048423
2667 0.49313742407831646
2666 0.671009039723891
2668 0.8106628623916247
2671 0.9881290063211312
2670 0.8229481356079561
2669 0.8797222234202897
2672 0.551021829025922
2674 0.9369208337390222
2675 1.9178796394486362
2673 0.39660107471454387
2676 0.5107117068199507
2677 0.32835356023698775
2678 0.8776035466868006
2679 0.9988008510302828
2681 1.5061415662943918
2683 0.9866129780602658
2680 0.15646222957157102
2682 1.1660912304306466
2684 0.3853897400331002
2685 0.9211226031615664
2686 0.24527197806124376
2687 0.3112119156269609
2688 0.9659406065627573
2689 0.797487710215067
2690 1.2307744127112537
2691 0.3672788825429843
2692 0.1858862489845277
2693 0.766813075475531
2695 0.9520187084084166
2694 0.5077970286736252
2697 0.02067185308371655
2696 0.90460284950026
2699 0.25804934898252413
2701 0.988510462576649
2700 0.6598096417876214
2698 0.2224320409361746
2702 0.17304238765583588
2703 2.2944699639051978
2704 0.583671104146555
2705 0.817655406487679
2707 0.8077752971499688
2706 0.9068326506449391
2708 0.3933717871868802
2709 0.9786959676659128
2710 0.017287295962136684
2711 1.0422314757981697
2713 0.15471213061672523
2712 0.42385611279784285
2714 1.0092763555396813
2715 0.976632581998067
2716 0.9974523334268542
2717 1.022004430471681
2719 0.9978889577843144
2718 0.43974041696280736
2720 0.026022119246068304
2721 0.7635797360244284
2722 0.7229406533409534
2723 0.46149065642966114
2724 0.7466637816088844
2725 0.16853149506998918
2726 0.6786327418460062
2728 0.06379430532489606
2727 0.9008966658232183
2729 1.0103374435417687
2730 0.5034387371629421
2731 0.9042983688025256
2732 0.18311763168559442
2733 0.6453038784294164
2734 1.9323592503204532
2735 0.35305653502021295
2736 0.4599212065498197
2737 0.7367786030934211
2738 0.9286558823524795
2739 0.19724335306032065
2740 0.9823368891876679
2741 0.5889362241033067
2742 0.5204895938224686
2743 0.7850557102441046
2744 0.8293764510404883
2745 0.13551251125977373
2746 0.5705696251418196
2747 0.29596889856434694
2748 0.4867900034869023
2749 1.0328969858740968
2750 0.05231982627198582
2751 0.7353315769179456
2752 0.29812014420510885
2753 1.8034408240260316
2754 0.9999999841741954
2755 0.560249265236246
2756 0.9803045795331946
2757 0.9984345417676446
2758 0.45683366147031845
2759 0.9311789944792921
2760 0.38711653592362844
2761 0.9431683921441328
2762 0.27988298672963746
2763 0.9294810457518107
2764 0.3677232305033119
2765 0.5767774057056196
2766 0.9895002120667717
2767 0.9914159741737665
2768 0.7913996127513094
2769 1.3742596767724242
2770 0.1962809080548205
2771 0.5645962939705319
2772 0.040901456148627134
2773 0.4383596042444296
2774 0.31032319867676866
2775 0.998350454659169
2776 0.12052662548098185
2777 0.9398265133898194
2778 0.8575715187417512
2779 0.180980319119604
2780 0.9707170056291099
2781 0.807634971776969
2782 0.9616982539640413
2783 0.6074202490728591
2784 4.2800075207344994E-5
2785 0.9891549487979159
2786 0.9999908098118471
2787 0.9351905542396889
2788 0.15307484679673067
2789 0.01111151354552051
2790 0.22431522875539803
2791 0.9628177854552392
2792 0.0037852342773645117
2793 0.7052483259410497
2794 1.5067293104601E-10
2795 0.3417575002622162
2796 0.9466738117621254
2797 0.6199949996332096
2798 0.1398910499918375
2799 0.9366674428112424
2800 0.6828219714684238
2801 0.1673789354999897
2802 1.3382055105279251
2803 1.545144372011855
2804 0.9887841168400348
2805 1.8255543400354245E-5
2806 0.9927933348544588
2807 0.9973283706850534
2808 0.8838793194702761
2809 0.7718018592680713
2810 0.7962547049897154
2812 0.30352038931540215
2811 0.5637872523561723
2813 0.9335891283863642
2814 0.8433747736185522
2815 0.9690808753835853
2816 1.4493132309825207
2818 0.9700006818740943
2817 0.8864851238722667
2819 0.9453407777820362
2820 0.8028612579976305
2821 0.9451534212271545
2822 1.0003635628894099
2823 0.8673763713468744
2824 0.9990335670264869
2825 0.9789292568105905
2826 0.7380255800148323
2827 0.864310924416234
2828 0.9495894293036984
2829 0.8104580340460059
2830 3.0844045093542794E-4
2831 1.2006391345254297
2832 0.8920166464074102
2833 0.07752431264575464
2834 0.6745876197250027
2836 0.9941409763657848
2835 1.0011411374035903
2837 0.9757498210144018
2838 0.9444193021875305
2839 0.8112998058212755
2840 0.9593204670485472
2841 0.976837340416994
2843 0.8168538150287653
2842 0.996750415674711
2844 0.322864623747572
2845 0.6319946925058868
2846 0.6577388357911719
2847 0.6908856921511437
2848 0.3019258135459955
2849 0.47319507221589513
2850 1.2436635877902245
2851 0.8849868542527776
2852 0.8773160573813741
2853 0.9680098851713967
2854 0.9599781043279842
2855 0.9235508119632915
2856 0.8956801074458168
2857 1.38675993715191
2859 0.6938855414109262
2858 0.9992414177599316
2860 0.005195438577434996
2861 0.29812570945912664
2862 0.43117045876773263
2863 1.007565924647832
2864 0.9998732420676941
2865 1.5367209028404163
2866 0.7744987922369228
2867 0.34706852317414427
2868 0.9110670698758035
2870 0.970018880392532
2869 0.9192047201283527
2871 1.0446237864277776
2872 1.1778576923950173
2873 0.2388916758021502
2874 0.9865930176703801
2875 0.9982544606649144
2876 0.9900460116479791
2877 0.45441951407153125
2878 0.949340253702421
2879 0.005101418457770604
2881 0.9726151528100166
2880 0.38706018141513354
2883 0.9591046420991325
2882 0.9865803300102807
2884 1.0171677981157985
2885 6.2059172086375E-6
2886 0.9777247795184345
2887 0.6726037804366359
2888 0.068756981971176
2889 0.9981925891163338
2890 0.3707843933578404
2891 0.3843187723649724
2892 0.9569420496745618
2893 0.18900661174697206
2894 0.0690726578413212
2895 0.6641918892007171
2896 0.9563614307031482
2897 0.6037073036226839
2898 1.2982269554795992E-7
2899 0.9939739296129537
2900 0.007411928639061492
2901 0.7259993322943847
2902 0.38347766247701004
2903 0.9999026260639863
2905 0.9600321849667005
2904 0.9274308469927838
2907 0.9698323944044875
2906 6.747157127061687E-7
2908 0.3140292151464741
2910 0.12123485785531732
2909 0.7814346107903919
2911 0.844980032584673
2912 0.9703252265243196
2913 0.8278987120203105
2914 0.9201402882304944
2915 0.7071967862045272
2917 0.32682387405031793
2916 0.9306501523037247
2918 0.026260434331126355
2920 0.5030420438500509
2919 0.43693562144693676
2922 0.5204663299324058
2923 0.7638721115609479
2921 0.5698838722181288
2924 0.998085924342769
2925 0.0033150279935495386
2926 0.807159924618446
2927 1.3001368424172484
2928 0.8416215279290191
2929 0.9280064085645666
2930 1.0802645839064686
2931 0.987836298973988
2932 0.015723716131345183
2933 1.3851089541549202
2934 0.4438568196467697
2935 0.5848694684092878
2936 0.9222575625998314
2937 1.0089674714382104
2938 0.8129704455454186
2939 1.0
2940 0.3212035331416804
2941 0.8005285479314643
2942 0.3767314935156083
2943 0.9863261609069001
2945 0.5755408203211944
2944 0.5631652505923337
2946 0.9111755669764318
2947 0.6977424151668691
2948 1.0607259387924663
2949 0.9573179917161383
2950 0.23008508195030294
2951 0.7580310476987717
2952 0.022750848143604008
2953 0.9935819310349369
2954 0.6115158322522841
2955 1.0001026498777703
2956 0.9005922083312182
2957 0.9915106245583714
2958 0.979310262604155
2959 0.2880062059032444
2960 0.20501043009542289
2961 0.9032844895941402
2962 0.8821124665870536
2963 0.2854144873285241
2964 0.6555358809067895
2965 0.7690244508164764
2966 0.193377036215065
2967 0.9469938554329402
2968 0.24894019160555453
2969 0.7391101196883468
2970 0.011006218522032608
2971 0.963638631663252
2972 0.33642140402783816
2973 0.5452547920936169
2975 0.9188122952167534
2974 0.8451152179727732
2976 0.9882470424208882
2977 0.8887076263888913
2978 1.7396569407217537
2979 0.9205338509407844
2980 0.9954638010028272
2981 0.22157780337178923
2982 0.9785173573403985
2984 0.8260385285617082
2983 0.925826703420619
2985 0.957628785848453
2986 0.902923341698898
2987 0.8958090017225714
2988 0.8846779858909564
2989 0.9389497960600051
2990 0.006739325800724954
2991 0.6583517780033656
2993 0.6963343190503605
2992 0.7024679020463349
2994 0.9787305397011773
2995 0.8801302688827382
2996 0.9732920517083805
2997 0.03177327609542483
2998 5.866090722063319E-5
3000 0.15944995522608796
2999 0.5807974176060166
3001 0.148155694368855
3002 0.9673794325262369
3003 0.9880326317184406
3004 0.999685363275831
3005 0.5589546768713867
3006 0.392751494092075
3007 0.9622054367608619
3008 0.9962838774829688
3009 0.9842968891584182
3010 0.1907655509216985
3011 0.9976621917487827
3012 0.15393620853835754
3013 0.6909079164307873
3014 0.40623080790583205
3015 0.9108925837464938
3016 0.07245256066637407
3017 1.0487241206218532
3018 0.9907048494440506
3019 1.4100625905030835
3020 0.13778891299095605
3021 0.6990663371553105
3022 0.05266071596339383
3023 0.5684171570812615
3024 0.9559792885009603
3025 3.6083852045138465
3026 0.9247518689902086
3027 0.14602134814696557
3028 1.6675129153122399
3029 0.7224441648891066
3030 1.0480389285836023
3031 0.7560704812832507
3032 0.2584193523619096
3033 0.5041732955381207
3034 0.7960064512099082
3036 0.9984359448669925
3035 0.926771253906969
3037 0.6200280412890934
3038 0.7322480716590538
3039 0.9540709221811962
3040 0.9990250851443142
3041 0.9982659293072391
3042 1.0836177339530964
3043 1.2117036513305073
3044 1.2444323681107325
3045 0.9985805134356865
3046 0.05527535292369248
3047 0.9657504906872078
3048 1.0474376177937266
3049 0.3994844086304263
3050 0.00898748555090967
3051 0.3241094715390635
3052 0.9973922338648409
3053 0.9779287566790509
3054 4.5711792166379974E-8
3055 0.24378512006635797
3056 0.43537163879775703
3057 0.5005457419290664
3058 0.8543103636714453
3059 0.9537426431246139
3060 0.8127881788339103
3061 0.17424106094002134
3062 0.7867245805580804
3063 1.1112108859430712
3064 0.9681620952867324
3065 0.46379688665286417
3066 0.9698018821813039
3067 0.42758407768203993
3068 0.4959155278614753
3069 0.9902325974946464
3071 0.17129215204349235
3072 0.9957632501912179
3070 1.6042742539540487
3073 0.50131731076742
3074 1.2215047935325234
3075 0.7644454485063046
3076 0.6293856274574721
3077 0.69036496697038
3079 0.9981021021555511
3078 0.9803953437131886
3080 0.2954305299427646
3081 0.8862388323299019
3082 0.3067862357611204
3083 0.8655324044269799
3084 0.2714002706535227
3085 0.999968535562732
3086 0.9965466630596318
3087 0.14673645779305378
3088 0.3007349009309588
3089 1.1043372666000355
3090 1.3618145380138114
3091 0.8787763669540146
3092 0.07775925887218148
3093 1.0038236325993897
3094 0.9799464112576861
3095 0.636430799282871
3096 1.2687235529230496
3097 0.6403472198900555
3098 1.0487617536988876
3099 1.6891459677102236E-6
3100 0.9929735582768847
3101 0.7942979961393435
3102 0.5457764785406597
3103 0.01666543431414621
3104 0.8647370927664024
3105 0.15961097214815237
3106 0.8440913070793092
3108 0.9451560665459477
3107 0.8496968956271159
3109 0.8780226861561494
3110 0.15030045779805273
3111 0.9903495534138855
3112 0.9280522939121243
3113 0.8759622139071103
3114 0.9437683547228337
3115 0.660909399398458
3116 0.9523312807075609
3117 0.881658769009672
3118 0.2529952251867681
3120 0.9983591128123513
3119 1.3797806357686457
3122 5.086767479899241
3123 0.781521212318786
3121 0.15402817858681458
3124 0.19798801928814003
3125 0.49416251563428065
3126 1.024340526199797
3127 1.0474406651368875
3128 0.876622480374831
3129 1.0849409900193843
3130 0.6388572051781962
3131 0.5504335849182318
3132 0.9669155379250901
3133 0.8748867229320147
3135 0.3712660106422832
3134 0.752222132938067
3136 0.8960751429854487
3137 0.7962536048505557
3138 0.0637586767387032
3139 1.5042495252796049
3140 0.8826824257472239
3141 0.8197221153978588
3142 0.9297787466667973
3143 0.5196348676194945
3144 0.7831309934946487
3145 0.7911678097794396
3147 0.4099564076748316
3146 0.9855164452816005
3148 0.999888796682069
3149 0.48586642565899507
3150 0.8546069865348734
3151 0.925680923557035
3152 0.9996231994008873
3153 0.9890512937622005
3154 1.108406316760034
3155 0.9489838600217445
3156 0.14886169090602946
3157 0.8930517919751744
3158 0.06495230556531846
3160 0.9331413111519006
3159 0.7243539030997703
3161 0.47599528911338934
3163 0.3337095535522837
3162 0.1229606361264833
3164 0.7872954976731767
3165 0.7990046837727973
3166 0.7603339492102594
3167 0.9484792260914032
3168 0.9925079278719771
3169 0.995635987685968
3171 0.001526412255174002
3172 1.0910276253803008
3170 1.5709450942711574
3173 0.9999980038030853
3174 0.4162147480976246
3175 0.007477033594326157
3176 0.9781291916887251
3177 0.9991248648080076
3178 0.9446898241498362
3179 0.010171060682561973
3180 1.230732785227854
3181 0.9999999991250771
3182 0.3207930856387033
3183 0.9500177543387105
3185 0.3425350050500457
3184 0.10292497000346376
3186 0.8939414670473457
3187 2.703979015296249
3188 0.01434874322909311
3189 0.9376554020811014
3190 0.9761329559396169
3191 0.5469124465608414
3192 0.9658574798313724
3193 0.850508799405475
3194 0.3247388562542059
3195 0.8575504275522035
3196 0.8996354294394759
3197 0.6105189808084234
3198 0.9965201867146636
3199 0.043555346930183286
3200 0.8910332435811593
3201 0.2150269611508725
3202 0.33982863288900395
3203 1.0399900326648372
3204 0.7388394294016188
3205 0.998041196945286
3206 0.8642905172815606
3207 0.9582155748015916
3208 0.0803449481216967
3210 0.8819899403747871
3209 0.4538331882943655
3211 0.7516929847520485
3212 0.6122692711108524
3213 0.8411828637467612
3215 0.9988364612378856
3214 0.14060942293499973
3216 2.1202061096498612
3217 0.9530368990214382
3218 0.7525087972599825
3219 0.994734195417279
3220 0.8871916367839401
3221 0.9180317619701229
3222 0.5705248873819277
3223 0.9960242141785716
3224 0.9930629788171041
3225 0.9946621002600019
3226 0.9698271817781452
3227 0.007964082420533565
3228 1.177126225845582
3229 1.4261638309979918
3230 0.8542772882308197
3231 0.9776441609134168
3233 1.2352880391351075
3232 0.9393677013649452
3234 0.9983239402627422
3235 2.2475355117033904E-5
3236 0.9843221124882188
3237 0.7822692708351469
3239 0.004007770375045586
3238 0.6338673387203972
3240 0.8735183574073015
3241 0.45256825653861055
3242 0.9971650125509873
3243 1.4009225839469468
3244 1.0372681196002025
3246 0.048250228458893325
3245 0.4142551149689342
3247 0.892583412824617
3248 0.38863971944314013
3249 0.26003580901406265
3250 0.9917000419496619
3251 0.9125105854523753
3252 0.9539063182774431
3253 0.196814873227746
3254 0.42786716781939166
3255 0.5018796509797627
3256 0.9279502938050297
3257 1.6709976673695093
3258 0.6407518442558047
3259 0.9325207408346811
3260 0.7498066938404376
3261 0.9499585118362903
3262 0.5220523880426714
3263 0.5707938649469602
3264 0.0715615973986173
3265 0.03263692062691551
3266 3.767469290977248E-11
3267 0.9708898997234965
3268 0.2839083128127343
3269 0.8502638071020779
3270 0.039600934288708124
3271 0.7231974044663341
3272 0.9978063828195203
3273 0.8077511001575599
3275 0.24131989493274042
3274 0.9653868423499978
3276 0.9234369352296675
3277 2.3240589341702503E-7
3278 0.6875778236473998
3279 0.565400601398004
3280 0.9910919874506243
3281 0.23142398135184153
3282 0.8440911742855464
3283 1.0582726008643264
3284 1.895130497422759
3285 0.8595559446303443
3286 0.16483450830323668
3287 0.8027740396637784
3288 0.7415163631797369
3289 0.9821797385668063
3290 1.4630686750333046
3291 0.6331580933188519
3292 0.9368127746106305
3293 0.552981633350363
3295 0.0834243140715195
3294 0.6360219505525273
3296 0.5606828771074096
3297 0.9985620744547297
3298 1.5854402397617766
3299 0.5492670365009847
3300 0.06325944258743726
3301 0.241547519435776
3302 0.2159656006599745
3303 0.0018768918038879036
3304 0.8840128652200498
3305 0.8660036746749447
3306 0.9833854173686419
3308 0.6051889930598087
3307 0.12189413938533415
3309 0.8193787990219152
3310 0.0035032620296289968
3311 0.5250187361196685
3314 1.132690256403675
3313 0.23921935449966528
3312 0.99989967931379
3315 0.8881332267690744
3316 0.9782763463742834
3319 0.9923259683236981
3318 0.9690403993191576
3320 0.18415803721886176
3321 0.34313439206628155
3317 0.14663110355489314
3322 0.9691860503424127
3325 0.01321846223805738
3323 1.4577232693245685
3326 0.7808566513765036
3324 1.0119266408469971
3329 0.8595220466941544
3327 0.058907442079252
3328 0.052696299977534146
3330 0.8953666075494496
3331 1.2061709763061637
3332 0.7395734321990003
3333 0.9065452265854108
3335 0.7675665078674733
3337 0.8235686391216204
3334 0.8108757432840482
3336 0.7709093705117217
3339 0.9952033916913005
3338 0.9418686354122632
3340 2.568163228139537
3341 0.734263968283452
3342 0.002927416435445848
3344 0.4045996921482871
3343 0.9579991338944919
3345 0.9962709619852164
3346 1.000410157003886
3347 0.6155493245546101
3349 0.8254055066885618
3350 0.9188126885026029
3348 1.5179044642617323
3351 0.8342202209598647
3353 0.7417782972548973
3352 0.9999810616623582
3355 0.8868691473981142
3354 0.4534102480428439
3356 0.5025976372830642
3357 0.6088414491724483
3358 0.9732743806391707
3359 0.9969105967911297
3360 0.9707885239422547
3361 0.4069290186477332
3362 0.7638031586975834
3363 0.9896610173354972
3365 0.05209361692129145
3366 0.865793705926138
3364 1.0121781333598963
3367 0.9896362634486428
3368 0.9135454201421166
3369 0.2771616224992757
3370 0.7145682543623322
3372 0.016534241365187576
3371 0.2055322927901888
3373 0.9983921155458266
3374 0.9999215848013949
3376 0.04564288737828853
3375 0.31960590915603215
3377 0.9967392988524278
3378 0.40953824891813106
3379 0.6813267525307765
3380 0.49821479146830805
3381 0.5911991457464785
3382 1.255063442679905
3383 0.982076989762662
3384 0.6821669669976532
3385 0.549443656775761
3386 0.04059801184902127
3387 1.0034327509090843
3389 0.7043265483517416
3388 0.9365499503298054
3390 0.9268178697802445
3391 0.9606664141051761
3392 0.6394926064928327
3393 0.9999884145710742
3394 0.2538344650125421
3395 0.6460891042886392
3396 0.6606294137408034
3397 0.24219549000499901
3398 0.9968993606228601
3399 0.5368656556642109
3400 0.32424534053377846
3401 0.4520263211565807
3403 1.251336705040982
3402 0.8663253957783456
3405 1.1476966165954823
3404 0.6037218052349335
3406 0.0050850237881861805
3407 0.6402835090326298
3408 1.047253175902599
3409 1.0357793441967436
3410 0.7757156765808918
3411 0.8322629498014995
3412 0.36006064187829434
3413 1.7182313191807193
3414 0.5333548701860313
3415 0.3731402976896653
3416 1.4840280022016623
3417 0.015002054937030438
3418 0.5918609894178226
3419 0.49752480614162053
3420 0.4211390700815527
3421 0.9822475068813691
3422 0.8553744880110783
3423 0.8517468287541954
3424 0.9784757979317205
3425 0.3198336207053371
3426 3.4537972157203385E-8
3427 0.8587109966943374
3428 0.8792763035396762
3429 0.9760051646350544
3431 0.681613947667276
3430 1.1208252323555192
3432 0.24512712291942523
3433 0.9953293961102488
3434 0.03366629827880123
3435 0.3783576799644079
3436 0.9222375441891631
3437 0.9804056965179775
3438 0.508551994724138
3439 0.6478512403704135
3440 1.0176041515776462
3441 1.098156537748867
3442 4.409640963323139E-5
3443 0.8948702452046469
3444 0.9061388288637923
3445 0.9691584204967835
3446 1.0062920009314962
3447 0.7297102873396655
3449 1.0
3448 0.8477082480831601
3450 1.1101878004461676
3451 0.5100435992650385
3452 0.7825892443898113
3453 1.2781276277019777
3454 0.44326593340934983
3455 0.9740772713443605
3456 0.5965632877557179
3458 3.1135658547851137
3457 0.8877580346935142
3459 1.00330932195007
3460 0.9218802706077158
3461 0.7533410349425768
3462 0.12022114063865207
3463 0.27472859219178697
3464 0.18095797782240544
3466 0.8523234551301415
3465 0.9028311563923516
3467 0.9711239200575071
3468 1.1675734401672846
3469 0.37107447317541087
3470 0.9157156527041674
3471 0.547360193704917
3472 1.7287803389950211
3473 0.9899648447476718
3474 0.21753707394126895
3475 0.8340752808832058
3476 1.0620349113702587
3477 0.4652733084194483
3478 0.899920809903901
3479 0.11251548674648562
3480 0.5171241796607328
3481 0.9945922380754824
3482 0.2914752007818285
3483 0.9426238879201335
3484 0.10415930149241914
3485 1.022049927327193
3486 0.8033807411075438
3487 0.8410182703498442
3489 2.7010913446086944
3488 1.1656784004326082
3491 0.18169959985367443
3492 0.9811470222589024
3490 1.0227557534242608
3493 1.6033525103029584
3494 0.38692146268157196
3495 1.0500540392661892
3496 0.7795162557560666
3497 0.8313006872697012
3498 1.2184110398346086
3499 1.1119251414273383
3500 0.30198571276897773
3501 0.8285877921692346
3502 0.8553601313921917
3503 0.8729246917825924
3504 0.2148273435474463
3505 0.5274110856571148
3507 0.7314583078425151
3506 9.514139777873448E-6
3508 0.8092094038018197
3509 0.999882991288642
3510 0.930388096435672
3511 0.2520773977302799
3512 1.0580902743737965
3513 0.8943112248626255
3514 0.3996638522909208
3515 0.48651937668745765
3516 0.6910689755841869
3517 0.35899936747318056
3518 0.9711628172667894
3520 0.928006054705151
3519 0.013946010440450376
3521 8.507474969651706E-5
3522 0.9271388470973272
3523 0.9452523329351505
3524 0.0029259020026830024
3525 0.8837612031857615
3526 0.4212368703713774
3527 0.7975447841358453
3528 0.5235056693702063
3529 0.26906358691673077
3530 0.9892559595032137
3531 1.034437439713549
3532 0.8667349569680282
3533 0.5554445030585385
3534 0.005087354140864239
3536 0.9988694578981967
3535 0.7165803468923899
3537 0.510722532183928
3538 0.9999922431751973
3539 0.9999762133618648
3540 0.15538272828920735
3541 0.6445597528242787
3542 0.055315929763318124
3543 0.8688861239385531
3544 0.8229803974019368
3545 0.9614935364260712
3546 3.808634094723228
3547 0.429176655844456
3548 1.734832946147424
3549 0.10722806621718027
3550 0.8837082147390259
3551 0.7877881557366349
3552 0.32685405489663105
3553 0.9784728777731085
3554 0.44251480527460285
3555 0.8600706419688902
3556 0.9297691391494961
3557 1.001694623409631
3558 0.9967287472602766
3559 1.07156675527901
3560 0.49841424768190773
3561 0.6161899227703673
3562 0.39153100250877493
3563 0.0542871953666819
3564 0.5861686361538371
3565 0.7782003700042243
3566 1.443486162756606
3567 0.7731774283936841
3568 0.8952517958901617
3569 0.2922265244334404
3570 0.3029915801106952
3571 0.9999978822847124
3572 1.703655810638535
3573 1.0025969357315565
3574 0.6506966999769157
3575 0.028655600109751562
3576 0.4425659143603492
3577 0.9732781447806573
3579 0.37266427177026823
3578 0.8390380727158396
3580 0.4069500361803091
3581 0.9411597421561894
3582 1.0039494694584281
3583 6.768191218864378E-4
3585 0.9937986417692249
3584 0.9225792131806835
3586 0.7120273205179652
3587 0.5328184803995106
3588 0.9920297920197593
3589 0.8588383272250264
3590 0.987498930980652
3591 0.7333018422221169
3593 0.6621220225443755
3592 0.934153635646917
3594 0.5311329996468321
3595 0.17780796324836423
3597 0.7223965132710091
3596 0.5353435956919871
3598 0.7481496534071463
3599 0.9295433604475647
3600 0.8035954538163692
3601 0.8162145978172446
3602 0.23958271288404565
3603 0.0035106255139660666
3604 0.7394857312757743
3605 0.99435733616527
3606 0.9834186822887067
3607 0.3291944466969749
3609 0.10754557511422777
3608 0.43756177191028406
3610 0.5638885994076747
3611 1.063447201157293
3612 0.9966889593676652
3613 0.994958380050158
3614 0.9300347786111584
3615 0.590729322738399
3616 0.9999833887752897
3617 1.1241964651992988
3618 0.0577119489175937
3619 0.9808563898039636
3620 0.9440462482120456
3621 0.9517999089135185
3622 0.9936874264546973
3623 0.516447011115347
3624 0.9856824339930589
3625 0.2720194981674749
3626 0.9731338748881081
3627 0.8511385093738427
3628 0.912914526784492
3629 0.9537259387039513
3630 0.7875489611105622
3632 0.9824165970393987
3631 0.8341118633204119
3633 0.7860106692616937
3634 1.395602083935313
3636 0.45550692760929473
3635 0.8909631110648852
3637 0.9060325314861886
3638 0.2872874244978218
3639 0.994312376439358
3640 0.7633096738337957
3641 0.7947545717600679
3642 0.27003394943591735
3643 0.5724126320635576
3645 0.855735374817075
3644 1.2136538881842183
3646 0.007967985655672642
3647 0.9932272326282137
3648 0.9981053883067605
3649 0.3238159049826447
3650 0.6784304787282713
3651 0.6260582838943783
3652 0.888749124403371
3653 0.5754379892079514
3654 0.8562234894945195
3655 0.9904590671719461
3656 1.1667988671261198
3657 0.9478607746045332
3658 0.9408734561240765
3659 0.5952186385446921
3660 0.7635171589578618
3661 0.0
3662 1.0600501821819706
3663 0.8327994998158716
3664 0.8080611708955826
3665 0.9387234170747396
3666 0.999544563440352
3668 0.7480317877876668
3667 0.0066804759379835285
3669 0.10123381044856856
3670 0.06652449596717218
3671 0.993132589156592
3672 0.6059553453700514
3673 0.9950197352188658
3674 0.24194162264853067
3675 0.8983099236787613
3676 0.8046518104660854
3677 0.9305418479494162
3678 0.22840125618427298
3679 0.10424010651472411
3680 0.43450490528413466
3682 0.3366864588499165
3681 0.1831249768259298
3683 0.1771894985090499
3684 0.26562512226404333
3685 0.1472130091081773
3686 1.0164668223715332
3687 0.9286052674593799
3688 0.9057631261283137
3689 0.438878266627901
3690 0.4459118997851527
3691 0.9254619277448438
3692 1.4762867043220776E-5
3693 0.05454885363998346
3694 0.8300079461068183
3695 0.4578495864132374
3696 0.7300070904787099
3697 1.0583890940785314
3698 0.999675669191495
3699 0.9954992205115966
3700 0.7165047619681854
3701 0.9750917592042414
3702 0.7853725926121781
3704 0.37704736629004476
3703 0.8911693285348627
3706 0.8753301860005239
3705 0.8399346702867896
3707 1.1698247970492976
3708 0.6230987080086144
3709 0.6791288684611216
3710 0.3024193095013516
3711 0.6788683288659744
3712 0.029732289237767065
3713 0.9035191447880425
3714 1.807555450457512
3715 0.3067436021588433
3716 0.8649899796774917
3717 0.7791743602293315
3718 0.01974680785908933
3719 0.24664947643608856
3720 0.9832642404081873
3721 0.7601693928951646
3722 0.9397455457839694
3723 0.0020793579326751454
3724 0.24584127394362668
3725 0.593086092343464
3726 0.9992449093827351
3727 0.9286624556222114
3728 4.412701039668077E-4
3729 1.3239229286902443
3730 0.7822523500817312
3731 0.6881184686262636
3732 0.7162471539011375
3733 0.934028668278431
3734 0.05751640003045426
3735 1.1125541617145032
3736 0.8711132563108845
3737 0.5585196818531538
3738 0.171675186974324
3739 0.9928858683613794
3740 0.9703205735121982
3741 1.0741053619674388
3742 0.9756559659880384
3743 0.23134573798117197
3744 0.8166106575655211
3745 0.2238426041712531
3746 0.9691232371405332
3747 0.1829735403971045
3748 0.8798601271006641
3749 0.10290984069984602
3750 0.9857801416113171
3751 0.4923751460763046
3752 0.8884704936247747
3753 0.8864374761871576
3754 0.9677469185581971
3755 0.9982123963082009
3756 0.8621919615669714
3757 0.02327249367949742
3758 0.9719717382545088
3759 0.5823335546040731
3760 0.5077243829911008
3761 1.018727901247991
3762 0.30624093943810027
3763 0.7792029815393288
3764 0.546044645550843
3765 0.3495804300617921
3766 0.39566901000807025
3767 0.9651148316443315
3768 1.0610533408327296
3769 0.726752891163146
3770 0.15411073822059207
3771 0.9705851585901061
3772 0.6189388677374305
3773 0.9995773312271323
3774 0.9122395496846588
3775 0.23602437411161237
3776 0.9789499119968409
3777 0.8177372279275955
3778 0.23605287055649876
3779 0.9291495555119935
3780 0.7994406421436339
3781 0.3480770109186685
3782 0.9968408695268585
3783 0.99