1 0.9321462462258693
2 0.6561179109718741
3 0.8335594367702884
4 1.0228698130187701
5 0.9931361493264498
6 0.4502005965185878
7 1.0477788704322348
8 0.8821328153882049
9 0.7236572671889402
10 0.5159511783016834
11 0.5829999330297219
12 0.8051304439679505
13 0.8215656647143826
14 0.18150628577160657
15 1.1401438006382947
16 0.9837959691264105
17 0.5141785954630136
18 1.1694326112712337
19 1.219899766557882
20 0.10500125225895961
21 0.3254442023662674
22 0.8716409271774175
23 0.7973718575264442
24 0.7841608784476345
25 1.0251054493558196
26 0.5710279148642164
27 0.6716738015110199
28 0.2831970403833903
29 0.7705668993120458
30 0.8760443405373768
31 0.27027993745145207
32 0.3539794772564834
33 0.755571351306078
34 0.5710107392778989
35 0.8360616215317226
36 0.8888203400058355
37 0.7034783696438812
38 0.8114747481149294
39 0.4665643168150238
40 0.7199799020601626
41 0.5256366314092407
42 0.5903157631643298
43 0.6783996339045409
44 0.970240290041959
45 0.7754246253083523
46 0.897687665527598
47 0.5977496361574419
48 0.9137747047455064
49 0.34530856745948907
50 0.07289926144365003
51 0.7868815142208647
52 0.6472698267760595
53 0.862617691232512
54 0.46574372733280395
55 0.6819994326221868
56 0.8289607240697036
57 0.8792234955757353
58 0.5540763312354682
59 0.8074613289155727
60 1.1632239065161412
61 1.1260904744844296
62 0.9398670745230027
63 0.9725186985867187
64 0.8945228244267431
65 0.43539768500042525
66 0.8378983808530713
67 0.19911192098826877
68 0.4650774481514058
69 1.0810771150108252
70 0.46575791621125756
71 0.5521389795041456
72 0.8648911045316636
73 0.5586703612190066
74 0.9910546362886755
75 0.7103984488989966
76 0.3997826631613582
77 0.4489082314947616
78 0.7192322884704142
79 0.9164614448283898
80 0.5789818717228131
81 0.24784042010543306
82 0.9727242250846436
83 0.9359596497174411
84 0.8711515820648168
85 0.8357946806112319
86 0.765167803601363
87 0.4806583145611237
88 0.7539044220403509
89 0.8354322099581594
90 0.7614504356195386
91 0.5923405778381279
92 0.6925779123101408
93 0.9473506791579882
94 0.4810181482858818
95 0.8358864779644994
96 0.7555972225915675
97 0.7897061278943475
100 0.462903311034724
99 0.4728985537449317
98 0.9630229269341136
101 0.3769384002339853
102 0.4331417061906681
103 1.3667644034776718
104 0.5002149463973358
105 0.8677638211127509
106 0.9018983681335108
107 0.9512541243042434
108 0.630408361731227
109 0.8727966421730908
110 0.957006895234628
111 0.9688600703024801
112 0.9303606108146053
113 0.8267696842848121
114 0.8938007322212691
115 0.5015113729645525
116 0.5254427658897726
117 1.1059296506232876
118 0.3859567220687472
119 0.9102131035538249
120 0.644299666733364
121 1.0396859366558433
122 1.2390160653272007
123 0.9897982972789633
124 0.5065219132168878
125 0.698133069430901
126 0.7385822543871032
127 0.37763697124903906
128 0.526114006422856
131 0.47165843497624504
130 0.6000053890155322
129 0.9025352911637874
132 1.161256350971318
133 0.7276481026073519
134 0.44159137366804757
135 0.6055478039997811
136 0.6524604626603495
137 0.591716449908645
138 0.19201125731178695
139 0.8782716833636994
140 0.5041909931831177
141 0.3953980077119491
142 0.9518561970240731
143 0.8067798842852172
144 0.12476549364328184
145 0.9256310926866732
146 0.8681503775290283
148 0.8799601067698368
147 0.48845361101326823
149 0.8151840639583203
150 0.8190855314754936
151 0.6767460812435377
152 0.31682062597177424
153 0.6677588448498597
154 0.31320311257393085
155 0.6489074848202573
156 0.6963058351640069
158 0.42870116325233465
157 0.9821586415666234
159 0.9323080293723043
160 0.4823535396114438
161 0.7640665650767564
162 0.8015308755637728
163 0.6585690482134133
164 0.9431485376268786
165 0.7585198834211576
166 0.7251876409505661
167 0.8677383921457278
169 0.6193756360276709
168 0.5229617440375212
170 0.48784805370985246
171 0.6938496968169791
172 0.6237709938957648
173 0.5989383982821901
174 0.9133011037109059
175 0.7549936823166989
176 0.7653066215145662
177 0.8682000038098119
178 0.9778671124007586
179 0.565236137625163
180 0.7666859138693508
181 0.3610498666792706
182 0.5406776519142811
183 0.7367533674327864
184 0.510146994507536
185 0.7151596634185409
186 0.6936990567993754
187 0.7083267764127303
188 0.3965583232542174
189 0.6316058211422116
190 0.4924240625369512
191 0.3505948355909833
192 1.005845987348908
193 0.7004425792438367
195 0.8351013441594679
194 0.8642459377914532
196 0.7649211708177187
197 0.8472317549526445
198 0.9463789571406581
199 0.780758866938234
200 0.8163244929945747
201 1.139732058873554
202 0.4553502386097793
203 0.614816901037339
204 0.8276762847138507
205 0.38886204531589286
206 0.8516368653009508
207 0.6014434119555507
208 0.90731836504588
209 0.6972462228227969
211 0.9659352364077335
210 0.9860085784452642
212 0.6416160780739568
213 0.2847692667133773
214 0.39542717305888747
215 0.574851359706117
216 0.8381521734480185
217 0.7117086777301784
218 0.61223481848259
219 0.889981894562375
220 0.6707264775903115
221 0.8814207382956368
222 0.34484334710560127
223 0.9940574842846043
225 0.8337117675145677
224 0.8623138632695305
226 0.7411919265541369
227 0.5202205567240622
228 1.0160302238904793
229 0.7828177698623934
230 0.9783015035400364
231 0.5567928559040306
232 0.7485154520407528
233 0.6786656893675602
234 0.7853828754576777
235 0.7232192417048362
236 0.7347036940497731
237 1.0
238 0.6077682338166541
239 0.6203953738411314
240 0.7541613461779763
241 0.9586611969457075
242 0.8533442922714521
243 0.25871513674987545
244 1.6431116758951447
245 0.09473320459465051
246 0.851274518069607
247 0.3235449972934584
248 0.4747077569408134
250 0.6895672722008451
251 0.5880951903802006
249 0.9987471298218247
252 1.2095276351921005
253 0.3676498256087847
254 0.3415210896638448
255 0.6126589867013121
256 0.7748492492392525
257 0.8726811875518674
258 0.9451216784569626
259 0.8795033914654575
260 0.9634932726145617
262 0.4746820209523763
261 0.11411731098868769
263 0.9358794092090472
264 0.7041139315567821
265 1.0354139665380353
266 1.0462383384859089
267 0.6905350141696129
268 0.4141141787088188
269 0.7917660277721302
270 0.6414657786785877
271 1.1535893745228842
272 0.6497512654295645
273 0.6305409635958544
274 0.8599911570402399
275 0.7142282238864675
276 0.6940175277506542
277 0.257485624666587
278 0.5744879033402946
279 0.8569037940926697
280 0.5985152398029313
281 0.9271328877170456
282 0.5969207126752342
283 0.6891588904754805
284 0.6497196708613348
285 0.8750354079721051
286 0.8580015933750761
287 0.6461307208652262
288 0.8051312533505073
289 0.9033540380037968
290 0.2248973485175331
291 0.7005595143509471
292 0.462867466524414
293 0.7803974810684169
294 0.7004524558366992
295 0.6419269360445439
296 0.1473244723663695
297 0.47383809496411383
298 0.8325692847906832
299 0.5764018183532669
300 0.7011165443411239
301 0.7233137562355362
302 0.7743036925974746
303 0.9501336490383134
304 0.46049463509600885
305 0.8395455639900794
306 0.96562949606276
307 0.5275090791052522
308 0.5225650107144156
309 0.8285849993258252
310 0.9182267682649563
311 0.2527388464100716
312 0.9934651324691288
313 0.9032260874732688
314 0.8210553764465449
315 0.8668059330553932
316 0.5985790614621178
317 0.7143164043858147
318 0.77584595242045
319 0.6386429365495104
321 0.3233421667835852
320 0.32462101240990826
322 0.7383242751386212
324 0.8837753817369935
323 1.136714466584191
325 0.6799653898486772
326 0.6822505747008552
327 0.8115730982578887
328 0.5457776126048447
329 0.957645031242284
330 0.7075966444055446
331 0.25665211559018536
332 0.8647172822064031
333 0.763989048754975
334 0.7871934938821474
335 1.0161395374662656
337 0.4839838024521798
336 0.4059449555537421
338 0.6056045633534916
340 0.9087642582436972
341 0.8095676507667713
339 0.9873135942159476
342 0.362671088788869
343 0.402131631352266
344 0.8936449835286682
345 0.823401215248698
346 0.76687627924812
347 0.6287787266349635
348 0.36489371474532
349 0.7578013391940537
350 0.9916843740742389
351 0.9042607685615843
352 0.7550628044550395
354 0.7539327528575102
353 0.7012132028930644
355 0.395907461175194
356 0.6873048396921435
357 0.8277727214103443
358 0.1773953871891164
359 0.3948283606128556
360 0.49867966500822447
362 0.6033310286383237
361 0.6963034206179736
363 0.503231263620809
367 0.24867979314882507
366 0.20997616813519662
368 0.7569865162521638
365 0.693950638745741
364 0.655820998170843
369 0.878323105468087
370 0.9211621033537434
371 0.8929839378860416
372 1.0408432603794537
373 0.81346148437541
374 0.7843353780866423
375 0.832599246396195
376 0.7596864993188871
377 0.722785735515762
378 0.621624915939059
379 0.4365150265374762
380 0.4753411974998382
381 0.6385108499911416
382 0.8477837728884395
384 0.4852689300330546
383 0.5523199223647419
385 1.5398438978664668
386 0.8730162724424915
387 0.5674559575369864
388 0.856830973942624
389 0.4057427825125167
390 0.7225221526851814
391 0.5801496037130357
392 0.662964566269155
393 1.166526915394955
394 0.40694130050816246
395 0.7044337694647432
396 0.8687213272193851
397 0.6339157636804662
398 0.37765738619576
399 0.7248083012495494
400 0.9160866146642578
401 0.8025501840952376
402 0.6439344819122197
403 0.16912514796786918
405 0.9036513653529705
404 0.8600826796612925
407 0.9032422381064282
406 0.7626999484361483
408 0.43618480624899564
409 0.2665839145627475
410 0.8625535291980477
411 0.9409719311890802
412 0.6987606618437926
413 0.5811279733097754
414 0.8191283228415144
415 1.3745058357478708
416 0.6760479807075146
417 0.877838320344329
418 0.4765839849851074
419 0.8234808883036153
420 0.46782386691131816
422 0.9054688182146312
421 0.8919779522498432
423 0.19516563220905814
424 0.9531347478265615
425 0.8760680829229566
426 0.7741702064250052
427 0.6852114142870935
428 0.8881254460120853
429 0.8466554842757201
430 0.9872164121315103
431 0.4464931514007456
432 0.7165064188767505
433 0.6154456353850564
434 0.7300006773219271
435 0.3628635817675205
436 0.8125743537140581
437 0.7111919622154854
438 0.7107706688861503
439 0.9491846822457086
440 0.6883549340836591
441 0.8160367709184293
442 0.5878799814936776
443 0.14923143026701774
444 0.9997998068208525
445 0.7947710034787351
446 0.8277764672651547
447 0.8235046992086115
448 0.6693678696760934
449 0.923888865346216
450 0.6019710577138236
451 0.49155940980937635
452 0.6059089846966693
453 0.7603894114202462
454 0.9958483656986471
455 0.4019006922292494
456 0.9196739254208743
457 0.9778132652124571
459 0.7218144815225412
458 0.8253944010919291
460 0.9295936934400795
461 0.24392321950007576
463 0.5241867730532389
462 0.9964266728338671
464 0.744630309387522
465 0.9973987896084939
466 0.3232109710876538
467 0.8970650727385234
468 0.7247624417767734
470 0.6122636194284482
469 0.0912024812599765
471 0.898768789627475
472 0.9334378070638009
473 0.6961949616889954
474 0.7170782189767534
475 0.9640332107716043
476 0.3902818918840453
477 0.7147032183096635
478 0.811065382983985
479 0.6737270946166614
480 0.7569485175821974
481 0.6935932749986327
483 0.6855893129711621
482 0.9980428417553936
484 0.3573598143584895
485 0.9876831156535489
486 1.3171756251898725
487 0.6285651534955062
488 0.506698465364785
489 1.0657335560487136
490 0.9990172533959865
491 0.14678035984760546
492 0.23981179459039112
493 0.20518593565654578
494 0.9912007843808197
495 0.4180330086760038
496 0.7733083208725023
497 0.7531977533411843
498 0.9346576198874146
499 0.9496651960059205
501 0.8994142480502263
500 0.3588995614358035
502 0.9338444719118796
503 0.8436024671196652
504 0.4313087922379513
505 1.1428174735865335
507 0.7966355948385323
506 0.27554200860513967
508 0.7257393198572353
509 0.5517049118115745
510 0.9385227911710534
511 0.7878825437680821
512 0.20593440527553997
513 0.8937983950680585
514 0.5474956963159606
515 0.7241096139626961
516 0.730270561760079
517 0.42012173586495877
518 0.8822027208183396
519 0.34274729637343654
520 0.9786685331333519
521 1.1652469278927173
522 0.7891076159055519
523 0.9139441996095823
524 0.08790055101291784
525 0.4268629231311126
526 0.7532788588950331
528 0.8794641459512444
529 0.9363159768224034
527 0.9900517471113256
530 0.8670306286074356
532 0.7378371919507368
531 0.4857319808144748
533 1.3264827698002521
534 0.8980523522916889
535 0.688052716753332
536 0.6284725358411072
538 0.83407741540996
537 0.7826979619747916
540 0.8628405829926804
539 0.7553304745409485
542 0.7450972977576044
541 0.7035261995533713
543 0.30289385768454774
544 0.6418169720777229
546 0.2771327749382401
545 0.8077805429173344
547 1.1093922031353975
548 0.8236266728651299
549 0.3231669277625076
551 0.7898109074288338
552 0.567395930420564
550 0.8559980925117023
554 0.32149038377919276
553 0.5581207978421849
555 0.38853823434449397
556 0.7340995012091573
557 0.9807166106919056
558 0.9704057425191196
559 0.4828210277019122
561 0.9165667418790804
560 0.31861034726619897
563 0.9391662754450673
562 0.7285158132519192
564 0.8571394899960423
565 0.9063171579511259
566 0.8155806987840389
567 0.9666099550462798
568 0.9772212138881845
569 0.7919711263162397
570 1.0707669872015828
571 0.3296956432996419
573 0.526731122402021
572 0.8702323329306327
574 0.6590908636135316
575 0.5877431121315911
576 1.17364430036833
577 0.9083152643158613
578 0.5936412295493074
579 0.47171962373492904
580 0.6038105239874288
581 0.8676631410999213
582 0.17846620633189283
583 0.3921018437410921
584 0.7541283217868815
585 0.5246192723522007
586 0.47814313171644635
587 0.5037862211342583
589 0.7431631580346337
588 0.9556958597063471
590 0.991883030127286
591 0.8947830240438729
592 0.6434640269080217
593 0.45710256662983884
594 0.4696559869982344
595 0.47931318188738353
596 0.8069591820757603
597 0.49450172355812827
599 0.9708707963414642
598 0.6801005189910666
600 0.5306229368228608
601 0.4868896178806856
602 0.7898774348474727
603 0.41963551678761035
604 0.6018431158152463
605 0.8183053735858342
606 0.668015303270053
607 0.9414734482810795
608 0.8432720748044197
609 0.8852308759154832
611 0.974564973370457
610 0.7642741297513561
612 0.856696225545245
613 0.9248227179733274
614 0.9803528693953601
615 0.8016339883182095
616 0.4556891082965937
617 1.113394339565556
618 0.8937539316807693
619 0.7126936796677075
620 0.5333345377808897
621 0.386829345847507
622 0.4868792984843303
623 1.0044143106979486
624 0.582350069725358
625 0.8526566610490481
626 0.49626483275526057
627 0.5488495732385311
628 0.37100627454843665
629 0.9195392653205309
630 0.6039717810111012
631 0.8540921926542993
632 0.8792071986667424
633 0.8002894026050605
635 0.9443540761624174
634 0.9398243349040007
636 0.5765853103684405
637 0.842678814896279
638 0.9068371115179488
640 0.7937784937505908
639 0.9180332473350392
641 0.47806050232220443
642 0.7241268582349497
643 0.964623193123722
644 0.8564087131978174
645 1.1506831450909425
646 0.619515092119169
647 0.5373352831694418
648 0.7065550275226791
649 1.0527434120921926
650 0.9709654501613161
651 0.8118143856105791
652 0.29959314864581166
653 0.9109936411930611
654 0.7340303376098565
655 0.7639185405964994
656 0.9231063093444535
658 0.8390342213516427
657 0.7198736986742603
659 1.102960468592332
660 0.932897728470086
661 0.8973012261618546
662 0.7071068855831827
663 0.4953371655769516
664 0.44110433483784495
665 0.7247221666948014
666 0.5434152431862554
667 0.5348223111631274
668 0.46811610333539866
669 0.9886365786810088
670 0.5550536422190013
671 1.0804991083668736
672 0.7839552723503082
673 0.8870530561264744
674 1.2259411075489146
675 0.22206347497389828
676 0.3104427065858334
677 0.45480857195891705
678 0.8397059800080372
679 0.4570924297450529
680 0.6467970152948649
681 0.9073515765359624
683 0.894224627472705
682 0.7834267928665697
684 0.8831950915181448
685 0.9645086364220534
686 0.9752710728998685
687 0.6939200740604259
688 0.757283066295889
689 0.9804339745255636
690 0.8378722181186614
691 0.39187523550144004
692 0.40799363837840985
694 0.6284727152326195
695 0.9222787259635772
693 1.2257591601519113
696 0.9627505141386826
697 0.7147348031581148
698 0.6796587306313365
699 0.47925476557787144
700 0.6379343323641358
701 0.4792971975613452
702 0.9433876099498324
703 0.4790435324637705
704 0.970088158302438
705 0.8462156731072421
706 0.8211095268039655
707 0.4331277703026114
708 0.44283400942467965
709 0.27298755523788165
710 0.448257318880263
711 0.2318750190249659
712 0.8940477684894602
713 0.6061779658134049
714 0.7556010452788934
715 0.42219734620748717
716 0.8698304457026221
717 1.015267638180549
718 0.8148458410546097
719 0.30118715498029514
721 1.3109798977487206
720 0.7234379611165995
722 0.23323476170891336
723 0.850333339933638
724 0.47974072078757085
726 0.8250766585503366
725 0.6725315081448549
727 0.7248562735389276
728 0.939837127807519
729 0.5826534275938807
730 0.8389368167394852
731 0.8373883544384528
733 0.49229771626431046
732 0.18016855457535308
734 0.9903256999436113
735 0.9076950492027458
736 0.9165387559460558
737 0.39288713437279277
738 0.9203606124268238
739 0.6424263066379884
740 0.8692860135001322
741 0.43394904630537046
742 0.40743134473570053
743 0.9914266758792293
744 0.3232050264443384
745 0.6879225407181173
746 0.8931443142783824
747 0.5162875417483782
749 1.3627216657714576
748 0.7017740159431811
750 0.9955525305447671
751 0.7724572903039776
752 0.8824088799409853
753 0.9804667741180288
754 0.9691762959650511
755 0.9137446072641389
756 1.310048111845844
757 0.013832961119938189
758 0.605459261978648
759 0.9750867044236298
760 1.6730825700821161
761 0.9579472012664704
762 0.9536151472418553
763 0.8663068108253575
764 0.4303990500755414
765 0.7779786548665147
766 1.5255678911374937
767 0.9011322722216539
768 0.9625779785438356
769 0.742725133211059
770 0.7791065167934517
771 0.9093947011662067
772 0.9295993002564501
773 0.9247234328039442
775 0.6491343142275323
774 0.8786601363401693
776 0.955357022114664
777 0.8819777529467635
778 0.7802438151380428
779 0.3040730148159745
781 0.8572723383539329
780 1.0539028982352643
782 0.730390394313451
783 0.8507070577220373
784 0.5916886808422286
785 0.4929552149704839
787 0.9059951433833537
786 0.3737484820908181
788 1.5320342217935004
789 1.0417432466306096
790 0.37453758074681903
791 0.5665870894823569
792 0.9957315097106577
793 0.8424732945422658
794 0.9315750423408032
795 0.8394521255461731
796 1.0007496304124452
797 0.6445000293704763
798 0.9307333293906853
799 0.9229945639595495
801 0.7978624075219453
800 0.3469732550725438
802 0.7082324211697028
803 0.7497912987470889
804 0.811560644690043
805 0.25904324228593784
806 1.1780292646571158
807 0.7913376967259674
808 0.8702876847571968
809 0.9430529526943282
810 1.0160427140484785
812 0.3110588924895284
811 0.9327559165922503
813 0.8217105022104895
814 0.4311869039612242
815 0.4975725259421589
816 0.5367219621228242
817 0.4843202704304348
818 0.6079377753108972
819 0.7023638665346154
820 0.8079155721204093
821 0.2651353799867463
822 0.41636981225022873
823 0.8519017683973535
824 0.6829685902726872
825 0.4070372270990934
826 0.5267562140996946
827 0.57816188679432
828 0.9913183211401718
829 0.12717821332127568
830 0.24177985854905285
831 0.9131833545513935
832 0.8921701919878351
833 0.45524245125047924
834 0.435874766480451
835 0.313252345789735
836 0.9519378048157962
837 0.7350467362243305
838 0.9237192067281449
839 0.6340293653059386
841 0.9033975264386517
840 0.60214659521455
842 0.9209314612711996
843 1.0014087051383087
844 0.5600498661059535
845 0.8813755542853728
846 0.6976999237950566
847 0.8856075027321963
848 0.5721700748243098
849 0.24373127088660207
850 0.5652518073144697
851 0.903885757294411
852 0.9980981351935185
853 0.9005858766735835
854 0.26337467557730243
855 0.9762143672671764
856 0.27423559971139844
857 0.7383815904364172
858 0.8714444917970141
859 0.9586554465951888
860 0.8876974691863011
861 0.7256421701594016
862 0.7614975723092744
863 0.9887835451612924
864 0.723493310370139
866 0.9263658934198196
865 0.9040649950336835
867 0.9047618229042278
868 1.14138680058243
869 0.9903735106248204
870 0.8252096311620125
871 0.7758121994467941
872 0.46552686736664606
873 0.19182900573769696
874 0.6517513416875946
875 0.9019526530695199
876 0.9031868781430616
877 0.7960173498122309
878 0.9559631338569401
879 0.23544486643735876
880 0.45536369414155614
881 0.9887063180286471
882 0.7310917241489688
883 0.6994464855457624
884 0.7169308504976823
886 0.9608711440161511
885 0.9539647201806902
887 0.6090056624171181
888 0.8897942925557654
889 0.9830465728209793
890 0.9587840081645417
891 0.9516877508215572
892 0.7852172686124647
893 0.646329198587089
894 0.6900006375418787
895 0.6457038186193638
896 0.35530568873343926
897 0.8517517500555635
898 0.85668548179559
900 0.9589706545720881
899 0.8270046617171513
901 0.6507051084580061
903 0.8233783090971802
904 0.6856901770351175
902 0.7723948845677376
905 0.4615054664439222
906 0.74568143628322
907 1.0018478166381501
908 0.8390364381871591
909 0.6083921748539257
910 0.23587333181648737
911 0.7131762274723408
912 0.9186735162858419
913 0.833807717103181
914 0.5419295722329333
915 0.9237349779159648
916 0.8825782214463239
917 0.6557165128630199
919 0.8801639207402946
918 0.8479305497414809
920 0.8125736739666369
921 0.6197769207037198
922 0.8165291262058615
923 0.6955037764268519
924 0.6459098449592982
925 0.7493581961994404
926 0.9450028788911146
927 0.7111214629242231
928 0.35490825150220084
929 1.0762597539179501
930 0.9729939536844949
931 0.9099207124256713
932 0.47488842877072857
933 0.7084822484613627
934 0.6652213647157208
935 0.546090129127442
936 0.9914991965004876
937 0.36472995202029834
938 0.3609648798562734
939 0.17508012596613745
940 0.8280412855827836
941 0.92427124426324
942 0.796477882830576
943 0.8127606235055851
944 0.8624183893050874
945 0.873481684032175
946 0.7886065674484612
947 0.8219208301897936
948 0.7893385353775496
949 0.8035383441225394
950 0.6459813340015731
951 0.7475267163412137
952 0.7520356873874744
953 0.6322160115689226
954 1.0338622509703839
955 0.6812551739262201
956 0.7893849314165946
957 0.8869484542546496
958 0.9443112951087056
959 0.7605194730913041
960 0.3869670419668756
961 0.5836823351176853
962 0.7961891366244763
963 0.588940666510086
964 0.7688492098338442
965 0.47572743718319
966 0.8058489245136434
967 1.0800271554873524
968 0.9548423988234165
970 0.9320168783499387
969 0.8307643878386973
971 0.47311272669683924
972 0.9444168830777956
973 0.7111005389927976
974 0.604709420288137
975 0.3667507611721909
976 0.6263133470629225
977 0.9835487658752106
978 1.2371547133595646
979 0.05763882863858589
980 0.7552615788018274
981 0.7327879748197879
982 0.8922908255852985
983 0.80446195924852
984 0.7867799987094621
985 0.2624562058711302
986 0.2730219102390798
987 0.32082932900295835
988 0.6310435230549097
990 0.6820467986060516
989 0.9425145259587492
991 1.0833377133452846
993 1.1696379791758968
992 0.9283670890719644
994 0.5523901986717334
995 0.8573282119045678
996 0.8117420530524617
998 0.7895044872521954
999 0.7590014337808914
997 1.321857432494617
1000 0.6992155332132352
1002 0.6810351678915725
1001 0.7512990115702081
1003 0.8956998636420198
1004 0.9740366410164625
1005 0.527433514138137
1006 0.8781865865367635
1007 0.4171668576361219
1008 0.6736858775678103
1010 0.18910044520799396
1009 0.763033082796897
1011 0.39092746358656477
1012 0.3800774370543066
1013 0.9016135751240886
1014 1.3444662849575657
1015 0.9368363378860085
1016 0.33940555160064156
1017 1.3370273340095615
1018 0.8720385686586131
1019 0.7680946262430639
1020 0.634118130724312
1021 0.8868684468942418
1022 0.913001006342922
1023 0.8113761316076716
1024 0.7972037535665826
1025 0.8458416270662558
1026 0.9587631284884247
1028 0.9740251388652591
1027 1.46725942604879
1029 0.651582273569343
1031 0.3963350126355814
1030 0.8599629972209352
1032 0.8563790257184565
1033 0.9061460638957404
1034 0.8220231103979694
1035 1.02389881836995
1036 0.31460430901273684
1037 0.37297412347227615
1038 0.8240155534307414
1039 0.4075326160611835
1040 0.10685554999341093
1041 0.3128420317400146
1042 0.9430947803077644
1043 0.632211445179459
1044 0.7362854177793114
1045 0.7421143785572983
1046 0.5941204688712337
1047 0.9561030872362272
1048 0.7928187434547075
1049 0.8128672458905716
1050 0.1876719714868408
1051 0.6681901981908509
1052 0.5768721673414796
1054 0.8303885300097027
1053 0.9310667719698956
1055 0.6106086406437521
1056 1.0019552579707307
1057 0.9646795132167665
1058 0.7750965899223867
1059 0.3523310846692768
1060 0.9352795212461891
1061 0.6082140831420463
1062 0.7778301692361146
1063 0.831342781709646
1064 0.4006437743523134
1065 1.1910910679020401
1066 0.7975267485943753
1067 0.25663892456819415
1068 0.7775798979119303
1069 0.2868008170168055
1070 0.6240938076033782
1071 0.9397620162632212
1072 1.0539682330357147
1073 0.8663604516060366
1075 0.7455504747231436
1074 0.6492752550105546
1076 0.8648204361658018
1077 0.9828430749177527
1078 0.9564763493144526
1079 0.5185178300694293
1080 0.22144516081108936
1081 0.5521017060082792
1082 1.1447627705137258
1083 0.38177554094361926
1084 0.9090538406663324
1086 1.390859799569527
1085 0.9257499336957004
1087 0.2729978637973741
1089 0.5605478575892964
1088 0.6662801722487892
1090 0.3905037847465547
1091 0.898044842340156
1092 0.5064648351259091
1093 0.46568509046068013
1094 0.8444231497008383
1095 0.49169807990052905
1096 0.5076718008007899
1097 0.6316266745410707
1098 0.8942900960993757
1099 0.6391780804493317
1100 0.336018649795644
1101 0.684450973647121
1102 0.7662573244134716
1103 0.3377351914555892
1104 0.9119057532429863
1105 0.596987247694781
1106 0.8926442487549183
1107 0.2589671738274635
1108 0.8093349916981629
1109 0.9224088420988911
1110 0.8467200485247465
1111 0.8407394980021247
1112 0.6239957032363858
1114 0.9896395382463641
1113 0.7528814962012865
1115 0.2659442418855305
1116 0.9457194815162863
1118 0.753379701127142
1117 0.4974258420768995
1119 0.3506788908643962
1120 0.9353599863677758
1121 0.8131960717501905
1122 0.9975689393827821
1123 0.9040463851502295
1124 0.6895987284715343
1125 0.8167988406644618
1126 0.4167735225005417
1127 0.9678369141432831
1128 0.8522278711820076
1129 1.1454027573585965
1130 0.9717299663024398
1131 0.5458502289420779
1132 1.208894319235343
1133 1.13638448245801
1134 0.6066391554785423
1135 1.1031233888506045
1136 0.42966842594557525
1137 0.6696657022321529
1138 0.6247761560677466
1139 0.6850737873572355
1140 1.185432150156415
1141 0.6227797164723414
1142 0.7743380181633799
1143 0.7676732768274489
1144 0.9785988163913847
1145 0.6069524489147836
1146 0.4522789661733202
1148 0.37941714976027485
1147 0.8202664136348589
1149 0.46489706123627983
1150 0.614988396969014
1151 0.3781016510564502
1152 0.5049579988514611
1153 0.8354347661611441
1154 0.938130604879122
1155 0.5523187477726741
1156 0.9475272587389336
1157 0.8326235415286549
1159 0.41052793635122836
1158 0.5697407477093382
1160 0.47941253227188896
1161 0.759791018737592
1162 0.5919738930420807
1163 0.8666744054475558
1164 0.655845287099055
1165 0.6881013242410655
1166 0.7657043865977041
1167 0.6647368115773813
1168 0.8654426607821039
1169 0.5709806494583436
1171 0.8063671583076367
1170 0.9104874791672871
1172 0.3507939565301224
1173 0.3137321433436967
1174 0.6600342735653476
1175 0.7182131740350335
1176 0.8337626267157355
1177 0.8688114740933485
1178 0.6244958655367694
1179 0.659110687790406
1180 0.7936510898186844
1181 0.7195695492805027
1182 0.7637794887998557
1183 0.9428150436503377
1186 0.5750749607627934
1184 0.8787626613011804
1185 0.9144291206049001
1187 0.8384196972326015
1188 1.2033071431776972
1189 0.5146663981375843
1190 0.7125041725439076
1191 0.7051135703365918
1192 1.1976292346814343
1193 0.4015795995275572
1194 0.7036208330361426
1195 0.8267101123926166
1196 0.8480513680285359
1198 0.6209188858567223
1197 0.7160099982792971
1199 0.298352860150213
1200 0.8013674311429534
1201 0.514030070401898
1202 0.9232217766200711
1203 0.48194343502561826
1205 0.6496750789843344
1204 0.5869930212319855
1207 0.32793917037695525
1206 0.3283748443173079
1208 0.8147459820056001
1210 0.5810383131254155
1209 1.0416260671359274
1211 0.2714384660535602
1214 0.40622572919087363
1212 0.7907970298947121
1213 0.4002434085444426
1216 0.983474866721319
1215 0.6968987741588683
1217 0.735551388099071
1219 0.9344396768993641
1218 0.9252636248575709
1220 0.7240702156911494
1221 0.570710459769646
1222 0.36456114141797025
1223 1.478940197600461
1224 0.6520576125038188
1225 0.4201407011744465
1226 0.9309562954657115
1228 0.6875000958413743
1229 0.40790088094077126
1227 0.8532286697000336
1230 0.8634709907915139
1231 0.8798736472777052
1232 0.5730534055721257
1233 0.5072683132541705
1235 0.8624607348060237
1234 0.3209372908501948
1236 0.5881355269335515
1237 0.7530868631474265
1238 0.9672544643450423
1239 1.0330265478579368
1241 0.9426179431841779
1240 0.35224007858499823
1242 0.3116192025156626
1243 0.8293891470021493
1244 0.8568461861706212
1245 0.2010506147840279
1246 0.9238145311795343
1247 0.6190950053791127
1248 0.6740363766628954
1249 0.6273195008776301
1250 0.7469823746941846
1251 1.1766444975345167
1252 1.5965439522209046
1253 0.9400842073338137
1254 0.5738211095745647
1255 0.7303110915698449
1256 0.8348273459637329
1257 1.0839661013214648
1258 0.8443463321246684
1259 0.8331982468948831
1260 0.807745619566249
1261 0.8021380852934173
1263 1.2302857919773196
1262 0.5979306894897375
1264 0.7687642870285237
1265 0.9928585020387587
1266 0.8324964694372624
1267 0.7163250914593993
1268 0.6051313413335225
1269 0.7896184086801045
1270 0.6827512004478605
1271 0.4898720244001758
1272 0.9514275723211237
1273 0.805826684212054
1275 1.104803619482127
1274 0.8255954229266003
1277 0.9705793201763628
1276 0.8388009010640325
1278 0.7599872134214111
1279 0.9338509261713055
1280 0.8197839681022544
1281 0.8186479830557748
1282 0.9880802654792195
1283 0.8877512049461362
1284 0.8261280713600193
1285 0.7988116373902304
1286 0.8312582207618916
1287 0.9482317444849667
1288 0.11689476847587078
1289 0.8732814816303225
1290 0.538669126200411
1291 0.4708279190632964
1292 0.8685621186798375
1293 0.4862284921863791
1294 0.6559074419784964
1295 0.7312298278249053
1296 0.7327305339431526
1297 0.4798940621764112
1298 1.2493597774433556
1299 0.7788704356172099
1303 0.6369277098892091
1300 1.0804985516655083
1301 0.22124289816924814
1302 0.9380289956139582
1304 0.9418755530778882
1305 0.8906021779605723
1306 1.0572226235318338
1307 0.5715417471880514
1308 0.5769822225429663
1309 0.6318302020293901
1310 0.5965796802549163
1311 0.8194390379368641
1312 0.8072630040775989
1313 0.8614620985385765
1314 0.7111135735368043
1315 0.9100197005251788
1316 0.9780905752780696
1317 0.38411547769271054
1318 0.47625486787034593
1321 1.0662625461216384
1319 0.8604984734944988
1320 0.9142490952162342
1322 0.6618150512048254
1323 0.5042381315969651
1324 0.6861032591538424
1325 0.12632168352174047
1326 0.767889729747117
1327 0.8370853801940072
1328 0.6432541255638954
1329 0.256537575967372
1331 0.6456350484022876
1330 0.842998871744166
1332 0.8938134531564953
1333 0.4885518559908108
1334 1.0568752431908257
1335 0.8992579152177119
1336 0.7358127853374917
1337 0.6674903393419171
1338 0.8940572541865353
1339 0.18903198989551728
1341 0.6345171290370175
1340 0.758018267779663
1342 0.6647805339075278
1343 0.6587048508086004
1344 0.83523761829385
1347 0.6320814145555509
1345 0.506858590368936
1346 0.6400271344867637
1348 0.8117527150588092
1349 0.8418335256571174
1350 0.45421306466513134
1351 0.7228889391170188
1352 0.732194944252938
1353 0.6913001907044684
1354 0.28233087586575123
1355 0.7877078566446507
1356 0.7484731273807037
1357 0.30773819616839587
1358 0.8321571680173935
1359 1.3257759960533717
1360 0.7968838089927142
1361 0.0794291660984715
1362 0.5865971472702322
1363 0.6666460596196059
1364 0.8914781708494813
1365 1.5276677435590162
1366 0.5274560488067531
1367 1.2661401737460798
1368 0.5312178722782996
1369 0.7933568060321605
1370 0.7988755710262371
1371 0.7624444678151245
1372 0.9375716330683272
1373 0.5642307474003302
1374 0.5960281233995386
1375 0.9306713378791899
1376 0.9330861301984763
1377 0.8545988876988486
1378 0.8802859465974725
1379 0.7347214705850227
1380 0.5566495404650842
1381 0.353202874390442
1382 0.9699595053708834
1383 0.22682020576012207
1384 0.6221599719290022
1385 0.4952692452443798
1386 1.1098344054079847
1387 0.5204475221703151
1388 0.4683184812635605
1389 0.8412868129035781
1390 0.8385892895974271
1391 0.20168512141095435
1392 0.7594786439072535
1393 0.812320501189218
1394 0.6979420070285686
1395 0.6397408575422827
1396 0.866083219843444
1397 0.5078256782166111
1398 0.7743495173538538
1399 0.7353531685091096
1400 0.9724784493248995
1402 0.8514270848500247
1401 0.5332934665841993
1404 0.7708289664291905
1403 0.661118001966612
1405 0.8128863251429385
1406 0.2002728503446238
1409 0.596685623368741
1408 0.8549246619458201
1410 0.34308203664527004
1407 0.5800224058792065
1411 0.4010146176074176
1415 0.06857906507100812
1413 0.5909716601423097
1416 0.8728506621236667
1417 0.8173399326511438
1412 0.8400939711217179
1414 1.3994550285118283
1418 1.0429827805202656
1419 0.7939277236894078
1421 0.4753542574706819
1420 0.2378815723046821
1422 0.9120869583364772
1423 0.7708963956750978
1424 0.8755351729635374
1425 1.091364613688146
1426 0.4390846573414619
1427 0.41411841703442576
1428 0.43892588871670885
1429 0.9714382327105023
1430 0.7075903457268856
1431 0.15329147470524038
1432 0.7505716869490866
1433 0.9951447265931771
1434 0.7099162049558173
1435 0.8974077408970491
1436 0.7369581155943207
1437 1.0305344204757525
1438 0.9465306141586106
1439 0.5377597357304873
1440 0.5318715454830883
1441 1.0
1442 0.7669106622962695
1443 0.7183139526369771
1444 0.7042519080262701
1445 0.21773698710509698
1446 0.8511261232693897
1447 0.9510789200310616
1448 0.5316493877159277
1449 0.9679241005693835
1450 0.6367748139674833
1451 0.6763552033158743
1452 0.9210904809999552
1453 0.8585390118800499
1454 0.5955892470335223
1455 0.7726314628413976
1456 0.5455906486010993
1457 0.9314952872532992
1458 0.8637514809425613
1459 0.9287424484992325
1460 0.6006173351326555
1461 0.6789975042710978
1462 0.7590035845305828
1463 1.0820851287120747
1464 0.539655240678334
1465 0.6613438911879546
1466 0.3088242470776813
1467 1.115962981179503
1468 0.2844558063994192
1469 0.9237467696906428
1470 0.9032036553467667
1471 0.1776248604304608
1472 0.7969362772747386
1473 0.8948581207117926
1474 0.692682559655596
1475 0.9453655887357695
1476 0.7049529771212055
1477 0.7987989273435018
1478 0.7262582185421381
1479 0.7430605490161253
1480 0.5629874966961446
1481 0.5388072304117217
1482 0.786989031220786
1483 0.6913081622405838
1484 0.7302232634285369
1485 1.0514265887562222
1486 0.6242812853809092
1487 0.6682260819054487
1488 0.8424455778174442
1489 0.8802817940574085
1490 0.30759040134360394
1491 0.45657940192053875
1492 0.8471745001365364
1493 0.30006890386238555
1494 0.7004243558625798
1495 0.8090195057427723
1496 0.6245322792524792
1497 0.6196425254833605
1499 0.5927787485804764
1498 0.8383053454547948
1500 0.3191944058848788
1501 0.47245743012046254
1502 0.8106618265349514
1503 0.8920416993777205
1504 0.5025996692261502
1505 0.8667535003722171
1506 0.6625084626985037
1507 0.8283594475322411
1508 1.2343835562305834
1509 0.8363730785941723
1510 0.9322361667166681
1511 1.042446674381856
1512 0.6496450902947556
1513 0.28585752098581796
1514 0.7688691836140448
1515 0.8698816507965466
1516 0.9145355996811652
1517 0.6055714081797812
1518 0.20659750517230005
1519 0.4822241026642085
1520 0.37565798393245337
1521 0.6588875027244274
1522 0.056781739109891045
1523 0.9857262868384488
1524 0.5323055932738646
1526 0.3840628235564094
1525 0.9152768193614754
1527 0.355950452143068
1528 0.6799508481525592
1529 0.9305885789168002
1530 0.8090035746285593
1531 0.8696179641343302
1532 0.6219852510076412
1533 0.6357557437999962
1534 0.47792595538629234
1535 0.8951675542893324
1536 0.6976288886440262
1537 1.1270195601579607
1539 0.19035596287826215
1538 0.7592257026394087
1540 0.9893047369527297
1541 0.7879466593938814
1543 0.4797458239495002
1542 1.4573271388488072
1544 0.9935153580284195
1545 0.7892184451995269
1546 0.9963190547185847
1547 0.9918189271192464
1548 0.7517118298767572
1549 0.15934201068110299
1550 0.8724875076152733
1551 0.992400983250957
1552 0.8073009211546944
1553 0.9359583725863815
1554 0.5103700154936245
1555 0.5704113190571597
1557 0.3951171294114054
1556 0.4330744491854089
1558 1.356761830647354
1559 0.37836626550347435
1560 0.9783016273724916
1562 0.9824748106792337
1561 0.8798698103894161
1563 0.34521136139304254
1564 1.174274551342797
1565 0.5623832599863666
1567 0.5030993166674549
1566 0.9171335399038021
1568 0.013098363427782398
1569 0.9738342750288075
1570 0.8730415935367682
1571 0.7155411843777932
1572 0.2586329865427232
1573 0.8315500017334105
1574 0.5766407269593294
1576 0.5516174277569394
1575 0.313486332304801
1577 0.8190680548815777
1578 0.7035957513045994
1579 0.9590033483644359
1580 0.6078699181009343
1581 0.8271248417535372
1582 0.8528658166056712
1583 0.6779425607827141
1584 0.69923443796948
1585 0.804167659625809
1586 0.9000790708674159
1587 0.23288073685573196
1588 0.9498440772648944
1589 0.8403227255934176
1590 0.9104728024876435
1591 0.840002774743585
1592 0.8172269769198562
1593 0.6994554805237334
1594 0.9069677874398628
1595 0.7969544333769909
1596 1.255285027213382
1597 0.714475178881978
1598 0.8636175313000857
1600 0.7718312639986203
1599 0.7524848135470451
1601 0.9771689000965977
1602 0.9878161240495017
1603 0.038053771528551335
1604 0.3080158975710951
1605 0.67738134769992
1606 0.8564888911348424
1607 0.7795113400905362
1608 0.9318900739533978
1609 0.9979370328527887
1610 1.1160915732341685
1611 0.865964200480942
1612 0.4764441267146813
1613 0.5707916630436618
1614 0.831009408929556
1615 0.9375500701771214
1616 0.9116071469178635
1617 0.9474217157287665
1618 0.2795320627748787
1619 0.5066518790277017
1620 0.7940510440061737
1621 0.3023040054774357
1622 0.926766302042789
1623 0.4509847344345754
1624 0.13516275064751815
1625 0.8512296266902616
1626 1.1784329420910105
1627 0.7270707832351719
1628 0.546747194984596
1629 0.7027743174966957
1630 0.45389091050697417
1631 0.8373969708840134
1632 0.8121566191765063
1633 0.8631036959967803
1634 0.8934930642998083
1635 0.619559786976668
1636 0.49067111680072173
1637 0.2240175208991822
1638 0.5660215636413395
1639 0.5639066896826995
1640 0.839783701817152
1641 0.860112157732048
1642 0.7570221898201213
1643 0.5410982887820018
1644 0.6468171454142763
1645 0.9802826580752506
1646 0.7028185048177094
1647 0.8122073369588292
1648 0.5895941058682049
1649 0.41141529689403145
1650 0.7705332176717483
1651 0.9711237607892036
1652 0.900572728089022
1653 0.6873402898057815
1654 0.849055184843728
1655 0.485532184723849
1656 0.849244130417031
1657 1.0206544949206058
1658 0.9456876791789361
1659 0.8544715478842091
1660 0.6360900965628469
1662 0.8496844958856462
1661 0.2629874761206264
1663 0.554784543760218
1664 0.9955955190818884
1665 0.8752669717892797
1666 0.5437261926458978
1667 0.9414494087886267
1669 0.7943868689788705
1668 0.9618219586677214
1670 0.5663068693276937
1671 0.3692493272957258
1672 0.857252220868254
1673 0.7459655169096837
1674 0.49601403118595877
1675 0.8123649491694738
1676 0.6043535772943879
1677 0.8977004211137475
1678 0.44188143211873476
1679 0.6238983562847816
1681 1.4496653001231614
1680 0.9934256386395675
1682 0.915681286850838
1683 0.7657025341943661
1684 0.6375549138128753
1685 0.9542988762013898
1686 0.8350156800087188
1687 0.560608804443086
1688 0.6261175049623596
1689 0.7097042347440835
1690 0.3264693002757203
1691 0.8358478134706908
1692 0.18420656850412293
1693 0.7180132217347247
1694 0.6223481447827539
1695 0.7262338230428055
1696 0.8925318781013858
1697 0.6473417825639945
1698 0.31667049287414223
1699 1.5394945719415145
1700 0.3843833318665293
1701 0.837096543478328
1702 0.9343407521070558
1703 0.6054205669087976
1704 0.7789029125815549
1705 0.6477176950952505
1706 0.9052606554977497
1707 0.521893601876554
1708 0.32582529376084596
1709 0.5905833458719207
1710 0.4911976384551859
1711 0.9493026189890154
1712 0.5064385177510757
1713 0.8198226942995307
1714 0.7365604660313249
1715 0.3630270214100185
1716 0.5862280419619542
1717 0.37407309079070233
1718 0.5332196757646886
1719 0.5077937421048752
1720 0.9240916213921991
1721 0.38394531114564645
1722 0.8144384043563686
1723 0.9619974323017546
1724 0.9275908242860115
1725 0.5721700748243098
1726 0.6883293579416355
1727 0.15804166897362945
1728 0.6323337791299761
1729 0.8423223427972794
1730 0.7164286983183561
1731 0.9287885285030538
1732 0.46831930579138137
1733 0.49079277754087325
1735 1.0469238300334813
1734 0.7235887455790779
1736 0.6002193288129316
1737 0.9742089779775841
1738 0.7920253614971797
1739 0.502145910321886
1740 0.8948970310413138
1741 0.5899003950465337
1742 0.7176715999013399
1743 1.1046620403466498
1744 0.8664951619587008
1745 0.892330242156882
1746 0.8293119667663811
1747 0.5403841728495966
1748 0.7143897138171934
1749 0.7804089746932598
1750 0.508237822730237
1751 0.6552431419724464
1752 0.32498380914813146
1753 0.5673166037636966
1754 0.35417304624766655
1755 0.6687971476586972
1756 0.7133455536093989
1757 0.9083903832361331
1758 0.3654277362779609
1759 0.6538274022610466
1760 0.8462123312683516
1761 0.71131070856312
1762 0.9576462666216566
1763 0.9248445527117617
1764 0.6391542799426956
1765 0.9046650174483135
1766 0.5750847223817541
1767 0.4834202387024605
1769 0.6595996036939028
1768 0.7141116784934168
1770 0.8711491701510072
1771 0.759904570128842
1772 0.9209632084620006
1773 0.8077011748406521
1774 0.7642147896928206
1775 0.7296623471428695
1776 1.0819651465541658
1777 0.6337738117204402
1778 0.7726970798219877
1779 0.7811917097041543
1780 0.6667156580822446
1781 1.19568871186034
1782 0.9983814112154291
1783 0.47461881714026094
1784 0.8801903997469582
1785 0.6897181794012474
1786 0.8781823356570911
1787 1.1122936342774252
1788 0.9846714700587366
1789 0.983605334190175
1790 0.7174683234700663
1791 0.3938847788909677
1792 0.5378184199409609
1793 0.8546076812971791
1794 0.6973874015510673
1795 0.5754272223997091
1796 0.3529257848018813
1797 1.061445075520342
1798 0.21555123787359048
1799 0.7324945265350465
1800 0.9153400029413277
1801 0.24932811688334278
1803 0.6128274590276752
1802 0.4860932137834428
1804 0.7628609455762116
1805 0.5960878168692171
1806 0.8082117806104188
1807 0.4142247435105838
1808 0.9211415768113149
1809 0.44247430168764695
1810 0.024681453691935397
1811 0.6994435793771479
1812 0.9904064448422577
1813 0.9970085188473576
1814 0.9519962364822728
1815 0.39959104102970466
1816 1.1682216115998718
1817 0.5528849253610478
1818 0.7935420334654881
1819 0.20223731915047533
1820 0.5221870251421294
1821 0.4935147263834237
1822 0.5653149111822305
1823 0.984094752319079
1825 0.9985961067442799
1826 0.857958077833092
1824 0.7529994875787726
1827 0.6946610879251958
1828 0.6618814982059602
1829 0.8930547042475966
1830 0.9674353095286258
1831 1.0178828020869495
1832 0.7512374065552112
1833 0.8382070619677279
1834 0.6827713830620727
1835 0.7320587293256671
1836 0.7559993051061951
1837 0.6297977046745566
1838 0.5897594705938983
1839 0.8848852597272917
1840 0.7372858640241727
1841 0.8041954378827573
1842 0.9291720590980131
1844 0.9047503242124636
1843 0.8298505498011453
1845 0.5703211238280278
1846 1.1599110114264077
1847 0.8885139561595425
1848 0.9385049154886809
1849 0.27298849572392947
1850 0.7240005929893566
1851 0.16057106109340888
1852 0.552339032230468
1853 0.9651211251272009
1854 0.7422802705178146
1855 0.6590438825240954
1856 0.8841185076557994
1857 0.8942717399842919
1859 0.6865362583930762
1858 0.43219508014761066
1860 0.6984615455086916
1861 0.5938527845761631
1863 0.4281552544442126
1862 0.8970919835738751
1864 0.9558837632423375
1865 1.0186667229881208
1866 0.3990070449935278
1867 0.9251216934792436
1868 1.004371805485971
1869 0.2594201151382118
1870 0.7320940824041133
1871 0.88481879586876
1872 0.7015771391126934
1873 0.700242744980526
1874 0.9087341412700978
1875 0.2823233717473769
1876 0.6990247209554782
1877 0.8165154617681392
1878 0.5199978881865707
1879 0.800662723192503
1880 0.5369444012223661
1881 0.7124778902744581
1882 0.7964085001907147
1883 1.3305929744691332
1884 0.6556037829870709
1885 0.694511036644336
1886 0.9361849986802141
1887 0.46224292641891146
1888 0.7604982323142893
1889 0.7676143725261961
1890 0.9931557570953594
1891 0.3576024369097769
1892 0.6051610584127047
1893 0.7500980844900247
1894 0.8444992503893778
1895 0.8112376676900385
1896 0.34780818365402166
1897 0.7193391327847685
1898 0.4800891341597214
1900 0.3333052157948526
1899 0.2217471995353376
1901 0.8696295051879386
1902 0.7804926293689401
1904 0.6833068283731585
1903 0.6308114522974638
1905 0.5619824855703494
1906 0.999032476288959
1907 0.8287839200200144
1908 0.5064587264823743
1909 0.9058480880275945
1910 0.9933667719864328
1911 0.05609461790251791
1912 0.4214409682765965
1913 0.9826704251698244
1914 0.6668874430312391
1916 0.7987221468127476
1915 1.1885904353423542
1917 0.3585970299952884
1918 0.849611249514124
1919 1.8524359314407381
1921 0.7627968682180732
1920 0.9388383450145152
1922 0.9720956679909593
1923 0.914972191098412
1924 0.7004432179060657
1925 0.4390948861871184
1926 0.3098021489684421
1927 0.04295823143395684
1928 0.4677836882065727
1931 0.7998207105907541
1929 0.9452575689568499
1932 0.38006414613071665
1930 0.625641230042168
1933 0.8411934617695612
1934 0.6677450812208268
1935 0.2403700140723036
1936 0.47989510723205653
1939 0.8879579717065597
1938 0.9130544993424429
1940 0.36787627555641894
1937 0.4223623826958762
1941 0.9363653731466569
1942 1.4680980636894243
1943 0.47940959988402837
1944 1.1251929237301306
1945 0.33401103448777436
1946 0.6630299088873537
1947 0.8325728561869498
1948 0.35713066419110556
1949 0.8591743845132961
1951 0.5092494808920273
1950 0.6393930715921154
1953 0.8277987621651788
1952 0.5919669802338327
1954 0.7054078785234462
1955 0.8624409890366884
1956 0.8081136212542066
1957 0.9321447552797706
1959 0.9117958836662051
1958 0.8767813997827105
1960 0.9492031446582554
1961 1.1359443456058773
1962 0.30776372656066187
1963 0.8756959687893288
1964 0.5938274171576382
1965 0.36121295377554996
1966 0.7416882240781933
1967 0.7658362198813214
1968 0.7190071493618031
1970 0.7966749980421991
1969 0.10047285962925097
1971 0.5985888415214831
1972 0.9672335132524918
1973 0.8784658492121357
1974 0.6828580384007126
1975 0.7323399449017359
1976 0.8059011757111719
1977 0.7393902936184407
1978 0.9433910191730387
1979 0.43868653989687845
1980 0.9875601870271085
1981 0.9648344170485379
1982 0.9814095177850688
1983 0.30217957895363545
1984 1.0403361925438588
1985 0.41965414918836597
1986 0.8692350040572969
1987 0.9067763788047073
1988 0.4533682664161732
1989 0.944215825614511
1990 0.8871328374569925
1991 0.8372450977053919
1992 0.801452528169416
1993 0.3018404499081722
1994 0.7873625992030137
1995 0.32745525908980444
1996 0.9636772141905434
1998 0.5008094456885528
1997 0.8388084872802585
1999 1.2597075424479143
2000 0.7694320147698244
2001 0.7321327848191777
2002 0.9407237191333155
2003 0.9714311508430371
2004 0.7182281261566189
2005 0.836760368955809
2006 0.7303732402938159
2007 0.6939288495072576
2008 0.8192321571128283
2009 0.9280205538481565
2010 1.0076741652511396
2011 0.8352399543719355
2012 0.3677131654334751
2013 0.9266177972573894
2014 0.5658739525796483
2015 0.882593401126788
2016 0.4248464908069293
2017 0.9840182591094753
2018 0.7385112588042929
2019 0.13308923869826428
2020 0.49987860222802655
2021 1.2987270727258455
2022 0.6437354196720757
2023 0.4876902118380082
2024 0.5004891800651362
2025 0.5021254619970676
2026 0.6904761708555442
2027 0.7994980743527578
2028 0.7221131156480542
2029 0.6746007292963118
2030 0.8290428738551873
2032 1.0599945272311648
2031 0.8710138893434713
2033 0.7112860208406195
2034 0.46217835607305674
2035 0.6666831715141073
2036 0.8258555137094366
2038 0.6923043921606774
2037 0.5989468309990552
2039 0.7591315759586625
2040 0.5151413289442837
2041 0.5089039078367774
2042 0.946973868031585
2043 0.17294758239708066
2044 0.6116434904113723
2045 0.7656410422395953
2046 0.7477286749185118
2047 0.8166824295220881
2048 0.6261739974294127
2049 0.12297687389411943
2050 0.5592610946676937
2051 0.8017241334086761
2052 0.3424610113096401
2053 0.5891350218976842
2054 0.9695721150848176
2055 0.8876454200593196
2057 1.211471086427293
2056 0.36218373017177286
2058 0.9753250196751834
2059 0.9682422876627758
2060 0.9884181982758511
2061 0.9269799197158698
2062 0.6466302018617113
2063 0.83954598191042
2064 0.3451134832022992
2065 0.6993065452535799
2066 0.806520766416478
2067 0.7583027359908899
2068 1.1239049114528188
2069 0.942417505470138
2070 0.8116370739479731
2071 0.503892054097343
2072 0.8892326271567138
2073 0.9019914988408532
2074 0.978124082920752
2075 0.4643131242079502
2076 0.8800472604823442
2077 0.8040857833620334
2078 0.64877860988482
2079 0.30230666915659277
2080 0.8860498113655143
2081 0.3568222191915321
2082 0.8828505535892015
2083 0.9689365138263628
2085 0.9707970504285627
2084 0.6160393360433666
2086 0.23490483195501466
2089 0.2694886464616502
2087 0.7982291518803624
2088 0.3365421133116255
2090 0.675977386097089
2091 0.27857479852785794
2092 0.9450317052002414
2093 0.5897994525077566
2094 0.7420649792611718
2095 0.788177792277996
2096 0.7325337387115414
2097 0.7229097499150363
2099 0.694144018499296
2098 0.7606128995959299
2100 1.0529066924296182
2102 0.9034570796918389
2101 0.4568802081279294
2103 0.6947845044800688
2104 0.7793979628888826
2106 0.4864260510336585
2105 0.7444175396613985
2107 0.668471074013607
2108 0.8762595707809641
2109 0.864973052786056
2110 0.7218074803036704
2111 0.9178508916998773
2112 0.81658414700117
2113 0.6273736564998009
2114 0.5217829925586406
2115 0.6289741508002233
2116 0.9779817135629484
2117 0.7857477825795679
2118 0.636251344162331
2119 0.8862456101818438
2120 0.7008398533188591
2121 0.7582922058626527
2122 0.8229596434352188
2123 0.8087921374253443
2124 0.7079838572901357
2125 0.9609801383082066
2126 0.5710896790174016
2127 0.895228955448471
2128 0.9223015762135688
2129 0.6170682043735742
2130 0.36059845154491854
2131 0.5934574872085261
2132 0.48479672404430946
2133 0.8079092615749413
2134 0.9411044397199336
2136 1.0408509007139557
2135 0.42821906839828205
2137 0.9620288695146169
2138 0.6855010770823408
2139 0.4019284410253233
2140 0.7314144349422885
2141 0.44670463486561246
2142 0.6043738539441029
2143 0.7767345507596846
2144 0.5493077622618006
2145 1.4079284916809796
2146 0.9691591769224904
2147 0.9507958299333465
2148 0.7414523426248899
2149 1.4563776134148256
2150 0.7670060578139496
2151 0.3818986662943246
2152 0.6499815524076212
2153 1.0873062714429382
2154 0.34984920062270675
2155 0.8281568714846422
2156 0.7502842100696665
2157 0.8040992232329133
2158 0.731637888576036
2159 0.7211146810325552
2160 0.6572496278594032
2162 1.2133489281526062
2161 0.17802079211005747
2163 0.8801687054982791
2164 0.5010639866464595
2165 0.9969179611174267
2166 1.4023158859753055
2167 0.5728211777142266
2168 0.7068947465826608
2170 1.5416057666501861
2169 0.7709819014571018
2171 1.0666397647649009
2173 0.7237912079283256
2172 0.6744242208025951
2174 0.9167138763856009
2175 0.9687195101111543
2176 0.9684067789551262
2177 0.7064667446703631
2178 0.6133810739752273
2179 0.6524650622343746
2180 0.38439671578792634
2181 0.20570540390385508
2182 0.4937849238677583
2183 0.860098545639589
2184 0.3264232843846812
2185 0.5219477257979304
2187 0.26684827708088626
2186 0.5870638292239387
2188 0.6903999770973765
2189 0.36023806900113153
2190 0.5714087166984588
2191 0.7862582313893113
2192 0.7366781623560927
2193 0.5298571574999562
2194 0.9746678033051772
2195 0.8835646729417369
2196 0.8489033109844333
2197 0.4146965176064281
2198 0.6353629498124104
2199 0.46789863541060317
2200 0.9859657877121598
2201 0.7627699588163585
2202 0.07255051803529382
2203 0.3767701300878809
2204 0.9812564552848462
2205 0.7137918214763256
2206 0.23950606118561754
2207 0.5649892160724875
2208 0.5039849198159794
2209 1.0680694013526246
2210 0.6361604667971217
2212 0.9386919742223446
2211 0.8236164215110974
2213 0.8470814946424547
2214 0.7368023137921683
2215 0.7108857244820768
2216 0.33667138236977523
2217 0.6462561411700473
2218 0.46106955492142193
2219 0.336453728912199
2220 0.7768643373115449
2221 0.6132821577228219
2222 0.7150897061995611
2224 0.355763753717991
2223 0.9749971476866901
2225 0.849257380866056
2226 0.9157632309393283
2227 0.554399992100376
2228 1.2600905893803878
2229 0.8113128847672404
2230 1.191726945644906
2231 0.5021580539079623
2232 0.7403655491106046
2233 0.684944075030283
2234 0.20870814409796168
2235 0.5324440518102309
2236 0.8781166912019258
2237 0.657928574036737
2238 0.971140655297317
2239 0.36871956552866414
2241 0.46917432884688326
2240 0.6741582362713334
2242 0.863546127526047
2243 0.878965062811933
2244 0.5718768525456361
2246 0.8004414621220738
2245 0.8141938888202875
2247 0.4540034813189882
2248 0.8629541884602807
2249 0.9474921900545097
2250 0.5842150769723585
2251 0.6841328660059155
2252 0.6971339616949861
2253 0.5218571859795057
2254 0.8451762419810745
2255 0.16526150336000583
2256 0.3670934021890016
2257 1.0457332188321806
2258 0.9021858798536802
2259 0.6289959318472302
2260 0.6169571042882083
2261 0.358878603483816
2262 0.930118593181332
2263 0.6679429384308457
2264 0.585055087701049
2265 0.6368779193041431
2266 0.5675967784770826
2267 0.6472182657350746
2268 0.02701239961805235
2269 0.6694895721107611
2270 0.7831540684073375
2271 0.6911402846205845
2272 0.7297849803413117
2273 1.7576404333071056
2276 0.9732043306054171
2274 0.7240015286548244
2275 0.24222335768408879
2277 0.9986729131780938
2278 0.8851298536614179
2279 1.3164800902031348
2280 0.3441691333560184
2281 1.0617776798757639
2282 0.572351811864265
2283 0.5309439405799417
2284 0.021349458960811737
2285 0.9865065814945855
2286 0.6862732366819678
2287 0.7276476432745963
2288 0.11508782060050443
2289 0.8262756615097163
2290 0.6737572225133974
2291 0.7539098980816282
2292 0.9603674633952707
2293 0.47337219357797194
2294 0.48631461153907696
2295 0.7607192028931803
2296 0.646449405855121
2297 0.8969176665067266
2298 1.0159386266428336
2299 0.6601109911924267
2300 0.636909779371707
2302 0.3203133744742856
2301 0.3884593664976396
2303 0.9044233817123631
2304 0.9034695351116211
2305 0.9555262703224645
2306 0.8678936923694278
2307 0.41119367853382877
2308 0.6441774162351979
2309 0.8144293038521561
2310 0.49247563305190967
2311 0.5128258271304137
2313 0.7788707225086375
2312 1.0123980639902221
2315 0.6634410381304859
2314 0.8774200548324632
2316 0.7775302688190209
2317 0.7075287373956866
2318 0.8986341770325413
2319 0.7160802217985873
2320 0.7024943672247864
2321 1.3783151037829802
2322 0.8935275907256458
2323 0.9055216671278731
2324 0.8951474409608711
2325 0.718684970484171
2326 0.7627309039034824
2327 0.7592387311302141
2328 0.8194506025010744
2329 0.6811584786473815
2330 1.0227874202983547
2331 0.41870091034687285
2332 0.6806928945273376
2333 1.0442631074887507
2334 0.8012156325330179
2335 0.8049120590381357
2336 0.8130643378976801
2337 0.8159906022107764
2338 0.9041595716551555
2339 0.3167720021664534
2340 0.9938966672080636
2341 0.4372419478403236
2342 0.46709623359541597
2344 0.5550963496155575
2343 0.9233405567459588
2345 0.998038477384616
2346 0.14488311364678902
2347 0.5080031252686716
2348 0.6044660196474236
2349 0.524413672265488
2350 0.04825947452913715
2352 0.008325471642499952
2351 0.9168781952267783
2353 0.7405619443888568
2354 0.169390246653483
2355 0.9122231822680694
2356 0.5596066485927575
2357 0.9282342892317703
2358 0.31190064720618293
2359 0.7231137765166247
2360 0.522817766366265
2361 0.49300772497589557
2362 0.6802273115504571
2363 0.997428219042641
2364 0.7567284634519602
2365 0.8113155732223057
2366 0.8792979308569292
2368 0.7852458840276608
2367 0.8374147404497169
2369 0.7063941369803477
2370 0.8902454447419875
2372 0.9123619245307656
2371 0.8196720966012044
2373 0.4966508021420099
2374 0.8185791348122404
2375 0.8975399892951225
2376 0.9247162483315234
2377 0.9412075840332265
2378 0.5020676339269979
2379 0.901251838460204
2380 0.9136813063139547
2381 1.3339073705629925
2382 0.9932110562669523
2384 0.5832391495316421
2383 0.4793203460477546
2385 0.6518559734987767
2386 0.8471222094271179
2387 1.031291276667499
2388 0.4476436565421418
2389 1.2286515809010323
2390 0.8881206150647135
2391 0.9204295062446174
2392 0.7431297349374081
2393 0.9594223971598133
2394 0.9391455739935924
2395 0.8019595761029117
2397 0.6827196732563371
2396 0.7361373562339932
2398 0.6762209424665592
2399 0.7379308541140035
2400 0.354610439505877
2401 0.2262110150324727
2402 0.7274499729833743
2403 0.8122262940123424
2404 0.9661618522227223
2405 0.9261526819915548
2406 0.8637535162985501
2407 1.105353667603331
2408 0.812334241524228
2409 0.5365767182464671
2410 0.6634645792157733
2411 1.0734469585717077
2412 0.48767141316252705
2413 0.8929440070461349
2414 0.4564393593663527
2415 0.4260769187580918
2416 0.9586560578093367
2417 0.9228629166464731
2418 0.8865609539414182
2419 0.8742180667560873
2420 0.8967959801848521
2421 0.9594767116117121
2422 1.3060979351563697
2423 0.43878348176372867
2424 0.7948298132494839
2425 0.811333972379714
2426 0.7509704795639386
2427 0.9734529682095574
2430 0.5629729235839331
2428 0.7780651600783539
2429 0.7743372666894273
2431 0.5582689596807917
2432 0.96661844127256
2433 0.8095811153557683
2435 0.8814845011286111
2434 0.48154380066077934
2437 0.6253628307069701
2436 0.8039524717355626
2438 0.5522405669708079
2439 0.8225568367337771
2440 0.7723945595468399
2441 0.8060047325791229
2442 0.6227335801757594
2443 1.0782986176575673
2444 0.8408949218665563
2445 0.14777561956477278
2447 0.7291786967559499
2446 0.8280726303339341
2448 0.5550272974542312
2449 1.0487103300413936
2450 1.1463593367095843
2451 0.4893677091332184
2452 0.771099768139841
2453 1.1680135699519425
2454 0.8722609693528436
2455 0.520958555176923
2456 0.5955731951980132
2457 0.8390940619586633
2458 0.5756427489591095
2459 0.7743480986404919
2460 0.6706612239264526
2461 0.8781051464154791
2462 0.9386856099647886
2463 0.8329610230937728
2464 0.9068615336780823
2465 0.8196250054878282
2466 0.8613302371144117
2467 0.6242733402749591
2468 0.8942647033119887
2469 0.8654174056064988
2470 0.720569179050477
2472 0.7553067248347874
2471 0.7767085552322575
2473 0.5987945219779377
2474 0.6709659051968775
2475 0.6540289009621565
2476 0.40115435850625375
2477 0.979640318343431
2478 0.8689900118825259
2479 0.8627127254515716
2480 0.7759592827480047
2481 0.4127145412005532
2482 0.9580907756908561
2485 0.5894717594563976
2483 0.35822344130235667
2484 0.8940088674982866
2486 0.9547986554913196
2487 0.8344795506502212
2488 0.8416138734188222
2489 0.9100114003145121
2490 0.8443232358081362
2491 0.09876091822846894
2492 0.9383305813838498
2493 0.2243818693613469
2494 0.8164366001767104
2495 0.33188919386600885
2496 0.9602138692598774
2497 0.7286612431317812
2498 0.7024135908989201
2499 0.4415396816535365
2500 0.3340820703077408
2501 0.4643131242079502
2502 0.9656109319909886
2503 0.5364530459147469
2504 0.6342559264841697
2505 0.3266053899791041
2506 0.5055158454829263
2507 0.321151115414704
2508 0.5672840662907428
2509 0.8743168400099068
2510 0.2532356700035081
2511 0.9219045662812622
2512 0.895754940067546
2513 0.5580240035841458
2514 0.9585559329734327
2515 0.14858203910005674
2517 0.5123584287471741
2516 0.9498604089343872
2518 0.2835665474304716
2519 0.4605289465006059
2520 0.643152537632668
2521 0.49506885487153285
2522 0.8683661302799027
2523 0.8191285588162222
2524 1.090873197525973
2525 0.8271749787502377
2526 0.33303597017479025
2527 0.8144053538867728
2528 0.9777370508001089
2529 0.9124707308432137
2530 0.937616491692144
2531 0.8073576404264609
2532 0.8892580205229085
2533 0.48956612314751513
2534 0.9595003283343739
2535 0.9539222238996982
2536 0.2824171415713478
2537 0.04582004038452734
2538 0.7473304183068851
2539 0.925774029879517
2540 0.6703425774268259
2541 0.9457533180205905
2542 0.9053445222853351
2543 0.23693058235460138
2544 0.674341396452124
2545 0.13700152909024013
2546 0.6127489197342317
2547 0.3069079569704259
2548 0.9430174621072536
2549 0.6223400559932437
2550 0.6947858496582038
2551 0.8093503131253618
2552 0.9902039722026778
2553 0.4328405041597975
2554 0.810721568075929
2555 0.14550975999250282
2556 0.9623734275376223
2557 0.4420714424864791
2558 0.9494901029219768
2559 0.9032022000731137
2560 0.6932163781251581
2561 0.7955739987430055
2563 0.08770487907705408
2562 0.6327207703332108
2564 0.9786750141173187
2565 0.40938311858681614
2566 0.8399570625120032
2567 0.47497304603705226
2568 0.8525203012299595
2569 1.2957548433480277
2570 0.4212136318161704
2571 0.7174490245685251
2572 0.9609694552541005
2573 0.809530140000344
2574 0.8117973240378801
2575 0.48758422387261063
2576 0.7667735625550058
2577 0.9063360554980079
2578 0.6359870505248022
2579 0.901178708969407
2580 1.3185052175173384
2581 0.9944097295773332
2582 0.46302116088471407
2583 0.330865874845284
2584 0.8095124952686417
2585 0.7374403928970423
2586 0.4099996440387317
2587 0.923795481030029
2588 0.5814843830722487
2589 0.5171721453508777
2590 0.508498937624251
2591 0.9060029157388605
2592 0.7163417045306533
2593 0.8655963612903856
2594 0.7535307726232701
2595 0.06767298201633465
2596 0.4961431775567534
2597 0.9438373836857685
2598 0.9222843716425679
2599 0.3320355924655345
2600 0.5013263606499682
2601 0.5788774889965195
2602 0.8548874683343229
2603 0.2995206913750324
2604 0.39102120756290365
2605 0.949471585755004
2606 0.5037053955715711
2607 0.5762835611163954
2608 0.6974929920691134
2609 0.49224773488654405
2610 1.0653951942957933
2611 0.8825849376805208
2612 0.38749868577170515
2613 0.5757589872512541
2614 0.9040511314541217
2615 0.7507103884267657
2616 0.5466914472663899
2617 0.5146693527673489
2618 0.8157240161936831
2619 0.15636198096628226
2620 0.510518381965055
2621 0.8585475062890187
2622 0.6232023356073554
2623 0.5766567345473241
2624 0.8034484581994088
2625 0.9193102044182985
2626 0.27843379085438896
2628 0.5982120547657489
2627 0.46303226855485663
2629 0.3935163377505598
2630 0.3244689730785814
2631 0.30760732367063925
2632 0.3678965733504838
2633 0.6761173685347438
2634 0.5052822424369653
2635 0.7888484770703974
2636 0.1049426605578821
2637 0.9837660576478047
2638 0.8424296420644637
2639 0.8196274768099759
2641 0.7653554241801814
2640 0.5220713246484995
2642 0.1057602921615376
2643 0.4999629095801886
2644 0.7758109629429683
2646 0.04402936166882174
2645 0.8017372326649626
2648 0.6352817632163197
2649 0.7882067801924991
2647 0.5685478754154757
2650 0.7927434487949453
2651 0.46562501079371044
2653 0.9851998310683976
2652 0.7990581702742261
2654 1.3900309714230754
2655 0.8295385967104898
2656 0.8492014636286982
2657 0.8130617022347809
2659 0.8591045887338506
2658 0.6332983623511474
2661 0.9195956784396945
2660 0.8994637462495071
2663 1.0576625264095052
2662 0.834044803465113
2665 0.7596254254306646
2664 0.8476166996426779
2667 0.7525859755525125
2666 0.49784400223105085
2668 0.8378695195650514
2670 0.9675995152985126
2669 0.8019280119447192
2672 0.524387658208951
2673 0.923290343536322
2671 0.6543666569636352
2674 1.1485039249539308
2676 0.7496658499354879
2678 0.5851245090845573
2679 0.644551346500631
2677 0.3712630001413
2675 0.17601180887447213
2682 0.9996356949161144
2680 0.9821896170661257
2681 1.109736018815703
2684 0.6311283412161216
2683 0.6428543952872281
2685 0.8368394811133643
2686 0.49269543188298776
2687 0.9969699825460695
2688 0.14653802536986812
2689 0.46318493155963025
2690 0.24566885448481562
2691 0.999110442835388
2692 0.3800880312030934
2694 0.65235044278219
2693 1.0428014616294548
2695 0.41298444846300825
2696 0.7251154475538625
2697 0.7301787193103086
2698 0.5418651108590782
2699 0.7265102356158691
2700 0.8927560288966114
2702 0.9128626756459586
2701 0.5419830456860087
2703 0.46974232615979455
2704 0.9648267206273551
2706 0.8923017238002525
2705 0.8616249507213274
2707 0.5226603537848982
2708 0.24267031805331205
2709 1.0703732617821102
2710 1.090338240847826
2712 0.7237228085447537
2711 0.4911432595755751
2713 0.492195034882094
2714 0.3859267510858819
2716 0.7191459679892047
2715 0.35269875443959536
2717 0.5173538799078057
2718 0.8351882910931926
2719 0.5869609471874544
2720 0.9149786317268627
2721 0.7643815304123183
2722 1.2301033254205178
2723 0.4832311934326586
2724 0.9007949058194851
2725 0.6194026617546866
2726 1.2622446621152579
2727 0.8103906923157445
2728 0.6474867368197291
2730 0.9964654927699479
2729 0.7845234791440279
2731 0.7138089380656386
2732 0.8461514805591691
2733 0.6435788190346349
2734 0.9056526786873167
2735 0.5163552704474227
2736 0.8107602648770416
2738 0.5415298674155928
2737 0.7535131508508732
2739 0.8766857727707844
2740 0.9170531958785153
2741 0.9412343963653454
2742 0.790263145686307
2743 1.198739524202189
2744 0.6741912489339638
2745 0.8638436370475129
2746 0.8641957981869448
2747 0.8845923187151117
2748 0.8186632763415457
2749 0.9710002081699353
2750 0.3629917186303527
2751 0.8387817045160857
2752 0.8957001244588889
2753 0.38759488820766697
2754 0.84334508967474
2755 0.939112246861049
2756 0.4872495648518542
2757 0.31442641345251576
2758 0.4762100861773218
2759 0.6800709111872528
2760 0.8129420959145555
2761 0.8260043472353088
2762 0.9246107830928643
2763 0.9588100783928473
2764 0.49804310442551725
2765 0.20320070060205964
2766 0.8295449139088
2767 0.47679574733763547
2768 0.7824030565784733
2769 0.7910679316690962
2770 0.7032149980845869
2771 0.5803371626433333
2772 0.7975827029735835
2773 0.8485472735332411
2774 0.9621789510568171
2775 0.8785878203396532
2776 0.77125392147794
2777 0.7617235907346618
2778 0.647735041407552
2779 0.539570132091287
2780 0.707300701725099
2781 0.9155062908231775
2782 0.8748177210409782
2783 0.545946612323349
2784 0.4139733150952248
2785 0.979420494209071
2787 0.8761772929242957
2786 0.296657635866124
2788 0.9532316518320233
2789 1.2043702210116465
2790 0.026910365177929968
2791 0.7724861438882296
2792 1.248745889734885
2793 0.7618409511342791
2794 0.7122632124314643
2795 0.7020695985861981
2796 0.6263040746044366
2797 0.8421908392174073
2798 0.6621175528228623
2799 0.9046273734777045
2800 0.06980810245674492
2801 0.9974304714332659
2802 0.6044433507637693
2803 0.9918999460943014
2804 0.9198568199133761
2806 0.7825846860358732
2805 0.9485131210949249
2807 0.2709881330303701
2808 1.1757676383777378
2809 0.2589353349440975
2810 0.8618114608734756
2811 0.2666692085637632
2812 0.7706373146619551
2813 1.0194633778705637
2814 0.7896298921454711
2816 0.8501521530876381
2815 0.975063410595045
2817 0.9920157177813914
2818 0.6212782259086091
2819 0.8155557251343696
2820 0.20160137041272286
2821 0.7477508907526613
2822 0.3682470020794554
2823 0.21023985257921854
2825 0.501083933936983
2824 0.6384563603219554
2826 0.712999049003348
2827 0.7428568651041878
2828 0.8597072362164162
2829 0.4204274269048211
2830 0.862300832519049
2831 0.4731090436085671
2832 0.3874447640459136
2833 0.596808716294997
2834 0.8544841291115617
2835 0.7520852050486412
2836 0.714181918757313
2837 0.8951266839753728
2838 0.5934204392921166
2839 0.46374475281233213
2840 0.9824574111349879
2841 0.6686632810326275
2842 0.8028043778553337
2843 0.7955893513706213
2844 0.7481890176871339
2845 0.8923657734796919
2846 0.7127231345723348
2847 0.9560628663359014
2848 0.5236377013467183
2849 0.7888102644849554
2850 0.19035933611297712
2851 0.7066353228119608
2852 0.555256131445273
2853 0.6919620635470756
2854 0.9415072015842993
2855 0.42031401563829973
2856 0.7806603371807219
2857 0.9926313706896976
2858 0.7055041427878702
2859 0.7439091403130293
2860 0.22807013476615243
2861 0.7472216719816369
2862 0.6739508631683235
2863 0.938899507281394
2864 0.936758236353277
2866 0.9144179285999327
2865 0.9239714725244939
2867 0.8118003398643002
2868 0.4796429125853535
2870 0.8872890735514274
2869 0.8835792363895647
2871 0.5440105734868187
2872 0.8809677727605996
2873 0.7351994122984207
2874 0.8424283132649891
2875 0.4292410058806205
2876 0.5682082244011576
2877 0.841552845253138
2878 0.7046325715279079
2879 0.7012988469459026
2880 0.5008021579775589
2881 0.20648198447597277
2882 1.3069032051204386
2883 0.9676293841813455
2884 0.35783195612644236
2886 0.6376408264268352
2885 0.4644116624693124
2887 0.22309112664306713
2890 0.44627747970444304
2888 0.974552956443291
2889 0.9821887243671145
2891 0.9842894407122723
2892 0.9990928692268115
2893 0.5203812794486619
2894 0.21833402707773994
2895 0.9790183765704598
2896 0.7964266731899212
2897 0.3236504813267926
2898 0.5729699588951076
2899 0.44134829832758343
2900 1.3252337017284177
2902 1.0866675449426362
2903 0.48727756239787723
2901 0.9383160099275258
2904 0.8023513017746713
2905 0.9534365599247614
2906 0.4961365715838843
2907 0.6991643408884566
2908 0.5288599011379664
2909 0.5433221513999614
2910 0.7020060828782064
2911 0.32111387154765186
2912 0.7093682196252362
2914 0.8131071855214337
2913 0.693861024006865
2915 0.4759553951856396
2916 0.34787251333055647
2917 0.6943108268344618
2918 0.7031389456786102
2919 0.8029726116771543
2920 0.49665964626933523
2921 0.9306102980002379
2922 0.46814119099839435
2923 0.37316573515267526
2924 0.8199403827185797
2925 0.7515991726457396
2926 0.8806260672593886
2927 0.3179608855547046
2928 0.2169892456690434
2929 0.8701244733291037
2930 0.7949279034074549
2931 0.6376256770990686
2932 0.7991884236571434
2933 0.4798178934501201
2934 1.0514206449438184
2935 0.4972030453820206
2936 0.7457693588966645
2937 0.19152990620524668
2938 0.8444452194286438
2939 0.8951621221620196
2940 0.797697172887438
2941 0.776187502133547
2942 0.589834285980709
2943 0.9990516933285373
2944 0.9304039515537994
2945 0.7718134348437905
2946 0.9116242580241969
2947 0.48024846874688515
2948 0.7371287376776072
2949 0.9351706512028951
2950 0.9276024987966174
2951 0.3623479232439538
2953 1.036818945429786
2952 0.8496751911799594
2954 0.8735802330162993
2955 0.5844810246689505
2956 0.4053039339254043
2957 0.7996555530186029
2958 0.5166066737344108
2959 0.8539688090220668
2960 0.5098747878398742
2961 0.9048145719693298
2962 1.0339468156363165
2963 0.7998227501510443
2964 0.8428341537823351
2965 0.8722980009560571
2966 0.7326258474799562
2967 1.063822224419514
2968 0.8051658413352619
2969 0.9275907905175302
2970 0.9386698706443656
2971 0.37221845352111577
2972 0.858173377081952
2973 1.2521926029303727
2974 0.5072998583565564
2975 0.9054130659550564
2976 0.9465464943641134
2977 1.5618476117054552
2978 0.7881307187359511
2979 0.813893140161288
2980 0.7850436140049493
2981 0.63130849754056
2982 0.9933336842044169
2983 0.9059902222778677
2984 0.9274804174541826
2985 0.9854990460535891
2986 0.9621985985369177
2987 0.7298564897311873
2988 0.787486446285587
2989 0.9550760241764373
2990 0.3403273240528636
2991 0.9895585617406701
2992 0.8063784700264123
2993 1.2038240391924717
2994 0.8774207843063033
2995 0.2557167685566477
2996 0.49385541008038575
2997 1.00775963000742
2998 0.45698769469209144
2999 0.885745499344702
3000 0.721857928944243
3001 0.527067584678266
3002 0.7518802892938156
3003 0.561046619044378
3004 0.8585594234614237
3005 0.7599825918668638
3006 0.48379358111782095
3007 0.7480049373484705
3008 0.6883668476368703
3009 0.5207144700742647
3011 0.7701413622579145
3010 0.5237508652689143
3012 1.1698638243633355
3013 0.8420535121675772
3014 1.453158279881556
3015 0.9280311758217197
3016 1.1590652298625828
3017 0.8818266677881568
3018 0.8606216014898829
3019 0.849800415252333
3020 0.5371111395086626
3021 0.22265181277699148
3023 0.6649618120771467
3022 1.2501947670146876
3024 0.9271862691010191
3025 0.20731321501638136
3026 0.6696018510780869
3027 0.8701307797343346
3028 0.4341779624086428
3029 0.9234931260383289
3030 0.9044173932730039
3031 0.329711523384202
3032 0.6971186781504286
3033 0.8157559342608816
3034 0.9030783289969838
3035 0.8779212746705268
3036 0.8406544867141941
3037 0.509873291860038
3038 1.4707964752915785
3039 0.5070284810697752
3040 0.6121851660493773
3041 0.9294136584225752
3042 0.4542621097231671
3043 0.913822665840129
3044 0.4581167784238933
3046 0.4656089326095902
3045 0.3929647618120744
3048 0.4157033433460141
3047 0.5497355039021453
3049 0.27119934756218755
3050 0.7479252013102542
3052 0.43387925117093323
3051 0.8655300682487161
3053 0.3738189743183836
3054 0.9570870019775578
3055 0.8068088895611852
3056 0.8446034230528467
3057 0.960398266907849
3058 0.25502854384926565
3059 0.6060037627835992
3060 0.983622728558728
3061 0.9209690660104182
3062 0.5359292153321706
3063 0.43290025836385865
3064 0.913207633316805
3065 0.1426660015109724
3066 0.19594635552182335
3067 0.90869037245918
3068 0.5327148196911864
3069 0.9796770508813122
3070 0.9761325911223728
3071 0.5471914276020144
3072 1.0860260249496414
3073 0.29355326837541545
3074 0.5192201466478978
3075 0.8234154389794826
3076 0.7136808051459919
3077 0.8225502620803375
3078 0.5184919815142078
3079 0.6272547010221304
3080 0.64050836253774
3081 0.80845952278367
3082 0.2121305250035269
3083 0.6780349877457436
3084 0.7794722604236566
3085 0.5637574632568649
3086 0.8477772723755127
3087 0.9330325745533583
3089 0.415043381519237
3088 0.2363859204529637
3091 0.31547362196969164
3090 0.8453839653826484
3092 1.4900416242962025
3093 0.7891011148039275
3094 0.385283661735091
3095 0.6704630384492528
3096 0.6228039950836366
3097 0.12630331350609023
3098 0.591026258276597
3099 0.7652579272042361
3100 1.059562968684816
3101 0.8936467579132378
3102 0.6387087939762286
3103 0.839698092157782
3104 0.585857173582621
3105 0.8184907562409725
3106 0.5520366215157738
3107 0.7085990325293449
3108 0.6441520129141795
3109 0.8715299471775272
3110 0.7576406360949203
3111 0.8573870053416538
3112 0.7843130368601511
3113 0.6218287029772637
3114 0.5598344280074046
3115 0.651657119479552
3116 0.9450703077962549
3117 0.4268382285788593
3118 0.343175977060987
3119 0.8994266518218593
3120 0.6921116120948858
3121 1.2814220544521744
3122 0.7079144049278472
3123 0.7842494521747517
3124 0.5166280212996874
3125 1.02308073062176
3126 0.4569500770948521
3127 0.6156069953005024
3128 0.8039598045171976
3129 1.0062419276623253
3130 0.9331801926525741
3131 0.47762255794289804
3132 0.9539391119729815
3133 0.573527428301702
3134 0.8885707112027122
3135 0.4987907013552958
3136 0.6032602254592622
3137 0.5083430629303549
3138 0.8635730102700236
3139 0.3334571284080162
3140 0.4761338820330604
3141 0.9285577654449565
3142 0.4707376822215246
3143 0.8232365970507988
3144 0.5214265556946125
3145 0.5253877939531835
3146 0.7229005811192698
3147 0.6037292867480396
3148 0.574419648340634
3149 1.001126084205079
3150 0.5414216185927738
3152 0.8704035557685591
3151 0.9437480231419725
3153 0.4578349950363312
3154 1.1711453929151319
3155 0.5095836780039149
3156 0.8508263096611549
3157 0.7801126330565362
3158 0.698281853072645
3159 0.8558064343697895
3160 0.44015482294933606
3161 0.6173698529150505
3162 0.897052931267087
3163 0.7716540599210358
3165 0.614721151725705
3164 0.6285228479527255
3166 0.5667595131112874
3167 0.9050361787047945
3168 0.7918066589817584
3169 0.7846012142794885
3170 0.9523195218804875
3171 1.2163983722887848
3173 0.6089321568687178
3172 0.010693655335104014
3174 0.22099495655257193
3175 1.043929153883753
3176 0.9599126146420106
3177 0.27707503276161455
3178 0.9646176171967963
3179 0.8586881093660975
3180 0.030955527569128727
3181 0.6369494959225531
3182 0.14954043669730469
3183 0.3182414673711052
3184 0.9727907664477474
3185 0.6091407969185345
3186 0.682103699762659
3187 0.659806182721185
3188 0.8667954370011736
3189 1.0013471514813572
3190 0.5112128304686784
3191 0.5780952611024069
3193 0.39321450073256364
3192 0.7522925349427371
3194 0.9022064858641144
3195 0.40162063752734734
3196 0.7926710226407513
3197 0.47732823256646856
3198 0.08039864341779375
3199 0.256555551898752
3200 0.48288470826432167
3201 0.7387289823879202
3202 0.9307392380583539
3203 0.8997330693585053
3204 0.6067593405639112
3205 0.23720381553866582
3206 0.726999938950473
3207 0.5934892227868813
3208 0.49819000981959044
3209 0.556008855323217
3210 1.2467349683872342
3211 0.8590482706322337
3212 0.9148916836074542
3213 0.7976391470740507
3214 0.40266259126629816
3215 0.8667939401622874
3216 0.9482267508957709
3217 0.41463332384678286
3218 0.8052499143624363
3220 0.9680252760093223
3219 0.926535131489557
3221 0.2480927852212204
3222 0.7465763147148713
3223 0.9484133370498617
3224 0.99828621363711
3225 0.8254547538665432
3226 0.8641434063498667
3227 0.05188042516290624
3228 0.8845282928207848
3229 0.2408051071834368
3232 0.4666250164389165
3231 0.4891042695022288
3230 0.2657922607976314
3233 0.9340750728060054
3234 0.8517030134605852
3235 0.5707929862131302
3236 0.4457804218877017
3237 0.8381692703283313
3238 0.7608676506352933
3239 0.9240803221103091
3240 0.6061121604691447
3241 0.7315721279753135
3242 0.6014427601394755
3243 0.9215521318826247
3244 0.43566194875935543
3245 0.02290864570246137
3246 0.3955811146151651
3247 0.8829666556599294
3248 0.8160175948338645
3249 0.6581558188827042
3250 1.1253221665200457
3251 0.45224511060945066
3252 0.8327691878054837
3253 0.4685332955333241
3254 0.5878337711005434
3255 0.6250673263991449
3256 0.7087326650515486
3257 0.8277343752527122
3258 0.5034476772289903
3259 0.954652560376943
3260 0.5109184989097499
3261 0.8374855601312006
3262 0.7252710301901198
3263 0.7313648873896825
3264 0.46230265551830796
3265 0.8005422130591794
3266 0.8259790646819962
3267 0.6799257758347935
3268 0.762974265432152
3269 0.9142496466406678
3270 0.6649047782747001
3271 0.9912687695586405
3272 0.6297668309959639
3273 0.6886209456952204
3274 0.6771285055137257
3275 0.6848962955956168
3276 0.9475516072364505
3277 0.9234913529190628
3278 0.4957226995833898
3279 0.6398670172250112
3281 0.3273699931487299
3280 0.7416469069133921
3282 0.3717781894327404
3283 0.543198974194079
3284 0.9225599467022172
3285 0.5805255432653211
3286 0.7409693432764812
3287 1.3735888771448397
3288 0.9963974842734998
3289 0.46876272076659037
3290 0.760811591803684
3291 0.7017140686735392
3292 0.43748133859654226
3293 0.9989320699349269
3294 0.9393098837343159
3295 0.655804064727748
3296 0.5904281789228083
3297 0.2509607029239305
3298 0.18104884841484428
3299 0.7251385525753872
3300 0.781065377559605
3301 0.36141547583875205
3302 1.0038451300029603
3303 0.15676212520456845
3304 0.9788912763392345
3305 0.9821874716097415
3306 1.334623447620353
3307 0.07425334503636143
3308 0.35654538710593026
3309 0.9723352652546349
3310 0.4315458331812543
3311 0.9731596869164079
3312 0.11274571230433228
3313 0.6446839569340321
3314 0.6964852604822728
3315 1.396988597865227
3316 1.1589053698458502
3317 0.8245537047554743
3319 0.8731947360034485
3318 0.9348017348091565
3320 0.2906372723436318
3321 0.970079835674311
3322 0.9996257505880429
3323 0.8221302072927015
3324 0.17768701227991146
3325 0.8216686400537373
3326 0.6844686935007035
3327 0.9585761190416576
3328 0.4228903345744465
3329 0.16606007323002353
3330 0.8151314122271176
3331 0.9090188356553263
3332 0.5916467927241865
3333 0.8977449621731172
3334 0.9954498241412514
3335 0.6080485034928449
3336 0.621310600544461
3337 0.9377175653857707
3338 0.687737001923069
3340 0.694299438818454
3339 0.8116659439557515
3342 0.7284612512824328
3341 0.24111564605127794
3344 0.8709610034213637
3343 0.7004305817573129
3345 0.9951616502170297
3346 0.8943934382456802
3347 0.07747319353731888
3348 0.1740915572130231
3349 0.7980517088762049
3350 0.9120395894590926
3351 0.24695926618594308
3352 0.028965138287771867
3353 0.9953584323846845
3354 0.20960890488139347
3355 0.98560996607693
3357 0.8531960276765796
3358 0.6996750376472092
3356 0.772644506838977
3359 0.134338731507943
3360 0.9989812539553049
3361 0.9993401360896499
3362 0.8193151461552061
3365 0.9991097100990249
3363 0.9977604465204692
3364 0.7272207798349671
3367 0.533372754949502
3366 0.6734442532855416
3368 0.8096164884312551
3369 0.540097602617555
3370 0.15352049308714813
3371 0.7076033054062202
3373 0.6847193680017265
3372 0.8168962713275888
3374 0.2479678319802657
3375 0.996839822376698
3376 0.974565463748743
3377 0.9720560758752518
3379 0.5684797027626495
3380 0.45736827951845305
3378 0.8520939865756298
3381 0.9653940545442713
3382 0.7065032264463192
3383 0.3569733783744918
3384 0.7947823376976956
3385 0.5827200795201833
3386 0.7370982380502227
3387 0.9176511031697715
3389 0.858811114454546
3388 0.44565342222419274
3390 0.37278144672353064
3391 0.7529237011686402
3392 0.571277277233478
3393 0.26606480573954855
3394 0.7083349397919556
3395 1.1691745397662296
3396 0.5201554441065909
3397 0.9475674385229951
3398 0.927588719147106
3399 0.23055143371979647
3401 0.7925916658005533
3400 0.4946026756870358
3402 1.0268159671267405
3403 0.7500238862044283
3404 0.3914082256700472
3405 0.7083788722637141
3406 0.6531587997187256
3407 0.14155001027385328
3408 0.8246376314670175
3409 0.997052416432379
3410 0.8629287218113356
3411 0.2675718304420711
3412 0.4820532481029219
3413 0.7392060309959053
3414 0.9727058898933832
3415 0.7551140482379536
3416 0.49250231891012886
3417 1.0573003686306697
3418 0.9791915751210007
3419 0.7415172893880698
3420 0.7154775302540219
3421 0.815816032571374
3422 0.3896572566619361
3423 0.6825925650783916
3424 0.6995222286931668
3425 0.30235316780845817
3426 0.7764330794869477
3427 0.8904883898767813
3428 1.1454685326353566
3429 0.6248998273752201
3430 0.6289407494638408
3431 0.8778458351386474
3432 0.8942364254521258
3434 0.6564892345695129
3433 0.8998127680325947
3435 0.9394899395789509
3436 0.4515477439707002
3437 0.08265473890884002
3438 0.6210101668239164
3439 0.3114534593255453
3440 0.5166761473474085
3441 1.3078813147808626
3442 1.1615365168973772
3443 1.5383445526884627
3444 0.442791416040556
3445 1.2107588691495892
3446 0.6391915163928489
3447 0.8271834640250609
3448 0.8133649472253651
3450 1.3939273361428626
3451 0.3696663795510242
3449 0.8741580545156445
3452 0.7899816458291359
3453 0.4881054470832758
3454 0.8275367758317379
3455 0.9579914038215265
3456 0.9197587451902568
3457 0.922452912840625
3458 0.8409831975803485
3459 1.6324951272176702
3461 0.2591907120127213
3460 0.9064052126089691
3462 0.6354651189229189
3463 0.6550044129348285
3464 0.23114583890141888
3465 0.22484009966089288
3466 0.5966742726294998
3467 1.2502513903245493
3468 0.8747239811255053
3469 0.4468162474977494
3470 0.9823463409455344
3471 0.4146164436889698
3472 0.1999631894093813
3473 0.7548248513785024
3474 0.928701135027844
3475 0.7831864873548492
3476 0.47948764179540854
3477 0.6384963958268116
3478 0.8579343600495178
3479 0.8332803864706867
3480 0.7107397517967677
3481 0.9197567299186353
3483 0.7905110899441865
3482 0.8463996937165917
3484 0.6151095471556363
3485 0.7691609745538044
3486 0.881778020548528
3487 0.9664991153715966
3488 0.5760326747865088
3489 0.5653642525896149
3490 0.5347918688160693
3491 0.9644191815685639
3492 0.8034838822872906
3493 0.860567324872876
3494 0.7624308322880301
3495 0.8426921555779052
3496 0.4641958314483102
3497 0.39136578224866625
3498 0.6576493034120886
3499 0.7810555074533386
3500 0.6582763395322325
3501 0.5749271555382944
3502 0.7773596384877083
3503 0.7105934393197261
3504 0.8008755718650871
3505 0.7695967731709489
3506 0.07586667573785608
3507 0.09401367689905173
3508 0.8352175170316284
3509 0.9248978421277404
3510 0.9908427634653453
3511 0.8890640151293159
3512 0.43271708121289865
3513 0.7821088082809272
3514 0.9962317329325338
3515 0.13030284172807388
3516 0.6306856578900736
3517 0.619116571769366
3518 0.6767907314193713
3519 0.7391725181242587
3520 0.5494093614023645
3521 0.8697408953376043
3522 0.4675223324528814
3523 0.748343692528942
3524 0.9140090012418218
3526 0.846772774287834
3528 0.8475657727547028
3525 1.0702783147863417
3527 0.5849930318105635
3529 0.8731093254003406
3530 0.5378176119072162
3531 0.4959196581853367
3532 0.7307833593285992
3533 0.8913401798341304
3534 0.8979276971246025
3535 0.833226529023843
3536 0.7606934378603569
3537 0.9971905047224284
3538 0.5633736806939655
3540 0.45424452430109613
3539 0.6022736934309018
3542 0.7187032945999142
3541 0.8862179088096708
3543 0.7558153571878922
3544 0.43486958088387123
3545 0.590540205638078
3546 0.9758430300133095
3547 0.9714405917479618
3548 0.4988969371353133
3549 0.3371087987105817
3550 0.9152180119925645
3551 0.9918915235527506
3552 0.9822188578057717
3553 0.8851479018582827
3554 1.4012724039409898
3555 0.4810583970739538
3556 0.7304942810551044
3557 0.7346710073668545
3558 0.9422108709276498
3559 0.8206422925102742
3560 0.24780197058362016
3561 0.6665230011756758
3562 0.9520239627954883
3563 0.5043054138245738
3564 0.6900643582230415
3565 0.9273941688295282
3566 0.5894445462191906
3567 1.0805438400344536
3568 0.8098485541213859
3569 0.958231099234624
3570 0.7222552448479451
3571 0.5205693270730255
3572 1.1288564528704368
3573 0.8804951340211146
3574 0.7810648892569102
3575 0.9152869037634391
3576 0.805049680695238
3577 0.5494845891903644
3578 0.4501377450475689
3579 0.5498385020257396
3580 0.8689563982793889
3581 1.0433145379427706
3582 1.0418511838908133
3583 0.8879340203727588
3584 0.8153084861190889
3585 1.305023233122294
3586 0.9877905366349021
3587 0.44881247219802617
3588 0.9007571763706845
3589 0.4991679612498825
3590 0.7622502665530397
3591 0.7836111551034658
3592 0.7721852469410568
3593 0.8465615039890979
3594 0.9350590004518852
3596 0.808580828569478
3595 0.8031209516517714
3597 0.5257613820342767
3598 0.9535476867291853
3599 0.615657090666626
3600 0.8989685811204515
3601 0.996447892578137
3602 0.5967861589869415
3603 0.5835751217752345
3604 0.7434958692637355
3605 0.25587665748977595
3606 0.8716020021822267
3607 0.4407526801737975
3608 0.8239145040751965
3609 0.6595039979473307
3610 0.504598224485032
3611 0.2551433229033279
3613 0.6490144679080674
3612 0.8133039197301809
3614 0.7789237928676506
3615 0.15998527328121231
3616 0.9001375668748706
3617 0.8945019446546921
3618 0.9670403735916429
3619 0.9305499320646408
3620 0.756033971312849
3621 0.9148775907236015
3622 0.8476909414123526
3623 0.5708785592592025
3624 0.6896392962144271
3625 0.4464438734273426
3626 0.878385018296587
3627 0.718133910321647
3628 0.4782876361070171
3629 0.7620810909926572
3630 0.9049254641406336
3631 0.6227503081099572
3632 0.7053901889621557
3633 0.6404266543803826
3634 0.9614147895669266
3635 0.7269164634549549
3636 0.5350182698082458
3637 0.750210680917074
3638 0.7935656661816376
3639 0.7545215731988288
3640 0.1916741825151406
3642 0.6465627449842336
3641 0.6445405587184491
3643 0.6297839074546472
3644 0.48285851101133365
3645 0.7194677234677205
3646 0.2768378292117815
3647 0.8775340963108971
3648 0.6269665852275048
3649 0.843232813772883
3650 0.9476117770945711
3651 0.38191489828826275
3652 0.6961389070426892
3653 0.484695308977876
3655 0.8829851194957891
3654 0.8887286240758702
3656 0.7896709593504649
3657 0.8717633978505019
3659 1.0426000506267072
3658 0.8719306124271632
3660 0.8148298340335879
3661 0.8658936439079378
3662 0.5231937492768042
3664 0.7202742114164682
3663 0.9664244145242499
3665 0.8163923460433099
3666 0.2418108677947443
3668 0.2840636329540586
3667 1.1469160285641578
3669 0.718684970484171
3670 0.578081129868779
3672 0.34521990068319086
3671 0.4243612048056688
3673 0.5879846743319955
3674 0.11646956610363939
3675 0.42749040240417424
3676 0.2948045020399781
3677 0.8578409683827594
3678 0.7443800435183029
3679 0.6945424468053897
3680 0.5561256164516548
3681 0.7308884755023245
3682 0.21638209293107893
3683 0.8236140755892882
3684 0.7474653354710267
3685 0.638456652135857
3686 0.7088539627096186
3687 0.4884691598259194
3688 0.005919969923622807
3689 0.5690398081950515
3690 0.4898134792374942
3691 0.7926227873637127
3692 0.3973503583190945
3693 0.46069396857820083
3694 0.6665788647016476
3695 0.9164344704288829
3696 0.4382017137451087
3697 0.7824033254207533
3698 0.5373273951542898
3699 0.7703630873245824
3700 0.6940194143339172
3701 0.8691861339121664
3702 0.6380472090554964
3703 0.6767468667139466
3704 0.19053379071269178
3705 0.7178666227736931
3706 0.8206853879053432
3707 0.6261175049623596
3708 0.6546554967229393
3709 0.6967398441734944
3710 1.0738690222555443
3711 0.8336908505049954
3712 0.73318509833351
3713 0.8814395109318802
3714 1.2732811048321784
3716 0.9781774581585103
3715 0.7119971680678376
3717 0.67945334500346
3718 0.5932449294879213
3719 0.7052975762482918
3720 0.8341190410200827
3721 0.7324945754065624
3722 0.28105878824280855
3723 0.5927384602137762
3724 0.7776940399606136
3725 0.30341983685681
3726 1.0430060354930129
3727 0.6491685427688827
3728 1.1598743637468218
3729 0.14521799192794735
3730 0.8359936519589835
3731 0.6928004508693126
3732 0.530179244751845
3733 0.3123149819489934
3734 0.534557125513793
3735 0.4637185361350673
3736 0.6569952012581123
3737 0.7654026761673381
3738 0.9707342559799254
3739 0.9099041216111842
3740 0.9233781558857269
3741 0.8181012478427361
3742 1.1040292128549514
3743 0.2507254243755144
3744 0.94749154099805
3745 0.12996589761685454
3746 1.0319075984674875
3747 0.9157356542646367
3748 0.594309224678533
3749 1.0582314988438737
3750 0.966198006812858
3751 1.2933958441892135
3752 0.9800436242771009
3753 0.8755041065788635
3754 0.7242952025098213
3755 0.9880170605963499
3756 0.6625424772585953
3757 0.4380840289000695
3758 0.809918130474343
3759 0.962030976374989
3760 0.9283087541111659
3761 0.005653126702263978
3763 0.459525523719459
3762 0.293843746563312
3764 0.6324092958449526
3765 1.1734395084927882
3766 1.7778444868636474
3767 0.24555668887694881
3768 1.0158190198796901
3769 0.23008911317139713
3770 0.8064329058905101
3771 0.4315164628303856
3773 1.9855582731177361
3772 0.5399902810210992
3774 0.9970714545892944
3775 0.9066826316195868
3776 0.3301351775634405
3777 0.903249917806429
3778 1.1059719983508884
3779 0.5371829282655755
3780 0.8373574744763222
3781 0.8145078083660121
3782 0.8231249662643574
3783 0.9510904536354752
3784 0.3587366381674673
3785 0.5458399692723409
3786 0.5281882963282246
3787 0.4965896087953069
3788 0.6389696481968958
3789 1.036984511371569
3790 0.8615667124134063
3791 0.4010484439601928
3792 0.613142399077463
3793 0.7055835719524429
3794 1.3207613279927033
3795 1.4268930538496944
3796 0.593238342115027
3797 1.2003783353346207
3798 0.7218524459197198
3799 0.7764920578059245
3800 0.6139780496936843
3801 0.3253689103535126
3802 0.8265300245738144
3803 0.9252434195035492
3804 0.7719091103952527
3805 1.05006