1 0.401961
2 0.17156900000000008
3 0.37354299999999996
4 0.11988100000000013
6 0.5480389999999999
5 0.20686300000000002
7 0.413725
8 0.08529500000000012
9 0.06468300000000005
10 0.18333299999999997
11 0.010086999999999957
12 0.18333299999999997
13 0.23501000000000016
14 0.582353
15 0.25392100000000006
16 0.401961
17 0.49335300000000015
18 0.586275
19 0.692157
20 0.266907
21 0.42549
22 0.605669
23 0.17156900000000008
24 0.476471
25 0.456863
26 0.578431
27 0.07900700000000005
28 0.55098
29 0.390196
30 0.386275
31 0.3754899999999999
32 0.501344
33 0.21470600000000006
34 0.55098
35 0.11258000000000012
36 0.511765
37 0.319608
38 0.324423
39 0.335294
40 0.335294
41 0.32913
42 0.296194
43 0.284314
44 0.272549
45 0.213725
46 0.241176
47 0.390196
48 0.24902
49 0.468627
50 0.364565
51 0.20599800000000013
52 0.269331
53 0.34019599999999994
54 0.005882
55 0.421569
56 0.75098
57 0.40368500000000007
58 0.265602
59 0.24607800000000002
60 0.49298
61 0.523529
62 0.655235
63 0.513024
64 0.23431400000000013
66 0.599874
65 0.26714499999999997
67 0.026469999999999994
68 0.42549
69 0.05784300000000009
70 0.511765
71 0.364573
72 0.336088
73 0.378431
74 0.02254900000000004
75 0.252941
76 0.242156
77 0.339216
78 0.207158
80 0.252941
79 0.02406599999999992
81 0.697058
82 0.812087
83 0.001961
84 0.001961
85 0.559804
86 0.6205230000000002
87 0.387254
88 0.504902
89 0.562745
90 0.19901900000000006
91 0.660784
92 0.43823499999999993
93 0.2714390000000002
94 0.3323530000000001
95 0.599019
96 0.0068630000000000635
97 0.781264
98 0.5244800000000001
99 0.476313
100 0.605882
101 0.57451
102 0.730761
103 0.39083599999999996
104 0.16497800000000007
105 0.503922
106 0.026471000000000133
107 0.7072339999999999
108 0.727451
109 0.158824
110 0.461765
111 0.501574
112 0.813725
113 0.641176
114 0.14160799999999996
116 0.43108800000000014
115 0.587356
117 0.5362750000000001
118 0.18508100000000005
119 0.35347400000000007
120 0.46568600000000004
121 0.22549
122 0.191176
123 0.496078
124 0.233636
125 0.637255
126 0.245098
127 0.469608
128 0.15358400000000016
129 0.417647
130 0.5362750000000001
131 0.39198
132 0.727451
133 0.21631400000000012
134 0.2774509999999999
135 0.554036
136 0.02722900000000006
137 0.590196
138 0.492157
139 0.154902
140 0.419141
141 0.403198
142 0.433333
143 0.567828
144 0.29382
145 0.42647100000000004
146 0.579925
147 0.532129
149 0.415676
148 0.515686
150 0.347312
152 0.097059
151 0.398039
153 0.307843
154 0.366667
155 0.327451
156 0.276471
157 0.229412
158 0.123529
159 0.229412
160 0.159391
161 0.509193
162 0.19651200000000002
163 0.543137
164 0.097059
165 0.030392000000000086
166 0.437255
167 0.476471
168 0.433333
169 0.366667
170 0.260784
171 0.303922
172 0.245098
173 0.217647
175 0.543137
174 0.252941
176 0.157847
177 0.442156
178 0.596025
179 0.22255000000000003
180 0.543137
181 0.19117600000000023
182 0.14803900000000003
183 0.26960800000000007
184 0.25392100000000006
185 0.2382350000000002
186 0.07352899999999996
187 0.053922000000000025
188 0.08529399999999998
189 0.519608
190 0.04607900000000009
191 0.031182000000000043
192 0.425986
193 0.28263300000000013
194 0.629412
195 0.3480390000000002
196 0.09355500000000005
197 0.26657500000000023
198 0.21862700000000013
199 0.547942
200 0.11541100000000015
201 0.263392
202 0.429412
203 0.412615
204 0.06568700000000005
205 0.496078
206 0.18739100000000009
207 0.378431
208 0.03431400000000007
209 0.386275
210 0.684314
211 0.652941
212 0.630764
213 0.364471
214 0.20686300000000002
215 0.1127450000000001
216 0.62549
217 0.445376
218 0.252941
219 0.25
220 0.222015
221 0.429412
222 0.374658
223 0.336035
224 0.401961
225 0.590196
226 0.30098099999999994
227 0.523995
228 0.347059
229 0.484314
230 0.427217
231 0.382353
232 0.354902
233 0.331373
234 0.205882
235 0.178431
236 0.125377
237 0.147059
238 0.22549
239 0.370588
240 0.223922
241 0.468627
242 0.466667
243 0.676471
245 0.009804
244 0.382797
246 0.24902
247 0.235294
248 0.005882
249 0.36745300000000003
250 0.656863
251 0.005882
252 0.2658
253 0.25784300000000004
254 0.005882
255 0.452941
257 0.42549
256 0.014705999999999997
259 0.59538
258 0.560335
260 0.547059
261 0.21862800000000004
262 0.05784300000000009
264 0.401961
263 0.442342
265 0.293508
266 0.026470000000000105
267 0.322025
268 0.335294
269 0.288455
270 0.004653999999999936
271 0.2225490000000001
272 0.366667
273 0.519608
276 0.441133
274 0.09463699999999986
275 0.303922
277 0.378431
278 0.323529
279 0.293349
280 0.213725
282 0.205882
281 0.226487
283 0.129142
284 0.11353
286 0.119608
288 0.123529
285 0.154902
289 0.4821899999999999
287 0.274348
290 0.413725
291 0.618523
292 0.25067000000000017
294 0.06258300000000006
293 0.02409400000000006
296 0.405882
295 0.398039
298 0.390196
297 0.242847
299 0.198784
300 0.339216
302 0.336012
301 0.334665
303 0.360486
304 0.314969
305 0.23431400000000013
306 0.04280700000000004
307 0.488235
308 0.358338
309 0.05488800000000005
311 0.370588
310 0.366667
312 0.272549
313 0.276471
314 0.239363
315 0.276471
316 0.206006
318 0.221569
317 0.135601
319 0.363567
320 0.113509
321 0.645924
322 0.683467
324 0.626694
323 0.09297400000000011
326 0.05392100000000011
325 0.55098
327 0.590196
329 0.433333
330 0.505153
332 0.010784000000000016
328 0.539216
331 0.547059
333 0.409804
336 0.07352899999999996
335 0.1676470000000001
334 0.527451
337 0.677912
338 0.44215700000000013
339 0.460784
340 0.23461900000000013
341 0.05937199999999998
342 0.460784
343 0.468627
345 0.37451
344 0.401961
346 0.401993
347 0.362745
348 0.356108
349 0.331373
350 0.327451
351 0.496078
352 0.210119
353 0.39244800000000013
354 0.26960800000000007
355 0.261765
357 0.55738
356 0.548171
358 0.437929
359 0.354902
360 0.2264710000000001
361 0.380855
362 0.1465479999999999
363 0.02966100000000005
364 0.309665
365 0.221569
366 0.492157
367 0.44902
368 0.452941
369 0.558824
370 0.45620799999999995
372 0.17156900000000008
371 0.790196
373 0.518208
374 0.445098
375 0.401961
376 0.10702600000000007
377 0.34411800000000015
378 0.358824
379 0.613047
380 0.0029410000000000824
382 0.388633
381 0.433333
383 0.460784
384 0.241176
385 0.44274800000000014
386 0.711765
387 0.543137
388 0.688235
389 0.468843
390 0.558824
391 0.531373
392 0.503922
393 0.309681
394 0.19117699999999993
395 0.10098000000000007
396 0.456863
397 0.1331279999999999
398 0.417647
401 0.441176
399 0.484314
400 0.053922000000000025
402 0.22624
403 0.616022
404 0.2921509999999998
405 0.24215699999999996
406 0.490042
407 0.5401960000000001
408 0.433333
409 0.18083700000000014
410 0.461088
411 0.05004999999999993
412 0.0735300000000001
413 0.050000000000000044
414 0.018148000000000053
415 0.16513500000000003
416 0.14411700000000005
417 0.5911760000000001
418 0.5754900000000001
419 0.5284310000000001
420 0.5049020000000002
421 0.48137200000000013
422 0.30919300000000005
423 0.018917000000000073
424 0.28137199999999996
425 0.22356200000000004
426 0.01862800000000009
427 0.12843100000000018
428 0.507843
429 0.468627
430 0.0029410000000000824
432 0.292157
431 0.523529
433 0.627842
434 0.016379000000000143
435 0.382353
436 0.21862700000000013
437 0.421569
438 0.060505
439 0.08605200000000002
440 0.005882
441 0.05784299999999987
442 0.005882
443 0.249951
444 0.005882
445 0.231583
446 0.216011
447 0.405882
448 0.347059
449 0.683154
450 0.374979
451 0.636936
452 0.595246
453 0.594118
454 0.206149
455 0.549822
456 0.311804
457 0.491608
458 0.140196
460 0.319608
459 0.17156900000000008
461 0.06570199999999993
462 0.294208
463 0.445098
464 0.289911
465 0.14803900000000003
466 0.5401960000000001
467 0.484314
469 0.47884300000000013
468 0.480392
470 0.794118
471 0.6792530000000001
472 0.62549
473 0.6673359999999999
474 0.668627
475 0.779447
476 0.586275
477 0.08988799999999997
478 0.446604
479 0.5872539999999999
481 0.668627
480 0.21645400000000015
483 0.743137
482 0.6948030000000001
484 0.708054
485 0.7484300000000002
486 0.52652
487 0.508757
488 0.943137
489 0.501425
490 0.553238
491 0.68968
492 0.10663699999999987
493 0.50098
494 0.609804
495 0.688235
496 0.535294
497 0.443781
498 0.11382000000000003
499 0.642163
500 0.34880599999999995
501 0.452942
502 0.515686
503 0.617647
505 0.162745
504 0.33099400000000023
506 0.21470600000000006
507 0.23431400000000013
508 0.316066
512 0.23039199999999993
509 0.37552
514 0.583036
513 0.41078499999999996
510 0.364468
511 0.609804
515 0.21189600000000008
516 0.3166660000000001
517 0.13627500000000015
518 0.23225099999999999
519 0.511765
520 0.594861
521 0.445098
522 0.20294100000000004
523 0.007238000000000078
524 0.401961
525 0.382353
526 0.503922
527 0.18725500000000017
528 0.140958
529 0.747059
530 0.613725
531 0.17156900000000008
532 0.523529
533 0.484314
534 0.413725
535 0.382353
536 0.633333
537 0.21078400000000008
538 0.27056100000000005
539 0.36372499999999985
541 0.547059
540 0.405882
542 0.10882400000000003
543 0.19901999999999997
544 0.362745
545 0.335213
546 0.217647
547 0.2813730000000001
548 0.120013
549 0.009804
550 0.19903399999999993
551 0.10098000000000007
552 0.37646999999999997
553 0.019016
554 0.245098
555 0.003922
556 0.229412
557 0.205882
558 0.183087
559 0.159352
560 0.182353
561 0.664706
563 0.728978
562 0.795173
564 0.7088240000000001
565 0.713601
566 0.403675
567 0.683946
568 0.5456719999999999
569 0.652941
570 0.406863
571 0.813725
572 0.553461
573 0.15023900000000023
574 0.477651
575 0.6570660000000001
577 0.237671
576 0.598039
578 0.26960800000000007
579 0.275445
580 0.280392
581 0.200226
582 0.005882
583 0.432504
584 0.005882
585 0.437255
586 0.125081
587 0.343137
588 0.100169
589 0.088601
590 0.362745
591 0.19148
592 0.362745
593 0.735294
594 0.339216
595 0.44902
596 0.44902
597 0.45737800000000006
598 0.2225490000000001
599 0.121942
602 0.12058799999999992
601 0.13235299999999994
600 0.507843
603 0.111765
604 0.08921599999999996
605 0.503922
606 0.445098
607 0.198039
608 0.476471
609 0.3166660000000001
610 0.371418
611 0.25784300000000004
612 0.433333
613 0.558824
614 0.475336
615 0.101961
616 0.543106
617 0.394118
618 0.394118
619 0.339216
620 0.315686
621 0.335377
622 0.327451
623 0.141176
624 0.027451
625 0.6225499999999999
626 0.593458
627 0.535294
628 0.04402000000000006
629 0.41501
630 0.37451
631 0.577745
632 0.401961
633 0.327172
634 0.16372600000000004
635 0.241176
636 0.471758
637 0.198039
638 0.276471
639 0.409804
641 0.401961
640 0.503922
642 0.21078400000000008
643 0.581337
644 0.292157
645 0.570588
646 0.62549
647 0.587751
648 0.4318160000000002
649 0.811765
651 0.44384100000000015
650 0.637255
652 0.743137
653 0.103922
654 0.47500699999999996
655 0.6539219999999999
656 0.084314
657 0.17640199999999995
658 0.2970590000000002
659 0.567711
660 0.22823499999999997
661 0.10678600000000005
662 0.453138
663 0.468627
664 0.35098
665 0.390196
666 0.386275
667 0.401961
669 0.362927
668 0.311765
670 0.323529
671 0.039961000000000024
672 0.339216
674 0.358824
673 0.688235
675 0.311765
676 0.24215699999999996
677 0.22444200000000003
678 0.500861
679 0.481306
680 0.313513
681 0.2774509999999999
682 0.08921600000000018
683 0.5
684 0.507843
685 0.472549
686 0.469431
687 0.27113699999999996
688 0.413725
689 0.669273
690 0.671827
692 0.2970680000000001
691 0.49619900000000006
693 0.64902
694 0.578431
695 0.578431
696 0.680392
697 0.2547300000000001
698 0.21828800000000004
699 0.512871
700 0.26960800000000007
702 0.10098000000000007
701 0.415565
703 0.2035880000000001
704 0.28149899999999994
705 0.641176
706 0.533132
707 0.77451
708 0.2511159999999999
709 0.42322800000000016
710 0.22704900000000006
711 0.331663
712 0.594118
713 0.483192
714 0.273976
715 0.24607800000000002
717 0.010784000000000127
716 0.464706
718 0.480298
719 0.276471
720 0.390624
721 0.34411800000000015
722 0.36868600000000007
723 0.2656860000000001
724 0.477874
725 0.10558400000000012
726 0.35098
727 0.10490200000000005
728 0.296078
729 0.248382
730 0.358824
731 0.429412
732 0.405882
733 0.390196
734 0.371896
735 0.04607900000000009
736 0.082353
737 0.464706
738 0.24077000000000015
739 0.269566
740 0.37451
741 0.37451
743 0.005882
742 0.613725
744 0.590196
745 0.480392
746 0.382353
747 0.211517
748 0.11463099999999993
749 0.541027
750 0.14975099999999997
751 0.633333
752 0.547059
753 0.42767900000000014
754 0.014894000000000074
755 0.656863
756 0.895331
757 0.621569
758 0.10098000000000007
759 0.845098
760 0.1320650000000001
761 0.621569
762 0.4749380000000001
763 0.13235299999999994
764 0.571569
765 0.460884
766 0.072549
767 0.872549
768 0.535294
770 0.4852939999999999
769 0.798039
771 0.676471
772 0.601406
773 0.2382350000000002
774 0.18725500000000017
775 0.07745100000000016
776 0.523529
777 0.0941780000000001
778 0.535294
779 0.417647
780 0.37451
781 0.358824
782 0.278073
783 0.648836
784 0.366667
785 0.13708699999999996
786 0.001961
787 0.35098
788 0.415249
789 0.01661299999999999
790 0.253922
791 0.426372
792 0.2693650000000001
793 0.005882
794 0.011778000000000066
796 0.1467130000000001
795 0.185929
797 0.441176
798 0.14411700000000005
799 0.405882
800 0.189592
801 0.548378
802 0.3887530000000001
803 0.47352899999999987
804 0.3647389999999999
805 0.03802400000000006
806 0.3872550000000001
807 0.539216
808 0.04545200000000005
810 0.527451
811 0.452941
809 0.198039
812 0.398582
813 0.429412
814 0.366667
815 0.4326930000000002
816 0.55098
817 0.05846700000000005
818 0.19205399999999995
819 0.511765
820 0.340665
821 0.026471000000000022
822 0.418672
823 0.02009100000000008
825 0.233333
824 0.327451
826 0.205882
827 0.264706
828 0.264706
829 0.245098
830 0.237255
831 0.445098
832 0.084482
833 0.716707
834 0.331373
835 0.5
836 0.2983880000000001
838 0.409804
837 0.56101
839 0.488235
841 0.492157
840 0.12843100000000018
842 0.437255
843 0.026469999999999994
844 0.382353
845 0.347804
846 0.202712
847 0.586275
849 0.331373
848 0.42549
850 0.580392
851 0.07095200000000013
852 0.413725
853 0.042157
854 0.149594
855 0.421478
856 0.155883
857 0.269062
858 0.0735300000000001
859 0.264706
860 0.24902
861 0.005882
862 0.213725
863 0.580392
864 0.005882
865 0.5245940000000002
866 0.484314
867 0.437255
868 0.31311100000000014
869 0.3812960000000001
870 0.484314
871 0.0068630000000000635
872 0.15196100000000023
873 0.11421199999999998
874 0.08529500000000012
875 0.382226
876 0.417647
877 0.410962
878 0.441176
879 0.36764700000000006
880 0.382884
881 0.48574000000000006
882 0.25784300000000004
883 0.2134959999999999
884 0.507843
885 0.510356
886 0.04543200000000014
887 0.10867899999999997
888 0.615797
889 0.17724300000000004
890 0.378431
891 0.409804
892 0.307843
893 0.468627
894 0.154902
895 0.419859
896 0.366667
897 0.55098
898 0.2793080000000001
900 0.13235299999999994
899 0.3722390000000002
901 0.191176
902 0.45784400000000014
903 0.27957300000000007
904 0.17156900000000008
905 0.472549
906 0.464706
907 0.507843
908 0.213725
909 0.201961
910 0.026469999999999994
912 0.315686
911 0.5
913 0.5930090000000001
914 0.398039
915 0.2902530000000001
916 0.23823499999999997
917 0.2864820000000001
918 0.11089400000000005
919 0.558824
921 0.03615500000000005
920 0.09313799999999994
922 0.456118
923 0.323529
925 0.335294
924 0.405882
926 0.323529
928 0.358824
927 0.293137
929 0.696078
930 0.531373
931 0.601961
932 0.31386899999999995
933 0.43823499999999993
934 0.379129
935 0.362376
938 0.503878
936 0.35071
937 0.554902
939 0.19580599999999992
940 0.641176
941 0.15098
943 0.41541399999999995
942 0.143137
944 0.44902
945 0.688235
946 0.359804
947 0.64902
948 0.38333300000000015
949 0.289215
950 0.15980400000000006
952 0.566667
953 0.535294
954 0.03431400000000007
951 0.2759980000000002
955 0.590196
956 0.09313700000000003
957 0.507843
958 0.010784000000000127
959 0.346873
960 0.050000000000000044
961 0.34019600000000016
962 0.488235
963 0.407934
964 0.1412920000000002
965 0.652941
966 0.562745
967 0.554902
968 0.03961300000000001
969 0.539216
972 0.476471
971 0.1616390000000001
970 0.1291690000000001
973 0.17549100000000006
974 0.12214499999999995
975 0.25927100000000003
976 0.21470600000000006
978 0.35956200000000016
979 0.630794
980 0.5754910000000002
977 0.3207930000000001
981 0.601961
982 0.362745
983 0.539075
984 0.20294100000000004
986 0.327451
985 0.505283
987 0.55098
988 0.562745
989 0.24944199999999994
990 0.18333299999999997
991 0.285552
992 0.268952
993 0.27878000000000003
994 0.359804
998 0.511765
995 0.609804
996 0.24672800000000006
997 0.547059
999 0.20294100000000004
1000 0.492157
1001 0.629412
1002 0.401961
1003 0.35238
1004 0.558824
1005 0.2578440000000002
1006 0.15503500000000003
1007 0.496441
1008 0.050000000000000044
1009 0.668627
1010 0.511765
1011 0.2883760000000002
1012 0.4460789999999999
1013 0.3637250000000001
1014 0.492028
1015 0.2931380000000001
1016 0.0930200000000001
1017 0.23039199999999993
1018 0.476471
1019 0.21987100000000015
1020 0.441813
1021 0.03529800000000005
1022 0.34411800000000015
1023 0.308824
1024 0.535294
1025 0.315512
1026 0.382353
1027 0.18725499999999995
1028 0.386275
1029 0.676471
1030 0.656863
1031 0.388235
1032 0.154902
1033 0.005882
1034 0.271365
1035 0.03920400000000002
1036 0.04607800000000006
1037 0.533954
1038 0.15980400000000006
1039 0.178431
1040 0.22512500000000002
1041 0.566667
1042 0.45392200000000016
1043 0.267987
1044 0.140196
1045 0.31666700000000003
1046 0.338797
1048 0.20282200000000006
1047 0.617527
1049 0.293137
1050 0.421569
1051 0.531373
1052 0.14803900000000003
1053 0.187596
1054 0.06314900000000012
1055 0.31274500000000005
1056 0.390196
1057 0.401961
1058 0.5441180000000001
1059 0.605882
1060 0.570588
1061 0.3245100000000001
1062 0.460784
1063 0.66496
1064 0.401961
1065 0.3637250000000001
1066 0.010423000000000071
1067 0.339216
1068 0.441176
1069 0.296078
1070 0.276471
1071 0.02254900000000004
1072 0.301871
1073 0.782353
1074 0.735294
1075 0.402941
1076 0.46960800000000025
1077 0.30882300000000007
1078 0.44999999999999996
1079 0.499465
1080 0.468627
1081 0.5441180000000001
1082 0.26960700000000015
1083 0.409188
1084 0.586275
1085 0.583334
1086 0.354176
1087 0.39509800000000017
1088 0.0735300000000001
1089 0.727451
1090 0.703922
1091 0.613725
1092 0.24215699999999996
1093 0.21509500000000004
1094 0.16372600000000004
1095 0.507843
1096 0.523328
1097 0.260601
1099 0.42549
1098 0.429412
1100 0.401961
1101 0.437255
1102 0.417647
1103 0.225012
1104 0.0068630000000000635
1105 0.57451
1106 0.3
1107 0.5872550000000001
1109 0.363726
1110 0.30098099999999994
1108 0.582291
1111 0.43005800000000005
1112 0.64902
1113 0.12224500000000016
1114 0.429412
1115 0.370588
1116 0.597686
1117 0.413725
1119 0.35588300000000017
1118 0.339873
1121 0.559804
1120 0.547059
1122 0.7950980000000001
1123 0.34956100000000023
1124 0.667602
1125 0.45257100000000006
1126 0.731373
1127 0.3968050000000001
1128 0.46568600000000004
1129 0.417647
1131 0.21806300000000012
1130 0.38333300000000015
1133 0.676471
1132 0.6353540000000002
1134 0.250734
1135 0.633333
1136 0.4852940000000001
1137 0.39117599999999997
1138 0.1101430000000001
1139 0.4068630000000002
1140 0.512709
1141 0.15756400000000004
1143 0.22647000000000017
1144 0.19901900000000006
1142 0.17286999999999986
1145 0.08158700000000008
1146 0.04607900000000009
1147 0.09650700000000012
1148 0.19599
1149 0.55098
1150 0.07744700000000004
1151 0.676471
1152 0.347665
1153 0.12235000000000018
1154 0.37451
1155 0.394118
1156 0.456863
1157 0.362745
1158 0.327451
1159 0.276471
1160 0.291002
1161 0.267434
1162 0.221569
1163 0.190196
1164 0.17451
1165 0.190196
1166 0.186275
1167 0.378431
1168 0.135294
1169 0.609804
1170 0.5205879999999998
1171 0.633331
1172 0.199476
1173 0.594118
1174 0.28612800000000016
1175 0.23431400000000013
1176 0.539216
1177 0.416165
1178 0.1401960000000002
1179 0.484314
1180 0.1878470000000001
1181 0.365986
1182 0.660995
1183 0.194118
1184 0.531373
1185 0.609804
1186 0.09313700000000025
1188 0.480392
1189 0.6421569999999999
1187 0.32750999999999997
1190 0.5441170000000002
1191 0.621796
1192 0.26291500000000023
1194 0.26960699999999993
1193 0.359804
1195 0.5173560000000001
1196 0.445319
1197 0.07352899999999996
1198 0.3598030000000001
1199 0.34594899999999984
1200 0.515686
1201 0.429412
1202 0.5480389999999999
1203 0.547934
1204 0.2500000000000002
1205 0.570588
1206 0.547059
1207 0.178431
1208 0.329164
1209 0.460997
1210 0.24607800000000002
1211 0.439081
1212 0.510264
1213 0.02538600000000013
1214 0.609804
1215 0.5368
1216 0.472549
1217 0.391118
1218 0.535294
1219 0.386275
1220 0.4303920000000001
1221 0.4735290000000001
1222 0.35098
1223 0.003922
1224 0.417289
1225 0.25392100000000006
1226 0.3
1227 0.02254900000000004
1228 0.16764699999999988
1229 0.347059
1230 0.3323530000000001
1231 0.429412
1232 0.497449
1233 0.25
1234 0.495576
1235 0.31274500000000005
1238 0.566667
1236 0.503922
1237 0.507843
1239 0.42549
1240 0.519608
1241 0.303922
1242 0.433333
1243 0.252941
1244 0.480392
1245 0.227671
1246 0.158824
1247 0.42549
1248 0.139216
1249 0.805882
1250 0.484314
1251 0.4914560000000001
1252 0.692157
1253 0.664706
1254 0.17554500000000006
1255 0.5480389999999999
1256 0.478315
1257 0.75098
1258 0.32058900000000023
1259 0.304902
1261 0.15687000000000006
1260 0.44902
1263 0.3323530000000001
1262 0.4068630000000002
1264 0.17549100000000006
1265 0.676471
1266 0.2544009999999999
1267 0.28529400000000016
1268 0.588376
1269 0.339216
1270 0.48310600000000004
1271 0.237255
1272 0.919608
1273 0.4852939999999999
1274 0.471322
1277 0.440722
1275 0.5049020000000002
1276 0.7049019999999999
1278 0.432829
1279 0.28529399999999994
1280 0.084314
1281 0.433333
1282 0.5887840000000002
1283 0.476471
1284 0.21926500000000004
1285 0.16020900000000005
1286 0.191176
1288 0.140196
1287 0.09313799999999994
1289 0.594118
1290 0.446775
1291 0.06960800000000011
1292 0.325208
1293 0.401961
1294 0.456863
1295 0.2500000000000002
1296 0.0024300000000000432
1297 0.650011
1298 0.136274
1300 0.151961
1299 0.081372
1301 0.17549000000000015
1302 0.505925
1304 0.566667
1303 0.22647099999999987
1305 0.097059
1306 0.417647
1307 0.558824
1308 0.44902
1309 0.390196
1310 0.170236
1311 0.641176
1312 0.461023
1313 0.543137
1314 0.3272299999999999
1315 0.433333
1316 0.28529400000000016
1317 0.022175000000000056
1318 0.30882300000000007
1319 0.409551
1320 0.383736
1321 0.253922
1323 0.042157
1322 0.394118
1324 0.010785000000000045
1325 0.11666600000000016
1326 0.429412
1327 0.25754200000000016
1328 0.246783
1329 0.810142
1330 0.617647
1331 0.2629870000000001
1332 0.570588
1333 0.304705
1334 0.617647
1335 0.11666700000000008
1336 0.20862200000000009
1337 0.433333
1338 0.421569
1339 0.359247
1340 0.401961
1341 0.35098
1342 0.08399500000000004
1343 0.511765
1344 0.0068630000000000635
1345 0.684314
1346 0.18725500000000017
1347 0.711765
1348 0.5
1349 0.2656860000000001
1350 0.437255
1351 0.17106299999999997
1352 0.382353
1353 0.2382350000000002
1354 0.014706000000000108
1355 0.28529400000000016
1356 0.35098
1357 0.284314
1358 0.3159850000000002
1359 0.717713
1360 0.025668000000000024
1361 0.774508
1362 0.798462
1364 0.5734570000000001
1363 0.6152040000000001
1365 0.625009
1366 0.403583
1367 0.605882
1368 0.31311
1369 0.298802
1370 0.739216
1371 0.413725
1372 0.390196
1373 0.35232
1374 0.325117
1375 0.813725
1376 0.4127479999999999
1377 0.6421569999999999
1378 0.606862
1379 0.27352900000000013
1380 0.43823499999999993
1381 0.344117
1382 0.21470600000000006
1383 0.03823500000000002
1384 0.13131900000000019
1385 0.383725
1386 0.3728
1387 0.353663
1389 0.386863
1388 0.11666700000000008
1390 0.300546
1391 0.24509800000000004
1392 0.5
1393 0.12058800000000014
1394 0.2899529999999999
1395 0.323529
1396 0.043631000000000086
1397 0.414653
1398 0.402348
1399 0.371603
1400 0.342228
1401 0.331146
1402 0.237751
1403 0.280392
1405 0.194118
1404 0.503922
1406 0.217972
1407 0.468627
1408 0.17451
1409 0.2784730000000002
1410 0.3284309999999999
1411 0.465185
1412 0.42254900000000006
1413 0.03437299999999999
1414 0.457609
1415 0.472549
1416 0.202326
1417 0.1794119999999999
1418 0.16789600000000005
1419 0.49259
1420 0.492157
1421 0.303922
1422 0.195098
1423 0.515686
1424 0.002942
1425 0.4656870000000002
1426 0.325153
1427 0.15980400000000006
1428 0.507843
1429 0.16348499999999988
1430 0.566667
1431 0.519608
1432 0.331373
1433 0.35098
1434 0.257351
1435 0.288246
1436 0.01862699999999995
1437 0.292157
1438 0.280392
1439 0.429412
1440 0.158824
1442 0.302252
1441 0.496078
1443 0.527451
1444 0.386275
1445 0.280392
1446 0.268627
1447 0.162745
1449 0.245098
1448 0.242689
1450 0.202731
1452 0.045098
1451 0.066605
1453 0.386275
1454 0.166667
1455 0.311765
1457 0.64989
1456 0.158824
1458 0.743137
1459 0.474572
1461 0.4068630000000002
1460 0.554902
1462 0.575734
1463 0.52451
1464 0.547059
1465 0.509563
1466 0.515686
1467 0.535294
1468 0.57451
1469 0.34019599999999994
1470 0.2307650000000001
1471 0.41078400000000004
1472 0.558824
1473 0.394118
1474 0.014706000000000108
1475 0.17549000000000015
1476 0.1127450000000001
1477 0.016442000000000068
1478 0.475401
1479 0.285974
1480 0.354902
1481 0.238361
1482 0.218266
1483 0.347059
1484 0.327451
1485 0.382624
1486 0.006862000000000035
1487 0.55098
1488 0.288235
1489 0.406863
1490 0.29705899999999996
1491 0.253922
1492 0.20686300000000002
1493 0.06042100000000006
1494 0.409804
1495 0.331373
1496 0.362745
1497 0.335294
1498 0.319608
1499 0.288235
1500 0.28012
1501 0.205882
1502 0.268627
1503 0.311765
1504 0.217647
1505 0.3297399999999999
1506 0.08488000000000007
1507 0.304902
1508 0.3111180000000002
1509 0.19854100000000008
1510 0.16764699999999988
1511 0.51325
1512 0.250089
1513 0.421772
1514 0.496078
1515 0.01862800000000009
1516 0.194595
1517 0.183389
1518 0.346552
1519 0.523529
1520 0.394118
1521 0.441176
1522 0.617687
1523 0.3205880000000001
1524 0.487118
1525 0.492157
1526 0.468627
1527 0.388322
1528 0.3205880000000001
1529 0.333701
1530 0.378431
1531 0.305766
1532 0.284314
1533 0.311765
1534 0.233333
1535 0.03823600000000005
1537 0.43823499999999993
1536 0.215674
1538 0.223298
1539 0.826471
1540 0.633333
1541 0.62549
1542 0.948742
1543 0.576585
1544 0.448412
1545 0.433334
1546 0.07745100000000016
1547 0.406341
1548 0.329269
1549 0.080392
1550 0.068627
1551 0.39509800000000017
1552 0.060784
1553 0.20612000000000008
1554 0.25
1556 0.013725
1555 0.273677
1557 0.394118
1558 0.511765
1559 0.187758
1560 0.23039200000000015
1561 0.2940600000000002
1562 0.27353000000000005
1563 0.050000000000000044
1564 0.612538
1565 0.081064
1566 0.14422400000000013
1567 0.027451000000000003
1569 0.14411700000000005
1568 0.572522
1570 0.24727300000000008
1571 0.15980400000000006
1572 0.468627
1573 0.460784
1574 0.305644
1575 0.352663
1576 0.34563
1577 0.296078
1578 0.199242
1579 0.260784
1580 0.205882
1581 0.252941
1583 0.11991200000000002
1582 0.218641
1584 0.117333
1585 0.677451
1586 0.692855
1587 0.442156
1588 0.77451
1589 0.516667
1590 0.3104549999999999
1591 0.515686
1592 0.49705900000000014
1593 0.2774510000000001
1594 0.40686200000000006
1595 0.594118
1596 0.707843
1597 0.515686
1598 0.37451
1599 0.4714630000000002
1600 0.24648399999999993
1601 0.327451
1602 0.226512
1603 0.15588200000000008
1604 0.609636
1605 0.3245150000000001
1606 0.429412
1607 0.523529
1608 0.42134099999999997
1609 0.005882
1610 0.127451
1611 0.148056
1612 0.645098
1613 0.308832
1614 0.07529
1615 0.189772
1616 0.071323
1617 0.421219
1618 0.34019599999999994
1619 0.3480390000000002
1620 0.193168
1621 0.354902
1622 0.800026
1623 0.323529
1624 0.288235
1625 0.11049799999999999
1626 0.050000000000000044
1627 0.2794890000000001
1629 0.354902
1628 0.264489
1630 0.492157
1631 0.42549
1632 0.539216
1633 0.44215700000000013
1634 0.629412
1636 0.621569
1635 0.293137
1637 0.656863
1638 0.24607900000000016
1639 0.590196
1640 0.539216
1641 0.511765
1642 0.026470000000000105
1643 0.140196
1644 0.0042079999999999895
1645 0.429412
1646 0.554902
1647 0.2774510000000001
1648 0.361852
1649 0.707843
1650 0.5009810000000001
1651 0.39509800000000017
1652 0.57451
1653 0.539216
1654 0.464706
1655 0.366667
1656 0.06960800000000011
1657 0.12828299999999992
1658 0.354902
1659 0.398039
1660 0.37451
1661 0.35098
1662 0.327451
1663 0.643089
1664 0.413725
1665 0.3219860000000001
1666 0.304902
1667 0.354902
1668 0.2596200000000002
1669 0.476815
1670 0.613725
1671 0.13431100000000007
1672 0.523529
1673 0.23431400000000013
1674 0.672549
1675 0.656688
1678 0.15588200000000008
1676 0.050000000000000044
1677 0.570588
1680 0.229412
1679 0.586275
1683 0.609371
1681 0.362765
1682 0.4889460000000001
1685 0.558824
1684 0.590196
1687 0.22241999999999984
1688 0.582353
1686 0.35098
1689 0.601961
1690 0.355112
1691 0.487568
1692 0.366667
1693 0.252941
1694 0.285179
1695 0.629412
1697 0.676471
1696 0.315686
1698 0.154902
1700 0.35098
1699 0.366667
1701 0.219665
1702 0.609804
1704 0.174852
1703 0.185285
1705 0.417647
1706 0.009804
1707 0.009804
1708 0.362745
1709 0.13235299999999994
1710 0.262745
1711 0.20275
1713 0.2382350000000002
1712 0.144023
1714 0.637255
1715 0.0029410000000000824
1716 0.565106
1717 0.405869
1718 0.1794110000000002
1719 0.296667
1720 0.09161100000000011
1721 0.484314
1722 0.445098
1723 0.401961
1724 0.386275
1725 0.10098000000000007
1726 0.1
1727 0.527451
1728 0.096078
1729 0.4264700000000001
1730 0.505721
1731 0.429412
1732 0.617647
1733 0.28100500000000017
1734 0.322805
1736 0.477785
1735 0.19113400000000014
1737 0.458382
1738 0.476471
1739 0.20686300000000002
1740 0.06582900000000014
1741 0.390196
1743 0.578431
1742 0.07745100000000016
1744 0.158285
1745 0.460784
1746 0.480392
1747 0.21078400000000008
1748 0.472549
1749 0.287747
1750 0.264706
1751 0.303922
1752 0.284784
1754 0.229412
1753 0.22288
1755 0.188272
1756 0.213438
1757 0.112186
1758 0.256863
1759 0.324319
1761 0.6107850000000001
1762 0.746565
1760 0.173565
1764 0.20294199999999996
1763 0.4749260000000002
1765 0.535294
1767 0.401961
1766 0.484314
1768 0.562745
1769 0.518398
1770 0.20117300000000005
1772 0.13609300000000002
1771 0.362745
1774 0.680392
1773 0.307843
1775 0.010784000000000127
1776 0.268627
1777 0.64902
1780 0.508823
1779 0.213725
1778 0.1980170000000001
1781 0.46568699999999996
1782 0.459789
1783 0.852941
1784 0.081372
1785 0.583398
1786 0.672549
1787 0.24209100000000006
1788 0.457843
1789 0.008960000000000079
1790 0.021569
1791 0.64902
1792 0.488235
1793 0.644063
1794 0.233918
1795 0.226012
1796 0.1127450000000001
1797 0.266348
1798 0.19713
1799 0.23431400000000013
1800 0.191176
1801 0.009804
1802 0.268627
1803 0.503922
1804 0.10098000000000007
1805 0.15097
1806 0.209804
1807 0.496078
1808 0.413725
1809 0.6617650000000002
1810 0.503922
1811 0.739216
1812 0.23431400000000013
1813 0.6057300000000001
1814 0.358927
1815 0.18725500000000017
1816 0.57451
1817 0.45392200000000016
1818 0.3362750000000001
1819 0.610784
1820 0.38967
1821 0.295295
1822 0.596078
1823 0.594118
1824 0.531373
1825 0.5950980000000001
1826 0.613725
1827 0.042157
1828 0.34019599999999994
1829 0.370588
1830 0.006862000000000035
1831 0.519608
1832 0.1682380000000001
1833 0.050000000000000044
1834 0.582765
1835 0.441176
1836 0.213725
1837 0.386275
1838 0.366667
1839 0.06960799999999989
1840 0.06176399999999993
1841 0.382353
1842 0.331373
1843 0.288235
1844 0.14729799999999993
1846 0.55098
1845 0.648138
1847 0.155883
1848 0.3239780000000001
1849 0.190196
1850 0.195098
1851 0.1127450000000001
1852 0.429341
1853 0.507843
1854 0.55098
1855 0.04815400000000003
1856 0.476496
1857 0.652835
1858 0.20686300000000002
1859 0.22646999999999995
1861 0.633333
1860 0.382353
1862 0.12451000000000012
1863 0.347059
1864 0.566667
1865 0.30597300000000005
1866 0.06960799999999989
1867 0.301966
1868 0.05814100000000022
1869 0.544
1871 0.151961
1872 0.20686300000000002
1870 0.298536
1873 0.7598040000000001
1874 0.720575
1875 0.758824
1876 0.6696070000000001
1877 0.5061420000000001
1878 0.652941
1879 0.5065299999999999
1880 0.43823499999999993
1881 0.3794120000000001
1882 0.613725
1883 0.48137300000000005
1884 0.507843
1885 0.23822699999999997
1886 0.4095030000000002
1887 0.6774500000000001
1888 0.22384899999999996
1889 0.57451
1890 0.31666700000000003
1891 0.484314
1892 0.44902
1894 0.358824
1893 0.10602699999999987
1895 0.409804
1897 0.276471
1896 0.394118
1898 0.382467
1899 0.339216
1900 0.226294
1901 0.252941
1902 0.191355
1903 0.468627
1904 0.279089
1905 0.727451
1906 0.62549
1907 0.683302
1908 0.542277
1909 0.11666700000000008
1910 0.519129
1911 0.14971299999999998
1912 0.08137299999999992
1913 0.459519
1914 0.021569
1915 0.982353
1916 0.3872550000000001
1917 0.06799600000000017
1918 0.531373
1919 0.29257200000000005
1920 0.3465560000000001
1921 0.62549
1922 0.134285
1923 0.06423400000000012
1924 0.543137
1925 0.401961
1926 0.382353
1927 0.32843200000000006
1928 0.2774510000000001
1929 0.042157
1930 0.598039
1931 0.582353
1932 0.17549000000000015
1933 0.22549
1934 0.433333
1935 0.562745
1936 0.36762
1937 0.2892159999999999
1939 0.547059
1938 0.868627
1940 0.641388
1941 0.667028
1942 0.602941
1943 0.414706
1944 0.770588
1945 0.696078
1946 0.527451
1947 0.04607800000000006
1948 0.12058799999999992
1949 0.10066099999999989
1950 0.04009499999999999
1953 0.254567
1952 0.405193
1951 0.642525
1954 0.28529400000000016
1955 0.405882
1956 0.668627
1957 0.097059
1958 0.55098
1959 0.215665
1960 0.21862800000000004
1961 0.592208
1962 0.409804
1963 0.11666700000000008
1964 0.08921600000000018
1965 0.488235
1966 0.050538000000000194
1967 0.548799
1968 0.0068630000000000635
1969 0.665686
1970 0.80778
1971 0.782353
1972 0.40944
1973 0.331373
1974 0.13772800000000007
1975 0.36764700000000006
1976 0.652573
1977 0.2158960000000001
1978 0.605882
1979 0.590196
1980 0.19542499999999996
1981 0.23431400000000013
1982 0.445098
1983 0.319608
1984 0.354902
1985 0.7720310000000001
1986 0.42254900000000006
1988 0.720477
1987 0.691188
1989 0.49639900000000003
1990 0.656863
1991 0.637255
1992 0.62549
1994 0.535294
1995 0.0785800000000001
1993 0.3068310000000001
1996 0.598039
1997 0.2892150000000002
1998 0.417647
1999 0.600834
2000 0.1352390000000001
2002 0.637541
2001 0.5795299999999999
2003 0.20472599999999996
2004 0.84902
2005 0.586275
2006 0.360571
2007 0.358147
2009 0.190196
2008 0.12633800000000006
2010 0.575953
2011 0.5125850000000001
2012 0.08724900000000013
2013 0.025553000000000048
2015 0.57451
2014 0.21207599999999993
2016 0.731373
2018 0.696078
2017 0.21862700000000013
2019 0.278563
2020 0.4735290000000001
2021 0.801961
2022 0.11416500000000007
2023 0.5897159999999999
2024 0.15222899999999995
2025 0.11490200000000006
2026 0.38447699999999996
2027 0.575929
2028 0.590196
2029 0.562745
2030 0.268097
2031 0.6617650000000002
2032 0.562745
2033 0.348039
2034 0.1777550000000001
2035 0.24607800000000002
2036 0.44902
2037 0.383288
2038 0.441176
2039 0.233333
2040 0.405063
2041 0.382353
2042 0.284314
2043 0.264706
2044 0.310897
2045 0.209033
2046 0.193367
2048 0.182353
2047 0.400962
2049 0.547059
2050 0.488235
2051 0.604108
2052 0.382353
2053 0.512559
2055 0.594118
2054 0.519107
2056 0.484172
2058 0.45728
2057 0.1052010000000001
2059 0.896078
2060 0.41078400000000004
2061 0.397853
2062 0.103922
2063 0.363726
2065 0.40686200000000006
2064 0.402941
2066 0.2892159999999999
2067 0.629412
2068 0.18215800000000004
2069 0.19509900000000013
2070 0.14803900000000003
2071 0.053956000000000115
2072 0.531373
2073 0.180156
2074 0.540862
2077 0.1127450000000001
2075 0.143331
2076 0.125161
2078 0.511765
2079 0.32843200000000006
2080 0.22647000000000017
2081 0.692157
2083 0.719608
2082 0.75098
2084 0.13619900000000018
2085 0.24176599999999993
2086 0.42549
2087 0.015751999999999988
2088 0.35098
2089 0.0735300000000001
2090 0.280711
2091 0.319366
2092 0.292157
2093 0.433333
2094 0.291302
2095 0.62549
2096 0.272549
2097 0.21853499999999992
2098 0.625079
2099 0.39901900000000023
2100 0.486028
2101 0.692157
2102 0.17004599999999992
2103 0.050000000000000044
2104 0.384591
2105 0.312666
2106 0.394118
2107 0.319555
2108 0.476471
2109 0.319608
2110 0.303922
2111 0.14411799999999997
2112 0.245098
2113 0.538389
2114 0.47353
2115 0.394118
2116 0.1794119999999999
2117 0.610558
2119 0.097059
2118 0.37451
2120 0.180213
2121 0.492157
2122 0.140702
2123 0.3882380000000001
2124 0.014706000000000108
2125 0.15980400000000006
2126 0.445098
2127 0.347059
2128 0.44902
2129 0.2656860000000001
2130 0.580271
2131 0.003782999999999981
2133 0.10645499999999997
2132 0.642097
2134 0.0776380000000001
2135 0.20294100000000004
2136 0.523529
2137 0.053172
2138 0.464706
2139 0.418059
2140 0.492157
2141 0.417647
2142 0.235055
2143 0.21576499999999998
2144 0.37451
2145 0.801961
2146 0.651281
2147 0.19629000000000008
2148 0.644314
2149 0.615701
2150 0.625049
2151 0.617647
2152 0.469608
2153 0.39871800000000013
2154 0.537143
2156 0.754902
2157 0.4303920000000001
2155 0.543137
2158 0.20470300000000008
2159 0.762745
2160 0.527451
2161 0.445098
2162 0.32624300000000006
2163 0.07352899999999996
2164 0.605882
2165 0.14891500000000013
2166 0.421152
2168 0.35947300000000015
2169 0.5171300000000001
2167 0.547059
2170 0.57451
2171 0.103922
2172 0.5480400000000001
2173 0.428085
2174 0.488235
2176 0.08921600000000018
2175 0.621865
2177 0.566667
2178 0.3339749999999999
2179 0.656863
2180 0.2892159999999999
2181 0.08137299999999992
2182 0.5
2183 0.332111
2184 0.331373
2185 0.442029
2186 0.358824
2188 0.217647
2187 0.24902
2189 0.347059
2190 0.186275
2191 0.03431400000000007
2192 0.217647
2193 0.319608
2194 0.12058800000000014
2195 0.584304
2196 0.233333
2197 0.578431
2198 0.502993
2199 0.511765
2200 0.543137
2201 0.652941
2202 0.460784
2203 0.358824
2204 0.044401000000000024
2205 0.03660200000000002
2206 0.401961
2207 0.32224700000000017
2208 0.02178100000000005
2209 0.661398
2210 0.26568599999999987
2211 0.554902
2212 0.30098000000000025
2213 0.586275
2214 0.19876899999999997
2215 0.547059
2216 0.35098
2218 0.256863
2217 0.280392
2220 0.231176
2219 0.562745
2221 0.0068630000000000635
2222 0.200748
2223 0.601718
2224 0.198039
2225 0.701033
2226 0.20894900000000005
2227 0.715686
2229 0.3727410000000002
2228 0.5833329999999999
2230 0.42647100000000004
2231 0.35196099999999997
2232 0.529499
2233 0.253922
2234 0.2723390000000001
2235 0.16274699999999998
2236 0.23218500000000009
2237 0.13376900000000003
2238 0.379669
2239 0.2930410000000001
2240 0.445098
2241 0.09107299999999996
2242 0.11666600000000016
2243 0.554902
2244 0.547059
2245 0.3362750000000001
2247 0.265687
2246 0.582353
2248 0.307609
2249 0.464706
2250 0.570588
2251 0.531373
2252 0.539216
2253 0.10098000000000007
2254 0.050000000000000044
2255 0.47249200000000013
2256 0.226075
2257 0.47745100000000007
2258 0.34411800000000015
2259 0.311434
2260 0.750916
2261 0.762745
2262 0.010784000000000127
2264 0.652941
2263 0.03823500000000002
2265 0.30882300000000007
2266 0.08009400000000011
2267 0.034399999999999986
2268 0.2508650000000001
2269 0.558824
2271 0.357791
2270 0.527358
2272 0.543137
2273 0.43039300000000025
2274 0.529106
2276 0.594118
2277 0.5756749999999999
2278 0.558824
2275 0.583208
2279 0.190196
2280 0.3637250000000001
2281 0.511765
2282 0.613725
2283 0.556803
2284 0.364684
2285 0.62549
2286 0.543137
2287 0.613491
2288 0.46968199999999993
2289 0.39117599999999997
2290 0.526834
2291 0.293137
2292 0.23823499999999997
2293 0.5754900000000001
2294 0.2503460000000002
2295 0.523751
2296 0.054165999999999936
2297 0.621569
2298 0.221569
2299 0.10532700000000017
2300 0.209835
2301 0.490101
2302 0.613725
2303 0.43162999999999996
2304 0.14411799999999997
2305 0.472549
2306 0.515686
2307 0.464706
2308 0.39901999999999993
2309 0.12843199999999988
2310 0.0696070000000002
2311 0.433292
2312 0.384892
2313 0.464706
2314 0.394118
2315 0.354902
2316 0.35098
2317 0.278736
2318 0.354902
2319 0.13045799999999996
2320 0.335294
2321 0.433333
2322 0.402941
2323 0.320589
2324 0.19304100000000002
2325 0.476471
2326 0.14577600000000013
2327 0.04607800000000006
2328 0.339216
2329 0.315686
2332 0.339216
2331 0.32401
2330 0.472549
2333 0.280237
2334 0.05784300000000009
2335 0.034313999999999956
2336 0.433333
2337 0.3878299999999999
2338 0.385574
2339 0.44937
2340 0.656863
2341 0.3323530000000001
2342 0.2656860000000001
2343 0.543137
2344 0.005882
2345 0.005882
2346 0.25
2347 0.3303130000000001
2348 0.272174
2349 0.16046800000000006
2351 0.358824
2350 0.660784
2352 0.612905
2353 0.272752
2354 0.307156
2355 0.44902
2356 0.696078
2357 0.433333
2358 0.269655
2359 0.045098
2360 0.254312
2361 0.005882
2362 0.241826
2363 0.296078
2364 0.286274
2365 0.452941
2366 0.07352899999999996
2367 0.30169999999999997
2368 0.22549
2369 0.851593
2370 0.570588
2371 0.609804
2372 0.4038820000000001
2373 0.762745
2374 0.715686
2375 0.5166670000000002
2376 0.20294199999999996
2377 0.24714799999999992
2378 0.1127450000000001
2379 0.4735290000000001
2380 0.408517
2381 0.006862000000000035
2382 0.582941
2383 0.7127450000000002
2384 0.568289
2386 0.480392
2385 0.672549
2387 0.32450900000000016
2388 0.29705899999999996
2389 0.136274
2390 0.10882300000000011
2391 0.543137
2392 0.07939800000000008
2393 0.515686
2394 0.3396
2395 0.37451
2397 0.221569
2396 0.35098
2398 0.476471
2399 0.1324240000000001
2400 0.460784
2401 0.892157
2402 0.285305
2403 0.602949
2404 0.285325
2405 0.3911770000000001
2406 0.482831
2407 0.429412
2408 0.300501
2409 0.14730299999999996
2410 0.274583
2411 0.637795
2412 0.16764800000000002
2413 0.617647
2414 0.633333
2415 0.286238
2416 0.308463
2417 0.630393
2418 0.758824
2419 0.610784
2420 0.660784
2423 0.35298399999999996
2425 0.07334700000000005
2424 0.28137199999999996
2422 0.605882
2421 0.77451
2426 0.684314
2427 0.21836800000000012
2428 0.03823500000000002
2429 0.417647
2430 0.08921600000000018
2431 0.312551
2432 0.3245100000000001
2433 0.743137
2434 0.658326
2435 0.323529
2436 0.32920499999999997
2437 0.47745100000000007
2438 0.10098099999999999
2439 0.04625299999999999
2440 0.378431
2443 0.55098
2441 0.2852950000000001
2442 0.37451
2444 0.531373
2445 0.358824
2446 0.10490200000000005
2447 0.511765
2448 0.540067
2449 0.42647100000000004
2450 0.2382350000000002
2451 0.554902
2452 0.223529
2453 0.31274500000000005
2454 0.503922
2455 0.464706
2456 0.37477
2457 0.08581000000000016
2458 0.344871
2459 0.019421000000000133
2460 0.264706
2461 0.509079
2462 0.366667
2463 0.354902
2464 0.323529
2465 0.34411800000000015
2467 0.170925
2468 0.536409
2466 0.3794120000000001
2469 0.12843199999999988
2470 0.417647
2471 0.026471000000000133
2472 0.358824
2473 0.276471
2474 0.578431
2475 0.280392
2476 0.223088
2477 0.209858
2479 0.433896
2480 0.180275
2478 0.405882
2481 0.535294
2482 0.07006200000000007
2483 0.7006600000000001
2484 0.272549
2486 0.213725
2485 0.273275
2487 0.304841
2488 0.005882
2489 0.252941
2490 0.245055
2491 0.480978
2492 0.050000000000000044
2493 0.003922
2494 0.179507
2495 0.005882
2497 0.3323530000000001
2498 0.5166660000000001
2496 0.209804
2499 0.260205
2501 0.17549000000000015
2500 0.12450899999999998
2502 0.375683
2503 0.23039300000000007
2504 0.331373
2505 0.390196
2506 0.460784
2507 0.492157
2508 0.241744
2509 0.225335
2510 0.292157
2511 0.2592510000000001
2512 0.362745
2513 0.60738
2515 0.706812
2514 0.595842
2516 0.13819400000000015
2517 0.834762
2518 0.805882
2519 0.609804
2520 0.543137
2522 0.527451
2521 0.586275
2523 0.397905
2524 0.25403
2525 0.62549
2526 0.4892160000000001
2527 0.447364
2528 0.092157
2529 0.6904670000000002
2530 0.520589
2531 0.7637259999999999
2532 0.68475
2533 0.5650899999999999
2534 0.605171
2536 0.30637500000000006
2535 0.4188970000000001
2537 0.49313700000000016
2538 0.5284320000000002
2540 0.4460780000000002
2539 0.3205880000000001
2541 0.528004
2542 0.5362739999999999
2543 0.451017
2544 0.30119000000000007
2545 0.599019
2546 0.35098
2547 0.664706
2548 0.540675
2549 0.570588
2550 0.19117700000000015
2551 0.1127450000000001
2552 0.473873
2553 0.096078
2554 0.080392
2555 0.5
2556 0.056863
2557 0.590196
2558 0.041176
2561 0.641176
2560 0.424159
2559 0.62549
2562 0.195098
2563 0.208259
2564 0.35098
2565 0.009804
2566 0.005882
2567 0.561744
2568 0.37451
2569 0.358824
2570 0.339216
2571 0.062366
2572 0.303922
2573 0.272549
2574 0.264706
2575 0.307843
2576 0.0068630000000000635
2577 0.609804
2578 0.308824
2579 0.2892159999999999
2580 0.603005
2581 0.0836110000000001
2582 0.1133280000000001
2583 0.057844000000000007
2584 0.276471
2585 0.02838200000000013
2586 0.245098
2587 0.42921
2589 0.421569
2590 0.37996
2588 0.394118
2591 0.06176500000000007
2592 0.323576
2593 0.366667
2594 0.001961
2595 0.021569
2596 0.409804
2597 0.335294
2599 0.562745
2598 0.005882
2600 0.223791
2601 0.06960799999999989
2603 0.20203499999999996
2602 0.21470500000000015
2604 0.292157
2605 0.166667
2606 0.344913
2607 0.005882
2608 0.344212
2609 0.562745
2610 0.24215699999999996
2611 0.041099
2612 0.04607800000000006
2613 0.03042800000000012
2615 0.429412
2614 0.460784
2616 0.237255
2617 0.390196
2618 0.348559
2619 0.097059
2620 0.014706000000000108
2621 0.08921500000000004
2622 0.24294
2623 0.488402
2624 0.315686
2625 0.684314
2626 0.037255
2627 0.343137
2628 0.013725
2629 0.15588200000000008
2630 0.278345
2631 0.172898
2632 0.16572
2633 0.476471
2634 0.005882
2635 0.146148
2636 0.088235
2637 0.178431
2639 0.005882
2638 0.170588
2640 0.268627
2641 0.568827
2642 0.66445
2643 0.567702
2644 0.198039
2645 0.758824
2646 0.596997
2647 0.559614
2648 0.1611100000000001
2649 0.43823600000000007
2650 0.5911770000000001
2651 0.558824
2652 0.0029410000000000824
2653 0.3759
2654 0.34411800000000015
2655 0.44243
2656 0.491487
2657 0.429412
2658 0.519608
2659 0.39239
2660 0.599961
2661 0.4933400000000001
2662 0.25784300000000004
2663 0.431153
2664 0.026471000000000022
2665 0.33627399999999996
2666 0.378431
2667 0.34801
2668 0.366396
2669 0.413725
2670 0.433333
2671 0.1833340000000001
2672 0.02254900000000004
2673 0.621569
2674 0.562745
2675 0.488235
2676 0.241176
2677 0.429412
2678 0.2970590000000002
2679 0.02568400000000004
2680 0.44902
2681 0.276471
2682 0.252941
2683 0.284481
2684 0.213725
2685 0.347059
2686 0.22647099999999987
2688 0.072549
2687 0.16171900000000017
2689 0.715686
2690 0.050000000000000044
2691 0.664706
2692 0.292157
2693 0.559804
2694 0.728432
2695 0.398312
2696 0.387102
2697 0.579986
2698 0.05293799999999993
2699 0.5
2700 0.08577100000000004
2701 0.373172
2702 0.834773
2703 0.634314
2704 0.711765
2705 0.748212
2706 0.23039199999999993
2707 0.2578440000000002
2708 0.402941
2709 0.372136
2710 0.18725400000000003
2711 0.551861
2712 0.527451
2713 0.13709599999999988
2714 0.08430899999999997
2715 0.10565899999999995
2716 0.066187
2717 0.11849700000000007
2718 0.472549
2719 0.64902
2720 0.488235
2721 0.633333
2722 0.813725
2723 0.303922
2724 0.2656860000000001
2725 0.3049010000000001
2726 0.390196
2727 0.35098
2728 0.25
2729 0.3872549999999999
2730 0.3
2731 0.321623
2732 0.256863
2733 0.573783
2734 0.452941
2735 0.10882400000000003
2736 0.2225490000000001
2737 0.461765
2738 0.3362749999999999
2739 0.445994
2741 0.62549
2740 0.511765
2742 0.41083000000000003
2743 0.547059
2744 0.2892159999999999
2745 0.64902
2746 0.34854700000000016
2747 0.34019599999999994
2748 0.34976000000000007
2749 0.08529399999999998
2750 0.07745100000000016
2751 0.609804
2752 0.25700100000000003
2753 0.5444470000000001
2754 0.630207
2755 0.4735290000000001
2756 0.23939700000000008
2757 0.272549
2758 0.256863
2759 0.12792900000000018
2761 0.17549000000000015
2760 0.543137
2762 0.014734000000000025
2763 0.09332300000000004
2764 0.515686
2765 0.545928
2766 0.08846500000000002
2767 0.36764700000000006
2768 0.4388
2769 0.5480389999999999
2770 0.463473
2771 0.401961
2772 0.308824
2773 0.594118
2774 0.382353
2775 0.35098
2776 0.488235
2777 0.429412
2778 0.460784
2779 0.456863
2780 0.24902
2781 0.233333
2782 0.370588
2783 0.566667
2784 0.35098
2785 0.064706
2786 0.4435040000000001
2787 0.366667
2788 0.02254900000000004
2789 0.2853000000000001
2790 0.005882
2791 0.358824
2793 0.28948
2792 0.327451
2794 0.280392
2795 0.270658
2796 0.609818
2797 0.358824
2798 0.20627
2799 0.195098
2800 0.558839
2801 0.571569
2802 0.515686
2803 0.598039
2804 0.540323
2805 0.25171200000000016
2806 0.07925099999999996
2807 0.264706
2808 0.516667
2809 0.036569000000000074
2810 0.588169
2811 0.14411700000000005
2812 0.360406
2813 0.805882
2814 0.4044510000000001
2815 0.509064
2817 0.633333
2816 0.771576
2819 0.507843
2818 0.12632700000000008
2820 0.1401960000000002
2822 0.413725
2821 0.476471
2823 0.210036
2824 0.186897
2825 0.370588
2826 0.213725
2827 0.131921
2828 0.303922
2830 0.090012
2829 0.28972
2831 0.276471
2832 0.07802
2833 0.053922000000000025
2834 0.384314
2835 0.003922
2836 0.29786
2837 0.294205
2838 0.237255
2839 0.213725
2840 0.201961
2841 0.173551
2842 0.147061
2843 0.119608
2844 0.139216
2845 0.123529
2846 0.103922
2847 0.272555
2848 0.084314
2849 0.252941
2850 0.0735300000000001
2851 0.296078
2852 0.013725
2853 0.009804
2854 0.42549
2855 0.172848
2856 0.386275
2857 0.158946
2858 0.109767
2859 0.36372400000000005
2860 0.08961
2861 0.135304
2862 0.194118
2863 0.170692
2864 0.280392
2865 0.309804
2866 0.38816399999999995
2867 0.566667
2868 0.23039199999999993
2869 0.488235
2870 0.003125999999999962
2871 0.358824
2872 0.062745
2873 0.323529
2874 0.16390100000000007
2875 0.284314
2876 0.140196
2877 0.390196
2878 0.476471
2879 0.46256
2880 0.213725
2881 0.626471
2882 0.39509800000000017
2883 0.292157
2884 0.561655
2885 0.538858
2886 0.47352899999999987
2887 0.503922
2888 0.5024280000000001
2889 0.586275
2890 0.076471
2891 0.46551200000000015
2892 0.44246
2893 0.566667
2895 0.520002
2896 0.476471
2894 0.08261200000000013
2897 0.809804
2898 0.511708
2899 0.5441170000000002
2900 0.5203740000000001
2901 0.4248049999999999
2902 0.547059
2903 0.26400899999999994
2904 0.586275
2905 0.409804
2906 0.535294
2907 0.09313700000000003
2908 0.492157
2909 0.315686
2910 0.45848
2911 0.527451
2912 0.09705800000000009
2913 0.5513779999999999
2914 0.402941
2915 0.3872549999999999
2916 0.0735300000000001
2917 0.24607900000000016
2919 0.17549100000000006
2918 0.23431400000000013
2920 0.541038
2921 0.284314
2922 0.366667
2923 0.390196
2924 0.445098
2925 0.3
2926 0.40759
2927 0.20686300000000002
2928 0.264706
2929 0.613725
2930 0.739216
2931 0.5520430000000001
2932 0.24999100000000007
2933 0.692157
2934 0.468627
2935 0.08529399999999998
2936 0.04000300000000001
2937 0.390187
2938 0.453771
2939 0.362724
2940 0.492157
2941 0.472549
2942 0.37451
2943 0.503922
2945 0.32058900000000023
2944 0.252941
2946 0.466383
2947 0.509314
2948 0.011900000000000022
2949 0.413725
2950 0.257741
2951 0.339216
2952 0.307843
2953 0.260784
2954 0.288235
2955 0.241176
2956 0.12527
2957 0.222722
2958 0.237255
2959 0.289325
2960 0.178431
2961 0.5911770000000001
2962 0.817818
2964 0.5893360000000001
2963 0.457843
2965 0.673529
2966 0.545752
2967 0.5480389999999999
2968 0.566667
2969 0.382353
2970 0.610474
2971 0.10098000000000007
2972 0.13268100000000005
2973 0.315686
2974 0.586275
2975 0.57451
2976 0.37156900000000004
2977 0.609804
2978 0.881762
2979 0.507843
2980 0.728432
2981 0.21470600000000006
2982 0.288235
2983 0.5968190000000002
2984 0.626471
2985 0.747059
2986 0.221569
2987 0.593808
2988 0.590196
2989 0.488646
2990 0.6696070000000001
2991 0.833333
2992 0.41078400000000004
2993 0.195098
2994 0.656284
2995 0.394306
2996 0.4460790000000001
2997 0.27824800000000005
2998 0.531857
2999 0.496078
3000 0.09459700000000004
3001 0.419386
3002 0.433333
3003 0.370588
3004 0.386275
3005 0.390196
3006 0.437255
3007 0.09091000000000005
3008 0.366667
3009 0.42254900000000006
3010 0.472549
3011 0.754902
3012 0.684314
3013 0.620915
3014 0.05784300000000009
3015 0.609804
3017 0.668627
3016 0.32058900000000023
3018 0.558824
3019 0.645098
3020 0.21643100000000004
3021 0.442854
3022 0.429328
3023 0.11666700000000008
3024 0.609804
3025 0.5401960000000001
3026 0.794118
3027 0.703229
3028 0.712825
3029 0.693138
3030 0.39601600000000015
3031 0.50098
3032 0.43039300000000025
3033 0.3872549999999999
3034 0.4970589999999999
3035 0.25748100000000007
3036 0.33461399999999997
3037 0.452221
3038 0.579809
3039 0.709481
3040 0.657843
3041 0.5
3042 0.452941
3043 0.22433400000000003
3044 0.48921499999999996
3045 0.5911760000000001
3046 0.62549
3047 0.25501700000000005
3048 0.414706
3049 0.353842
3050 0.3868480000000001
3051 0.33423500000000006
3052 0.05428300000000008
3053 0.06960799999999989
3054 0.410972
3055 0.652941
3056 0.429412
3057 0.27153800000000006
3058 0.529267
3059 0.577492
3060 0.16150299999999995
3061 0.6735300000000002
3062 0.17849099999999996
3063 0.5362750000000001
3064 0.3362740000000002
3065 0.02959299999999998
3066 0.441875
3068 0.4492900000000002
3067 0.711765
3069 0.007937000000000083
3070 0.676471
3071 0.688235
3072 0.58709
3073 0.666133
3074 0.3480390000000002
3075 0.16372500000000012
3076 0.57451
3077 0.19972800000000013
3078 0.16372500000000012
3079 0.06176500000000007
3080 0.503922
3081 0.464706
3082 0.452941
3083 0.311765
3084 0.16002
3085 0.386275
3086 0.292157
3087 0.15588200000000008
3088 0.296078
3089 0.001961
3090 0.419608
3091 0.464706
3092 0.464464
3093 0.009804
3094 0.386275
3095 0.62549
3096 0.271413
3097 0.34411800000000015
3098 0.1284320000000001
3099 0.402941
3100 0.23503399999999997
3101 0.39117599999999997
3102 0.343434
3103 0.23039200000000015
3104 0.54995
3105 0.5048999999999999
3106 0.609804
3107 0.42254900000000006
3108 0.2373930000000002
3109 0.656863
3110 0.24607900000000016
3111 0.476471
3112 0.327451
3113 0.433776
3115 0.401961
3114 0.488235
3116 0.386275
3117 0.433683
3118 0.417647
3119 0.24603200000000003
3120 0.280392
3121 0.5756050000000001
3122 0.44902
3123 0.327451
3124 0.22050400000000003
3125 0.38966999999999996
3126 0.04082400000000008
3127 0.17777700000000007
3128 0.566667
3129 0.499513
3130 0.070967
3131 0.511765
3132 0.279559
3133 0.386275
3134 0.382353
3135 0.441176
3137 0.17156799999999994
3136 0.030391999999999975
3138 0.23823600000000011
3139 0.503922
3140 0.480392
3141 0.452682
3142 0.362745
3143 0.354902
3144 0.433333
3145 0.362745
3146 0.241176
3147 0.315686
3148 0.160298
3151 0.413725
3150 0.276471
3149 0.366667
3153 0.3362750000000001
3154 0.35588300000000017
3152 0.24902
3157 0.11016300000000001
3155 0.613725
3158 0.468526
3160 0.382353
3161 0.24902
3162 0.327451
3159 0.421569
3156 0.512793
3164 0.311765
3165 0.315686
3163 0.217647
3166 0.311765
3167 0.5
3168 0.170588
3169 0.037255
3170 0.284314
3173 0.586275
3171 0.013725
3172 0.339216
3176 0.064706
3175 0.160784
3174 0.503922
3177 0.09834600000000004
3178 0.041176
3179 0.033333
3180 0.437018
3181 0.428851
3183 0.391946
3182 0.519608
3184 0.34435
3185 0.001961
3186 0.382353
3187 0.588383
3188 0.0815220000000001
3189 0.336647
3190 0.241176
3191 0.24611099999999997
3192 0.183246
3193 0.154902
3194 0.27312899999999996
3195 0.16558
3196 0.005882
3197 0.134481
3198 0.125264
3199 0.511765
3200 0.221569
3201 0.605882
3202 0.7996590000000001
3204 0.766667
3205 0.617135
3203 0.708823
3206 0.733564
3207 0.5401960000000001
3208 0.25
3209 0.67543
3210 0.3362749999999999
3211 0.42332499999999995
3212 0.4735290000000001
3213 0.31274500000000005
3214 0.645098
3215 0.77451
3216 0.489101
3217 0.001961
3218 0.313726
3219 0.570588
3220 0.1741
3222 0.339216
3221 0.009804
3223 0.084293
3224 0.070494
3225 0.022558000000000078
3226 0.005882
3227 0.288235
3228 0.237255
3229 0.01024
3230 0.217647
3231 0.270588
3232 0.392934
3233 0.13426800000000005
3234 0.12787800000000016
3235 0.511765
3236 0.39117599999999997
3237 0.003922
3238 0.07579599999999997
3239 0.097059
3241 0.44902
3240 0.272549
3242 0.358824
3243 0.342316
3244 0.245098
3246 0.405882
3245 0.421569
3247 0.12184600000000012
3248 0.411505
3249 0.13627500000000015
3250 0.566667
3251 0.417647
3252 0.715686
3253 0.566667
3254 0.039146000000000014
3255 0.25784300000000004
3256 0.327451
3257 0.685047
3258 0.511765
3259 0.319608
3260 0.163243
3261 0.465759
3262 0.456555
3263 0.554902
3264 0.417647
3265 0.16446000000000005
3266 0.24215699999999996
3268 0.511765
3269 0.14581600000000017
3267 0.1382080000000001
3270 0.006590000000000096
3271 0.405882
3272 0.390196
3273 0.523529
3274 0.366667
3275 0.398039
3277 0.535294
3276 0.387627
3278 0.331373
3279 0.503922
3280 0.1015020000000002
3281 0.5950979999999999
3282 0.3794120000000001
3283 0.571569
3284 0.684314
3285 0.64902
3286 0.740533
3287 0.359804
3288 0.543137
3289 0.519608
3290 0.496078
3291 0.708293
3292 0.452564
3293 0.433333
3294 0.413725
3295 0.3
3296 0.394118
3297 0.688767
3298 0.39509800000000017
3300 0.621569
3301 0.601961
3299 0.645098
3302 0.62549
3303 0.508033
3304 0.11916700000000002
3305 0.02901700000000007
3306 0.582353
3307 0.65098
3308 0.056863
3309 0.425627
3310 0.483104
3311 0.3323530000000001
3312 0.033333
3313 0.5401960000000001
3314 0.17115600000000009
3315 0.072549
3316 0.052941
3317 0.09013500000000008
3318 0.464706
3319 0.290048
3320 0.009804
3321 0.24215699999999996
3322 0.437255
3323 0.378431
3325 0.503922
3324 0.10882400000000003
3326 0.370588
3327 0.293137
3328 0.14803900000000003
3329 0.5055640000000001
3330 0.520588
3331 0.446078
3332 0.527451
3333 0.637255
3334 0.016598000000000113
3335 0.417647
3336 0.389854
3337 0.046845000000000026
3338 0.319608
3339 0.445098
3340 0.233734
3341 0.22549
3342 0.394118
3343 0.476258
3344 0.217647
3345 0.6617650000000002
3346 0.335029
3347 0.34019599999999994
3348 0.013725
3350 0.47911000000000015
3349 0.543137
3351 0.4970589999999999
3352 0.689595
3353 0.37417900000000004
3354 0.005882
3355 0.005882
3356 0.24285899999999994
3357 0.25737999999999994
3358 0.2648330000000001
3359 0.248396
3360 0.1815040000000001
3361 0.39804799999999996
3362 0.3245100000000001
3363 0.3323530000000001
3364 0.598039
3365 0.4692740000000002
3366 0.573091
3367 0.1127450000000001
3368 0.535294
3369 0.0484
3370 0.5085500000000001
3371 0.574836
3372 0.482199
3373 0.021569
3375 0.5806470000000001
3374 0.5009810000000001
3376 0.013725
3377 0.562653
3378 0.0696070000000002
3379 0.236446000000