1 0.16390387638577775
2 0.5925907495007483
4 0.4275162409790914
3 0.06104266454440171
5 0.13932841919900618
6 0.877490202919711
7 0.1584952614191261
8 0.30081641065442233
10 0.795552043607305
9 0.07564858518611293
11 0.4837680909290163
12 0.4031474472924009
13 0.8490780108685619
14 0.17222671857033237
15 0.18352230478505466
16 0.41208968707019783
17 0.20947261235713643
18 0.08443470894272653
19 0.0973568795049032
20 0.22799937957234775
22 0.1905159810177558
21 0.22775851413979267
23 0.4137173137438499
24 0.06459984907473165
26 0.3607775614831524
25 0.7248626959257665
27 0.17445387781187502
28 0.14798882767975557
29 0.2966209772855223
30 0.9661345933140317
31 0.36590475938026
32 0.020022861360822004
33 0.8691301146191568
34 0.2093327031323852
36 0.8546936199959614
35 0.06906857883642455
37 0.5568720263258665
38 0.36085055958498674
41 0.5031488514431227
40 0.5808309099023411
39 0.1312149757646574
42 0.4920835709934276
43 0.3842885450391433
44 0.9713094935648559
45 0.9008573627048745
46 0.23652671974047978
47 0.9001862422390129
48 0.4878624171647862
49 0.7359500626078782
50 0.22952485111908946
51 0.48580105386878336
52 0.6717172953014343
53 0.2874051385851756
54 0.3402889932866462
55 0.9970562070852085
56 0.9433777611781675
57 0.5363905867952402
59 0.06421991366760296
58 0.1459157474215548
60 1.2358690366150556E-4
62 0.9861342746790366
61 0.9776451542471827
64 0.26114378604473065
65 0.28266267947190554
63 0.08858871017942174
66 0.17147155606598588
67 0.3731701258142602
68 0.0906958110423494
69 0.6159223506430219
70 0.7925925996022817
71 0.033473281017439266
72 0.972166633536262
73 0.12341761231353954
75 0.964271234360448
74 0.665914445749952
76 0.22830209385166114
77 0.18142771494981458
78 0.29374003672828103
79 0.1005277203864495
80 0.18215720512426745
81 0.9956705225730034
82 0.28609517770683374
83 0.022959756188791036
84 0.43315927544151234
86 0.06379484459370949
85 0.5212959521857993
87 2.3245902909613923E-4
88 0.00402597256955742
89 0.5235005101980527
90 0.0242906686406911
91 0.41429927955639495
92 0.28923679912642647
93 0.8480485162939938
94 0.5787117419087199
95 0.16571447222860117
96 0.4005216371783983
97 0.7401116573157677
98 1.0
99 0.2529120275552716
100 0.2526384015251268
101 0.3289428709160643
102 0.44493049551654723
103 0.08585069097718442
104 0.31338375127466617
105 0.6700189063273808
106 0.0034945903377781857
107 0.38069244846581896
108 0.14102246182381104
109 0.5389445304411117
110 0.059346643352445154
112 0.5556783071952397
111 0.2603350461222161
113 0.29287884126329206
114 0.1960800126570356
115 0.7025333153775171
116 0.1478806028572903
117 0.37101079699156664
118 0.2836124850576518
119 0.9107701762726516
120 0.8673355911045073
121 0.8531823372030005
122 0.42651598089680004
123 0.9594743425952599
125 0.19263892031679236
124 0.11794288430989978
126 0.3764199973829026
127 0.11086084664011332
128 0.12303451209070408
129 0.29690189349122353
130 0.3925040411954996
131 0.3205003791866997
132 0.1377108286758626
133 0.5149754814090137
134 0.27903268340188003
135 0.04005776753045996
136 0.656788369831252
137 0.4533489718160307
138 0.131188612450621
139 0.061083474668798536
140 0.1993154460160132
141 0.32064086250709695
142 0.10139793683138096
143 0.8409218354021198
144 0.694013664829461
145 0.7407348394475375
146 0.06657016597023191
147 0.5626641683798026
148 0.821496113494597
149 0.3930539368793996
150 0.13238129795718315
151 0.6825547491867416
152 0.2984408818746605
153 0.14960622693811615
155 0.9481857668025057
154 0.9845761970287804
156 0.5633797050189023
157 0.4043595734276443
158 0.6669699501934986
159 0.5007461676226335
160 0.4204107106990794
161 0.5824468644187717
162 0.8567659278947909
163 0.3084536615279654
164 0.209086438053651
165 0.9731548557236851
166 0.2780162964404271
167 0.39534832799460623
169 0.3997337400600323
168 0.9831822787766106
170 0.3245751327902591
171 0.180486817651074
172 0.8499167471610812
173 0.9064964441433875
174 0.804861121633948
175 0.6841256628955983
176 0.935796572738842
177 0.24615460419317273
178 0.10943641596090464
179 0.061913810953613924
180 0.3155386063444156
181 0.37194030287012936
182 0.5097080983875926
183 0.12841063563699637
184 0.09726951064824081
185 0.10249830240624229
186 0.47255738249024204
187 0.16816377750493
188 0.300699450848004
189 0.36155543470861984
190 0.23421706457596975
191 0.5515979957595859
192 0.6441230977289603
193 0.08529988729638922
194 0.07913235356871745
195 0.6551716267041069
196 0.14055756415183532
197 0.578830343641547
198 0.2334316297060811
199 0.5573346069475967
200 0.6208831352522443
201 0.7172040733166438
202 0.36823238407792885
203 0.5304662670312357
204 0.9802776912002951
205 0.6031045551153521
206 0.18058364634498703
207 0.6297852274739105
208 0.08583813803628967
209 0.20257475771126726
210 0.27494073291384036
211 0.37683049380042916
212 0.7132955094746828
213 0.8596124648273892
214 0.34331197494204324
215 0.7243168930615462
216 0.5539007111103911
217 0.9373037774867069
218 0.622214552323387
219 0.4737374426100254
220 0.7033030549467717
221 0.7578095320735853
222 0.6194002672725251
223 0.5867849867474423
224 0.15151651390067455
225 0.17266792387377236
226 0.1166706635563025
227 0.5552909044384945
228 0.33165746162870063
229 0.7523984201051446
230 0.22287942968141616
231 0.9313557307073892
232 0.9166356501771253
233 0.828901515432252
234 0.9644030807694781
235 0.20635322255455263
236 0.9221892496160564
237 0.3017704565437758
238 0.9848305747041111
239 0.5452178207522457
240 0.35973661797824674
241 0.4376781380719618
242 0.513686757929659
243 0.9999226094550122
244 0.06817636598158758
245 0.9701113610018232
246 0.09990373799321911
247 0.47646266037911783
248 0.6851868224225165
249 0.08606662513884096
250 0.8189563527675341
251 0.581471741876718
252 0.22484757409583614
253 0.0416453676190918
254 0.5192233968388547
256 0.9915378838667355
255 0.9999612206672618
257 0.42033340801575253
258 0.6397986126583397
259 0.8958500942641632
260 0.25150896347908186
261 0.1516893624775386
262 0.3017451276222871
263 0.1509444670541282
264 0.6105148807742651
265 0.39421823712054976
266 0.6661314722893286
267 0.2380418781942905
268 0.5637267948205587
269 0.5772720077825232
270 0.9065656121353829
271 0.8193490490269038
272 0.8065860218660266
273 0.26791083969771834
274 0.19649340576400529
275 0.48858612198609375
276 0.5797360351322189
277 0.7150851060276363
278 0.4523467418643692
279 0.8978738536060455
280 0.31326577270442496
281 0.9271737969400669
282 0.9572544950599858
283 0.11132911664730437
284 0.7078653892909681
285 0.20951821715180488
286 0.7372871627013138
287 0.6038567870770215
288 0.14285714285714285
289 0.5827576874170188
290 0.01396976687089144
291 0.4371551118702778
292 0.27941995705206535
293 0.8131603736300336
294 0.6690754911666871
295 0.4583036760202054
296 0.4826115716110088
297 0.8652482192721231
298 0.4548952493103666
299 0.09631244821809282
300 0.5110628436144511
301 0.08526985584728669
302 0.40594406591804105
303 0.10421321396060239
304 0.03490090672239452
305 0.8133405977097294
306 0.2993569416966587
307 0.3163034639564842
308 0.9089520186346028
310 0.3108238807741374
309 0.5854048075143039
311 0.38017500129862014
312 0.6377908171168389
313 0.5076739370558823
314 0.7407464346902433
315 0.131408212441977
316 0.022587681864402645
317 0.98539776749401
318 0.6947361847040657
319 0.9690833635987658
320 0.9428222049100033
321 0.8399553798367522
322 0.028433880967488685
323 0.16703408902185873
325 0.21164132364584737
324 0.013936111510488009
326 0.2863452637791362
327 0.26853009742670064
328 0.059759761194029884
329 0.3949732617782283
330 0.9507952830300183
331 0.013180218303484904
332 0.7398004700285602
333 0.011712478591079198
334 0.9588029001413915
335 0.500379342113724
336 0.6187958897156616
337 0.5971624418800728
338 0.5676037891795209
339 0.8806181595918406
340 0.32907843915144386
341 0.6512106910975539
342 0.2158023591199634
343 0.5955333548498091
344 0.11243476766565401
347 0.509545081798404
346 0.42657320710062546
345 0.34578660150233126
348 0.10935083521375827
349 0.2581351045776074
350 0.16827680516694918
351 0.04528321858325752
352 0.6225465711928765
354 0.33144368148122755
353 0.33903879625252475
355 0.168033459335349
356 0.012209201358611465
357 0.9183668590718637
358 0.8282863421593613
359 0.6542345083839773
360 0.8828749001974656
362 0.906883392048987
361 0.9881565816873882
363 0.7895944889967186
364 0.24757661034927392
365 0.31648933103923943
366 0.12006617075469965
367 0.9073488764298915
368 0.5294118853693777
369 0.19091819203139299
370 0.7328796030789231
371 0.031652104453612766
372 0.3352100495166519
373 0.0520834547903279
374 0.5148414775248827
375 0.07976394415224047
376 0.9468883981752837
377 0.48855031698316803
378 0.5720101857318138
379 0.12317689575944854
380 0.0016368415385475685
381 0.7892590372393925
382 0.7204161210770764
383 0.09883138985773983
384 0.9215407559964252
385 0.08038707670934347
386 0.48096256020254186
387 0.5085789516158279
388 0.7422494760743971
389 0.04013899058561882
390 0.08515165044668939
391 0.47149423515473315
392 0.05387174983721566
393 0.8514711108136631
394 0.5866417060046575
395 0.5023329802253307
396 0.5951232512067645
397 0.9925500049721527
398 0.9692473485833953
399 0.41669647294662027
400 0.13502085189345517
401 0.575962554616895
402 0.4135732178312786
403 0.5807424540098082
404 0.39333217849554847
405 0.22677310258179095
406 0.9167870073059045
408 0.9580609821553302
407 0.3512323547875018
409 0.3521778951229302
410 0.4110869091738817
411 0.4106572470114822
412 0.33909615264428
413 0.4519003538499789
414 0.44686690531511597
415 0.8062687006270619
416 0.3503942462337286
418 0.44203920777536765
417 0.2823924131069515
419 0.7428471604874719
420 0.7721134752113382
421 0.6765783745167043
423 0.8254451155143985
424 0.3010813332214836
422 0.21557520913892247
425 0.16128949192404507
426 0.07488388158959786
427 0.868860701857556
428 0.5136574383861267
429 0.48141028352398785
430 0.06818121229331958
431 0.3060127975207039
432 0.46259847496668693
433 0.7591236935905669
434 0.9947896516664275
435 0.2449336820770245
436 0.5838798302832984
437 0.7745799407599204
438 0.3791895076958891
439 0.9968811793649573
440 0.9609120063664518
441 0.2442510977189346
442 0.7666104724092585
443 0.5122836632270594
444 0.9956155001180765
445 0.34818914595651224
446 0.3736026813609587
448 0.7674162230204752
447 0.8145737197024072
449 0.847185490453089
450 0.22457938071021677
451 0.08545610817797296
452 0.2530784869402386
453 0.9973165211679205
454 0.09575738099300951
455 0.19931205114660147
457 0.029044913668756767
456 0.8708618568247847
458 0.9796622359093041
459 0.34430653291137153
460 0.3357112900580202
461 0.19362190023365802
462 0.6142087373015566
463 0.9853224889798525
464 0.32195487158884917
465 0.4066165986704215
467 0.37431818683380047
466 0.8516291244225094
468 0.2698304190187884
469 0.11422687262081992
470 0.2976513410703305
471 0.8696211934732291
472 0.6821760256008927
473 0.44857409519507563
474 0.2710926633688095
475 0.533724452212358
476 0.09574025194876924
477 0.0648022718072515
478 0.08994649347253944
479 0.5204937143899638
480 0.46283899873424283
481 0.09963996944527838
482 0.36969940692059855
483 0.32586783305885597
484 0.10976305119999058
485 0.34135135381243825
487 0.3295829374235948
486 0.03633970278947802
488 0.22845875866501364
489 0.3006989675528076
490 0.8612185145264667
491 0.819919752291258
492 0.013498674029271332
493 0.27623663522684727
494 0.7362985271069805
495 0.3333333333333333
496 0.9432089340044684
498 0.7939891707799828
497 0.5896913052647417
499 0.9165943270408213
501 0.38161244593160604
500 0.1463037246446413
502 0.21644848981011686
503 0.48293492139540484
504 0.26392245192000796
505 0.45750584664523397
506 0.863828784416072
507 0.41233091937887556
508 0.9508888138741037
510 0.5792626405529899
509 0.5318551282935253
511 0.0052327021938105905
512 0.3748603595436968
513 0.14288848092437886
514 0.8132208248873217
515 0.07878388501426908
516 0.5900398999552928
517 0.8715350757674932
518 0.18621409109692816
519 0.5375300516217838
520 0.33714043457554144
521 0.30194681756818265
522 0.9180705012939379
523 0.09037387551651117
524 0.834727628479826
525 1.0
526 0.20930162348199519
527 0.5364171734219151
528 0.6724738186273307
529 0.06760410316950255
530 0.027934270658622327
531 0.13639605384644896
532 0.17782948012962407
533 0.04493424721127628
534 0.6490772328975295
535 0.03838895293752132
536 0.07349260542486427
537 0.7553287992567166
538 0.33250916168006667
539 0.7489965137056726
540 0.9479681243586602
541 0.32580245197209934
542 0.880417843440448
543 0.2303267216877431
544 0.419887248494552
545 0.9784971217973554
546 0.13356079141904706
547 0.02455865756503522
548 0.2596147939565357
549 0.215107062373285
550 0.432647969413678
551 0.16164429498942748
552 0.9999465131494691
553 0.9077214431343266
554 0.16504909919252747
555 0.9834182696042651
556 0.57419067458426
557 0.2250299579696814
558 0.704798538593344
559 0.9693895340516714
560 0.7681510786557216
561 0.28940494278227186
562 0.5476990337315667
563 0.8770103731530491
565 0.602563171570227
566 0.3377753690907379
564 0.17225637761825063
567 0.2613775855339331
568 0.023255707182548623
569 0.45229722215159146
570 0.6143154732150403
572 0.7892556938638123
573 0.13245002415920357
571 0.2686280661889515
574 0.19918719282902733
575 0.06451563915787985
576 0.18446589122439977
577 0.9103943402254475
578 0.1799271954241138
579 0.3498220947683859
580 0.48334507252956704
582 0.39300529761185177
581 0.800055437612322
583 0.8212651963033873
584 0.6361635621511319
585 0.1683704539989729
586 0.9494415100502404
587 0.5916632224050903
588 0.32661284932687196
589 0.8361303647579104
590 0.3014838051693989
591 0.5130437171064562
592 0.4600138998319558
593 0.5547919806222039
594 0.6486454602676556
595 0.0870991287580056
596 0.009944538781529094
597 0.893263465828681
598 0.651113776159654
599 0.45828549046853556
600 0.2176385922555483
601 0.7144827878590977
602 0.9033412608929801
603 0.8974508965470004
605 0.8137082073940735
604 0.30726267897830656
606 0.27585205285737496
607 0.09287701597141423
609 0.10738874766649756
608 0.49217923048975554
610 0.8496722243615116
611 0.385782576491264
613 0.8471241466427394
612 0.7130226241937065
614 0.7718605726978318
615 0.49801842186879
617 0.8925057951194183
616 0.2665964554234572
618 0.9681738088891222
619 0.6643846206915219
620 0.7336852715336474
621 0.9684959540810965
622 0.16901917798492802
624 0.003815047715084478
623 0.03619631447749944
625 0.41366077777282484
626 0.3652053071746983
627 0.3125001532452433
628 0.7277118562332399
630 0.660068814585696
629 1.0
631 0.40851427635449233
632 0.25016976301241134
633 0.7307694463229553
634 0.1152809788442091
635 0.8538938379786134
636 0.20319418089816574
637 0.09699106164727479
638 0.12141815639668438
639 0.4384818470372195
640 0.26695219406476783
642 0.654615797202644
641 0.8711765462543776
643 0.1570369064073459
644 0.03807425732766179
645 0.08312145424959427
646 0.6681656233622884
647 0.8227258658986054
648 0.5787261802575107
649 0.9088361844254209
650 0.2487990997351038
651 0.09243469282286781
652 0.49884551883671824
653 0.5859824674625639
654 0.6885679900235754
655 0.5047769866551348
656 0.4914675895656557
658 0.44160630334508905
657 0.11165346573858649
659 0.6485283459832524
660 0.20677562020592907
661 0.11870526033850796
662 0.5947632481056859
663 0.5697504563736512
664 0.14967293563543535
665 0.48175439871588227
666 0.5287853430006063
667 0.2562627315758804
668 0.3568005469115866
669 0.5263138021309981
670 0.8584002526277189
671 0.4787113992994894
672 0.18412307484691548
673 0.8629446158107773
674 0.8722289299175334
675 0.7654201819136269
676 0.13155775995003624
677 0.05347978997701826
678 0.025377425620789668
679 0.4705140115663608
680 0.11835943200291367
681 0.06805233701324373
682 0.6405178844513918
683 0.5470018017692555
685 0.8916739922346054
684 0.5286397220077557
686 0.04936570095152044
687 0.6953031364959095
688 0.18245564118187585
689 0.11533814095429436
690 0.07936518216176341
691 0.44014200319786106
692 0.17051788899794632
693 0.10181111044911982
694 0.24006866705147553
695 0.6459761216206235
696 0.48865785809497975
697 0.8469114417623858
698 0.11021888379887214
699 0.9678336000061017
700 0.11962497879358946
701 0.7882788522021766
702 0.7707980820902223
703 0.6643485630540391
704 0.08707295289040658
705 0.8941040507727978
706 0.0726790551322763
707 0.3293968222326767
708 0.2714993560502803
709 0.29918578649603056
710 0.009335185801309716
711 0.21108314813185228
712 0.30165392111904593
713 0.1253919923643925
714 0.3598586120251755
716 0.010790039672300071
715 0.3388258552608773
717 0.3183127528696149
718 0.07808667437719725
719 0.14846241961699355
720 0.16614461149082926
721 0.49614643937651887
722 0.1394978457109311
724 0.15224792617251642
723 0.23145866560817338
725 0.5670862292881348
726 0.5512146131800936
727 0.989050478148611
728 0.9419890148748943
729 0.16524813817092787
730 0.33542415053883884
731 0.6308977963729718
732 0.6512062939858103
733 0.9942221444508856
734 0.48061903641751164
735 0.8731627124874919
736 0.5885147847933137
737 0.8029725491520873
738 0.11249224223129595
739 0.3199678958641524
740 0.9482131316740892
741 0.3643197598835252
742 0.005910762951429469
744 0.2964419351695732
743 0.37386050904927104
745 0.14876382760079793
746 0.7516481284586294
747 0.11517815563823697
748 0.11664555863156816
749 0.08834803447497144
750 0.868279869358603
751 0.43711770114099036
752 0.5679237698521006
753 0.23729810094110335
754 0.7591246029158885
756 0.06259844847957685
755 0.6174253625122579
757 0.3210474903148643
758 0.7125007367685731
759 0.5059095351087363
760 0.2888280841791642
761 0.6446119806604933
762 0.2696304292392502
763 0.8699206665342357
764 0.8281248860012917
766 0.3793647504156905
765 0.7224212496185047
767 0.592310616677264
768 0.4663695084121824
769 0.25277894265838063
770 0.6086512697409632
771 0.7663876979237233
772 0.36399975913112403
773 0.8562627619967348
774 0.8180725305417426
775 0.14827574093383464
776 0.684619037110565
777 0.0985937641066147
778 0.6245185287302317
779 0.49958420857115726
780 0.18946003329265287
781 0.9727637300261482
782 0.2083500364566514
783 0.44920104074032896
784 0.47616266393124396
785 0.9936100864710375
786 0.04076747822793708
787 0.4134040153013855
789 0.08131830358644035
788 0.570871499026175
790 0.4918004391450875
791 0.4982168186054857
792 0.22462744682240185
793 0.34414101594127877
794 0.13130065484347428
795 0.4282814194900982
796 0.05906901454233819
797 0.38926782615179806
798 0.5917418146543484
799 0.9273087511732743
800 0.9771005888364396
801 0.34084525927398013
802 0.0868482946128279
803 0.8065396079497765
804 0.35723445898590744
806 0.4277934910798574
805 0.054689369896922635
807 0.013001270841847372
808 0.7546584729344773
809 0.8432607955161068
810 0.4575065837546077
811 0.4161476953773976
812 0.2794614953121244
813 0.42889053120921866
814 0.07010051882803672
815 0.9076999697300516
816 0.49759084866027603
817 0.4734188254349254
818 0.15483054340054278
819 0.3903956897915323
820 0.23003863668438282
821 0.4911568048952427
822 0.22534940959164312
823 0.5794464600635564
824 0.9563426606211217
825 0.06220098495914391
826 0.31594569319961247
827 0.7396094862284219
828 0.8706279348466252
829 0.4131588603889844
830 0.6683415820996297
831 0.7437204898566953
832 0.46137798783979517
833 0.05233707994401867
834 0.8909768588532847
835 0.6248682495798372
836 0.20352687127808916
837 0.8822810532849544
838 0.6977290333244206
839 0.4723588189856871
840 0.10308356941644246
841 0.5688470134776843
842 0.596269821432855
843 0.29389960632890394
844 0.6418641890877551
845 0.7014412076569029
846 0.43573972325220683
847 0.001385547849434194
848 0.9497170045793907
849 0.9435423085937944
850 0.15441920629838699
851 0.9231095248456747
852 0.2985309915404461
853 0.9684386450656479
854 0.6849085051270278
855 0.6769147996804377
856 0.9876337969324388
857 0.9815395431021223
858 0.6443745766752924
859 0.9898910512759838
860 0.9909732389330269
861 0.7409037366081117
862 0.9755116654731969
863 0.31362450490430627
864 0.8298465789735915
865 0.1622520700715738
866 0.6368545786773895
867 0.27512976717118925
868 0.24902420798451685
869 0.31769059907444447
870 0.33635475518191826
871 0.9208894300786802
872 0.479271727500399
874 0.3572554942450074
873 0.3894601004055592
875 0.29927027625134006
876 0.6806706006842819
877 0.3401814044555053
878 0.43691533016002476
879 0.11440965409543188
880 0.9599812064806208
881 0.2752549703110692
882 0.347502762724385
884 0.13851328067926508
883 3.189938554659553E-16
885 0.4510577699296668
886 0.6244113041217729
887 0.10066040491137652
888 0.5636881921905035
889 0.8535415143269267
890 0.05542304497124598
891 0.04147660710860615
892 0.3761038545758586
893 0.39297833069348986
894 0.3484176730887595
895 0.436617269207261
897 0.35709903707182694
898 0.4765435981885506
896 0.7655085585670625
899 0.8787084805484434
901 0.6838473912697618
900 0.11342807110680984
902 0.6546046040063656
903 0.0631738452265753
904 0.7733151771142902
905 0.27772603643370364
906 0.5466844195434132
907 0.7962559897736288
908 0.077524211027232
909 0.09111391068685534
910 0.9742367985238426
912 0.23997126560987647
913 0.1022641524372476
911 0.4723658411828398
914 0.6302935440129721
915 0.05734150777354656
916 0.9705796765659137
917 0.6133121189563058
918 0.07319617050703997
919 0.9628925424774774
920 0.42669969600977664
921 0.4783910137158686
923 0.45714232872819954
922 0.4695782115859299
924 0.9140304890523752
925 0.4889851570518182
926 0.9076192680380688
927 0.4559773007835359
928 0.8291616575785643
929 0.17782090924399965
930 0.15285008835818928
931 0.7157677434329921
932 0.12534046314104344
933 0.08649181180920118
934 0.022167425805009085
935 0.14849177297905342
936 0.43969553050167903
937 0.8125432003241899
939 0.15014968746016558
940 0.2409775103590072
938 0.03202265681819359
941 0.1092929039189381
942 0.20408107424282862
943 0.2899764824856407
944 0.06573448171409754
945 0.5274639562956146
946 0.36669850691175476
947 0.3505923929258854
948 0.3307621866353487
949 0.3996038361505463
950 0.15522984133607007
951 0.7607220956215497
952 0.5739878129852094
953 0.2864495032900919
954 0.04545786580661368
957 0.21270974640644974
955 0.4542016249885313
956 0.7573664486909973
958 0.2681001246501671
959 0.8023431837253164
960 0.22760891146989462
961 0.23731471642073831
962 0.4695441340000685
963 0.11747820385419566
964 0.35488480114547083
965 0.8702692742712727
966 0.4922382911982364
969 0.31170334667527894
967 0.8252172728146955
970 0.7695017227790264
968 0.8677096999049325
971 0.3587186581936283
972 0.018522441823140837
973 0.7775477615134753
974 0.25198596156331704
975 0.44014057669188983
976 0.5248274647411879
977 0.868897641292341
978 0.0943149752996228
980 0.44123042143283964
981 0.08263886881211728
979 0.5986813779565782
982 0.021149837252678865
983 0.9409922258929058
984 0.2845296190888194
985 0.5917961705696169
986 0.5206272649203904
987 0.2283299301299
988 0.2717462318524486
989 0.0026214225059865127
990 0.12740114698442756
991 0.35863654853518623
992 0.954282564781381
993 0.3229796318071398
994 0.6088988053364629
995 0.4047895141284502
997 0.8706498065940093
996 0.12903223394191832
998 0.316404041775892
999 0.4842450513567974
1000 0.006390535680134396
1001 0.4818809695094928
1002 0.009569404708822699
1003 0.1399999796000175
1004 0.8815474845715168
1005 0.7303054241735113
1006 0.3147137763165928
1007 0.19928296331104958
1008 0.48173160509017926
1009 0.2989180951302485
1010 0.12396405616690624
1011 0.480443622259167
1012 0.69288847472006
1013 0.5327642447710447
1014 0.8028195500969156
1015 0.19463307567830432
1016 0.3859155631026025
1017 0.0738697727097074
1018 0.8334698746337084
1019 0.2794206851145454
1020 0.6024879434225601
1021 0.6561863428663054
1022 0.748923819093614
1023 0.5720415400978942
1024 0.4348016583513011
1025 0.09615271257247064
1026 0.38883717104754867
1027 0.07586214835157983
1028 0.41281627013111777
1029 0.1455624273099224
1030 0.4261489770528362
1031 0.4997487603129343
1032 0.9415667046938446
1033 0.5578014953015584
1034 0.5876922175621913
1035 0.23915641714343927
1036 0.24544960497403837
1037 0.9719671488536294
1038 0.011626684420672025
1039 0.877997179125529
1040 0.9922784585797458
1041 0.1806249375030508
1042 0.4152476637014263
1043 0.32654170668389515
1044 0.3834245230760261
1045 0.46596933262521273
1046 0.860831753363644
1047 0.7200087772266635
1048 0.06418937545658793
1049 0.2073573151870858
1050 0.27297534096187137
1051 0.5344686494350769
1052 0.8860734361052504
1053 0.24846984414726703
1054 0.4496853335216184
1055 0.6630198943195222
1057 0.36428766887013203
1056 0.2716171889941747
1058 0.7091114893906093
1059 0.30225358921827755
1060 0.525734187913553
1061 0.7270415862699893
1062 0.6700193291486792
1064 0.5972935821662291
1063 0.7597562388473436
1065 0.1137924212247913
1066 0.11188314889811703
1068 0.8373062214403366
1067 0.22142875357151964
1070 0.10836580661030767
1071 0.0030763204922113064
1069 0.6415090753042421
1072 0.3955769078954788
1074 0.5441182193641937
1075 0.01460238025572548
1076 0.6491265401825618
1073 0.7459369817671047
1077 0.9241808088340092
1078 0.6318042573536127
1079 0.38281708939380477
1080 0.3201637747684896
1081 0.0729380126243066
1082 0.026515309437069527
1083 0.49490044988603415
1084 0.03871862301359622
1085 0.17583144511227955
1086 0.9409953142694777
1087 1.0
1088 0.2591011916605243
1089 0.03787205321119782
1090 0.38315798289192404
1092 0.9987789149259086
1091 0.2824959429789671
1093 0.058930256015647844
1094 0.7643532564729473
1095 0.14908403524865868
1096 0.7698628522713638
1098 0.24725349399278435
1097 0.18673620545251882
1099 0.4565875948220877
1100 0.5494677650330669
1101 0.7657988345618989
1102 0.13822595951895703
1103 0.4421441332310197
1104 0.997372195462019
1105 0.15853523701606123
1106 0.19771352874987821
1108 0.2277554519426111
1107 0.444444094650141
1109 0.6002786665535013
1110 0.5952343341170853
1111 0.6031573121648609
1112 0.6398328941405943
1113 0.016878337038541517
1114 0.8234083158622034
1115 0.34914800699159054
1116 0.9324982474452204
1117 0.00425492019908669
1118 0.06825383115193112
1120 0.519238049396433
1119 0.058225871996980774
1121 0.3110563433251432
1122 0.12098948513574376
1123 0.41038800533911163
1124 0.5441793297880041
1125 0.2711513442408489
1126 0.5630652966030724
1127 0.5964605030076624
1128 0.01555170495557654
1129 0.8991424031000237
1130 0.10026415048638411
1131 0.13535929310013264
1132 0.2529056605888475
1133 0.12713335220283392
1134 0.025287538308020167
1135 0.1994489690557546
1136 0.9412322419780798
1137 0.09014589185031156
1138 0.1222783984691458
1139 0.42808420875842873
1140 0.09298838729272964
1142 0.027396002769367062
1141 0.37885325341140924
1143 0.4573479523900066
1145 0.6689566069418952
1144 0.08840567697022582
1146 0.43137184593952876
1147 0.28817273873848526
1148 0.45216583332659455
1149 0.6408514007207713
1150 0.3295673714934966
1151 0.1539263623603198
1152 0.5538166149980512
1153 0.7211430778020955
1154 0.04000046806692828
1155 0.2907516853517591
1156 0.5702544113959797
1157 0.6972191322415221
1158 0.7856737649066602
1159 0.1141523040918606
1160 0.39348654666213806
1161 0.5467008333830459
1163 0.19038216248037682
1162 0.9998145747491022
1164 0.9926663170329387
1166 0.9325737295418866
1165 0.7612310542994222
1167 0.890613151280084
1168 0.7024744242662817
1169 0.19523512868710458
1170 0.40500360811811476
1171 0.11318739923346376
1172 0.4491628270198663
1173 0.12214861818447668
1175 0.021108475887705907
1176 0.9740965030597009
1174 0.01221360854948856
1177 0.9832557389009654
1178 0.23535395668225123
1179 0.8538025799303873
1180 0.886473136464543
1181 0.29230804639066327
1182 0.5717717858070386
1183 0.283144725119923
1184 0.5197850583335096
1185 0.5946328997455229
1186 0.2433770546675393
1187 0.89339126176002
1189 0.2715202793412625
1190 0.7015904731970833
1188 0.24609170628511634
1191 0.37978712657807595
1192 0.3841646148324128
1193 0.2833695729245788
1194 0.11896893423479336
1195 0.08058495973159577
1196 0.08362483295961588
1197 0.2318206528378348
1198 0.4824786932962171
1199 0.6717734347149429
1200 0.4014013672450792
1201 0.4806752795986249
1202 0.41513651764020193
1203 0.872253512881998
1204 0.18623233122938446
1205 0.08737577826862625
1206 0.5646700154814608
1207 0.1880283830545806
1208 0.4871268980103473
1209 0.3675653692793603
1210 0.7618986609037935
1212 0.7100895682584559
1211 0.22476688796953329
1213 0.8273464059092795
1214 0.7286648238339697
1215 0.4626144680905321
1217 0.2852972586682383
1216 0.41456967549767965
1218 0.05124862866306961
1219 0.8103953995721666
1220 0.6394408989209316
1221 0.9601665088151486
1222 0.9974347049361073
1223 0.05128078664655464
1224 0.6533107851960362
1225 0.11418158624288939
1227 0.023718707869881662
1226 0.5406691531005844
1228 0.0764889065529907
1229 0.20535248169993256
1230 0.9925157107930405
1231 0.26643834789519916
1232 0.3853142330982802
1233 0.1404966911327678
1234 0.11078746678680663
1235 0.19959932543436654
1236 0.6606935764068369
1237 0.6732315883870174
1238 0.49913236950284007
1239 0.5699336353707009
1240 0.4932936143087803
1241 0.11298100669432169
1242 0.02914176471037864
1244 0.06243308511778547
1245 0.09882974030225077
1243 0.26976139406070354
1246 0.1590603191680569
1247 0.2
1248 0.28490124152610896
1249 0.5684043977159173
1250 0.5886560990634662
1251 0.27283860931655657
1252 0.7697122254313319
1253 0.05767158241960705
1254 0.259414368391182
1255 0.8661838878281494
1256 0.15982200221765408
1257 0.06504019532030138
1258 0.5962726754376704
1259 0.7783034203485317
1260 0.4719413370161589
1261 0.49890729658079264
1262 0.8848667527972734
1263 0.49096682153637516
1264 0.7036415908661305
1265 0.37007888895774277
1266 0.04677665541284635
1267 0.6589564999613912
1268 0.7389097267873036
1269 0.009912732035068952
1270 0.2612727756498748
1271 0.03141939661880279
1272 0.35024596434424743
1273 0.1278992557406436
1274 0.09791433965736329
1275 0.901659935783464
1276 0.20453602162353982
1277 0.1391971064837279
1278 0.6991474270825795
1279 0.36131565973900953
1280 0.6433725465092276
1281 0.2516649863557522
1282 0.33736169564990487
1283 0.13154843363622593
1285 0.525300570583228
1284 0.21919822910014775
1286 0.406395777421217
1287 0.8034812876049551
1288 0.09262165734691805
1289 0.6155333059309357
1290 0.8578076196467231
1291 0.7807153393194988
1292 0.0057063405783789115
1293 0.2447076157993787
1294 0.07176583421352169
1295 0.056588655477489015
1296 0.15364669902267145
1298 0.3194807626243759
1297 0.1782181134203251
1299 0.1347026751625525
1300 0.026558570360437773
1301 0.23938219186511597
1302 0.5264627387359122
1303 0.5518047111608028
1304 0.5002593770002651
1305 0.6487419972255773
1306 0.41678902804222495
1307 0.7611458386834008
1308 0.11111129766826867
1309 0.19945089807002547
1310 0.19228603743861894
1311 0.7452783457317417
1312 0.8835076651366411
1313 0.749171686432881
1314 0.318338384307872
1315 0.4808084690016173
1316 0.36689294936040173
1317 0.7585399149270743
1318 0.13794465109100254
1319 0.25087568771341634
1320 0.06171068384582587
1322 0.4366749192480415
1321 0.032929016336787284
1323 0.24846553031238802
1324 0.5966574667985228
1325 0.2712416983856543
1326 0.5554640266680756
1327 0.3052538216849347
1328 0.6410423237874968
1329 0.6224819435988191
1330 0.14685423858176197
1331 0.8513193599789707
1332 0.9217616838745075
1333 0.1770183211970747
1334 0.7135842949786882
1335 0.8952802662808671
1336 0.7427739518084437
1337 0.8188764756969947
1338 0.39889740607771973
1339 0.9561387773768785
1340 0.8149679031285922
1341 0.34286730802865656
1342 0.6744060801837625
1343 0.28361122260937977
1344 0.47118671025584713
1345 0.02118919059238876
1346 0.8034382280776784
1347 0.050754093104069156
1348 0.15391768758757116
1349 0.9704190959588334
1350 0.6041885174639049
1351 0.6454576843111167
1352 0.06233003872480169
1353 0.4858092887626483
1354 0.7927133712357087
1355 0.5895889700302152
1356 0.7432789985549577
1357 0.8494022607625321
1358 0.7194458373521357
1359 0.4311911617364711
1360 0.3254407998228979
1361 0.321778180953665
1362 0.4332584308636666
1363 0.3175908960128411
1364 0.8756379370638986
1365 0.2442959901738428
1366 0.3210591087885621
1367 0.6553272462895351
1368 0.192321537197187
1369 0.005221839981197869
1370 0.503079876524367
1371 0.008196230180018865
1373 0.32081120176409983
1372 0.35556713189886846
1375 0.4457727556689931
1376 0.03536167066418994
1374 0.5615179482144949
1377 0.3750670387256265
1378 0.006857605536928231
1379 0.0926455853634683
1380 0.44191712682308265
1381 0.45028132198032594
1382 0.36912257479192206
1383 0.5668816277436094
1384 0.17395506111007386
1385 0.22366678214089214
1386 0.2331212773255995
1387 0.9158046184912166
1388 0.7015141163830348
1389 0.6582521692029394
1390 0.8712849609170802
1391 0.028213616388923602
1392 0.26185715604030535
1393 0.43035476836294345
1394 0.06667893515426013
1395 0.337298461057354
1396 0.041112355105566115
1397 0.4326470827680712
1398 0.18871146605080322
1399 0.6856477155017123
1400 0.8947777068369046
1401 0.11913725861288166
1402 0.9393452623913895
1403 0.9740473095281632
1404 0.6385540852566999
1405 0.4041044097518019
1406 0.3840185160088541
1407 0.16506838486213132
1408 0.5825766621312675
1409 0.36385163771320317
1410 0.06779627319743133
1411 0.5059800494178721
1412 0.9043166133454511
1413 0.6621563865988123
1415 0.4193299443118069
1414 0.6787562138045554
1416 0.8036739026885784
1417 0.675811520419273
1418 0.8810301697094551
1419 0.6376946870132869
1420 0.27605625122592004
1421 0.6419677726281057
1422 0.4603909958989228
1423 0.06003450738333785
1424 0.7992411611424862
1425 0.5881654223590584
1426 0.6154261263324073
1427 0.09663743415595555
1428 0.27602965870783386
1429 0.6583234347520937
1431 0.6885878612065518
1430 0.05882352941176473
1432 0.9614057325412844
1433 0.6626287841841975
1434 0.3295917818461524
1435 0.15432482211846382
1436 0.9786675302818095
1437 0.976074256142532
1438 0.05060030111419944
1439 0.6307918312676324
1440 0.2036783716327269
1441 0.39168474704585854
1442 0.03256630068834949
1443 0.6155892825037969
1444 0.22302117212718442
1445 0.9949995225492275
1446 0.44404637304542377
1447 0.7271997802243784
1448 0.6023729352209872
1449 0.9991291277739928
1450 0.6346549498130741
1451 0.9581129478178808
1452 0.40822107225287535
1453 0.1307171368633715
1454 0.6945944867315217
1455 0.8638552822386376
1456 0.35685815355488004
1457 0.5734924661220309
1458 0.01899936625711276
1459 0.37324606429738866
1460 0.058917113202185234
1462 0.8224866075312676
1461 0.08003634689456095
1464 0.3105149734180278
1463 0.7527230743540895
1465 0.0246263364268987
1466 0.9646584533752551
1467 0.13450685105947358
1469 0.9371747802370419
1468 0.5423793533470429
1470 0.3690483539778358
1471 0.03913751555755634
1472 0.6912177879385312
1473 0.7545038748440726
1474 0.17647113122188654
1475 0.5244407918138468
1476 0.29563751551396333
1477 0.021985605045380403
1478 0.1026203186938799
1479 0.2515987882867721
1480 0.6333879859405684
1481 0.41733874149713535
1482 0.48934354733582297
1483 0.3596054657960652
1484 0.14025408761855823
1485 0.7137028402493009
1486 0.7387781605664234
1487 0.654866401549278
1488 0.7563313244204748
1489 0.48757271243829364
1490 0.4994237651879612
1492 0.2673733379948171
1491 0.14840082355661346
1493 0.4441874749903405
1494 0.530575459907618
1495 0.503935984983922
1496 0.9125179291112931
1497 0.3321624887899187
1498 0.7138933495397688
1499 0.8108374500444337
1500 0.9271593754151045
1501 0.007693152662591861
1502 0.3728157137342019
1503 0.355959259606102
1504 0.3393644715044856
1505 0.0168995313055275
1506 0.6172281765368665
1507 0.4006884707786371
1508 0.04205796739381415
1509 0.42996406038672175
1510 0.34884741039294986
1511 0.29368017523259654
1512 0.7760483181559599
1514 0.1718954098920642
1513 0.5075931739835686
1515 0.5513784045106187
1516 0.4405619040761959
1517 0.47412150758248733
1518 0.13307058348228185
1519 0.9991689843503738
1520 0.7975094426709922
1521 0.13442133394200498
1522 0.4639381837723002
1523 0.8608451488388962
1524 0.40223289237301973
1525 0.7045501550823426
1526 0.2
1527 0.9023870438877076
1528 0.7610993814540922
1529 0.03956346536520594
1530 0.5566797559331497
1531 0.7092413998139
1532 0.28603188460207574
1533 0.4849045625874445
1534 0.2379507650029336
1535 0.5575627903881107
1536 0.9856983212483945
1537 0.9183305922171873
1538 0.1649644915643158
1539 0.33819153872883784
1540 0.09774295777037323
1541 0.609519678090081
1542 0.855147028509985
1543 0.40105924576159113
1544 0.2733255837616747
1545 0.18021836166683627
1546 0.48805447661936074
1547 0.5000003863638296
1548 0.312047067019908
1549 0.5271464509555359
1550 0.9816204984524922
1551 0.8368569541723483
1552 0.3296928964484157
1553 0.9947638247309818
1554 0.12437793441151111
1555 0.9952570780808636
1556 0.04744884165869481
1557 0.9906465197543183
1558 0.7734570925270753
1559 0.09125274778885044
1560 0.13665225308247245
1561 0.9747913925591323
1562 0.503618949003462
1563 0.999057768487486
1564 0.9998940299634168
1565 0.6031671053902086
1566 0.8626679051644589
1567 0.9994887921356441
1568 0.5338648898047735
1569 0.40622845051874407
1570 0.22137593440189443
1571 0.6751396621671873
1572 0.5773138793447593
1573 0.35642096137613216
1574 0.6157547409445199
1575 0.19696027758906165
1576 0.47857375747925385
1577 0.9601223023201021
1578 0.10320025205923394
1579 0.48880615121710325
1580 0.6515767056036535
1581 0.0966446089281687
1582 0.685628820233898
1583 0.0
1584 0.6937587984879792
1585 0.21545757701965906
1586 0.0657838660208975
1587 0.0024702506002806193
1588 0.1663406054140978
1589 0.14171110415656724
1590 0.05780272290499571
1591 0.5779901176801436
1592 0.6207106314000324
1593 0.012557872223523734
1594 0.29456566323322547
1595 0.24369173533741767
1596 0.8457074867613525
1597 0.864870372658254
1598 0.5924946538833863
1599 0.4408921320602061
1600 0.1290190515287307
1601 0.9681131334783044
1602 0.15579335051106885
1603 0.37083734477142205
1604 0.001206406195304983
1605 0.41011318851812
1606 0.7920050482400921
1607 0.8706230313797612
1608 0.1819882624640883
1609 0.9986689682187002
1610 0.47044064488334825
1611 0.9848710757140133
1612 0.09969485776863408
1613 0.37613772657858113
1614 0.8992845626237864
1615 0.996972426184266
1616 0.8798191055073806
1617 0.1131076011538521
1618 0.032854328687995295
1619 0.1713485922706324
1620 0.09994730779169232
1621 0.5758780774625604
1622 0.022038890672406386
1623 0.07226147499732523
1624 0.6050838133630907
1625 0.8288028433713602
1626 0.0031051399926351427
1627 0.17668372231871204
1628 0.19273375833250003
1629 0.6247477777056907
1630 0.15259637923029548
1631 0.7266404841638545
1632 0.012194738498823578
1633 0.841255829884437
1634 0.3267505998171402
1635 0.2372882000205564
1636 0.18184048056570917
1637 4.7083534504311854E-5
1638 0.8214903297141511
1639 0.45157706249464385
1640 0.35574371042480407
1641 0.5594933396570475
1642 0.4163427624946751
1643 0.5868468409898215
1644 0.3228728273924969
1645 0.14191956309691553
1646 0.3265353207545417
1648 0.23326013353300729
1647 0.2481949249569542
1649 0.8418368591537706
1650 0.13277257142857143
1651 0.09612570240169775
1652 0.0658852241889124
1653 0.36449532440795235
1654 0.6000026895496612
1655 0.20195430559967514
1656 0.25754635651261776
1657 0.8132031266766576
1658 0.4914290876733515
1659 0.8077997249335757
1660 0.23432079091080543
1662 0.2040122588627643
1663 0.11387306957745844
1661 0.18830286252853642
1664 0.5810964312938031
1666 0.10742194042803305
1665 0.22270580440523477
1667 0.386302689672433
1669 0.6382830781927605
1668 0.5341102062974901
1670 0.49911570215151346
1671 0.9951429183135271
1672 0.2729326799786528
1673 0.6191645219765508
1674 0.7043481786660297
1675 0.41606214575740075
1676 0.2795093989135975
1677 0.7671245195112207
1678 0.9210710304854284
1679 0.6576579303627216
1680 0.15808544510146857
1681 0.583989572693996
1682 0.9168161831796012
1683 0.32423155972880535
1684 0.551799687409839
1685 0.19109581027024283
1686 0.01635000322559528
1687 0.6356106654163068
1688 0.6825729738079291
1689 0.9376170567385214
1690 0.8286743299792055
1691 0.3989041869878145
1692 0.29361874143618116
1693 0.12354816904220409
1694 0.20108225716586184
1695 0.7506902666587313
1696 0.8878780529045475
1698 0.9909319388451927
1697 0.15792607633441919
1699 0.6171277645317766
1700 0.7558769595387812
1701 0.6938149416149938
1702 0.9964614896118782
1703 0.8508716345741515
1704 0.9863248480478476
1705 0.8598153547153249
1706 0.7127767596700675
1707 0.9637585698833864
1709 0.1643104200046831
1708 0.9469887010522882
1710 0.7636892661759654
1711 0.9999976274584716
1712 0.9847568307236122
1713 0.2520928585395797
1714 0.9758648901010175
1715 0.34931743679337324
1716 0.10417904151171262
1717 0.43005182442481016
1718 0.36508319275149687
1719 0.284735549467452
1720 0.9147086793280471
1721 0.2905033486232881
1722 0.8583950069031847
1723 0.5230107243753758
1724 0.6013980402471535
1725 0.10932349157794621
1726 0.5414991994441026
1727 0.13919959613422558
1728 0.6593864570943007
1729 0.4261932653879741
1730 0.9481049026475186
1731 0.29512928038360575
1732 0.09632365810375536
1733 0.16937553812241862
1734 0.33541236866094126
1735 0.4474149263131021
1736 0.06659443499088603
1737 0.08595385679085256
1738 0.36480068637037866
1739 0.766947755733685
1740 0.12995669429942064
1741 0.44666572085040906
1743 0.5010117567409176
1742 0.8796410464673083
1744 0.22724317848004652
1745 0.49929908845031595
1746 0.5965943684727516
1747 0.7010194424972186
1748 0.9564489432098265
1749 0.762120582528446
1750 0.20700076086475433
1751 0.07093567617576883
1752 0.6749674840429468
1753 0.9896667048506668
1754 0.08967245241348826
1755 0.9250831922791865
1756 0.18072165844812377
1757 0.914626938282554
1758 0.8894315848215738
1759 0.152776843171491
1760 0.47366904922284253
1761 0.31148955909841425
1762 0.5540798460002451
1763 0.3533834751217481
1764 0.4105121788657252
1765 0.9468582768434173
1766 0.5655823773434611
1767 0.08825464380568714
1768 0.35788006404318484
1769 0.4721669363181462
1770 0.07906981957873126
1771 0.06492188991638312
1772 0.028461772438658377
1773 0.44036626420338243
1774 0.47922569632838596
1775 0.6796182681528404
1776 0.8909276168322974
1777 0.2339257098190809
1778 0.035226621834403296
1779 0.27380596759625486
1780 0.46140441768043244
1781 0.006269479712321717
1782 0.38600136558896103
1783 0.08521055156018195
1784 0.5122968259392267
1785 0.5144319258386427
1786 0.10383795125067996
1787 0.39336644127220005
1788 0.9132698550420504
1789 0.25932039588963735
1790 0.5206807338379781
1791 0.04775794496369173
1792 0.10421226857287812
1793 0.5763642607542058
1795 0.10362875148311668
1794 0.38141100565711344
1796 1.0
1797 0.4743227991602389
1798 0.09152136412293817
1799 0.9722480769364809
1800 0.8800293414119561
1801 0.08756825317058431
1802 0.6246707333980314
1803 0.9747865271432935
1804 0.9988038817960265
1805 0.18808289171272816
1806 0.8639525361439091
1807 0.6058328476044486
1808 0.4049868671479785
1809 0.5109296654697645
1810 0.10214469122996453
1811 0.04305688061716878
1812 0.8796495132900249
1814 0.6931354808814019
1815 0.1321184338240291
1813 0.20000216799758105
1816 0.3937267015011412
1817 0.036414885603640965
1818 0.16820424458813618
1819 0.10117609493298703
1821 0.9000618596603183
1820 0.7832413016279918
1822 0.4594218911733119
1823 0.8712149659497875
1824 0.9639229126076726
1825 0.5824870338244388
1826 0.6966049990477535
1827 0.2541805657575936
1830 0.8740816356766393
1829 0.7234999509939695
1828 0.4436402702630007
1831 0.2596193319328669
1832 0.08962963150979869
1833 0.9545130398259073
1834 0.40298897514926046
1835 0.04458792689323409
1836 0.15329009525332551
1837 0.7720074677776096
1838 0.2061299354040013
1839 0.2952794476099412
1841 0.32476024394161723
1840 0.37426699965999033
1842 0.6424694298253324
1843 0.6474430533037817
1844 0.5853345510923481
1845 0.2943026857175424
1846 0.3216475897259857
1847 0.5680388364844745
1848 0.38337890534950525
1849 0.24988262975607603
1850 0.32061839439450146
1851 0.37905652964436654
1853 0.2802713639967966
1854 0.23882545263144705
1852 0.27014390477615996
1855 0.04129795729239694
1856 0.035483640114601915
1857 0.1813783019893962
1858 0.19356610749291203
1859 0.23741146937599106
1860 0.3314031551239766
1861 0.3094638595141848
1862 0.04148444253552166
1863 0.2130805359865584
1864 0.09506489928720055
1865 0.30497511399456734
1866 0.8045782083235773
1867 0.1856558312181628
1868 0.7400749960465265
1869 0.14891074062731435
1871 0.33253072632339187
1870 0.5400550903757612
1872 0.4626944741547326
1873 0.14353220852289783
1874 0.21722994973593407
1875 0.0761215257028808
1876 0.33946375366183845
1877 0.38095594436630126
1879 0.19590573760125957
1878 0.3211424585352153
1880 0.3287317457181341
1883 0.27646585416993286
1881 0.04057340182610792
1882 0.1402082825680606
1884 0.8581811964092231
1885 0.024257825744324668
1886 0.49586492748540173
1887 0.6401231820455476
1888 0.3547443611288539
1889 0.024390243902438973
1890 0.49297954231270313
1891 0.7011797365788274
1892 0.517632586984633
1895 0.4388983300796337
1893 0.8436054316450345
1894 0.4853280469159331
1896 0.014918161309419049
1897 3.3600338850147456E-4
1898 0.3323452936755861
1899 0.309790943457641
1900 0.6597117388443291
1901 0.0981902044798135
1902 0.28827135134125825
1903 0.8063029564633295
1904 0.6658595882283069
1905 0.8543072116476536
1906 0.2715478572907321
1907 0.2595000795123175
1908 0.4955205368844397
1909 0.5113443964000073
1910 0.40515153999993275
1911 0.823619901163573
1912 0.9297350560523447
1913 0.28030280590002715
1914 0.6736539968771139
1915 0.7525587600195471
1916 0.5667560384366814
1917 0.3482592135093269
1918 0.5356319934469898
1919 0.2678023739903989
1920 0.3315410445419336
1921 0.8736864046292853
1922 0.5480323274032016
1923 0.7373229062620102
1924 0.22199145096659884
1925 0.4094438063582414
1926 0.8674050105115529
1927 0.08607839888848831
1928 0.6718895706659896
1929 0.01763449027043577
1930 0.8004247895069155
1931 0.37415824079538484
1932 0.3707513285193111
1933 0.22085094147772644
1934 0.5644539797148311
1935 0.45883291441338203
1936 0.23363113997933463
1937 0.650728091227168
1938 0.5241008084724248
1939 0.5205323269497386
1940 0.28829082652142857
1941 0.11488247697510118
1942 0.12519970169100564
1943 0.58633205260982
1944 0.08709691936076246
1945 0.6910181986467936
1946 0.8590399153922994
1947 0.3334691149936818
1948 0.9473134604507037
1949 0.8252933995127125
1950 0.5692744182478741
1951 0.1772308199672715
1952 0.4330958185021912
1953 0.11587381620351679
1954 0.01428510020407281
1955 0.5333175664527445
1956 0.0802520806190484
1957 0.6765467840127743
1958 0.5485385670256152
1959 0.25016322669189456
1960 0.523594325102182
1961 0.7847354862690908
1962 0.21261259293727772
1963 0.8738109134651866
1964 0.5859884870435498
1965 0.4512900501587153
1966 0.6679222394642728
1967 0.2398186865315014
1968 0.9271528595930417
1969 0.1775228747174061
1970 0.30607286576344206
1971 0.6283140280145416
1972 0.36267627764818283
1973 0.9163007994961727
1974 0.3818355736101268
1975 0.7740366014771541
1976 0.33358387095950637
1977 0.4655125282627229
1978 0.16311034671451402
1979 0.5818981897318048
1980 0.8104762444536704
1981 0.9358548206751571
1982 0.45153353426773235
1983 0.3314516885906262
1984 0.8829246576297017
1985 0.79940151187375
1986 0.6999188356990236
1987 0.30930379124434054
1988 0.47733886415174365
1989 0.08655833176457592
1990 0.45937872940926394
1991 0.0669600047233458
1992 0.014888711155207094
1993 0.2013399569843355
1994 0.7460636895454704
1995 0.5151071901310365
1996 0.38651478056187205
1997 0.030836868670334663
1998 0.6100303396570368
1999 0.14505691339146357
2000 0.4708928056013586
2001 0.8046562212670215
2002 0.08337928311580636
2003 0.11118115365000109
2004 0.3046454922513682
2006 0.4063895064276934
2005 0.0313184204465264
2007 0.10551061883083517
2008 0.1383282443589546
2009 0.1925519630484989
2010 0.14585846940951203
2011 0.10675095054796294
2012 0.48331478763182173
2013 0.6671810703986445
2014 0.14582529004152625
2015 0.7379136903020331
2016 0.8306087667271064
2018 0.29767178148764795
2017 0.25854921253343016
2019 0.9661051564963262
2020 0.7957515222086878
2021 0.32626646533494774
2023 0.6020781772020298
2022 0.3461906325166194
2025 0.7487193078507239
2024 0.5397100099380018
2026 0.11028042372259313
2027 0.05571101140801848
2028 0.19724146627696418
2029 0.3114984097545859
2030 0.6286825520022603
2031 0.4363112333110233
2032 0.03939281120710389
2033 0.005570933690759583
2034 0.21217075507112879
2035 0.2643952183441836
2036 0.6358215010905575
2037 0.8481925407134315
2038 0.13403605641093588
2039 0.4115056372337635
2040 0.29955005385540534
2041 0.30837029148636935
2042 0.1456560710281056
2043 0.5152303954304551
2044 0.8811123169512481
2046 0.024560549583678534
2045 0.00196384914432289
2047 0.41812682426736597
2048 0.9951256930596122
2049 0.06837908151363077
2050 0.7034024899793448
2051 0.5386336778680917
2052 0.10652922568226363
2053 0.5631247316337638
2054 0.4693156076292193
2055 0.02171386152255655
2056 0.41936003939019406
2057 0.6619449383792986
2058 0.30021474271738496
2059 0.0946025677967669
2060 0.8822490190771152
2061 0.7464093279379622
2062 0.17047195774788956
2063 0.4559999129599861
2064 0.8345592715995448
2065 0.3449748992459434
2066 0.24359704273727187
2067 0.002818892314645605
2068 0.8286323426821811
2069 0.2865678628438336
2070 0.09237712402316174
2071 0.10573476999723032
2072 0.3083667357788775
2073 0.9427235803070106
2074 0.019966362308196855
2075 0.5197566881311056
2076 0.076002463554766
2077 0.4563926556051545
2078 0.15734453668819803
2079 0.5378147911163986
2080 0.9870047840736499
2081 0.7544677356516761
2082 0.4013721068072965
2084 0.08289854658594906
2083 0.09552220173765305
2085 0.4932733733837133
2086 0.9531496586853
2087 0.4037888559207594
2088 0.2593060140309053
2089 0.30154506263623193
2090 0.2119532767082962
2091 0.8573344177969267
2092 0.14465418593603951
2093 0.29163764541889614
2094 0.35294
2095 0.43712625837454605
2096 0.19339604054760923
2097 0.552260514526117
2098 0.7164827644336077
2099 0.875451026894355
2101 0.08837199845475073
2100 0.08628448432029143
2102 0.6665456653845415
2103 0.81705507797022
2104 0.8985237141985795
2105 0.37979000928448464
2106 0.03230447185770077
2107 0.4638569130248361
2109 0.7666510911808124
2108 0.09027172954567042
2110 0.9167007457201546
2111 0.7414743433000582
2112 0.35464295754849595
2113 0.06681998001129284
2114 0.5778036688872862
2115 0.47817616603037033
2116 0.2781443568172495
2118 0.8853164394470906
2117 0.34923273727583054
2119 0.9838250646051497
2120 0.9447379781678741
2121 0.6180231302046286
2122 0.4798941922742058
2124 0.4118123201770634
2123 0.26495755323060577
2125 0.5284155859424166
2126 0.7465939096591473
2128 0.20006389854876572
2127 0.12427710093060239
2129 0.4304517206986796
2130 0.2505149842956931
2131 0.1800779574084536
2132 0.8442083063396594
2133 0.5173236860793166
2134 0.5330733305895149
2135 0.005740740890990942
2136 0.5367811084529452
2137 0.1797466872617581
2138 0.4798467815945724
2139 0.4318743707991225
2140 0.4727456526086726
2142 0.1813961428654073
2141 0.8080056233567737
2143 0.00645187720953758
2144 0.7349194428396469
2145 0.0674327773435474
2146 0.34846528193137954
2147 0.34697591771217123
2148 0.7304415714804972
2149 0.2803324761149068
2150 7.247251358333997E-4
2151 0.10079459398819601
2152 0.1532900827806949
2153 0.3495041415719812
2154 0.37303284827757566
2155 0.36103907572951005
2156 0.7153803501229341
2157 0.5333112194082915
2158 0.5242575541533836
2159 0.29747784974481123
2160 0.2272578362404069
2161 0.19222052974665205
2162 0.5499999575000147
2163 0.338684836235093
2164 0.29549250894662
2165 0.04893115297507928
2166 0.6632066509073344
2167 0.3816560737327051
2168 0.2746869583463503
2169 0.876073178209083
2170 0.11327534071517854
2171 0.028400270898297685
2172 0.5577655989963887
2173 0.33935425799388086
2174 0.9992279002531084
2175 0.15340503409479922
2176 0.48271405343100615
2177 0.5977534240209527
2178 0.14834126643939285
2179 0.6493653159868094
2180 0.5418784726444228
2181 0.30472808845734856
2182 0.7994585847306623
2183 0.15059208030212243
2184 0.8395581367967473
2185 0.23472682770527298
2186 0.9470244000920297
2187 0.9356462598236579
2188 0.8776309598833075
2189 0.021497612150848566
2190 0.32277246120969993
2191 0.5574975078485238
2192 0.6223645395077066
2194 0.14971512671531179
2193 0.5189413257649116
2195 0.8540125525036185
2196 0.7283702913799289
2197 0.9707546933721377
2199 0.4140019341607693
2198 0.9236472786194316
2200 0.028225827181972325
2201 0.2824151641937647
2202 0.6149174846171445
2203 0.009905588316172134
2204 0.8906759189260411
2205 0.6579723204808732
2206 0.8475894318826465
2207 0.5756305627252011
2208 0.6556698663870654
2209 0.2496191948996995
2210 0.914264104444877
2211 0.09948067448934124
2212 0.7454169427219769
2214 0.8594248671380875
2213 0.7567743162216307
2215 0.4841125783817057
2216 0.7318750526419241
2217 0.13238262550749014
2218 0.4052022965805165
2219 0.0948773978631928
2220 0.27391935853654786
2221 0.7358405564451891
2222 0.08767405910230622
2223 0.08258332998395411
2224 0.9900988172740581
2225 0.7606823054423522
2226 0.014991978461708683
2227 0.36042664402903163
2228 0.009838536492683684
2230 0.8907804692445458
2231 0.5490399718648897
2229 0.6132169232715885
2232 0.7741691960476192
2234 0.9174341800253693
2233 0.9671391533563743
2235 0.641319762451206
2236 0.1333327964911998
2237 0.6017806807053103
2238 0.5023741587878423
2239 0.21836311695935118
2240 0.2613854168979274
2241 0.6789320372387636
2242 0.23168373526143693
2243 0.20031853672372152
2244 0.7659950568213026
2245 0.5090389889093951
2246 0.11382044489455226
2247 0.5116458278140286
2248 0.35177564563624525
2249 0.43995666474751033
2250 0.07438872550891798
2251 0.8313959851163853
2252 0.18951727486247033
2253 0.16586374873047813
2254 0.9495818155288089
2255 0.22713870830239605
2256 0.10471787756585875
2257 0.532474777189427
2258 0.04635136179624397
2260 0.7475042403049238
2259 0.636310610133141
2261 0.5413848176983453
2262 0.2748862513792122
2263 0.4705249555594912
2264 0.05367110845129561
2265 0.04888930443947794
2266 0.7647676668200604
2267 0.2068208975757228
2269 0.2703916706263148
2268 0.5735112545891449
2270 0.014336662041936956
2271 0.06259121730467433
2272 0.5850588073403423
2273 0.14260879514551175
2274 0.25483652765988113
2275 0.12103408937834911
2276 0.09559587715367227
2277 0.09770893381865405
2278 0.2411401922052557
2279 0.1280782221492893
2280 0.5125957906380464
2281 0.16143268255815382
2282 0.5705175766568303
2283 0.05604576426544161
2284 0.1419385042565964
2285 0.3566613272442278
2287 0.9483885321514485
2286 0.5419859818016762
2288 0.8624294635527122
2289 0.7478168421832107
2290 0.694434938916399
2291 0.004728051154342594
2292 0.2936569110379635
2293 0.06386426889751905
2295 0.5955207941464289
2294 0.041141453207883844
2296 0.985283643335338
2297 0.06200300745381122
2298 0.11842564207000413
2299 0.7471926435773105
2300 0.44006569560739495
2301 0.273758905973147
2302 0.0630008772183198
2303 0.39414098901386635
2304 0.7603377033947236
2305 0.14285894644147354
2307 0.023534240172520166
2306 0.17971461807021907
2308 0.008328904836297227
2309 0.8829533491055815
2310 0.26029493687406696
2311 0.744661147235265
2312 0.5819666416807506
2313 0.11609073691373774
2314 0.8960088668172553
2315 0.7752312892075278
2316 0.7534874016170636
2317 0.11052505844868736
2318 0.6844164076233081
2319 0.09909195094762416
2320 0.5175446641271063
2321 0.05277018048476891
2322 0.39784990174145984
2323 0.15739461804875052
2324 0.5890378404671969
2325 0.46591340405210346
2326 0.08482592877045723
2327 0.767577898363513
2328 0.2003634717955628
2329 0.8539272441495183
2330 0.7267420818079826
2331 0.5013136088642728
2332 0.9361330178458722
2333 0.3333333333333333
2334 0.42889345648353805
2335 0.4727809040401749
2336 0.056626380573059014
2337 0.9967078186514279
2338 0.876040801918844
2339 0.3000134741603768
2340 0.1958132541354562
2341 0.29354984141739543
2343 0.3003430791749578
2342 0.032020083446544494
2345 0.039424168154965945
2344 0.8559026005223921
2346 0.2441179780766096
2347 0.16855215852468716
2348 0.8005167116804023
2349 0.36324453290116077
2350 0.08899833848038685
2351 0.5373823625282995
2352 0.072072361821359
2353 0.4459885617062313
2354 0.19370379256444084
2355 0.30009086764179277
2356 0.04957971362921224
2357 0.20742989317318775
2358 0.9459475603116146
2359 0.1551308864716906
2360 0.16717448932070128
2361 0.22673472328716357
2362 0.17298888009293545
2363 0.35699564902092873
2364 0.9990579381127627
2365 0.7073481109406793
2366 0.5416417845227043
2367 0.8329270053082657
2368 0.9999917443248406
2369 0.6143094032422639
2370 0.25962551130494355
2371 0.4181321926420067
2372 0.0453678469230702
2373 0.41584854646184133
2374 0.003481285297070821
2375 0.5074888483136671
2376 0.991896623053106
2377 0.6982099028490163
2378 0.7103071862416479
2379 0.4504840429964646
2380 0.8166297249616092
2381 0.8206913435660822
2382 0.3299956500513501
2383 0.5165026644204219
2384 0.42320207138674704
2385 0.06683754072461966
2386 0.20000000000000004
2387 0.8834266437882757
2388 0.08020182604517058
2389 0.08044851373968037
2390 0.9459022890194287
2391 0.5597089993075484
2392 0.0610707813684896
2393 0.7198870854438731
2395 0.9204863265614156
2394 0.4103087885645843
2396 0.7899338878144785
2397 0.3567177305923659
2399 0.7532882537675782
2398 0.7727588800690567
2400 0.9784569137576824
2401 0.28560315731653496
2402 0.6575979052355622
2403 0.7517911476725906
2404 0.46257269776975846
2405 0.6693269542866161
2406 0.006600546188253982
2407 0.4440764866365591
2408 0.3302026680381719
2409 0.5020609479429777
2410 0.6978953926006333
2411 0.03733336597333856
2412 0.3592175585826159
2413 0.5704551243042117
2414 0.018899782010577064
2415 0.019753682624522654
2416 0.09139033808619045
2417 0.07021809780489117
2418 0.8710539976156668
2419 0.7693372133587333
2420 0.0700561533220147
2421 0.01741294321303722
2422 0.13067144323888402
2423 0.3333339313988901
2424 0.14088561570097058
2425 0.24058391654034264
2426 0.08755980695389111
2427 0.290179813216245
2428 0.6288032067502852
2429 0.11053098106145667
2430 0.5623808277045247
2431 0.532519830236873
2432 0.4892730444447874
2433 0.26168162826412106
2434 0.6041148950765575
2435 0.33467825271528734
2436 0.662965601288402
2437 0.4559064705940451
2438 0.16889496595080847
2439 0.07259970224143052
2440 0.08235243645203968
2441 0.03545375886849187
2442 0.08505609449023242
2443 0.8331697110731374
2444 0.512746875352402
2445 0.07529083067918574
2446 0.676060441601617
2447 0.6552296702689414
2448 0.8773787247965456
2449 0.004093442044435601
2450 0.9001215694538187
2451 0.5583410865337021
2452 0.13277210264042807
2453 0.4692181862133132
2454 0.9610644366016868
2455 0.38147095159083033
2456 0.05764267441963946
2457 0.5607827015524584
2458 0.6636443165430603
2459 0.23142290992171347
2460 0.05718547912956337
2461 0.11659100524865351
2462 0.8657127628069218
2463 0.7335466362038294
2464 0.485436387374265
2465 0.3310870991483817
2466 0.35427610692181
2467 0.14710893294679886
2469 0.838256572944542
2468 0.759193846764171
2470 0.021621719780571383
2471 0.624474649434876
2472 0.3290108867354956
2473 0.6950934537202522
2474 0.92602959929533
2475 0.8643327224034487
2476 0.9309549098388443
2477 0.4076565629888696
2478 0.807754504803593
2479 0.7066588927960686
2481 0.37836404237647403
2480 0.6159189663440399
2482 0.7458501011617885
2484 0.22309448432799797
2483 0.9975369142015761
2485 0.3091212652768738
2486 0.14836315810685893
2487 0.35089753345168984
2488 0.5543723534520909
2489 0.9662987404119041
2490 0.8730327384292074
2491 0.21192183829626257
2492 0.026405716060888474
2493 0.39156656118467537
2495 0.20861207734324388
2496 0.5470696640165708
2494 0.9064431580897739
2497 0.2886556477682395
2498 0.4851495604519537
2499 0.1291074814950756
2500 0.17493922042041402
2501 0.44942268350536047
2502 0.015189223399151798
2503 0.6162995013852847
2504 0.11330565338374751
2505 0.003919756828739101
2506 0.012318436284733218
2509 0.7547286909193198
2507 0.20030697095321795
2508 0.7711826716815445
2510 0.21115264598050532
2511 0.817623114638015
2513 0.30621631272790334
2514 0.5469867355361917
2512 0.3496022573428723
2515 0.29541306856666766
2516 0.21136876313621206
2517 0.8502118193643857
2518 0.6589542016304535
2520 0.8346733965504022
2519 0.6437530682673525
2521 0.5092406358331537
2522 0.9370593624782992
2523 0.1313433176654171
2524 0.3374928639259852
2525 0.35353493213147125
2527 6.38721930452294E-4
2526 0.5531030602505088
2528 0.30935892552794475
2530 0.9266394092534843
2529 0.1453758537473058
2531 0.4359216985973282
2532 0.5751092843903828
2533 0.2638091192264888
2534 0.6689370580618016
2535 0.1880103185856367
2536 0.00959215896346466
2537 0.19754893891496209
2539 0.155217443446763
2538 0.10615793639759855
2540 0.10948954707401512
2542 0.1863853065517327
2541 0.9735024305423006
2543 0.03808583543086966
2544 0.34503659466740233
2545 0.8167886932606343
2546 0.4431489034364733
2547 0.6532023153617609
2548 0.2033493523542074
2549 0.0969023565250853
2550 0.12128670509401193
2551 0.34971070113769415
2552 0.3194741008687902
2553 0.7418430425246577
2554 0.1368211861687173
2555 0.4843152495918437
2557 0.6770102950345182
2556 0.38636146701581425
2558 0.04431200139155665
2559 0.0169491880598673
2560 0.8103127807547114
2562 0.8984763463082492
2563 0.999142829123355
2564 0.9988928644662712
2566 0.2465165778778716
2565 0.9820275525664006
2561 0.5353410794794944
2567 0.3856765276301083
2568 0.125660388332574
2569 0.316587426208413
2570 0.2255169163302526
2572 0.2859583301923445
2571 0.18757297758071806
2573 0.41962424675624743
2574 0.356096735752971
2575 0.05547709044922409
2576 0.47400383662141476
2577 0.13515076767556172
2578 0.4474958490066049
2579 0.7279971126262013
2580 0.46513982784253133
2581 0.3720569648755266
2582 0.11954997812275159
2584 0.2118716968756701
2583 0.5048971468483988
2585 0.918390520136478
2586 0.5969181681146043
2587 0.9732848091592716
2588 0.22726582877282395
2589 0.2323446228187029
2590 0.340189634110872
2591 0.00990426701590051
2592 0.8858840767801829
2593 0.13922060796365143
2594 0.7786300615582067
2595 0.03758295707666346
2596 0.899888765294772
2597 0.41046837174583983
2598 0.2892445631314116
2599 0.8325368133751908
2600 0.028148317293162424
2601 0.9547200325150644
2602 0.013322402962346769
2603 0.406679905975524
2604 0.9973606578458972
2605 0.9936052413223375
2606 0.9998724350380361
2607 0.06991121616731054
2609 0.7378879515512006
2608 0.9982373251690936
2610 0.0038215734314204614
2611 0.009297102011440258
2613 0.28111888909970456
2612 0.3417077571271874
2614 0.6027999560945182
2615 0.46466835305856596
2617 0.13698957813950177
2616 0.9290294051714263
2618 0.314974508784989
2619 0.07282471363936233
2620 0.12321298585242615
2621 0.2296326986432849
2622 0.14184334314149255
2623 0.7202821311533562
2625 0.3656492431156142
2624 0.8510950146338406
2626 0.1212119651057245
2627 0.7587407708391188
2628 0.5957903283057573
2629 0.9946482172035266
2630 0.17590603401420976
2631 0.6581809656936213
2632 0.3316069090443052
2633 0.9995967266725472
2634 0.7095048694579974
2635 0.5441680346355349
2636 0.9999787088819538
2637 0.9962552682684402
2638 0.7559629483924036
2639 0.1923047969570602
2640 0.1428522288584333
2641 0.026055124457386485
2642 0.7113925793942837
2643 0.07246641418934105
2644 0.15803124211383035
2645 0.001173130014827534
2646 0.286144515849553
2647 0.05632198011090852
2648 0.9100855015507218
2649 0.2731707802498253
2650 0.3268903416641107
2651 0.8527432036774463
2652 0.9262040497637541
2653 0.34341614866148334
2654 0.5001933313040401
2655 0.6938878573895738
2656 0.5237378230213369
2658 0.9408601035645011
2659 0.22190225448246065
2657 0.10011575440441679
2660 0.03617358382232824
2661 0.599077522690667
2662 0.04668508171781406
2663 0.18085745981186352
2664 0.615570869098
2665 0.49721083630999385
2666 0.009132265903451635
2667 0.34393971058964257
2668 0.13924116007093887
2669 0.0477660841261866
2670 0.453909712176872
2671 0.16006034016190515
2673 0.2309942915769444
2672 0.5814128424753405
2674 0.4810677786485603
2675 0.7482469519625939
2676 0.09979158124498877
2677 0.986000527440467
2678 0.0975034888102563
2679 0.2902275214932623
2680 0.24671577850514675
2681 0.21355686132853
2682 0.45689801092543814
2683 0.3748273102388156
2684 0.056121134020718264
2685 0.9378636913430973
2686 0.12652820346856092
2687 0.41689114957403633
2688 0.15348796754974475
2689 0.08730106796424329
2690 0.6267184531014555
2691 0.6011198940545929
2693 0.07157463906802564
2694 0.0756774542833623
2692 0.037163392269355014
2695 0.9796924171060821
2696 0.23302034543607503
2697 0.03196269781637961
2698 0.3289473331024912
2699 0.8613135231039847
2700 0.9066324096164682
2701 0.7430346811439439
2702 0.08305377362799196
2703 0.8325634324888678
2705 0.552053044621341
2704 0.6635496669504471
2706 0.3261064162768723
2707 0.9743543218710823
2708 0.3855288284557335
2709 0.36078954153285014
2710 0.35285190296433094
2711 0.07311139857342934
2712 0.2579389529013382
2713 0.9530006312870234
2714 0.13787156085074595
2715 0.4809656040568885
2716 0.32273292648495966
2717 0.3632354330184233
2718 0.578650463870504
2719 0.07194635607129495
2720 0.2971475650426111
2721 0.14070055110961527
2722 0.1786647927119033
2723 0.014789414747640024
2724 0.5199497312117457
2725 0.7195191326673661
2726 0.25070577451229953
2728 0.7004318812877296
2727 0.33588544767742623
2729 0.6419192024963872
2731 0.9783297459417777
2730 0.9313095424965495
2732 0.8665053999383137
2733 0.02170025196702965
2734 0.44795715494051386
2735 0.7436618533997961
2736 0.3625381558487616
2737 0.5068320252365723
2738 0.16455764091043168
2739 0.40065242230556697
2740 0.6279261989719491
2741 0.3109158426971769
2742 0.2878928771540634
2743 0.7088398034336159
2744 0.8224663531130296
2745 0.1022397422281029
2746 0.21522356958580832
2747 0.24124083326170248
2748 0.7010554250650395
2749 0.7534931170903872
2750 0.17652646247684145
2751 0.1424877052361857
2752 0.6582260323740224
2753 0.2521836321379592
2754 0.5016965158468388
2755 0.21221900807472566
2756 0.021932828851824022
2757 0.3705835960162162
2758 0.9497431044031778
2759 0.8676538197957003
2760 0.2623437181085428
2761 0.26532136451246235
2763 0.9087553884166807
2762 0.6168700808725461
2764 0.018224031972918678
2765 0.49404772445434314
2766 0.14024952322424833
2767 0.633623808803667
2768 0.2731106088038299
2769 0.5719618715791918
2770 0.2203018539803141
2771 0.5585718209697285
2772 0.14164038524968944
2773 0.5546540533620733
2774 0.13623998885596578
2775 0.9213556572912528
2776 0.47431899502608793
2777 0.06053316605005654
2778 0.5674681689135611
2779 0.7689924295038313
2780 0.13443420187886104
2781 0.9052236024502915
2782 0.9799512546182718
2783 0.13014441445917152
2784 0.6611197882750521
2785 0.6988534805421603
2786 0.9811498669597863
2787 0.5339979821948578
2788 0.9957475028112267
2789 0.9984530465397222
2790 0.47932787080175404
2791 0.9725326366193863
2792 0.17946849883765112
2793 0.9998523522692553
2794 0.7925672844015385
2795 0.90340433218925
2796 0.5043808918197524
2797 0.4198120696872159
2798 0.04953626364603825
2799 0.15114097738033888
2801 0.12805837521318889
2800 0.4466954678806713
2802 0.889137584229307
2803 0.686042539502656
2804 0.052058001979987376
2805 0.5472135525785065
2806 0.5899438097123914
2807 0.5021619693691369
2808 0.8185741968709296
2809 0.021748647447792778
2810 0.12496742137807049
2811 0.5241279975085644
2812 0.6995062702017797
2813 0.10055535493633636
2814 0.09708735385140806
2815 0.6144625079176194
2816 0.42400801645584046
2817 0.39891754005802954
2818 0.5904279851970822
2819 0.010598860586838038
2820 0.3665600096329069
2821 0.7024271291360352
2822 0.2508805786636949
2823 0.5854092664891606
2824 0.33563411440211993
2825 0.06457853410111963
2826 0.8919990427637735
2827 0.18441563029180402
2828 0.7863115025985803
2829 0.8934545090596298
2830 0.7591342122301518
2831 0.3892320049842282
2832 0.29394744743425605
2833 0.6049427695819758
2834 0.9886898691621375
2835 0.054462767457652606
2836 0.36322765604133933
2837 0.09968163727211188
2838 0.023075534911456214
2839 0.9363546444936174
2840 0.7970336131463877
2841 0.9510352304570334
2842 0.9290142013909377
2843 0.4454556834672465
2845 0.4821297243943924
2844 0.9954086587593333
2846 0.19544076389849907
2847 0.673752691886399
2848 0.4724091520861373
2849 0.25648413291364036
2850 0.05642730131351352
2851 0.4735508236344229
2852 0.2659937632222442
2853 0.6488758041419992
2854 0.9845370649077861
2855 0.28591517276027373
2856 0.9822354388174882
2857 0.3767182871511553
2858 0.6837358564222867
2859 0.6874866134037043
2860 0.19784642965212876
2861 0.7664671977215638
2862 0.6549890182027442
2863 0.3224427180914365
2864 0.702633258440828
2865 0.9776925057596171
2866 0.1570903794333167
2867 0.5154502593052717
2868 0.19322109812154845
2869 0.1587636604805431
2871 0.28512157522642334
2870 0.6695602538813561
2872 0.10143635757746548
2873 0.3237926415250753
2874 0.9686831186220798
2875 0.9547782432557658
2876 0.10110852378973997
2877 0.9084536160106934
2878 0.9857573998475244
2879 0.209355721353231
2880 0.5784157737953076
2881 0.6279082581528626
2882 0.4091353810062613
2883 0.48117288631852434
2884 0.34785233763127155
2885 0.11869003281701458
2886 0.5730050159682459
2888 0.1606680292170357
2887 0.11015189845531345
2889 0.8744212579211337
2891 0.5295555887883072
2890 0.6747051343250922
2892 0.9560953372590126
2893 0.14030382153732002
2894 0.42890320569722706
2895 0.6893087041930739
2896 0.3147819015791369
2897 0.12295317806858762
2898 0.5465198384797041
2899 0.884620217154832
2900 0.10557302799570188
2901 0.4403692074491122
2903 0.19309218427246977
2902 0.20092301376335087
2904 0.6635037679286139
2905 0.1827490392116127
2906 0.6725150025489331
2907 0.5106986269393557
2908 0.7198465953139941
2909 0.13756453429536836
2910 0.5734889668246081
2911 0.41210799787151964
2912 0.511005887066208
2913 0.288952424262208
2914 0.3333333333333333
2915 0.2702974127557771
2916 0.5793466833028135
2917 0.760639127574584
2918 0.036971599640054364
2919 0.831334847515443
2920 0.06076394609904721
2921 0.5490702738741684
2922 0.09470010574459142
2923 0.5603962524107735
2924 0.6266796434449929
2925 0.8937506929833899
2926 0.27305241810277875
2927 0.16790434199505572
2928 0.3690125236047956
2929 0.40664928634742364
2930 0.45637085743895595
2931 0.13447421200885126
2932 0.3669216900917503
2933 0.9291563588489904
2934 0.13376718496289106
2935 0.19827275169282976
2936 0.26247617982995525
2937 0.6615922951972759
2938 0.13470637395393345
2939 0.7076713446921117
2940 0.3404538113123269
2942 0.2453721105032712
2941 0.07175291676166995
2943 0.6620504487689723
2944 0.3164436015821836
2945 0.9372513590931498
2946 0.0483998825726075
2947 0.19537886761676257
2948 0.15627489324977023
2949 0.9046314992412487
2950 0.959843212556473
2951 0.7185923490106494
2952 0.5569366846563717
2953 0.9461120303142647
2955 0.9381233856566019
2954 0.3458659903947404
2956 0.9982369713162628
2957 0.30815169009828913
2958 0.5930050799485288
2959 0.9687320850216359
2961 0.4563969314285103
2960 0.3007332701680354
2962 0.24255302166055276
2964 0.3702193207414379
2963 0.41221695446308276
2966 0.06489498142708226
2965 0.27584457057212547
2967 0.2945816840287512
2968 0.5084047507129369
2969 0.5243801269538121
2970 0.6524873017650881
2972 0.099639607633843
2971 0.41250298873243024
2973 5.9889497497153644E-5
2974 0.6287422370111944
2975 0.3222313804274574
2976 0.20732141133562595
2977 0.0836801024618683
2978 0.08953834928296807
2979 0.40414067006145526
2980 0.1305842420185267
2981 0.876653710724664
2982 0.8495219327864223
2983 0.1991905640244903
2984 0.5088871989557905
2985 0.8562252050123066
2986 0.7025005667288857
2987 0.5148078853420405
2988 0.2870266085853035
2989 0.14633154750235405
2990 0.3518335245624055
2991 0.2769388246006764
2992 0.6266565293421904
2993 0.465623158630841
2994 0.12985708982495286
2995 0.18670837045357713
2996 0.2558027021894616
2997 0.7482771631360525
2998 0.851750300811852
2999 0.35430545638075284
3000 0.02166026098363676
3001 0.6231471498221413
3002 0.3066337645460076
3003 0.4843809844951355
3004 0.20752754267341247
3005 0.9486306220256995
3006 0.6574365451196318
3007 0.5569500823481992
3008 0.9525428274741852
3009 0.2927023783913774
3010 0.4846015017539756
3011 0.2595548750798436
3012 0.07427057855890566
3013 0.005321954233006648
3014 0.49997526982459634
3015 0.8094595421866431
3016 0.0989228773594622
3017 0.3828121171263243
3018 0.2950590794005292
3019 0.16891592389457483
3020 0.04850710765190586
3021 0.03321693821207759
3022 0.08068397503815512
3023 0.001499415449713758
3024 0.8975174926100519
3025 0.06387694395391576
3026 0.3574933524334237
3027 0.43212257348239497
3028 0.0945628315980668
3029 0.2844486208122614
3030 0.03940580526424847
3031 0.6533195048840127
3032 0.7645068574658699
3033 0.1452592350422695
3034 0.05454637415439102
3035 0.4663010430260986
3037 0.7559959717370333
3036 0.6759390193969297
3038 0.7688012277684731
3040 0.07594815957710471
3039 0.8817496475479367
3041 0.26965149488376056
3042 0.12081465612446826
3043 0.1864603149600384
3044 0.26385335165802426
3045 0.3546415006147474
3046 0.6476464392619453
3047 0.08762732895357002
3048 0.07467451189038997
3049 0.6467648932362866
3050 0.5123560656078683
3051 0.6212147146185482
3052 0.6466204803555802
3053 0.07403416030462184
3054 0.9006660987417534
3055 0.8215235476331879
3056 0.4211145727030929
3057 0.08591954232033334
3058 0.9608988422378667
3059 0.11504427973999926
3060 0.75649175956007
3061 0.24924306203929097
3062 0.43101923204652054
3063 0.5412938700459947
3064 0.7801523652767247
3065 0.0721391084392482
3067 0.13355060115230136
3066 0.411473345486929
3068 0.023860465836654025
3069 0.1433272360153983
3070 0.6094311465901235
3071 0.232620628949857
3072 0.570435391585207
3073 0.38599982730477894
3074 0.06506244824174215
3075 0.536194972579205
3076 0.8138108748444023
3077 0.11476086280595
3078 0.14941961534617118
3079 0.07024961661221388
3081 0.8488642446508028
3080 0.4082601120381278
3082 0.008657850958677936
3083 0.20763709028904
3084 0.6590279191575167
3085 0.014593531141997771
3086 0.6735570066647104
3087 0.16021606354534615
3088 0.9776408100852436
3089 0.7223964587830729
3090 0.8048085003236582
3092 0.020818841227046345
3091 0.7398057969335002
3093 0.2933788420890253
3094 0.9873073142626556
3095 0.6980897161066079
3097 0.09244231172373828
3096 0.9975202337635549
3098 0.3318308766416623
3099 0.8537895929781696
3100 0.21904253558144798
3101 0.9899749880108621
3102 0.11447867530518437
3103 0.014213062648750437
3104 0.14058544314736188
3105 0.1852997607832499
3106 0.7331425275489144
3108 0.9674166776694179
3107 0.2289264599998054
3109 0.25139237440349327
3110 0.24516658724774076
3111 0.1458780758768855
3112 0.06134927365742891
3113 0.7996630411332023
3114 0.522944373070419
3115 0.9436858349302055
3116 0.24805044582274008
3117 0.5003027014809887
3118 0.01157620005567762
3119 0.43322243089664103
3120 0.5546259207731067
3121 0.44762442713059086
3122 0.2533288116782021
3123 0.11185689287881823
3124 0.9104367233396731
3125 0.9354787501060613
3126 0.043034908412309586
3127 0.32327175879611586
3128 0.6662197606525528
3130 0.04940116835344563
3129 0.8746858893032402
3131 0.30528861600622065
3132 0.09194683182401238
3134 0.1742229492872166
3133 0.46834664562148665
3135 0.2724220610611266
3136 0.3139653589291724
3137 0.48618301746737197
3138 0.40442379787617777
3139 0.628739440857999
3140 0.624576603571162
3141 0.5258603722585523
3142 0.5373515747214824
3143 0.18395173800344047
3144 0.6127687169058308
3145 0.18684764911359417
3146 0.8882120710951408
3147 0.5587097014455057
3148 0.4113377977424945
3149 0.9381219922132984
3150 0.9363580257100059
3151 0.0899951559254091
3152 0.17792851916160088
3153 0.05037709296245212
3154 0.1982462129511212
3155 0.6381129542170552
3156 0.9610223297522469
3157 0.9065443035506535
3158 0.09783662885082188
3159 0.37377693404403484
3160 0.004302344172369599
3161 0.5832844830828774
3162 0.35384666351076977
3163 0.445081202689904
3164 0.564963489390085
3165 0.30605087307665985
3166 0.4956361352329488
3167 0.7898532354020911
3168 0.9165913712573802
3169 0.8360114938079249
3170 0.8416931813867511
3171 0.8451680516014461
3172 0.45122867130236854
3173 0.2543802249806957
3174 0.9459991676321838
3175 0.8345109817213188
3176 0.6149628828671947
3177 0.22928944852446637
3178 0.46484092160630885
3179 0.7883836262309581
3180 0.45489598043501484
3181 0.2876359017934083
3182 0.17746635005378436
3183 0.9496497622709943
3184 0.23511835871064105
3185 0.7914865595719651
3186 0.7009375927612925
3187 0.8827335066291162
3188 0.16459966445807087
3189 0.39314651279349566
3190 0.2803742549576151
3191 0.9742543434626186
3192 0.14106337995339438
3193 0.15532910528034644
3194 0.9451549021582251
3195 0.21242764256258292
3196 0.6365780341761584
3197 0.9792644363638465
3198 0.7602238133529959
3199 0.7644694502790373
3200 0.809930298055793
3201 0.14896162670741953
3202 0.22467308489101306
3203 0.5772588857427453
3204 0.027621554861599666
3205 0.020472060654256677
3206 0.007936706034257715
3207 0.0027534309962671715
3208 0.01598950923090551
3209 0.9707347524848589
3210 0.6798353616474171
3211 0.12678852840782218
3212 0.4930136046583951
3213 0.9256761017557864
3214 0.5290555484570545
3216 0.07646669481658623
3215 0.7949355547776699
3217 0.41145861233163267
3218 0.08735520528829967
3219 0.19624678506705248
3221 0.14332799571606925
3220 0.4806627551053952
3222 0.08848039924589218
3223 0.9652069663762948
3224 0.9996764719807247
3225 0.6012157813369932
3226 0.5824068175992732
3227 0.25482928367267654
3228 0.17207140144579283
3229 0.11484693295479205
3230 0.9761208329696517
3231 0.0406282021203426
3232 0.5191182515717162
3233 0.13134906964808266
3234 0.5902962729754728
3235 0.6592690784799037
3236 0.2438064817788943
3237 0.5330646859908393
3238 0.18156200544496034
3239 0.09523345996058839
3241 0.12947513649148687
3240 0.45233628089427824
3242 0.23037963692212093
3243 0.6568700958673974
3244 0.48128224704667993
3245 0.8028460411056959
3246 0.15962523375003293
3247 0.13250510065526086
3248 0.9605962462341986
3249 0.3347827677693381
3250 0.7957150369074656
3253 0.7273666468180487
3251 0.19171957726895794
3254 0.2265196750491283
3252 0.19099030449699794
3255 0.6028842353407999
3256 0.5627060247474682
3257 0.7317223338756167
3258 0.0010737793175865512
3259 0.7724003722177593
3260 0.16417866968910017
3261 0.6636701053244068
3262 0.3579585738623637
3263 0.5608719181744336
3264 0.17135911133441942
3265 0.41907704522405737
3266 0.32745100433741237
3267 0.21902090663008048
3268 0.7272629985001814
3269 0.7743242143434087
3270 0.21654933017046826
3271 0.7817413207642698
3272 0.428495393247846
3273 0.43332642011403544
3274 0.8466487685260666
3275 0.1822599005633266
3277 0.7112686102228589
3278 0.053931514506333864
3279 0.7124643656451004
3276 0.27288802639861937
3280 0.07278462873800405
3281 0.16839657943603925
3282 0.7221144135931054
3283 0.8460416169963842
3284 0.03397872867644563
3288 0.48637779715355267
3285 0.017532560475413468
3290 0.37043926354154966
3287 0.4243127105455419
3286 0.8648764136340604
3289 0.5389466331612119
3292 0.30141945202514187
3291 0.3079961720414046
3296 0.8570350248099786
3294 0.8481655558734478
3295 0.6723250651133584
3297 0.748990235783543
3293 0.15467165172967043
3299 0.3617746238817463
3298 0.04914677015492777
3300 0.2483523071542855
3301 0.08611135706013398
3302 0.7216487889258195
3304 0.10307294479247396
3303 0.19015510641597094
3305 0.0
3306 0.95859030707582
3307 0.4387495385310813
3308 0.16745366084464566
3310 0.6833965780059693
3313 0.9190072031878233
3311 0.5835082504448291
3312 0.3569722278730692
3309 0.060535800822820666
3314 0.3632069552779126
3315 0.84636579146326
3316 0.3960400876166036
3317 0.1158706261203603
3318 0.46509029596679974
3319 0.7775813081613655
3320 0.27111209755742194
3321 0.3236493520826229
3323 0.0018824828694058802
3322 0.9949967501526582
3324 0.9831083334179606
3325 0.7338421350962183
3326 0.1387540440880417
3327 0.3577426015141087
3328 0.9591686505232072
3329 0.41601456162650047
3330 0.1615989732567128
3331 0.25002995120069804
3332 0.2462305657110319
3333 0.3711413283172062
3334 0.5053181189665218
3335 0.49106628238626404
3336 0.18230670219853848
3337 0.15571107572561307
3338 0.43671592508938434
3339 0.0010167372301586354
3340 0.03166416021410489
3341 0.5014118027994581
3342 0.22402210959843524
3343 0.19762130092260444
3344 0.01069500486136583
3345 0.5607689619014331
3346 0.07031228210444114
3347 0.053295708316536426
3348 0.8091354709153291
3349 0.25614006269420864
3350 0.9839069414316917
3351 0.47415701450027853
3352 0.030765193565552358
3353 0.06804467425965506
3354 0.26888419463096563
3355 0.668460690886809
3357 0.7798410432058378
3358 0.9707909739995844
3359 0.9982042603786494
3360 0.07565712648929321
3356 0.5960001455481909
3361 0.5740296036080541
3362 0.036757067775207555
3363 0.4937640034903022
3364 0.9108397386483108
3365 0.1675061758845678
3366 0.17607085232881256
3367 0.042121535919189323
3368 0.718588322648952
3370 0.907323341453067
3369 0.2610517903589205
3372 0.984169032786971
3371 0.4566695881250744
3373 0.2306101970024216
3374 0.23858877329359682
3375 0.3075017933634364
3376 0.23557763920329683
3377 0.008096507687423675
3378 0.7664180515739404
3379 0.09514330431762776
3380 0.1463202578765806
3381 0.06218483937576022
3382 0.5655366056457883
3383 0.3370808496502852
3384 0.9749582144767505
3386 0.45976645767555385
3385 0.4860907368032293
3387 0.977532817379747
3388 0.5903535798797097
3389 0.9817979124051299
3391 0.5037427337620995
3390 0.7934782990466687
3392 0.9847013579393359
3394 0.34548286702134684
3393 0.4054938230916805
3395 0.3014454546443721
3396 0.9133125859539922
3398 0.6033147081723573
3397 0.18093237349657118
3399 0.007415527225833289
3400 0.7594464630212286
3401 0.722202121837999
3403 0.24495382402656338
3402 0.7978075578191867
3404 0.31236781580174333
3405 0.8722261971698971
3406 0.5384620632877423
3407 0.03934439113135509
3408 0.5871704930881366
3410 0.36020160193894135
3409 0.09766622653471076
3411 0.12994481261791754
3412 0.19830578638989063
3413 0.1984094893072517
3414 0.7175558273419786
3415 0.6252016984992815
3416 0.4883677725484342
3417 0.8424658939111075
3419 0.45238688104713326
3418 0.25309666753953886
3420 0.12734048415609822
3421 0.7744496334084704
3422 0.4222543920868694
3423 0.5039290239709399
3424 0.06278144275930857
3425 0.2698746579061915
3426 0.29687898913699085
3427 0.3971078962837653
3428 0.2412294845465809
3429 0.23204072739722836
3430 0.9561364783499865
3431 0.9221227783879961
3432 0.5157731990732333
3433 0.052111822854132996
3434 0.0056674311341205885
3435 0.9177569998768998
3436 0.03731143394079468
3437 0.5529623636523147
3438 0.1202416283435404
3439 0.3665832493578365
3440 0.6582477283929745
3441 0.4480714475655551
3443 0.17948678501016538
3442 0.3419982218362813
3444 0.212550748352695
3446 0.6690772911924188
3447 0.48306201659606746
3445 0.09350028037608168
3448 0.44349106784510717
3449 0.12937472290478452
3450 0.7298750496021963
3451 0.24366484445016454
3452 0.7684895474611514
3453 0.3841016085575812
3454 0.2600462416035447
3455 0.09376751795726242
3456 0.24969233134425767
3457 0.05639352962570627
3458 0.597731692674334
3459 0.9524001637497145
3460 0.174636565356739
3461 0.19633838452671473
3462 0.8711318761990074
3463 0.3866426068341622
3464 0.631933868118895
3465 0.8500055923175625
3466 0.16666666666666669
3468 0.29497248309067003
3467 0.14697130903648128
3469 0.12472215851825864
3470 0.6092376788172659
3472 0.7968753216551355
3471 0.5578154493319593
3473 0.9575326819907459
3474 0.9927247406724881
3475 0.6217619592475245
3476 0.12748785785195818
3477 0.2741498872796242
3478 0.40973236339310976
3479 0.7620488027487712
3480 0.5403177230863166
3481 0.12348168138771512
3483 0.7130036865888789
3482 0.31252609548812504
3484 0.05823925377718788
3485 0.5519457997327586
3486 0.10509343555370429
3487 0.18551962395791885
3488 0.03357472780071628
3489 0.10391218649705716
3490 0.7208641669853468
3491 0.7769738242994728
3492 0.8315661221127901
3493 0.12289367914743798
3494 0.0630994571701527
3495 0.2815359659133242
3496 0.1603397187746239
3497 0.2974528617892635
3498 0.2818520994850176
3499 0.6310155023721224
3500 0.461709899486647
3501 0.895202111893104
3502 0.4975738660574874
3503 0.6020516730453309
3505 0.988139910084197
3504 0.2910257767115875
3506 0.013892669504445907
3507 0.9909569067071026
3508 0.23806744280874526
3509 0.999880798131321
3510 0.9991760617177131
3511 0.3535978097778559
3512 0.2811745209555078
3513 0.898313037334571
3514 0.8559996290528976
3515 0.0740114573293647
3516 0.7836135115043297
3517 0.9241373533243855
3518 0.998770544623078
3519 0.6613865666545794
3520 0.7001728874322504
3522 0.31416359902786317
3521 0.2779606644346263
3524 2.941175605947698E-7
3525 0.11078361673209793
3523 0.44497271154104295
3526 0.7578228447651157
3527 0.217006982797329
3528 0.31517360437502384
3529 0.40017318017881565
3530 0.684788228651076
3531 0.5459959488827411
3532 0.9774807214059514
3533 0.059135262675585165
3534 0.06626547936872437
3535 0.14400554392509315
3536 0.234656428208458
3537 0.355507848544622
3539 0.5615747557751073
3538 0.21280787492613043
3540 0.022377514115168567
3541 0.00705815054927484
3542 0.3350036818860785
3543 0.43984233611457585
3544 0.11762624652505833
3545 0.32416556629420445
3546 0.24633024975345874
3547 0.5051633876498474
3548 0.34328311406127765
3549 0.7474471274079797
3550 0.4443733099626994
3551 0.06101298318806436
3552 0.1487701790842403
3553 0.5587465522053001
3554 0.5574453291330387
3555 0.04232716247764668
3556 0.3346048352154216
3557 0.5751776152071588
3558 0.23125978050057167
3559 0.37973342186558734
3560 0.2533604053656512
3561 0.8704586494336259
3562 0.09331993321554193
3563 0.28202085162647605
3564 0.26083181861554106
3565 0.9107521807439746
3566 0.09243619535187692
3567 0.35312833453847686
3568 0.39971917250725536
3569 0.9999997550673001
3570 0.9903696307293787
3571 0.0032862305098265774
3572 0.4014961705461455
3573 0.4164873209146959
3574 0.894053839343241
3575 0.9583537529862759
3576 0.7443127768173983
3577 0.4584617612571655
3578 0.9842114728532353
3579 0.6967488730359901
3580 0.018568013351160723
3581 0.0459254598172602
3582 0.058091330211258514
3583 0.14199009464736376
3584 0.22763379121656627
3585 0.06083003287890476
3586 0.4789132146443068
3587 0.4996870763791288
3588 0.013866994808648891
3589 0.15098631801621065
3590 0.23885767042589937
3591 0.05434733400286225
3592 0.5640074106174695
3593 0.8869964875140345
3594 0.8673399689259995
3595 0.2645734249229511
3596 0.835603824674089
3597 0.45668193081396363
3598 0.5745481304608464
3599 0.11907124031333736
3600 0.08216765975034494
3601 0.0788697322900378
3602 0.5487153248092934
3603 0.06514339628797017
3604 0.6376321565739462
3605 0.13364302717719945
3606 0.447231703044546
3607 0.4175696263447444
3608 0.9189101862104264
3609 0.7073626741754175
3610 0.38084696266326523
3611 0.9031626433853308
3612 0.9932136358700253
3613 0.6936662784320365
3614 0.5720917717291466
3615 0.334363001373229
3616 0.45649540663673155
3617 0.27979420719180353
3618 0.16529711342650275
3620 0.5277135102917696
3619 0.5218647758244999
3621 0.49030188245923645
3622 0.679320011146613
3623 0.3453208081529651
3624 0.09933366579888411
3625 0.27970656818476364
3626 0.9666630777861517
3627 0.04546492267891009
3628 0.4590143281652154
3629 0.1261988337254579
3630 0.6170099933612818
3631 0.3308948664375394
3632 0.5596084250493255
3633 0.5892811209032841
3634 0.14749227478012833
3635 0.7409017635065388
3636 0.4170051216340415
3637 0.4931996191391353
3638 0.750207996190024
3639 0.20139755839678103
3640 0.5203034126127715
3641 0.13086303810405078
3642 0.06952385590593936
3643 0.05919143206953947
3644 0.29284946796271855
3645 0.5330996955721239
3646 0.4571065937462349
3647 0.3663181748702558
3648 0.38977885555993574
3649 0.7674566902243795
3650 0.4751785804966399
3651 0.3399266193775924
3652 0.4756762779115883
3653 0.9628697588992177
3654 0.7313405276749724
3655 0.6371816206574503
3656 0.046510589843643486
3657 0.06482864717328447
3658 0.6833647118753613
3659 0.16241289750677826
3660 0.3507941738827058
3661 0.4317165827198161
3662 0.0762811997359413
3663 0.5367307230933828
3664 0.6732498548373085
3665 0.1101952293036961
3666 0.4401316645610532
3667 0.46711290231439495
3668 0.4345656544453536
3670 0.02015661210778767
3669 0.861267961259805
3671 0.3260398268604394
3672 0.2818090310063263
3673 0.8676213770396025
3674 0.6532988085475507
3675 0.8919494697032578
3677 0.03576532280362014
3676 0.3517242931748604
3678 0.3124089195775851
3679 0.8900097354693898
3680 0.45777289056788484
3681 0.21361348733531182
3682 0.3371445779621333
3683 0.41235044988418534
3684 0.42194664304543833
3685 0.8344737183883422
3686 0.9826542974603533
3687 0.43205957914264925
3688 0.6523150771266185
3689 0.9999054424482122
3690 0.15457433549917726
3691 0.8116780964056017
3692 0.9957162117672044
3693 0.0016002215846526045
3694 0.8752325619532889
3695 0.8800649197227337
3696 0.9352767339397949
3697 0.5336929013725795
3698 0.3338536748245884
3699 0.11196935145549242
3700 0.4319357844138821
3701 0.5310885449650777
3702 0.5625498173660465
3703 0.8896259364170752
3704 0.3180675902614457
3705 0.7152574371709659
3706 0.4775764051418335
3707 0.829901329132051
3708 0.5253450195100061
3709 0.20604091913304287
3710 0.1164638006470472
3711 0.8953142197833351
3712 0.7353290018800548
3713 0.2706118632503802
3714 0.2786762973485624
3715 0.019958556003926254
3716 0.12666094318360221
3717 0.17802099434863308
3718 0.3174680677570422
3719 0.06558121414016822
3720 0.5099751198514401
3722 0.3824225611455015
3721 0.14015149319903333
3723 0.8990771019600732
3724 0.9474332157369838
3725 0.025334993826599626
3726 0.4695778298828113
3727 0.04450349797656124
3728 0.01982615811579774
3729 0.2243154592995445
3730 0.20680681457655067
3731 0.8098901221241499
3732 0.14828506083480203
3733 0.14351155852305297
3734 0.04468010064276283
3735 0.3796673210589471
3736 0.2892934121348196
3737 0.12168647380278289
3738 0.2965536402699031
3739 0.8646162054436601
3740 0.21822352347302934
3741 0.05362397922860302
3742 0.34072361318503136
3743 0.8735315159723567
3744 0.4604386135586624
3745 0.38523315714815504
3746 0.14766353899222884
3747 0.43572499275523086
3748 0.7446249721390996
3749 0.06219543780414841
3750 0.4106910760155001
3751 0.78705