1 0.10722890104059105
2 0.11304579783303981
3 0.04675311840930178
4 0.12466050648056104
5 0.4993334673165151
6 0.3477208854432886
7 0.6626496075192084
8 0.060467182659392146
10 0.27062627910843123
9 0.5469708613024796
11 0.03539434312728435
12 0.8270792505289082
13 0.048852733990150415
14 0.8747219812182402
15 0.54152709275399
16 0.41791088215605815
17 0.518269293419946
18 0.7353877903445935
19 0.31834056848045217
20 0.07516632114301038
21 0.34354014902230706
22 0.4481176314514824
23 0.15666697833348914
24 0.6374267765580268
25 0.44519025744823754
26 0.30315430446869296
27 0.021817807537060804
28 0.0340880918601448
29 0.9463743620370055
30 0.22567047591494283
31 0.543994023590914
32 0.026654235928590887
33 0.20425052264472682
34 0.2886179419132735
35 0.20959015856999988
36 0.6873430772324766
37 0.015547358513924359
38 0.33586130287362675
39 0.2669743513000354
40 0.6131019247393105
41 0.12838420789836696
42 0.3689553043712734
43 0.6853456507627196
44 0.3265832590928458
45 0.07995708249740013
46 0.4077155866150645
47 0.43371085764255735
48 0.3692724743350764
49 0.34107239606028583
50 0.7343142544993397
51 0.30846921117213233
52 0.4169468692354637
53 0.2785744570088392
54 0.07749805757013736
55 0.310110938889713
56 0.1398969535826044
57 0.17280822425954082
58 0.027941279913103235
59 0.7030506956384868
60 0.6549767946479284
62 0.6860313648635049
63 0.08409005143969712
64 0.2163077077754983
61 0.9733258814345297
65 0.5909431926687404
66 0.2304740534211532
69 0.2850023261004452
68 0.16563274303675576
70 0.12321499916653665
67 0.411004632862
72 0.4772297092204346
71 0.057822271437015405
73 0.19101490614951006
74 0.46415083688141634
75 0.06250052456961463
76 0.4655562672600624
77 0.1312887688939125
78 0.8852630035204158
79 0.3522783106665517
80 0.6073444702989917
81 0.9953046472260066
82 0.9999912700884467
83 0.6203380073494777
84 0.9937814167024582
85 0.461964370062976
86 0.42731289409842593
87 0.5012279916077054
88 0.40722863650758734
89 0.24329643470857815
91 0.5344851841794453
90 0.7120029409407851
92 0.48662384586280677
93 0.7323757594917822
94 0.11221096836905159
95 0.46827632302126604
97 0.8681129910996072
96 0.09700382643433067
98 0.013660724050360944
99 0.02254810611115349
100 0.6105045307738424
101 0.5566591613389124
102 0.5583066476074221
103 0.002451249999999988
104 0.43840754727296355
105 0.2480207229483104
106 0.2226901628438948
107 0.6519177340146275
108 0.48641571190724925
109 0.8982484093875932
110 0.4386538274842775
111 0.33569756781803334
112 0.5847322641026755
113 0.35403648675749627
114 0.09975368747467313
115 0.1966963445085532
116 0.22952883236268298
117 0.6458948370495105
118 0.6583512839971781
119 0.010008131778771683
120 0.15948948940246546
121 0.15825833093684327
122 0.2599351072960197
123 0.1929694109402648
124 0.6314497710219554
125 0.05118073082630078
126 0.9452534035331767
127 0.5164682313740805
128 0.3917355796421863
129 0.4681247600612972
130 0.7633671050054895
131 0.6547332219360782
132 0.18119775808291222
133 0.23228076040951562
134 0.2839502588127558
135 0.24979036255475162
136 0.06584925410338024
137 0.03923607558643925
138 0.5237508934897525
139 0.2337924869404907
140 0.04834203009808088
141 0.0867927116855487
142 0.18093178458926854
143 0.10186215798523794
144 0.06038278175631128
145 0.23377263688137187
146 0.5007575021210536
147 0.3267601828684168
148 0.7426873382587972
149 0.9652784084796133
150 0.2915636761300423
151 0.29404907922623313
152 0.02403866193608817
153 0.8718248722909028
154 0.3333333333333333
155 0.7324059575874486
156 0.5877088157432476
157 0.8237987192189477
158 0.4454007729196897
159 0.09745756302067018
160 0.864229616496212
161 0.051831377278401584
162 0.8457683535281119
163 0.6001544327723706
164 0.4495068395666264
165 0.408618316954732
166 0.16421293146368127
167 0.1448616335180208
168 0.31069589514599094
169 0.4718187151851412
170 0.13626992631858506
171 0.10404432033279558
172 0.14072006006855567
173 0.09730945377877115
174 0.2394700757589814
175 0.5231246111351299
176 0.03355603303908425
178 0.2655877669332319
177 0.0023845295261856205
179 0.7415359023296227
181 0.7077200508960966
180 0.8103260914349776
182 0.14417377640655604
183 0.361870082683964
184 0.08116866182111415
185 0.27656506801310926
186 0.5584413560465772
187 0.33336113093880343
188 0.23093027715403774
189 0.060489432363600194
190 0.14501896326657665
191 0.14219679625772152
192 0.0451385322628058
193 0.1262423093526898
194 0.5195578221993895
195 0.009906148556368474
196 0.5614825670658253
197 0.2740740261022883
198 0.0870147913743723
199 0.39148496268474914
200 0.1087022911629555
201 0.4002466521435174
203 0.5029364419517831
202 0.14331029921267535
204 0.12534319303185135
205 0.32763941615993736
206 0.640687430215508
207 0.429499403672626
208 0.12359355580888672
209 0.06056570826103191
210 0.08576025863756208
211 0.2516906877806056
212 0.15692401685143478
213 0.5870139491293295
214 0.5322947864643695
215 0.3556187509311969
216 0.07373880622305887
217 0.5003547299483709
218 0.005847604390972354
220 0.5109142157867024
219 0.7006025098179678
221 0.48767715271326595
222 0.7849420475266571
223 0.08438430665983024
224 0.5400973907781967
225 0.7890037670474283
226 0.3615284971025714
227 0.32721021357922625
228 0.24327326412168168
229 0.653465595991808
230 0.22427393048120103
231 0.054116366238385095
232 0.3151392058849119
233 0.24999999999999994
234 0.5952902852873054
235 0.2751354764661898
236 0.7963437484010295
237 0.752859007757788
238 0.15384533082256274
239 0.5437304931310346
240 0.39938168486138437
241 0.32215370862967513
242 0.8156210169648869
243 0.6429849693425753
244 0.4109944045333971
245 0.28033134691558786
246 0.4604109132844252
247 0.36911898452575737
248 0.4660449572715547
249 0.13528845560300173
250 0.09274350872372583
251 0.5750846838962056
252 0.48107502793417517
253 0.04661623755774037
254 0.11250588015136864
255 0.4784727015411028
256 0.2862920374657347
257 0.06281390454162487
258 0.5456121678316544
259 0.027289088694572472
260 0.026225327133100187
261 0.2600309940280787
262 0.3873723477723765
263 0.14575909496612968
264 0.30871623968985556
265 0.7184148379337747
266 0.6764231435882936
267 0.611638707464152
269 0.3316268358468781
268 0.6838762259846359
270 0.12196748166028047
271 0.19063730548715296
272 0.6026100005732048
273 0.9695259907570241
274 0.325441045508719
275 0.04264182800465935
276 0.45130958941310795
277 0.040594278683527545
278 0.3079230890174993
279 0.01059944035228563
280 0.23252017025305516
281 0.569284140397304
282 0.37264858340285445
283 0.17589008501339623
284 0.5827033898473282
285 0.8004781967384037
286 0.10360005906710394
287 0.18667553611937152
288 0.10886385598299249
289 0.34314610495023873
290 0.020109020258772113
291 0.009374437207048836
292 0.7475312759853509
293 0.3459273777159596
295 0.012820834155181704
294 0.6755890212459591
296 0.8556367437167707
297 0.9851860806580378
298 0.5711115619258958
299 0.10113833108499892
300 0.4308549254610978
301 0.6474197894042284
302 0.6888293533541436
303 0.7965423475085099
304 0.32358335143662437
305 0.6166493681489623
306 0.0838924652605151
307 0.40373324166715396
308 0.6345047134058357
309 0.3534833586707786
310 0.001557040175257532
311 0.28842265504549863
312 0.39810671109036483
313 0.6348549058603138
314 0.8522166503113572
315 0.10771952323555192
316 0.5122736883629339
317 0.21467365853963213
318 0.27165333322387464
319 0.09909944193179503
320 0.809323267822686
321 0.04776113722430497
322 0.34702106396825677
323 0.38028883260924934
324 0.6853806574154135
325 0.05510838937660083
326 0.6194530503746873
327 0.5304438199870216
328 0.07530574442830164
329 0.10725854681482629
330 0.2090428810436761
331 0.1728323501894756
332 0.4531831390536538
333 0.6176657332039927
334 0.6291381013035809
335 0.08983594715394815
336 0.045579333570423416
337 0.03618399254460611
338 0.5009731510843479
339 0.13286203718395567
340 0.2117798430747552
341 0.4910637204455183
342 0.7763382175302899
343 0.07145896374243246
344 0.5408499548673515
345 0.3333333333333333
346 0.34437056503531727
347 0.03141438145843902
348 0.6957798642669816
349 0.3277691214613859
350 0.37597764006017187
351 0.29191857505036
352 0.5448497741646455
353 0.1187305570984342
354 0.0990198316247512
357 0.3658245675326021
356 0.6569433487053704
355 0.5123432571193007
358 0.7707102080375803
359 0.22304820732162792
360 0.23182593596993706
361 0.26110009952699414
362 0.6742704031870527
363 0.09273171260677453
364 0.22342857016423984
365 0.45376929311834935
366 0.1890873318528059
367 0.7189190438878719
368 0.3491062019715063
369 0.6182678487023461
370 0.36229081350143744
371 0.4300857631544306
372 0.3961829826775896
373 0.01664886478323301
374 0.7979652212130021
376 0.24549434769754902
375 0.9611165890907265
377 0.4185446098349638
378 0.021076720911002954
380 0.3733466708924048
379 0.022592812700876923
381 0.11730384756620015
382 0.2133666914453538
383 0.4398465386775151
384 0.7932529390741704
386 0.6398309869199089
385 0.12201575723469187
388 0.14678875473446082
387 0.0832769292816914
389 0.5683535241784295
390 0.18491666335781937
391 0.9504487193574997
392 0.4083464245207921
393 0.01197880330607953
394 0.22653328788650542
395 0.11895891751082095
397 0.2884148878994669
396 0.26893171142575395
398 0.21888415774835318
399 0.09225659250351022
400 0.8510022192719249
401 0.3373952081736751
402 0.25053087381377936
403 0.9353960049315514
404 0.45640001428381344
405 0.6035367221449888
406 0.23950028104994012
407 0.18593749633892392
408 0.13231741944263442
409 0.89704987522213
410 0.25970920461441727
411 0.5596294029157308
412 0.3611750204448961
413 0.17254999999999998
414 0.29370742906594854
415 0.3673655729016541
416 0.516869244428538
417 0.04909728278924953
419 0.3939596348919791
418 0.765911117048243
420 0.31457854473520697
421 0.33648208110946726
422 0.2059753814726604
423 0.3483149220455457
424 0.08820767785746464
425 0.3839053559535353
426 0.6493115280220417
427 0.5065911906202284
428 0.16161675135184336
429 0.022645713271991955
430 0.5832609684489103
431 0.748081497130485
432 0.7498654783463997
433 0.2010578351156579
434 0.058457855773308844
435 0.17167419081233415
436 0.9473702374378796
437 0.2829240454535877
438 0.30079835062444404
439 0.9011741030884726
440 0.1946274872580316
441 0.5884316790006496
442 0.33930140747587817
443 0.5764010645946593
444 0.13835479771026798
445 0.29581773197964556
446 0.5193670500747141
448 0.9972051993577821
447 0.21095506646723144
449 0.07170985090604863
450 0.2589529261434084
451 0.9560870684977805
452 0.7993165696033196
453 0.8084846280572338
454 0.8686895060458186
455 0.6329818154683797
456 0.4946012170599889
457 0.02271315766125452
458 0.33820894130809753
459 0.9743258549491844
460 0.7513882092980008
461 0.4328286898181281
462 0.515935023293741
463 0.12066069095713222
465 0.010424243838052528
464 0.77170784122788
466 0.5915899819082829
467 0.10989288226503408
469 0.24408170573759355
468 0.5506534210303594
470 0.004796588905510591
471 0.6618812922220029
472 0.3033918789839957
473 0.8243942591170249
474 0.07950384352016787
475 0.07935156603220754
476 0.033443612406365925
477 0.9178491744950159
478 0.059453227901218555
479 0.4430414312912769
480 0.09594845684871514
481 0.3207479162741186
482 0.5545603756829992
483 0.013369096985953222
484 0.15673951621928406
485 0.4897145967750783
487 0.1418209881871955
486 0.33333333333333337
488 0.4799885306154367
489 0.6552408860369947
490 0.2941632792241193
491 0.23775573143088105
492 0.23471916634298073
493 0.8298655074082681
494 0.6110325206923766
495 0.16298230628892932
496 0.1254895833665479
497 0.5454043287982522
498 0.4213828898536037
499 0.40428540513411193
500 0.2178038079044208
501 0.02314613077692049
502 0.3555757931844889
503 0.13393684044665466
504 0.2825875977297961
505 0.3524004107086391
506 0.2435881959484528
507 0.20918211121257985
508 0.5128410797072085
509 0.1039574790679703
510 0.0048300814519270695
511 0.25572461049239364
512 0.5752158523595688
513 0.2634268012567623
514 0.4793880465786687
515 0.33073141994513894
516 0.0871586393721414
517 0.9609952393554506
518 0.29760763682150493
519 0.22679231080864046
521 0.48788963375374
520 0.17257231875585846
522 0.273054015797023
523 2.3360011028748163E-4
524 0.13781131473529193
525 0.3131313825119816
527 0.03758719080455418
528 0.810164176001065
526 0.2891939187343848
529 0.36100100214856357
530 0.5594438035569707
531 0.5779331856135178
532 0.5808156954625978
533 0.22342628911552317
534 0.129856096024557
535 0.6330214989346067
536 0.4463766636599813
537 0.45859206938042973
539 0.3244002063865136
538 0.15606250649336784
540 0.3520186197674633
541 0.3456645272210358
542 0.4320391437213409
543 0.6
544 0.3161045048938653
545 0.8434738675234178
546 0.7600244353040961
547 0.1760511145397509
548 0.2467714769095888
549 0.4749313878537617
550 0.2646369173588779
551 0.8659293006134271
552 0.2408350328939388
553 0.9865087675983392
554 0.6756930004602113
555 0.576750783957963
556 0.43295457039255536
557 0.7936541651856864
558 0.30283083984004144
559 0.5581019516824434
560 0.34975675172398324
561 0.03792610782408776
562 0.25908711179058524
563 0.6445571325675759
564 0.3402599100016029
565 0.41816535886871375
566 0.0353061111418915
567 0.05416033658623674
568 0.3322952225615947
569 0.5325333394137047
570 0.19988833404979028
571 0.4855120895797273
572 0.5836931007887628
573 0.7916203162693458
574 0.991990535813822
575 0.331360236248499
576 0.36231600210229137
577 0.3387322673652246
578 0.26368170312617356
579 0.49751809289123083
580 0.5262411265429309
581 0.2539841471768275
582 0.8718972410724241
583 0.9383844158501891
584 0.6383340577100676
585 0.7643244191087201
586 0.7619683669962958
587 0.9551645069836494
588 0.9909233857838804
589 0.3472433277165496
590 0.01902084602960575
591 0.49057163182309604
592 0.25403244463775093
593 0.285603183914549
594 0.36362880137128734
595 0.12369021985724506
596 0.48426814685202485
597 0.3522820430062801
598 0.5453957994804173
599 0.26497032095413947
600 0.2912727261026671
601 0.05953388169998965
602 0.19278841868933588
603 0.5562021034900514
604 0.19946573443263668
605 0.47701479588247686
606 0.3164641389739219
607 0.1069042547104284
608 0.9238811780501945
609 0.14858526745714956
610 0.6807158529527099
611 0.5199720282016083
612 0.9230170324301473
613 0.05963348227364107
614 0.253085649225776
615 0.6563874276619656
616 0.24354195973634316
617 0.23283465888554358
618 0.8457963964245737
619 0.7946149073110021
620 0.2304143458130626
621 0.9742431181018331
622 0.3167425513404241
623 0.2624430106106867
624 0.5693596692854969
625 0.3927579028717224
626 0.1929563860921986
627 0.7755884820142159
628 0.36706949543508294
629 0.16565937833482305
630 0.018175511679331537
631 0.07197483270748335
632 0.4411259081856363
633 0.6475548642022122
634 0.8824564731643314
635 0.13277769784956764
636 0.020833510416755165
637 0.28889479895437004
638 0.24477422672823992
639 0.5949300605662616
640 0.25796690611073936
641 0.1013718982057258
642 0.04186447661599459
643 0.3093729024217531
644 0.5790508003837896
645 0.6599504136031892
646 0.2696915418170132
647 0.5531734996726835
648 0.6345340482445038
649 0.7455181530633909
650 0.408003783368379
651 0.17901518274217032
652 0.01750807018354748
653 0.44579047493231666
654 0.19081120364858584
655 0.620209432611573
656 0.1154784924498726
657 0.5212530069920076
658 0.03666132764515361
659 0.03568085546902036
660 0.2600756102794306
661 0.7437687478822262
662 0.3440866887546373
663 0.050925614390496976
664 0.9609763136224659
665 0.009059992625784016
666 0.25571136861723487
667 0.29267532353119635
668 0.8465945732047631
669 0.31614586298058533
670 0.7859177059416315
671 0.16743501747264727
672 0.2560202250559973
673 0.25783615646735586
674 0.8665930855678412
675 0.8994112485897897
676 0.422606283360932
677 0.09026838666641505
678 0.3596061093449543
679 0.12456116524632466
680 0.11470036175769151
681 0.1599075850030386
682 0.28496876877449623
683 0.5299433018466624
684 0.10791507884662431
685 0.5523003720770963
686 0.508857830511546
688 0.46645156462965515
687 0.32701124396948855
689 0.007811066568210298
690 0.12558156996616993
692 0.7237192619522421
693 0.6878714371843502
691 0.38102841689001377
694 0.22571896998031582
695 0.2111587940434411
696 0.7005688792272708
697 0.27954583683463774
698 0.7882040541551347
699 0.16793793971773932
700 0.5656177810342629
701 0.3634193703430651
702 0.3229894586437139
703 0.4896745643580291
704 0.06020408713741624
705 0.3237487874964614
706 0.34557389471734345
707 0.020094111975047804
708 0.9969652359763823
709 0.1676055849670661
710 0.19643921851384522
711 0.6129549564189439
712 0.3486800866620391
713 0.38918918898392263
714 0.780969549335896
715 0.1411400049859465
716 0.09496204845418618
717 0.5643983577118725
718 0.17229941427429668
719 0.33686604326418945
720 0.5040557562705252
721 0.08822180324278667
722 0.0010402240567090634
723 0.052934046685636615
724 0.6701078419224272
725 0.4016009068317565
726 0.5977127499892785
727 0.33333333333333337
728 0.7357671841978742
729 0.23613321425251868
730 0.20991844218246186
731 0.42628923811152536
732 0.19359582616648568
733 0.20639381794193787
734 0.3675182756088319
735 0.18069686270945734
736 0.746350602469512
737 0.9898593116775042
738 0.971375755302352
739 0.13625498875746045
740 0.671998924586638
741 0.2423378007006205
742 0.9571650623686423
743 0.9318229270961479
744 0.756172724278407
745 0.1520860537924989
746 0.07919075384001295
747 0.049139654138604556
748 0.5217428569236446
749 0.5422246465653443
750 0.13163403160710466
751 0.2554301007258508
752 0.15535676457530567
753 0.05793301167813721
755 0.19016703934143284
754 0.26170368245188363
756 0.5448974349415621
757 0.09336273654453911
758 0.07465854484518529
759 0.8458706711373728
760 0.07608703485352188
761 0.05376573334312016
763 0.7997381062863514
762 0.6566259230300117
764 0.09995835056238545
767 0.30213539022872915
766 0.6260386806191083
765 0.4708791379546605
768 0.6249640045133743
769 0.05483872521281886
770 0.32420888961406674
771 0.4154997216665342
772 0.2944603292845577
773 0.41378543923249467
774 0.08817578109190417
775 0.1749462549265423
776 0.3356504472968278
777 0.8144692943945739
778 0.7602997878813522
779 0.7386099018701882
780 0.04388415545039102
781 0.5718007719736334
782 0.14067650869411708
783 0.3988823301143483
784 0.7448297438565911
785 0.398929818133503
786 0.8210926001963877
788 0.9988109659058997
787 0.998996146933574
789 0.804375891013033
790 0.6029969448893276
791 0.54865808759116
792 0.9964453455529853
793 0.8457620816707746
795 0.011524487886126655
794 0.38011956556265747
796 0.5743178368158157
797 0.9760014361602298
798 0.22751795411304077
799 0.058083482736621186
800 0.3955658870617556
802 0.4078446000666394
803 0.4913635597351887
801 0.6435569916104421
804 0.7495044260073607
805 0.525049058872638
807 0.4141415655174416
806 0.4604300255635626
810 0.91606204207195
808 0.7008303599826323
809 0.13842425981954817
811 0.6845908553767599
813 0.16859877165325135
812 0.6561402604616272
814 0.023968686403569923
815 0.1388216378625347
817 0.21296281721533655
816 0.39821289613918226
820 0.3975485480852312
819 0.10470581420353962
818 0.2634465828595323
821 0.12572974993832478
822 0.5737620336989244
823 0.7243124674292932
824 0.1816751357783781
825 0.7090939755831348
826 0.3901689833437316
827 0.29444086635271904
828 0.6335937056928014
829 0.5571126439872154
830 0.11133807124969655
831 0.20473193003943274
833 0.1902604157760087
832 0.6010769984340475
834 0.02269113487822915
835 0.16198769360683454
836 0.7133415831988269
837 0.11469512429189539
838 0.6213471280160869
839 0.8183575328399291
840 0.3170912169993553
841 0.5942332626599446
842 0.45197757941432765
843 0.005983281052539767
844 0.15318992022249384
846 0.2889693469719111
845 0.12019842963447705
848 0.33543238702873357
847 0.06410199128858914
849 0.27966086433492887
850 0.9159294082337502
851 0.6644915545774969
852 0.6148564793376009
853 0.23500189136021887
854 0.7366549614919978
855 0.607984503549284
856 0.9989994253867385
857 0.9038631638909057
858 0.7021370738213539
860 0.21427640275363585
859 0.21043383454592265
861 0.7081296924051322
862 0.2212364402713357
863 0.3066125518279726
864 0.09478454096176263
865 0.28404387303922135
866 0.3461850574538429
867 0.1336913414912557
868 0.2651984241771032
869 0.20777000300564505
870 0.06061353680118608
871 0.5440222152857782
872 0.9963623325202154
873 0.6967268630375179
874 0.26646989074884275
875 0.3264517385722248
876 0.40069061828997676
877 0.290245232673109
878 0.28888149968450877
879 0.9712732565695961
880 0.187570798737455
881 0.22331784579608957
882 0.06972004322695824
883 0.021695231645634
884 0.24403657484041252
885 0.08124284550061646
886 0.7893384869960455
887 0.2676967205533035
888 0.22679231080864046
889 0.5997164289519982
890 0.003288996331858935
891 0.16816359647652038
892 0.4176551418290794
893 0.051440114727436266
894 0.3708969441057548
895 0.15244977668537044
896 0.3651740714442304
897 0.5640943232362727
898 0.4510217704871117
899 0.7685726318632969
900 0.3722370091589716
901 0.8109819944060064
902 0.973470153831125
903 0.34889159857247687
904 0.7027822104574767
905 0.6177733774367513
906 0.13597943765682544
907 0.4952319997522967
908 0.07040869819787954
909 0.15090352713658398
910 0.10964593930539762
911 0.2533708429455942
912 0.5509293954950474
913 0.02833381738172167
914 0.4039084377563432
915 0.3163918283955262
916 0.650657072239239
917 0.5134120322422828
918 0.646209726595986
919 0.6429547287595259
920 0.3739839661013389
921 0.5766424323795555
922 0.6702108339073917
923 0.14384658626870736
924 0.400991419096783
925 0.26060009694384134
926 0.47510495135224823
927 0.39085377368520713
928 0.24213166884296583
929 0.10251182467976692
930 0.01094323989860012
932 0.17927142857142858
931 0.7234181934402361
933 0.01055096143670507
934 0.6956843327561858
935 0.20409420058279928
936 0.6224853649552841
937 0.6006365056779568
938 0.0593175814400176
939 0.10766529505167759
940 0.6834216383669072
941 0.6304692135132537
942 0.6408139457191618
943 0.022580647814774694
944 0.7519548844253429
945 0.08858685465205607
946 0.3976164054527611
947 0.37087412089940425
948 0.07901052289556822
949 0.356024886104992
950 0.005548203996173038
951 0.01111249902412364
952 0.2788075956551603
953 0.3667525508619892
954 0.01153980745878227
955 0.07901325643186079
956 0.8775318163872667
957 0.302827185639038
958 0.5474707678951145
959 0.08367191842441184
960 0.5143033528004414
961 0.0817027315233512
962 0.7916240707062773
963 0.08534682563691628
964 0.01832462305721013
965 0.6884941076159992
966 0.10893213699895625
967 0.19115848744439776
968 0.30355348241898383
969 0.30055864089587037
970 0.587115456270343
971 0.8027269453688071
972 0.15965215388116238
973 0.6350781771293573
974 0.21071567319719653
975 0.030848892634074775
976 0.02952072228050942
977 0.8191507918491758
978 0.3640585267801282
979 0.08967402978786505
980 0.6428430927444316
981 0.020574953242440536
982 0.014591858394717265
983 0.13569589674296792
984 0.12365976584803759
985 0.4300774681813762
986 0.3659532214210332
987 0.3933762367365352
988 0.24782557117214607
989 0.27835412750313715
990 0.3271273013429822
991 0.7155860356361653
992 0.14551308724732395
993 0.3295963940747465
994 0.008853243065701242
995 0.21949220362524344
996 0.3528970977174096
997 0.5179957711656893
998 0.1920962606069884
999 0.5459776798585462
1001 0.05117039914342597
1000 0.6097265161407935
1002 0.054335889205564744
1003 0.29110564944085243
1004 0.4435450301148135
1005 0.45889441561591254
1006 0.36354742771695464
1007 0.48135526787306027
1008 0.6564346936880612
1010 0.2882270630587394
1009 0.1073303165004383
1011 0.1894350791349331
1012 0.05353382810896549
1013 0.04738554536916759
1014 0.1666807825008763
1015 0.0277569809223791
1016 0.609756208232213
1017 0.27613920491058364
1018 0.3037410300729461
1019 0.6969481472226544
1020 0.006734746794469988
1021 0.6502439606075806
1023 0.1972388274344882
1022 0.1033077323515894
1024 0.5258169177426569
1025 0.320875427210623
1027 0.25006248208882986
1026 0.5812337744914068
1028 0.5846431486622464
1029 0.7333748348558148
1030 0.7293533616097326
1031 0.7428415651798784
1032 0.18755888313356325
1033 0.3599983425999339
1035 0.31937228770659165
1034 0.48186199898528614
1036 0.3837702680623001
1037 0.19589600563824847
1038 0.7847495711862859
1039 0.520748785180576
1040 0.07168385692764508
1041 0.010803353402620711
1042 0.14625413882184565
1043 0.5430988363006951
1044 0.48986745709835716
1045 0.35364799370215194
1046 0.2379973143224219
1047 0.19341302349349532
1048 0.020101563989263174
1049 0.3164024110859439
1050 2.8922319042951994E-4
1051 0.3443957818769796
1052 0.6772379767090407
1053 0.05427231719418564
1054 0.05078229742821269
1055 0.0789658315139304
1056 0.6893843644830306
1057 0.10749974340617628
1058 0.43293097681993487
1059 0.2847235179403385
1060 0.636332686423761
1061 0.11408060617115444
1062 0.01400713536877144
1063 0.30888070939408224
1064 0.6850467912735682
1065 0.3011076198038271
1066 0.5437729335081546
1067 0.28945170244526003
1068 0.6742071917355611
1069 0.012003846802947771
1070 0.752174317345348
1071 0.24508382111797733
1073 0.5897200524932295
1072 0.9613390121174442
1074 0.08371035241909525
1075 0.1595761502201512
1076 0.3429134326070923
1077 0.0354430543182141
1078 0.017346702189156203
1079 0.4090938654414695
1080 0.10360737192775028
1081 0.8977334619593557
1082 0.7177915987303882
1083 0.9887518542019124
1084 0.5123758974891671
1085 0.010660127225401788
1086 0.03386750182893772
1087 0.5545360364100798
1088 0.4156829172885266
1089 0.7678632602641454
1090 0.3097489420196066
1091 0.3163264034189556
1092 0.45588872775717715
1093 0.5602708843610886
1095 0.622329091911461
1094 0.27496622581658453
1096 0.015490491259332152
1097 0.37783657797384906
1098 0.6802629136973634
1099 0.5699505358369044
1101 0.9261066037639589
1100 0.00819645467395195
1102 0.18594518220388737
1103 0.40645116386049884
1104 0.46150273191115176
1105 0.10352318808966147
1106 0.5984313780137446
1107 0.6191357533884128
1108 0.5926024996221841
1109 0.8790677373749509
1110 0.1291852535795473
1111 0.024595991401968397
1112 0.14127376861691712
1113 0.1812038271487445
1114 0.4995069678910247
1115 0.36469099627495943
1116 0.40816461720683733
1117 0.07387673434180878
1118 0.2773811356911762
1119 0.3100731134687555
1120 0.6663156027791339
1121 0.1893193683164337
1122 0.6040594369163945
1123 0.5575515227517555
1124 0.5666740462299744
1125 0.17226629188174133
1126 0.4037220437841054
1127 0.18764144635947666
1128 0.20981352962193325
1129 0.263326642570022
1130 0.33069842942250643
1131 0.10781619655481946
1132 0.3627182018026557
1133 0.3703187787945241
1134 0.1763561371657413
1135 0.001264736136200381
1136 0.6045761805885402
1137 0.2791862655529581
1138 0.07589463097700237
1139 0.01969751446545009
1140 0.15961109493343428
1141 0.28813535191028883
1142 0.3310510895945194
1143 0.037577907289647994
1144 0.13550564735904494
1145 0.07457667848310473
1146 0.509572348358184
1147 0.5352589663602899
1148 0.5038906073600065
1149 0.4409706629613378
1150 0.8176320206785714
1151 0.19846112644861028
1152 0.15560072395896354
1153 0.588827976203363
1154 0.5802369115162687
1155 0.46129233385571417
1157 0.3923393094183313
1156 0.5545363148911516
1158 0.590488265959898
1159 0.09013626053984798
1160 0.0169378832781081
1161 0.013631438110245322
1162 0.22991584237786625
1163 0.46657689091805504
1164 0.3762241420815173
1165 0.9048464413916012
1166 0.05327653651238625
1167 0.5899485484948586
1168 0.257421992919674
1169 0.205429909363049
1170 0.051205066818437756
1171 0.38260833016573775
1172 0.9760692369507835
1173 0.48565514397519
1174 0.2718035114282411
1175 0.20026598511158686
1176 0.22390952883573378
1177 0.34503090312889406
1178 0.054655249964474496
1179 0.5947570638311777
1180 0.8026166334080225
1181 0.11074573831668995
1182 0.3914786948743217
1183 0.2986448563385316
1184 0.015813055682889994
1185 0.11859844759196678
1187 0.8466959106677495
1186 0.3727627472209963
1188 0.7208091865460646
1189 0.2671146553671009
1190 0.2420170910673651
1191 0.8293035288391346
1192 0.11209887084856174
1193 0.9049721568771963
1194 0.23277672353095194
1195 0.008485924945634266
1196 0.07885285062742602
1197 0.20175428131729164
1198 0.25838783519729674
1199 0.30469629433433587
1200 0.09064351685124337
1201 0.35458220212333885
1202 0.22428860251693966
1203 0.15229829734247083
1204 0.2857258238769491
1205 0.23891351741004585
1206 0.8943835124198533
1207 0.587476076908398
1208 0.21947034779467278
1209 0.043388465674309123
1211 0.79215183852207
1210 0.20425707811599247
1212 0.008067356077330765
1213 0.4832924128064415
1214 0.4981225818939862
1215 0.1283130200882947
1216 0.21770089163611153
1217 0.3333333333333333
1218 0.5889810043633487
1219 0.11044768848298653
1220 0.5420923723429116
1221 0.057882163199202
1223 0.7846648180762199
1222 0.7967132758629211
1224 0.4043343384255276
1225 0.9999720827084703
1226 0.16598436908420747
1227 0.9721968747917237
1228 0.4706369702305754
1229 0.4251276932877324
1230 0.030841059483441978
1231 0.1746019057676903
1232 0.2927929169710587
1233 0.37201382157431434
1234 0.3356890780719359
1235 0.019713091048747303
1236 0.28984444015436994
1237 0.4659795863322118
1238 0.09847031472261977
1239 0.05311348846767542
1240 0.38553025643298416
1241 0.17880553034566415
1242 0.6272233623490461
1243 0.44444512882422876
1244 0.5527799212029131
1245 0.21311356455899025
1246 0.5521070569955921
1247 0.15679577585512114
1248 0.6503240221776857
1249 0.5901278056453318
1250 0.3408546574807119
1251 0.5463589888264814
1252 0.7486988366440563
1253 0.27644418766803164
1254 0.7657030799440286
1255 0.6412243475408491
1256 0.10386716328827336
1257 0.6381998188907828
1258 0.16998154808733415
1259 0.10589605944463006
1260 0.45654566937881025
1261 0.17212147375904352
1262 0.17973833333333333
1263 0.007648325192712819
1265 0.46171527385037436
1264 0.30957948619039294
1266 0.5007228574199287
1267 0.2206778829546734
1268 0.6082148302176696
1269 0.25803949678420124
1270 0.24240788210306774
1271 0.4612552041789752
1272 0.7117057019321332
1273 0.47532793147256025
1274 0.47276955640948776
1275 0.44657467848190996
1276 0.6705845296216816
1277 0.12413805636142689
1278 0.7323918944997226
1279 0.8084555590676838
1280 0.674755732094409
1281 0.2874838892481833
1282 0.44179983698834496
1283 0.31491760188291035
1284 0.30504457423284714
1285 0.9823018109677437
1286 0.5637284237920808
1287 0.10017637042425968
1288 0.9730895474226084
1289 0.40377361395513534
1290 0.9685538336926612
1291 0.074803378851857
1292 0.1115538334312018
1293 0.11374329114352391
1294 0.7170594501057154
1295 0.11120556032726643
1296 0.08288483143118125
1297 0.4155051345460205
1298 0.015503605252077736
1299 0.0427891625204991
1300 0.016799410009317818
1301 0.40120747991700056
1302 0.4799775802527659
1303 0.6134858563329633
1304 0.3255171333431287
1305 0.05980047306318578
1306 0.2979764388247449
1307 0.48715550893694365
1308 0.37396594640089015
1309 0.09547456000640239
1312 0.8693935135733768
1311 0.09051607533062775
1310 0.4846970980925137
1313 0.6867114421496253
1314 0.2706381466427164
1315 0.77090969413549
1316 0.3648172400401015
1317 0.719567288570908
1318 0.6
1319 0.2565439840282084
1320 0.29303761916474774
1321 0.5585181737612096
1322 0.07817616091407918
1323 0.34654760370289767
1324 0.1005991182069718
1325 0.23116744800325334
1326 0.6116679893202119
1327 0.7805691868109048
1328 0.0697185510123581
1329 0.053054695186476125
1330 0.4874242126498845
1331 0.5948498799738667
1332 0.1769784608900153
1333 0.07438733817956539
1334 0.5005230563115551
1335 0.0056693157600354
1336 0.09822789796946604
1337 0.673558612788362
1338 0.14755364170941146
1339 0.4929515441258682
1340 0.3699480087181999
1341 0.016011890133295917
1342 0.323492552300456
1343 0.09925678785469044
1344 0.26617185309020025
1345 0.12987211077590077
1346 0.3535612027451341
1348 0.6942424112821746
1347 0.04579861420637962
1349 0.1981428425939888
1350 0.3642028011408019
1351 0.7090795225501528
1353 0.4539015700955142
1352 0.184501875768351
1354 0.48514806855561127
1355 0.8582641484930185
1356 0.4090424140166096
1357 0.5561552349479219
1358 0.7437717280377841
1359 0.7267148211784215
1360 0.30293698562475013
1361 0.05502005382084367
1362 0.6937293762621561
1363 0.6277932268048634
1364 0.6724964568767939
1365 0.32585071614850125
1366 0.17254959223754623
1367 0.32656272680910975
1368 0.8711691324189007
1369 0.3662532784574303
1370 0.40661193398860634
1371 0.26309194297664357
1372 0.2439173197893004
1373 0.06417684582549651
1374 0.17038739035146858
1375 0.14768224599424323
1376 0.0646829497617211
1377 0.3000100649528015
1378 0.3333333333333333
1379 0.6388329495104826
1380 0.8376240806710282
1381 0.16728318462180494
1382 0.5569829838181574
1383 0.1404106897400921
1384 0.5748025031512487
1385 0.016314289370884576
1386 0.606818756303795
1387 0.7173434369110236
1388 0.10576937222626343
1389 0.1344884031698732
1390 0.23910482638064998
1391 0.2691723814979603
1392 0.33535233416871807
1393 0.4874370829019262
1394 0.015244030432085198
1395 0.1890963262338868
1396 0.5099657954869578
1397 0.6702279188199752
1398 0.08121814926949618
1399 0.0019685980774023313
1400 0.007696318656102999
1401 0.6366882692949289
1402 0.5219225970302018
1403 0.6467723439967301
1404 0.2696891797148867
1405 0.18868074387573333
1406 0.12312763110661487
1407 0.3517775318809295
1409 0.330984005635819
1408 0.25955010056353367
1410 0.5165337221265802
1411 0.12285681604081172
1412 0.6589202799405875
1414 0.44346121944639183
1413 0.564307744043085
1415 0.002062338808559195
1416 0.13209631737348473
1417 0.07323577014928759
1418 0.017576834961936336
1419 0.5321753191276553
1420 0.2593792732908506
1421 0.42855801332831595
1422 0.6358990358321136
1423 0.7064850441474005
1424 0.46314045502226764
1425 0.32179769652386514
1426 0.28688023248416966
1427 0.35669241293035864
1428 0.17819008460327185
1429 0.5128772083095035
1430 0.010160426073423346
1431 0.34696990191280436
1432 0.23397188593028134
1433 0.1834702606649054
1434 0.13824868005278615
1435 0.05308523319121335
1436 0.10718301908723583
1437 0.8251830030971053
1438 0.6735029261198664
1439 0.09108277186716758
1440 0.24489474930059935
1441 0.41749873842612284
1442 0.6549469420196603
1443 0.540252344783923
1444 0.12156856078428037
1445 0.5105858344227318
1446 0.7533939828392832
1447 0.34612707077219085
1448 0.4300884061084522
1449 0.30803861394647625
1450 0.6809990054649911
1451 0.8166990786389163
1452 0.6171718595798674
1453 0.5874284046161339
1454 0.5186609509894462
1455 0.18830439008573663
1456 0.4634180337088907
1457 0.39332790230156783
1458 0.2099184836211562
1460 0.9910092446713028
1459 0.5621988320659567
1461 0.5025165163954676
1462 0.1257660787334497
1463 0.9693704992564571
1464 0.6377469373787235
1465 0.7080134402672825
1466 0.43497846470607043
1467 0.5074512848010594
1468 0.9359624590685243
1469 0.7320261993480158
1470 0.2812603478227457
1471 0.12754315196145982
1472 0.08526930170700855
1473 0.26690351499949194
1474 0.632083973051962
1475 0.1801856083429017
1476 0.17765148276404047
1477 0.28319630450663935
1479 0.7163084017264104
1478 0.1434108511424125
1481 0.6706566802788775
1480 0.8539496590574164
1482 0.1489526288321737
1483 0.24428804852973993
1485 0.526927206734002
1484 0.7449171273843199
1486 0.08496832899371125
1487 0.8118974693054111
1488 0.3969591088624054
1489 0.14357211735032968
1490 0.7116806419475918
1491 0.06452646176829376
1492 0.09347974790513629
1493 0.028070580424767382
1494 0.2475305775350124
1496 0.8481371049059795
1495 0.0410268855763627
1497 0.25462651752520105
1499 0.7094142828732501
1498 0.43774800795631874
1500 0.6252892902888644
1501 0.7602220171444943
1502 0.4851687504689107
1503 0.34837774556806783
1504 0.39534060013669536
1505 0.4321884894647613
1506 0.24639820150045505
1507 0.20460876479041157
1509 0.04664790223463277
1508 0.18481697752572987
1510 0.31041857254764477
1511 0.5166216153844572
1513 0.5613255515402775
1512 0.10533295684690029
1514 0.05090909765288864
1515 0.20131052962806845
1516 0.6566518607740152
1517 0.3872533865042053
1518 0.6048887815487357
1520 0.46902036377505024
1519 0.07777208640474745
1521 0.11672400802088695
1522 0.07666296170256875
1523 0.0612914876503884
1524 0.8178989733409763
1525 0.6481240392913168
1526 0.18014713120402145
1527 0.11430435854817013
1528 0.019653327125729883
1530 0.09169329127121499
1529 0.0692001032455216
1531 0.03189411674524755
1533 0.07092076731513851
1532 0.4755551257282613
1534 0.3606469539402644
1536 0.15218944767401787
1535 0.2527763540733764
1537 0.28075981120678967
1538 0.3372067377331341
1539 0.27451312219178253
1540 0.3441806502710858
1542 0.32360725661190815
1541 0.33396558771307755
1543 0.19543917931352373
1544 0.17903812035795566
1545 0.41815381362476517
1546 0.556271149761223
1547 0.48212711801148084
1549 0.8164328382066721
1548 0.5264726429293272
1550 0.020734616707138068
1551 0.34548737147834857
1552 0.31635384157867574
1553 0.9899191432583612
1555 0.314459039116839
1557 0.5838491636747406
1554 0.16384209215882073
1556 0.318364056722494
1558 0.15106234704957616
1559 0.9137266394353981
1560 0.2116802949227655
1562 0.1630193474448216
1561 0.16230664898195246
1563 0.048929584911486884
1565 0.2937433309230462
1564 0.4330387394142201
1567 0.7600163198694411
1569 0.20212825599837958
1566 0.27312951931378177
1568 0.21041515028727784
1570 0.32019430356618
1571 0.36415246817650393
1572 0.47132871123284553
1573 0.30180791088690345
1574 0.19767455651713245
1575 0.2624909264379087
1578 0.3987128785801043
1576 0.13392183788882653
1577 0.5515821905699927
1580 0.5430758765849832
1579 0.5982594910027463
1581 0.42043218542034994
1582 0.7743921590870182
1583 0.5517583736165279
1584 0.5140378667207913
1585 0.2609738516148438
1586 0.038812980781266486
1587 0.13057305184785747
1588 0.2963130800160671
1590 0.11902167694451495
1589 0.149561123087766
1592 0.5991192053646711
1593 0.7759148019633051
1591 0.11770614175917339
1594 0.1475706140206478
1595 0.3587300627866387
1596 0.41473226834278776
1597 0.89956781440137
1598 0.566401845029558
1599 0.5631417355079775
1600 0.06514413450580338
1601 0.42312937832655334
1602 0.9276336857946043
1604 0.5665356677039519
1603 0.42052867736090244
1605 0.4978605194511883
1606 0.04049025086371485
1607 0.6529431315192294
1609 0.5982113859190592
1608 0.9353499949199051
1610 0.5055515898263528
1611 0.2730647997326786
1612 0.04105835789282401
1613 0.6416039146183536
1614 0.24803153163554298
1615 0.886624338022138
1616 0.12292891374406041
1617 0.3175387332905378
1618 0.5686550064441402
1619 0.7800163231765065
1620 0.14352031958033465
1621 0.2818553750044478
1622 0.3996709130718892
1624 0.15395763697536952
1623 0.32365682093382037
1626 0.47515932320473186
1625 0.31898499658029383
1627 0.01049962874898926
1628 0.11615435943228186
1629 0.5318431180971369
1631 0.5903747992477328
1630 0.2361088358582904
1632 0.7204113784076225
1633 0.925277085417994
1634 0.04832290680135126
1635 0.35315123331941745
1636 0.33786349104284286
1637 0.4633656658459606
1639 0.03877022289182081
1638 0.26390489974421527
1640 0.060631215490066
1641 0.6768992773997154
1642 0.7053526130094326
1643 0.7107865122653441
1644 0.34427969105983114
1645 0.013559946164757631
1646 0.713304901172137
1647 0.27005641122277335
1648 0.9777761242128111
1649 0.42814090310126446
1650 0.5957859767687567
1651 0.08746425910974522
1652 0.47014123427278315
1653 0.2386230553047692
1654 0.236805186982585
1655 0.23572615156379834
1656 0.7741817145700897
1657 0.6001026412318133
1659 0.12976075819120195
1658 0.7003643211374277
1660 0.1397455738287584
1661 0.4988799781462061
1662 0.42893038557145813
1664 0.5996466219337978
1665 0.19779069346378544
1663 0.33200861516920016
1666 0.5810797579647454
1668 0.583665972509862
1669 0.029250406339473744
1667 0.5164448883032503
1670 0.3577565044259051
1672 0.45863113719050974
1671 0.2431050810424961
1673 0.45149403441368996
1674 0.8158360865916686
1675 0.04875987734351293
1676 0.07851506048928039
1677 0.5926888134784865
1678 0.5948305252691782
1679 0.34468093971931346
1680 0.5456473499488196
1681 0.21684156154609555
1682 0.5054486227217251
1683 0.468656801247547
1684 0.40767348256643765
1685 0.7899804763612253
1686 0.6106518338608059
1687 0.503311790317103
1688 0.5818113024212106
1689 0.3730974658555916
1690 0.6126673727563275
1691 0.5412428909699976
1692 0.42556953812960263
1693 0.11397386417254532
1694 0.1999202548153257
1695 0.28197759698116726
1696 0.2765363033370803
1697 0.060414622763928456
1698 0.056831994198211756
1699 0.004675051347029955
1700 0.07792208652387103
1701 0.9997941151778006
1702 0.4009300350918477
1703 0.6050865725374264
1704 0.6450174607602875
1705 0.3589319745085626
1706 0.7463767948226844
1707 0.7877675811905321
1708 0.5707628100308784
1709 0.08048303726529524
1710 0.2760127112786196
1711 0.9323313776621557
1712 0.7870148787847258
1713 0.19991641269218627
1714 0.6382489001443067
1715 0.2917750508123126
1716 0.41514438506152485
1717 0.5300944758095061
1718 0.31217397054889917
1719 0.45612780250317864
1720 0.4839365194810599
1721 0.8538982373092696
1722 0.306474799026964
1723 0.4563128735802879
1724 0.025856192074957436
1725 0.6673393036052602
1726 0.01916628942746996
1727 0.7479386750573376
1728 0.3180156167022588
1729 0.45625922531095786
1730 0.6380240459503573
1731 0.6350623072195438
1732 0.6590290855019724
1733 0.03002450361785318
1735 0.16846542399340445
1734 0.5106819612924692
1736 0.5112662760584814
1737 0.5780264042841696
1738 0.006855052143460901
1739 0.03224689992729801
1740 0.46629760528488856
1741 0.048496461749897725
1742 0.8733717644031389
1743 0.13550305920137137
1744 0.6303865372362352
1745 0.1396947475882982
1746 0.04296852043138856
1747 0.37180881955049794
1748 0.1323522896850714
1750 0.15828105573524842
1749 0.11069423455868012
1751 0.09885119985575944
1752 0.017109237696862477
1753 0.1776311153909388
1754 9.558011567442242E-5
1755 0.5134641944384305
1756 0.5404931356844348
1757 0.009438736667567605
1758 0.21092733442397685
1759 0.09191184691131572
1760 0.28466222770743504
1761 0.8190523622585497
1762 0.767689521304779
1763 0.02774685840045395
1764 0.4868533662692547
1765 0.11672044567143723
1766 0.06207827661531858
1767 0.30822896390019155
1768 0.26189426366055313
1769 0.19391799612620025
1770 0.15594254275914454
1771 0.7690350903638097
1772 0.21210831225929155
1773 0.12011054088489526
1774 0.18473890646922084
1775 0.24602168817793077
1776 0.5846084911470438
1777 0.2944544677712521
1778 0.6879837120225976
1779 0.9200801428290029
1780 0.19242188294177381
1781 0.17865945028222222
1782 0.1605048589212176
1784 0.6375183092037792
1783 0.30780411504082317
1785 0.25679624667122125
1786 0.3765535908364527
1787 0.8802251314518192
1788 0.5270658847249067
1789 0.4184139322541353
1790 0.17756198226011397
1791 0.913378676159063
1792 0.5739778638996056
1793 0.25753507688229793
1795 0.1463416488201242
1794 0.4579858061919574
1796 0.22007475156764342
1797 0.18801078871917953
1798 0.7036841621964949
1799 0.5879530840242377
1800 0.8387322173221061
1801 0.8491921638438759
1802 0.5765075156054539
1803 0.20921942847428565
1804 0.49397579593284524
1806 0.9746859943395189
1805 0.18928562646681948
1808 0.22672068121094993
1809 0.04775302830283962
1807 0.19029659729124476
1810 0.7033521958458341
1811 0.13543355642772192
1812 0.39461648256774073
1813 0.4590790929780233
1814 0.12972092657218084
1815 0.5501545363339355
1816 0.8596519517773714
1817 0.27664958685495233
1818 0.8624519813400087
1819 0.8172929366381462
1820 0.27250271115138447
1821 0.5761019905115533
1822 0.5445079773076845
1823 0.744677285211624
1824 0.44961331041839525
1825 0.8760122788066189
1826 0.06867000025567842
1827 0.5444882778531377
1828 0.16514331030852264
1829 0.43869963537177925
1830 0.07672289271687628
1831 0.4114585005791448
1832 0.7456682091370964
1833 0.10526342957609071
1834 0.35321007554082223
1835 0.5985841341131868
1836 0.05014456505965797
1837 0.07885968744052857
1838 0.47181660574947965
1839 0.6553799017914842
1840 0.3806616566340833
1841 0.5412845450719765
1842 0.22232110026263413
1843 0.05647037990096341
1844 0.02560829807551842
1845 0.8871351288271219
1846 0.6022585876852068
1847 0.08340709126620571
1848 0.2323753214273746
1849 0.23510848104643614
1850 0.16639485657536043
1851 0.4414203170333616
1852 0.23456475548582256
1853 0.17399963263317716
1854 0.44237057243492334
1855 0.14828363432284905
1856 0.14641175546082608
1857 0.04280033897038813
1858 0.02883197160824913
1859 0.19369853365898923
1860 0.322241655328457
1861 0.05070476964882553
1862 0.6515392206273481
1863 0.058414117037277766
1865 0.7962615700950014
1864 1.1733183257397898E-4
1866 0.0816573986636713
1867 0.1086520681115171
1868 0.04363127253502133
1869 0.47947922912449953
1870 0.21198182081236808
1871 0.37003303370484175
1872 0.5773749491869439
1873 0.36749813845896623
1874 0.23009630202150563
1875 0.484856183987187
1877 0.7279932539089775
1876 0.6343140099541468
1878 0.39828178502646133
1879 0.20718580241258003
1880 0.21395019741817864
1881 0.6034768143815615
1882 0.2819329497211662
1883 0.1958070607520725
1885 0.6896262041808572
1884 0.47786261407965674
1886 0.4312690547658789
1887 0.35880259188675845
1888 0.21597854518925363
1889 0.5021894676081433
1890 0.43724239483897354
1891 0.20661390999823548
1892 0.41521832041512313
1893 0.10812833785988031
1895 0.6961976032614586
1896 0.4114198157728104
1894 0.04938291037955133
1897 0.1584371873721761
1898 0.01764749117625445
1899 0.23878992238572375
1900 0.4494270541085718
1901 0.44359366561571195
1902 0.5615875368392361
1903 0.7156931834281499
1904 0.4032118402150588
1905 0.24346734565485031
1906 0.06304054298046026
1907 0.4991707062761446
1908 0.13655670018362592
1909 0.32697218187317806
1910 0.3701971578373621
1911 0.8475514883037715
1912 0.5601532423305559
1914 0.30070824367705473
1913 0.5861543521441698
1915 0.010592890019680898
1916 0.8369068081875051
1917 0.2810105709284123
1918 0.40022622043079975
1919 0.3323499772106696
1920 0.6749704584035111
1921 0.4324042105263158
1922 0.6729641953548484
1923 0.293138112145069
1924 0.1625766271312257
1926 0.12992155232823135
1925 0.05124868152178698
1927 0.9006691366341983
1928 0.16105254605638086
1929 0.49303589196973224
1930 0.12432920291178007
1931 0.6000000000000001
1933 0.38485564826948265
1932 0.6814545562446218
1934 0.13029748308885808
1935 0.588316011065781
1936 0.3796491512253885
1937 0.6276423273318875
1938 0.06939683364437244
1940 0.43190536315689115
1939 0.0370096820463279
1941 0.3059853010372807
1942 0.40643394553280876
1943 0.4258692251463593
1944 0.5801477965773372
1945 0.2654065436716221
1946 0.038356206492791534
1947 0.640344634219556
1948 0.7553403244067687
1949 0.1048691027610304
1950 0.17755513528831718
1951 0.023605919320167375
1952 0.09399511705030955
1953 0.5744023615739473
1954 0.09116037666736175
1955 0.32700475840688115
1956 0.28384064004730747
1957 0.5179679731136047
1958 0.1898739340967464
1959 0.0987851025736731
1960 0.0035709114157148002
1961 0.3612567681806992
1962 0.06462767513561767
1963 0.5776615989330499
1964 0.06204316386073652
1965 0.1245422494263669
1966 0.7874734531360909
1968 0.6419868862676721
1967 0.2553020112678032
1969 0.6099954197279392
1970 0.5975138784294259
1971 0.43931907811226933
1972 0.332255125997432
1973 0.5106986810289378
1974 0.3490738918457647
1975 0.07897165966434447
1977 0.2117317341829255
1976 0.4107251582967374
1978 0.14583670234198043
1979 0.02809259705811434
1980 0.49451147934790707
1981 0.5186217101898859
1983 0.7052790501148657
1982 0.2646301386097095
1984 0.7188228406392592
1985 0.02672368203628335
1986 0.09086452534298697
1988 0.029816283035950266
1987 0.22122233587454102
1989 0.6785164711299718
1990 0.16892528514796287
1991 0.29567002969819456
1992 0.5829163047315649
1993 0.9968900315636812
1994 0.28226333190731695
1995 0.5080283267931895
1996 0.07120573349240435
1997 0.5100791976706572
1998 0.7163973248221891
2000 0.11064985249631598
1999 0.2458205014828012
2001 0.4115966028235817
2002 0.26372468793248893
2003 0.610444318199817
2004 0.04857181011329728
2005 0.49004730730557367
2006 0.22384466718163007
2007 0.2978154382053566
2008 0.5291336388245588
2009 0.535276249141024
2010 0.7003078275825679
2011 0.0
2012 0.5042774280468446
2013 0.4508542848339192
2014 0.35573035400896474
2015 0.20454543991046667
2016 0.03382789025441225
2017 0.6347734510313926
2018 0.5007519924337788
2019 0.3274203987197605
2020 0.7535779913137255
2021 0.028383121881228362
2022 0.7538041015132463
2023 0.3097346439886856
2024 0.03937811346359009
2025 0.4703271634914002
2027 0.16811597844991022
2028 0.16251486874066157
2026 0.34219290868744806
2029 0.6863723623848609
2030 0.8762385515986783
2031 0.11835268890044129
2032 0.23068498043685678
2033 0.08406499862838317
2034 0.30559110476559453
2035 0.03544713358137933
2036 0.2565104323630653
2037 0.2699297626681484
2039 0.02169107855042928
2038 0.11569479209145607
2040 0.07772923849387067
2041 0.2022293853205472
2043 0.35468727342167317
2042 0.5880491110662741
2044 0.15259033824941665
2045 0.3273131044740723
2046 0.2908655539245761
2047 0.3833129415479338
2048 0.835803891931579
2049 0.016948980178138912
2050 0.2283311905685397
2051 0.05357369537828721
2052 0.20341605829998005
2053 0.5633850117574372
2054 0.2310503880503065
2056 0.6284721607349666
2057 0.8865669096904528
2055 0.5369981481227829
2058 0.37577979747789264
2059 0.27287917788981464
2060 0.8223000067468381
2061 0.431239101750977
2062 0.38441721076968655
2063 0.1971503175358464
2064 0.5077181044390789
2065 0.14397956261485856
2066 0.33057457269049173
2067 0.05384385949274204
2068 0.4294242085665686
2069 0.3791334850949477
2070 0.6459542007427143
2071 0.22140587714937224
2072 0.22224336364647526
2073 0.23801778652869965
2074 0.3294498728246307
2075 0.35478877636089523
2076 0.03344976757956733
2077 0.09438709128781173
2078 0.161184307100491
2079 0.3132400217834305
2080 0.9838382593285887
2081 0.07900075817624451
2082 0.3369115905318011
2083 0.20265361266270637
2084 0.3593958953249667
2085 0.36342970890726567
2087 0.09860496524352913
2086 0.28411632579617047
2088 0.34828406383283506
2089 7.98615220452009E-5
2090 0.00393744265007357
2091 0.973058246124282
2092 0.3457397878191882
2093 0.41894024728873064
2094 0.3731884693378126
2095 0.5169042065555289
2096 0.359216220150019
2097 0.1880121554193802
2099 0.6977582449383788
2098 0.08193610248696281
2100 0.6991992523523289
2101 0.40370678524092873
2102 0.7747362601153781
2104 0.5511131286541675
2103 0.30613083308109496
2105 0.09587981013817909
2106 0.4677703429075682
2107 0.3284647817085518
2108 0.7370938282102761
2109 0.009679375749228766
2110 0.6025955804980708
2111 0.37725549521322044
2112 0.7957355761883256
2113 0.061687653113856634
2114 0.05299138971112599
2115 0.662027236615624
2116 0.5252405182800602
2118 0.2843940566347847
2117 0.12173783461988358
2119 0.47425029002144486
2120 0.4959955929854019
2121 0.13014524629260582
2122 0.45893761611638356
2123 0.48567505224396584
2124 0.4829783721627759
2125 0.1469194160059363
2126 0.3656231893409283
2127 0.44160024459288383
2128 0.669724221800592
2129 0.29898521302525294
2130 0.2513098513047023
2131 0.9529693162474847
2132 0.11160456290066288
2133 0.6074984038225798
2134 0.14722231882165876
2135 0.4795632484187503
2136 0.44264294476359506
2137 0.7451188852211587
2138 0.3499992840695939
2139 0.3117403490958285
2140 0.9711629913616433
2141 0.8954231601043632
2143 0.10910441714252835
2142 0.24636684879690757
2145 0.36129316445648063
2144 0.0
2146 0.11559394906433867
2147 0.22783514264786123
2148 0.25453508109182577
2149 0.06586263529734553
2150 0.08711745826583508
2151 0.4640156813828129
2152 0.13383878931769055
2153 0.5189143029887477
2154 0.002558927138835306
2155 0.2459585604534856
2156 0.28696020633075864
2158 0.6723923691436896
2157 0.06041751031212755
2159 0.38007993384224953
2160 0.423369771642224
2161 0.05711312416092278
2162 0.17361128327542708
2163 0.6262702087556653
2164 0.8184240599770614
2165 0.18248161089294343
2166 0.19563573878674476
2167 0.8577629326514807
2168 0.6128989260334488
2169 0.9437874132218558
2170 0.5835471139857183
2171 0.3098306903809164
2172 0.2587061662055801
2173 0.331017191973071
2174 0.3909286844646469
2175 0.3324559265589187
2176 0.26652204776015354
2177 0.14476805639693702
2178 0.3354432770879353
2179 0.37975808697315383
2180 0.7825258727922542
2181 0.1235237612035353
2182 0.4048651769678313
2183 0.5974041409526928
2184 0.4194112740916708
2185 0.7166021346754934
2186 0.721257684442782
2187 0.29893896254425256
2188 0.7793169397614236
2189 0.5464444880146455
2190 0.3569109169060278
2191 0.004431434727812278
2192 0.0
2193 0.009356786211861874
2194 0.7572135392593431
2195 0.26746233872683767
2196 0.3108873271058184
2197 0.44286276637895516
2198 0.04939848620617342
2199 0.6079209193285874
2201 0.8206126346719865
2200 0.10798936207144288
2202 0.21156776519811984
2203 0.024768151376802258
2204 0.5023979939724648
2205 0.06316514777690489
2206 0.4983109842409022
2207 0.10461589159755519
2208 0.3690249237193183
2209 0.6368946619509425
2210 0.4191104770019913
2211 0.1979736740488925
2212 0.32688057244618285
2213 0.09204873592960636
2214 0.36953230769230766
2215 0.5849093291925546
2216 0.5474566702850132
2217 0.4610271531656909
2218 0.1365065397463097
2219 0.5591934457679324
2220 0.5947244155636224
2221 0.13907625175752075
2222 0.4806627551053952
2223 0.03529763353009264
2224 0.21532968233619798
2225 0.6545080680715987
2226 0.3317744795836621
2227 0.17011794542325923
2228 0.025568099496374976
2229 0.5873491348233058
2230 0.6664894211025832
2231 0.22233521041000912
2232 0.3309548506851559
2234 0.39969869691194015
2233 0.47252988486970876
2235 0.27085125942542065
2236 0.0359422192390072
2237 0.7080603266741301
2238 0.2202147060482431
2239 0.9682570322706917
2240 0.0769909936273586
2241 0.4953944293824826
2242 0.3953516806915674
2243 0.7958018357349294
2244 0.646018465460089
2246 0.43249698669224906
2245 0.8612004850151932
2247 0.26477456260094306
2248 0.24710585005577765
2249 0.5884279114109712
2250 0.3788895533339911
2251 0.5082365079556606
2252 0.3370768262240892
2254 0.7292980131579677
2253 0.39350926692297206
2255 0.36110482901621554
2260 0.07716549213058214
2259 0.6767559443920572
2258 0.37616895295821107
2256 0.2654505757888325
2261 0.5607197076118622
2257 0.16721789262392078
2264 0.29948384188971494
2262 0.9112148010207795
2265 0.6026343103017789
2263 0.8629368028552002
2267 0.6388103098206498
2266 0.37792681810874956
2269 0.10091672148779068
2271 0.30648391596315117
2270 0.26439295704007454
2272 0.39146583559763865
2273 0.33259376280799535
2274 0.4266961680447699
2268 0.11925892512212817
2275 0.0015168447153440243
2276 0.7228053011094087
2278 0.20345598174416027
2277 0.14922621478372475
2279 0.005887515259241934
2280 0.0820881493740328
2281 0.4235203725627013
2282 0.6436932275995323
2283 0.17756670553510834
2284 0.499643144797974
2285 0.4311928454610368
2287 0.3363306171350373
2286 0.37998012760469313
2289 0.2895250577134756
2288 0.1709005677133636
2290 0.06510399546312694
2291 0.3083185909628054
2292 0.8646361799578972
2293 0.17078644978361435
2294 0.23471647772658433
2295 0.7017499915960719
2296 0.7383983745017834
2297 0.13097179871989137
2298 0.06594144798061545
2299 0.41766669132315815
2300 0.007158251470895912
2301 0.34862963601126257
2302 0.5194091219863153
2303 0.6981543101075762
2304 0.21412198373662192
2305 0.2836839914340755
2306 0.37231318124252316
2307 0.6335219204246623
2308 0.49536314112932694
2309 0.5694923029195649
2310 0.15135866378183785
2311 0.3306443050026981
2312 0.2503350847569775
2313 0.6406192666663503
2314 0.18902831317895177
2315 0.5123051466034871
2316 0.6603368768607694
2317 0.6228840630458359
2318 0.30543304282528505
2319 0.3509355329724246
2320 0.1364875347109949
2321 0.20492833280576267
2322 0.5721575978013559
2323 0.5368200832121499
2324 0.09627359443117972
2325 0.13278248369733325
2326 0.03264187791574265
2327 0.4624709068925627
2328 0.7655830318872441
2329 0.8266318308136518
2330 0.49722897738890826
2331 0.4640569188723855
2332 0.5135134283627026
2333 0.7899711991092441
2334 0.25358354421288765
2335 0.4180339026570166
2336 0.6385300356602579
2337 0.6750402757510389
2338 0.008677191548159883
2339 0.501808058620491
2340 0.26672214958781354
2341 0.15860251723478452
2342 0.3081065843617574
2343 0.2990875304425407
2344 0.9244815524884644
2345 0.6694324003514579
2346 0.045454762396644935
2347 0.4995271928691384
2348 0.2345684948247312
2349 0.1313532060544537
2350 0.41985730711436803
2351 0.9755262688552754
2352 0.5757211451391412
2353 0.08518066904587204
2354 0.16728603697220312
2355 0.1789237382072316
2356 0.9099479565741516
2357 0.3162600408649851
2358 0.027643655795311344
2359 0.972745604488342
2360 0.6235219473549678
2362 0.507350736870749
2361 0.020283961534979866
2363 0.5073413424739592
2364 0.6689242942226236
2365 0.775014849882096
2366 0.3072363899689585
2368 0.16358004043793864
2367 0.8628922905014168
2369 0.1204425345969427
2370 0.3185963919118481
2371 0.681728333075339
2372 0.06366404338769917
2373 0.052131678053955514
2374 0.047546268857948666
2375 0.7388184217683669
2376 0.5347535608191192
2377 0.0826523819475383
2378 0.3385068726320992
2379 0.3416226174897306
2380 0.2966421688823234
2381 0.04882207899610893
2382 0.5169857656817065
2383 0.4288403242342912
2384 0.2757466387634283
2385 0.6464794440675038
2386 0.6098040891546257
2387 0.6468433924506098
2388 0.8391435765201136
2389 0.40160148964175385
2390 0.15140627100142903
2391 0.5226831539548052
2392 0.7963120470535078
2393 0.8324297562373482
2394 0.09181652814800093
2395 0.15450583654180797
2396 0.562187117169521
2397 0.20853373515890408
2398 5.790322851468005E-4
2399 0.5382234273190729
2400 0.3478701839488209
2401 0.04386081918699839
2402 0.3273136207573402
2403 0.3948659908428215
2404 0.33096140210314606
2405 0.4391596480373013
2406 0.3045556883326552
2407 0.20758478675569653
2408 0.08400605819989118
2409 0.7760805268362583
2410 0.3812678886086112
2411 0.6612823426412447
2412 0.19578582474106618
2413 0.8773124785237233
2414 0.617071679080101
2415 0.4721223326678774
2416 0.2604714968610413
2417 0.22356520141317793
2418 0.24028000290856935
2419 0.26660258080837024
2420 0.515961834171536
2421 0.03724139923286998
2422 0.23618643832241107
2423 0.3388234107057078
2425 0.41566046294562586
2424 0.16886676398831174
2426 0.08496081382058959
2427 0.10402469711714296
2429 0.32642850893558933
2428 0.7259612834863637
2430 0.3336500443936126
2431 0.13951742403139428
2432 0.08711234578372395
2433 0.8068647575506434
2434 0.13938422054723865
2435 0.08644972493375584
2436 0.07527210476248336
2438 0.48068356174358634
2437 0.14146827699601314
2439 0.8355233098336492
2440 0.40841076614248634
2441 0.06308817289275995
2442 0.42476154177908365
2443 0.39473684210526316
2444 0.1665357200877585
2445 0.20197695750245426
2446 0.6800183923175083
2447 0.10380620700182555
2448 0.423596559319798
2449 0.24255733893481313
2450 0.5871844902085829
2451 0.2423153293104228
2452 0.08190115034045248
2453 0.4686554279685888
2454 0.07538055322312756
2455 0.364401751402664
2456 0.24644822524954563
2457 0.06190354997640308
2458 0.023194775487001097
2459 0.8014443965634322
2460 0.4203556923661068
2461 0.5151657250806488
2462 0.17497045373818604
2463 0.7632615287826898
2464 0.47683159712296025
2466 0.40581036700400586
2465 0.29201689000603226
2467 0.09567853623676598
2468 0.014981963767084765
2469 0.4682157867738833
2470 0.13000017591627946
2471 0.23211197823602928
2472 0.3787203068242462
2473 0.2347031808443482
2474 0.5645610433291008
2475 0.7905740096845868
2476 0.08716562939731026
2478 0.36700155963347797
2477 0.22163228979419983
2479 0.7336070817588092
2480 0.12874012317509928
2481 0.28717183939590984
2482 0.7770216036482929
2483 0.41625884482694303
2484 0.547495716790063
2485 0.464092431752503
2486 0.10875041321876319
2487 0.02113805496723552
2488 0.6098226200796798
2489 0.2730385674313481
2490 0.060617486632553355
2491 0.9172052321697066
2492 0.06046497393017316
2493 0.9123052394993314
2494 0.3112959812552606
2495 0.440152740462783
2496 0.9367801200610143
2497 0.49072872609915263
2498 0.919221102738617
2499 0.4765322730779056
2500 0.8856146847807445
2502 0.1418215566451719
2501 0.23636368132231575
2503 0.11065638445629103
2504 0.454031847937819
2505 0.2416053632894671
2506 0.1467284607793285
2507 0.5458791600856153
2508 0.7978772240440457
2509 0.058816073276453204
2510 0.11537789608610285
2511 0.10186223221660791
2512 0.7940457022996928
2513 0.6092521749879036
2514 0.12331820104973074
2515 0.19098187933052985
2516 0.47718832071770034
2517 0.32399583862033093
2518 0.3290219003260786
2519 0.13004499893425978
2520 0.20739235835955952
2521 0.6365758498049244
2522 0.3703136173153512
2523 0.696286077675205
2524 0.48383876808837634
2525 0.9975731335671701
2526 0.43147328556970804
2527 0.37827492681587216
2528 0.5476891632683804
2529 0.227242084500593
2530 0.8116576388686717
2531 0.36085795438038987
2533 0.10074897318192796
2532 0.2275101472368776
2534 0.3705960355596659
2535 0.5622231593270206
2536 0.9563822219045816
2537 0.483553338968427
2538 0.7244538970441623
2539 0.3095046038798952
2540 0.33044462273262737
2541 0.4380050874115596
2542 0.37525647984331545
2543 0.27603609293717796
2545 0.003110546733925905
2544 0.6812645788568308
2546 0.10548167955481683
2547 0.16312212938929696
2548 0.1520297640182652
2549 0.11568031217302227
2550 0.3379680851116885
2551 0.6909494997029992
2552 0.09663943440324449
2553 0.005817602209733838
2554 0.9978346789872021
2555 0.9951593608880532
2556 0.2149161346963362
2557 0.6077522966367468
2558 0.6543342574724592
2559 0.4208406956063691
2560 0.0
2561 0.44950444481027596
2562 0.45195814683554636
2563 0.37638673549940654
2564 0.0522336595838421
2565 0.13868262176813964
2566 0.04251562831773032
2567 0.17129769212800683
2568 0.29634206284618947
2569 0.0012580004272454222
2570 0.15141476130994408
2571 0.5582735366583884
2572 0.03272301383286457
2573 0.35636642431005083
2574 0.8818167994849754
2575 0.8579960225849577
2576 0.020626611454019794
2577 0.07346151873786397
2578 0.4569863640686144
2579 0.00824196417250051
2580 0.30057832186079414
2581 0.31519000650029183
2583 0.32114307563092803
2582 0.5181394179480233
2584 0.20858775450017608
2585 0.05446343231750996
2586 0.15102702548990993
2587 0.839494887128479
2588 0.6976358875216616
2589 0.41892319053325827
2590 0.3264586655994323
2591 0.33051711407896
2592 0.21986782937897167
2594 0.39043721704339807
2593 0.9904489673656904
2595 0.9979044193941252
2596 0.012146697558069419
2597 0.9815342421944241
2598 0.6916196044384324
2599 0.43185496674983115
2600 0.27727196332635945
2601 0.7776547478681739
2602 0.1253618799684178
2603 0.22427619592733472
2604 0.6186776222273508
2605 0.9724566771228994
2606 0.11927030077475648
2607 0.9628133513473915
2608 0.9951576720273645
2609 0.951826849123421
2610 0.1447933783598546
2611 0.0070099193332888
2612 0.22094479685636556
2613 0.36140342505383327
2614 0.308382891167081
2615 0.4540973847683949
2616 0.5296450221136154
2617 0.2981512479825207
2618 0.584664592268967
2619 0.011379283006159247
2620 0.18320452079343655
2621 0.2118911840967687
2622 0.524314474634144
2623 0.40874201257932086
2624 0.24850903501461055
2625 0.1177343944633797
2626 0.7000289449499066
2627 0.7588995693438171
2628 0.8442354359944158
2629 0.7552210892549924
2630 0.9467496386136712
2631 0.9293260951315645
2632 0.9313433298320773
2633 0.22731176781524998
2635 0.20963711516473313
2634 0.33077959696994
2636 0.2549686430448598
2637 0.7521767245133903
2638 0.9661036483815385
2639 0.05272257901126442
2640 0.9868371143248761
2641 0.7244902981830166
2642 0.06826509457021752
2643 0.22433425788028255
2644 0.3309571976615331
2645 0.7013197940961444
2646 0.4736843958040069
2647 0.2543639311945566
2648 0.2351837678892167
2649 0.7936173247116183
2650 0.25581407611899387
2651 0.31412884651350653
2652 0.4001986718049305
2653 0.7469473739002973
2654 0.22697270612692594
2655 0.5255883865425478
2656 0.008108307414087452
2657 0.4007206618626897
2658 0.09736088882095482
2659 0.38083342944186954
2660 0.27248238096157806
2661 0.44413466545034
2662 0.45989702844272295
2663 0.3029251395473854
2665 0.06767518598430877
2664 0.1364201837403864
2666 0.15325395405054015
2667 0.25759008923538557
2668 0.09094351714294037
2670 0.604263749869612
2669 0.033002730941270035
2671 0.5075116811652156
2672 0.572592944577559
2673 0.4567262540779246
2674 0.5281855369013821
2675 0.5145635672735986
2677 0.2696668236985876
2676 0.5304082080548586
2678 0.5328848203054403
2679 0.5842557870036389
2680 0.6503561438188107
2681 0.8502987077596554
2682 0.4264661661903742
2684 0.5633455265182217
2683 0.2316803307742089
2685 0.11577924800343582
2686 0.7250313414124532
2687 0.347631323033679
2688 0.7166864784422066
2689 0.3457199779485147
2690 0.2466565828640022
2691 0.8955893707698864
2692 0.7710234125963504
2693 0.2964169864555376
2694 0.24380135860994395
2695 0.08928553539537305
2697 0.948353790906631
2696 0.13920455986085115
2699 0.5278350595165925
2698 0.42157728488335067
2700 0.15222996767289684
2701 0.40009524494220716
2702 0.46593338724764094
2703 0.25447468097109033
2704 0.9026541186429633
2705 0.2171002289531801
2706 0.6928446179521596
2707 0.025077480985818964
2708 0.021413039393215517
2710 0.35140368434122893
2709 0.5066665066102634
2711 0.6529768922803786
2714 0.6260109732271021
2713 0.39497136014029166
2715 0.501132476837893
2712 0.7125141000180468
2716 0.30056499295760614
2717 0.3536457355790354
2718 0.0031576118577803414
2719 0.1312677005347046
2720 0.03755868579795404
2721 0.06413929396506293
2722 0.029816283035950266
2723 0.3256965951457359
2724 0.015686000000000033
2725 0.08123676978053773
2726 0.29610789832581375
2727 0.3312045416149861
2728 0.5080971689491901
2729 0.24355528144300598
2730 0.2893917342158629
2732 0.04107052355866142
2733 0.3571894144892587
2731 0.21552202343194884
2734 0.44497633335191167
2735 0.2741714092080362
2736 0.15420104716367355
2737 0.3617855153729126
2738 0.398533011399982
2739 0.8015340042327015
2740 0.23502380541781212
2741 0.6034370246007102
2742 0.0891073134587499
2743 0.13071929498546872
2744 0.2787348583904249
2745 0.675386889781199
2747 0.21712460067619155
2746 0.6450342657782139
2748 0.7106506091311384
2749 0.18145078297552109
2750 0.15701534722552782
2752 0.37108960614630426
2751 0.45110512469664615
2753 0.38498755459656686
2755 0.7582608584844952
2754 0.35435184592068353
2756 0.37534775954465827
2757 0.65856446587049
2758 0.29093913437384183
2759 0.051709986010534295
2760 0.15722052594514332
2761 0.3042877353925376
2762 0.13301813391096207
2763 0.11807478575989432
2764 0.10038624103685483
2765 0.06963408802390486
2766 0.567010576125862
2767 0.9983211474645699
2768 0.5117195280842438
2769 0.20289500866812102
2770 0.37378641419228625
2771 0.6423667185180786
2772 0.42902190103212806
2773 0.02215192682464302
2774 0.47643673026609673
2775 0.6007036452894875
2776 0.43720931793544837
2777 0.20354075447548767
2778 0.05681864282030031
2779 0.20969766191122685
2780 0.33356234022022635
2781 0.3735032195056376
2782 0.5900818182980371
2783 0.3223554164197248
2784 0.8453286170603872
2786 0.8504430387809749
2785 0.04792715703353679
2787 0.21178985218520005
2788 6.365144457650005E-4
2789 0.17097918572861862
2790 0.656343228899024
2791 0.14050943018278703
2792 0.4803322018225075
2793 0.2644140832931992
2794 0.42289570172165175
2795 0.021472414232758752
2796 0.4770454205362023
2797 0.45892137864719357
2798 0.6896198297072255
2799 0.028507560686769583
2800 0.7572263605179466
2801 0.5345193851484223
2802 0.5216851012392498
2803 0.07684024792693235
2804 0.6201894303575082
2805 0.6868582110819714
2806 0.6194234757839706
2807 0.08238351593660402
2808 0.08557152951873054
2809 0.622737488832601
2810 0.6232755452970906
2811 0.4508573067235426
2812 0.6423485690856161
2813 0.11118200389158688
2814 0.6420460122754941
2815 0.6053400223547252
2816 0.4515837221023248
2817 0.204557747706074
2818 0.2083649011138712
2819 0.08297815496345413
2820 0.47598188398236774
2821 0.5138694774633111
2822 0.05539387559205706
2823 0.024720667035105823
2824 0.7853927179945861
2825 0.06682071375149301
2826 0.23013321215934704
2827 0.27560602185676963
2828 0.7525962497232536
2829 0.21996631254150786
2830 0.8225565169476863
2831 0.314753320322763
2832 0.5550255683388793
2833 0.6263556875302756
2834 0.2966982155557186
2835 0.11918775927015418
2836 0.4110327810876161
2837 0.40540400396132853
2838 0.5850406190056664
2839 0.6426406220457079
2840 0.17573179670597744
2841 0.6027696564871234
2842 0.16304492438689075
2843 0.5529042949935822
2844 0.8077089054531189
2845 0.0903918971782253
2846 0.8641033556761667
2847 0.6799087209999011
2848 0.2258107230216395
2849 0.5383062501154274
2850 0.7468208874228138
2851 0.6094941703521689
2852 0.34866272858107583
2853 0.7853784235012408
2854 0.8379167843997187
2855 0.6645795032995471
2856 0.6240664973824485
2857 0.19373667105055395
2858 0.7537917310658663
2859 0.5983406738760061
2860 0.9998946626563735
2861 0.41101894991135063
2862 0.6277277452908504
2863 0.2624289995225224
2864 0.8702012116084636
2865 0.5412973740878145
2866 0.5853612049478882
2867 0.6118124510613063
2869 0.34949885476946846
2868 0.5738922178354812
2870 0.9646390051211832
2871 0.247224462299879
2872 0.7930267981399853
2873 0.28195064704699
2874 0.2721656497887704
2875 0.28441413803196175
2876 0.6252896401852276
2877 0.45056263165979527
2878 0.27875579421971175
2879 0.44377315174284465
2880 0.7667609252034547
2881 0.2049862617143418
2882 0.5720105512105372
2883 0.795597458211323
2884 0.5423426214002872
2885 0.7743641424052401
2886 0.08245450400286536
2887 0.9342222619280769
2888 0.11145954962468724
2889 0.016819980426257573
2890 0.5836733334443538
2891 0.743731824774474
2892 0.8310855436332832
2893 0.49626300582601857
2894 0.4532706716745152
2895 0.5635494031249005
2896 0.0956635336836588
2897 0.3333333333333333
2898 0.17106335841426348
2899 0.2913972772323939
2900 0.06646685558575735
2901 0.4876364339680269
2902 0.42213925924708817
2903 0.29724339136669276
2904 0.3069624165678613
2905 0.30753315286543825
2906 0.42478676152666955
2908 0.46141749484779515
2907 0.10299603537644277
2909 0.34062914898352303
2910 0.08423862501906905
2911 0.33070059820548425
2912 0.5692833054137503
2913 0.5592743665108457
2914 0.03695566460130713
2915 0.38542734043297017
2916 0.023554730853183464
2919 0.33177203927527177
2917 0.14304133555538123
2918 0.409318988797945
2920 0.21488775886967876
2921 0.2723294261954206
2922 0.08733585067018244
2923 0.010240542668211745
2924 0.2664466909482121
2925 0.05933151481355108
2926 0.1933484147025814
2927 0.03154145751696902
2928 0.3378612749295828
2929 0.297812580397863
2930 0.16059321305715407
2931 0.733636366581135
2932 0.1630421411763951
2933 0.03034394401768579
2934 0.33360424119384124
2935 0.2875748348870018
2936 0.32511917428811155
2938 0.4082272920486519
2937 0.5858043087264844
2939 0.7172422423604708
2941 0.6251878906037205
2940 0.6282460457276537
2942 0.4247392042928209
2943 0.023621125221389688
2945 0.017467797517986976
2944 0.6
2946 0.6487583179727346
2947 0.03260950909730926
2948 0.146701279082771
2949 0.6128391025027841
2950 0.35070961512181886
2951 0.5118250293736831
2952 0.40890005215735803
2953 0.3776602599286938
2954 0.08002411665314448
2955 0.6385284296756611
2956 0.18319428020789427
2957 0.21280036192761806
2958 0.8349116460680752
2959 0.2752721518736343
2961 0.34342357010744046
2960 0.023256215153145562
2962 0.12200707066384811
2963 0.33364330515836055
2965 0.1098206403184221
2964 0.769383877076951
2966 0.06931978111670066
2967 0.23554433933116586
2969 0.679584976566971
2970 0.47080020355874813
2972 0.12008128006468204
2971 0.3086227101445119
2974 0.023827143712975955
2973 0.5798789283140892
2968 0.14873853656710945
2975 0.2771429963668412
2976 0.11200698835478748
2977 0.30690514707706756
2978 0.21346134815679021
2980 0.22243110165218857
2981 0.32128678479692574
2979 0.4389867057110647
2983 0.4669708296865341
2984 0.47818900053854313
2985 0.20624342402758059
2986 0.0899069082147344
2982 0.1550502474700778
2987 0.438165302698239
2988 0.4575532023513174
2989 0.3601082431299411
2990 0.34385721670371616
2992 0.4642649131528471
2991 0.1964651835688376
2993 0.0024567709767657616
2995 0.2753969483475958
2994 0.07534257140653527
2996 0.46270566654357803
2997 0.10232940705594626
2998 0.6431339155965561
2999 0.17528587689633135
3000 0.20315825392375458
3001 0.22214150140094843
3002 0.1700384644360583
3003 0.053333529777764704
3004 0.5588461956406803
3005 0.7786391277022946
3006 0.345944437950573
3007 0.10189425952230508
3008 0.5272086685764097
3009 0.07391286627292827
3010 0.1273980306856465
3011 0.47147884205460316
3012 0.34941475528418064
3013 0.21315173834252882
3014 0.5030018463589373
3015 0.4518417069149566
3016 0.5293561327109668
3017 0.5029878133221172
3018 0.6457031944843542
3019 0.4911552359276233
3020 0.3555087934994329
3021 0.18132501012807956
3022 0.6050308985987111
3023 0.240329793175124
3024 0.40964872304055044
3025 0.3375587933030993
3026 0.09757053971823522
3027 0.5606957345258701
3028 0.2006267086604102
3030 0.024497246260577074
3029 0.0732036216283326
3032 0.47890350336378684
3031 0.38587684880177436
3034 0.6162125114418953
3033 0.3108255945846142
3035 0.09962354976083133
3036 0.05091212684517398
3037 0.25707984228509995
3038 0.28963080075877984
3039 0.626475984371519
3040 0.1257586897108198
3041 0.2139591031891439
3042 0.0011716287946169203
3043 0.05821459331904102
3044 0.5607234007037212
3045 0.04450374640991686
3046 0.245534963335414
3047 0.9872001298501305
3048 0.6317688309901387
3049 0.2977068983832155
3050 0.4923890930477341
3051 0.12789673409049027
3052 0.5752743092755407
3054 0.004452905126209835
3053 0.6921888488911506
3055 0.1599979413227981
3056 0.5900454373208273
3057 0.28634731852477474
3058 0.45039955005172794
3060 0.5119121555321043
3059 0.582952593957773
3061 0.12335973463943273
3062 0.3078869494581925
3063 0.07491779101663544
3064 0.47284601411572125
3065 0.07198730268801615
3066 0.5073553783577232
3067 0.5577436905190221
3068 0.07930189229714543
3069 0.19966173562615852
3070 0.5189348772294698
3071 0.5283485767566605
3072 0.3302746233941178
3073 0.3565820025171803
3074 0.5485603179830105
3076 0.34435789416465096
3075 0.43870397707967523
3078 0.349627504308771
3077 0.37256652944534124
3079 0.059027175202671846
3080 0.4082032390916848
3081 0.370983796334469
3083 0.35686380371014953
3084 0.5587002900683448
3082 0.5005543624603072
3085 0.7021179807690296
3086 0.014999094750316834
3087 0.43357403787109233
3088 0.24047577086041172
3089 0.4143606649211832
3090 0.6025844158414648
3091 0.004962117699075322
3092 0.9008843029021326
3093 0.35466847594634987
3094 0.12831796000112836
3095 0.18405220618288531
3096 0.1422977682046506
3097 0.9807093425907016
3098 0.09568931865917384
3099 0.9820485515494699
3100 0.06686038754058506
3102 0.30002803851951165
3101 0.15706371725828538
3103 0.7761955481199195
3104 0.6474776485273105
3105 0.6056830256567736
3106 0.9455485662012412
3107 0.7733869271281427
3108 0.4432990929657526
3109 0.051555972312375964
3110 0.40363960606754357
3111 0.7888232285925334
3112 0.3639654258413343
3115 0.14388967565165203
3114 0.21661516752451343
3113 0.048288951282927636
3117 0.7413060271602895
3116 0.3321255390407005
3118 0.10362641587711378
3119 0.6927277521873658
3120 0.2961061732868289
3121 0.4131423845430109
3122 0.44260714862744416
3123 0.14402115479286834
3124 0.26318442472866593
3125 0.2717795497066238
3127 0.2446193015496611
3126 0.41267191167593015
3128 0.3471734529585499
3129 0.12896635662481462
3130 0.5349499094222668
3131 0.3969334199577743
3132 0.14064871562096562
3133 0.8436512444510199
3134 0.05991234114149699
3136 0.4045694161323473
3135 0.6053268881122689
3137 0.5385261081479741
3139 0.12845979540934227
3138 0.033593232241371736
3140 0.38364818606847223
3142 0.3101677469767105
3141 0.1942845169468362
3144 0.3686843721918919
3143 0.898351535668152
3145 0.6010863920406772
3146 0.4629198710256382
3147 0.49720687369294797
3148 0.579652258138081
3149 0.4989983974358974
3150 0.5785022015813082
3151 0.3158204018073749
3152 0.174391912050302
3153 0.11676345065256157
3155 0.13339137658990904
3156 0.010067369656870861
3154 0.30110208389074017
3157 0.07065968328650127
3158 0.38768806217388235
3159 0.2586412846355913
3160 0.49103725666137615
3161 0.36876045816687597
3162 0.47158946337741375
3164 0.8772026937510611
3163 0.3333333333333333
3165 0.4258185795270855
3167 0.37806419686142534
3166 0.0631601190395519
3168 0.19373814029585418
3169 0.4631176866862056
3170 0.8524184726532084
3171 0.7891860447173427
3172 0.1386025535047159
3173 0.977396165871914
3174 0.260073130162468
3175 0.2441078990638981
3176 0.5145258656625677
3177 0.07106617847428318
3178 0.5488914932834589
3179 0.9659633602167408
3180 0.17905191535124515
3181 0.818540978682359
3182 0.033771883801904753
3183 0.7586213971465392
3184 0.5396084075360209
3185 0.22725287680969006
3187 0.9995108121878098
3186 0.23501682222572676
3188 0.812483048105602
3189 0.1612905280117857
3191 0.5065622061723024
3190 0.3513924360138757
3192 0.9298124899324455
3193 0.980173351107127
3194 0.3221740427114742
3195 0.11327788844642225
3196 0.9819287842944482
3197 0.47214856797733185
3198 0.2700261391098801
3200 0.8646859513592775
3199 0.8656992733540952
3201 0.010002482435588038
3202 0.14250610402116692
3203 0.3950092657690338
3204 0.1416679719628957
3205 0.5171528885429305
3206 0.3936944699833848
3207 0.3104839501426747
3208 0.2297734983923487
3209 0.38518001613089453
3210 0.4642589898881853
3212 0.5587103580006658
3211 0.2631102679068987
3213 0.2226627271622387
3215 0.2720157598944727
3214 0.47236438917463397
3217 0.9623356415764635
3216 0.47107515071402084
3218 0.2672781547215064
3219 0.021372387827233337
3220 0.6299627025116664
3221 0.5593871790638076
3222 0.865055570492103
3223 0.16097535016436765
3224 0.9723072294595251
3225 0.43689270393066376
3226 0.7704754959521262
3228 0.7126481594111287
3227 0.5504252583308804
3229 0.07942626505769984
3231 0.9976937005161848
3230 0.9970882182616527
3232 0.9338138776679613
3233 0.07492516857768078
3234 0.5264635095299305
3235 0.37001934480802934
3236 0.6401927128590724
3237 0.12894679626035768
3238 0.5815271744652245
3239 0.3639670196167912
3240 0.251308360163922
3241 0.7164990022404061
3242 0.9523096572944139
3243 0.5093198490072692
3244 0.39910105153878533
3245 0.5893341490692731
3246 0.26699123468297675
3247 0.2616599166854809
3249 0.12376315887098385
3248 0.33542681634012134
3250 0.3954007590980129
3251 0.5871005456568389
3252 0.031775837989626896
3254 0.7261041925149958
3253 0.7274278406278922
3256 0.31160215229425064
3255 0.4192610132862208
3258 0.2604584109863269
3257 0.2357777355011486
3259 0.27902339698029116
3260 0.5684872182730596
3261 0.5018666598576101
3262 0.040455524990233596
3263 0.44486301496337094
3264 0.5696679825159309
3265 0.023653859321271006
3266 0.12543514380403203
3267 0.007310754076314171
3268 0.12275424414645247
3269 0.17423898077337796
3270 0.45054012204997507
3271 0.6395514237229042
3272 0.24104857968249194
3273 0.5734994428367388
3274 0.9326495989033455
3275 0.019242109313247865
3276 0.11670917576705596
3277 0.011867054652854475
3278 0.23534895526865343
3279 0.0898870073224145
3280 0.8318637560578674
3282 0.42462378581523597
3281 0.21010113599598396
3283 0.06951882050969746
3284 0.0
3285 0.14736354517568867
3286 0.3740441911380798
3287 0.0
3288 0.04135314920283715
3289 0.21049244303735531
3290 0.5490954235930416
3291 0.35733325717332115
3292 0.624829116453766
3293 0.3907291059252293
3295 0.541208308652998
3294 0.8105137401815582
3296 0.015514416425594323
3298 0.19531500518019163
3297 0.0539425123658137
3299 0.660961095022524
3300 0.8345555934421032
3301 0.32976594926677705
3302 0.030572825121577114
3303 0.5161066550712871
3305 0.3209747894895563
3304 0.08197918927039842
3306 0.30347009191961494
3307 0.8872578494796268
3308 0.47926662748849397
3309 0.5755959059086037
3310 0.03296167339352301
3311 0.5949498250189411
3312 0.4162684262667662
3313 0.23468945037221503
3314 0.7629313566438485
3315 0.13260029721143968
3316 0.4084396750655635
3317 0.05948682832403238
3318 0.152476975257635
3319 0.09162047484274197
3320 0.30326997911702747
3321 0.11068859147467622
3322 0.6666026377747684
3323 0.8877697889993871
3324 0.19993703459433768
3325 0.059865253815863786
3326 0.5235251324514661
3327 0.6281289118301732
3328 0.004031673468380464
3329 0.6335588655843994
3330 0.19559761491191666
3331 0.06629204794190378
3332 0.6465884758964192
3333 0.4056955340601699
3334 0.15891536078041837
3335 0.274450737490232
3336 0.5826042745306926
3337 0.639005665571446
3338 0.3108364712593574
3339 0.02690649620930578
3340 0.39960417655865355
3341 0.37122297297297296
3342 0.48730324339614345
3343 0.3287727335683509
3344 0.20157364307981382
3345 0.35597374799890513
3346 0.04081635687511245
3347 0.14077306920863128
3348 0.16686802190013234
3349 0.15887844527908584
3350 0.0020838907599547165
3351 0.8900493151537785
3352 0.41481096042749493
3353 0.028328832909296615
3354 0.32267751405428924
3355 0.12836272960805828
3356 0.029183059848840825
3357 0.20215236568558898
3358 0.564095525941523
3359 0.1810450302307314
3360 0.3398645078723979
3361 0.8178129392815282
3362 0.19653964694429885
3364 0.47237091217355626
3363 0.2004715094617635
3365 0.7019929967511123
3366 0.3701941285089322
3367 0.31347152655104027
3368 0.24894898280285105
3369 0.5069755692770358
3370 0.8252455046125706
3371 0.3245470952715801
3372 0.5305243051923865
3373 0.3411615351756754
3374 0.2216475331937938
3375 0.3324346644866408
3376 0.06228453537785811
3377 0.6670974840552368
3378 0.22529384943272668
3379 0.5370674626505316
3380 0.4217266609684987
3381 0.33652729721393426
3382 0.4071370881695916
3383 0.32548159242310876
3384 0.16925051023609228
3385 0.4843469686816894
3386 0.2732862368008508
3387 0.4762635192972152
3388 0.5719925088417925
3389 0.5665241586955692
3390 0.11306583318505864
3391 0.24876339838101347
3392 0.12264334728082696
3393 0.7543603177351894
3394 0.2663642224693877
3395 0.007127257552240859
3396 0.1322995555441263
3397 0.4832273415371014
3398 0.04957459316127871
3399 0.10128399119640864
3400 0.5888728281893186
3401 0.22119568962318656
3403 0.4630279551398978
3402 0.20901873958751238
3404 0.2196215562184974
3405 0.419615669226981
3406 0.4630587238955916
3407 0.4852772031621503
3408 0.20350880018467368
3409 0.3181059153744528
3410 0.039545242678459
3411 0.10302796194350543
3412 0.18597592736850777
3413 0.11368781934870706
3414 0.4777779580332006
3415 0.3001767674356446
3416 0.3044552471537746
3417 0.32248238736030127
3418 0.21479022272837037
3419 0.4557333688630969
3420 0.3108918929890797
3421 0.371266316558464
3423 0.5036356104324127
3422 0.35345521986568557
3424 0.43933467435163737
3425 0.38026060248617827
3426 0.46946229160661646
3427 0.06783477827519799
3428 0.002793062167108808
3429 0.5238473267710351
3430 0.19023705448728573
3431 0.08698452795351158
3432 0.26494281020614235
3433 0.3186111547444707
3434 0.7992425509829043
3435 0.20298036226219732
3436 0.05568396493916049
3437 0.335799592457348
3438 0.16012763931971233
3439 0.2261205705344023
3440 0.7125587614674005
3441 0.01308690640945296
3442 0.30849588013150936
3443 0.389318540544562
3444 0.07866144228343032
3445 0.5960577354757995
3446 0.3335230181242149
3447 0.6668490042401664
3448 0.135616958157027
3450 0.49277890447864453
3449 0.7925823781393772
3451 0.8217742069669421
3452 0.3404092415745775
3453 0.3984853297473605
3454 0.3464735395200332
3455 0.08422567625419529
3456 9.938914080483714E-4
3457 0.11027272553768433
3458 0.3844625594088249
3459 0.5289041199569823
3460 0.5164742684496515
3461 0.2137207682938077
3462 0.3930418090938201
3463 0.4469744043114446
3464 0.2439668681188619
3465 0.011227294579962781
3467 0.319507281762541
3466 0.11136893126201204
3468 0.1684537585194848
3469 0.23247775392770406
3470 0.08229669846477208
3471 0.42129026940546993
3472 0.5071490031200485
3473 0.3034686767632804
3474 0.29188589785496116
3475 0.09050146415350507
3476 0.3453803889098263
3477 0.35652177199877877
3478 0.08167547174713156
3479 0.2903360349496175
3480 0.17026942017672736
3481 0.32905371454107885
3482 0.13249067827331046
3483 0.8029029888980449
3484 0.06139959217260125
3485 0.372882528864192
3487 0.33365609421108
3486 0.14225904369675277
3488 0.13057860157096926
3489 0.3618841095149394
3490 0.04449989177749454
3491 0.2227088678081173
3492 0.6117226389502821
3493 0.25523499947110195
3494 0.4407438176831308
3497 0.20961276039758542
3495 0.2332607365962573
3496 0.2603108340022428
3498 0.03160274778472233
3499 0.05509586790271487
3500 0.4047269676692519
3501 0.10730865582529578
3502 0.12375540293852191
3503 0.24011498049966218
3504 0.4090146532227013
3505 0.18261818677386674
3506 0.32150453461331463
3507 0.3967648250545302
3508 0.6377267352637803
3509 0.9724688145033653
3510 0.015669308133766165
3511 0.23467320390381471
3512 0.20595196019447004
3513 0.23100095585043198
3514 0.5974239283687754
3515 0.32298690917149464
3516 0.5328907097185381
3517 0.17107640794322604
3518 0.30922223636326746
3519 0.8451035132689216
3520 0.2978440675329902
3521 0.3907208188361817
3522 0.3393339892502102
3523 0.6796372342487746
3524 0.11024815244285402
3525 0.642125493568208
3526 0.2910852208516167
3527 0.29326608251087766
3528 0.28186006410909314
3529 0.678786352956828
3530 0.6255258019938705
3531 0.3581401527311486
3532 0.06770915649433354
3533 0.15965134828984212
3534 0.084098783170891
3535 0.7361489139150387
3536 0.37447268703779446
3537 0.17605657409247522
3538 0.45728113301653595
3539 0.6444899085109196
3540 0.5974593549019298
3541 0.3420880528417511
3542 0.731593108668984
3543 0.2668770224665157
3544 0.2485468665751353
3545 0.17923738236673517
3546 0.49699283295732666
3547 0.8491709611221098
3548 0.0
3549 0.04408245614647276
3550 0.2729134212872311
3551 0.6223978913103256
3552 0.3201388785994512
3553 0.05495004150326127
3554 0.26624754892875235
3555 0.51552914672084
3556 0.4628194084252204
3557 0.5123926062951816
3558 6.848870355281824E-4
3559 0.46657422230676526
3560 0.4112075159551023
3561 0.3130347627366197
3562 0.2912135989294528
3563 0.035156117706355614
3564 0.0010697675936822536
3565 0.435987276690195
3566 0.38459069921265976
3567 0.39960629150427635
3568 0.6036597930479224
3569 0.8460760184846892
3570 0.3947279647143135
3571 0.8984526901803714
3572 0.2667819029311168
3573 0.3373402753616747
3574 0.1256449165402125
3575 0.8494387176064496
3576 0.9999006801741877
3577 0.2392373403278535
3578 0.15818143644072663
3579 0.47267580383093677
3580 0.9401135361847905
3581 0.09360558930145868
3582 0.33449430914534994
3583 0.5212525117568779
3584 0.9999063973053329
3585 0.4051585092158366
3586 0.013779159484836422
3587 0.3921734322702176
3588 0.18843109090198312
3589 0.3099357010490147
3590 0.0685161558883951
3591 0.7003710181656532
3592 0.35740960185576487
3593 0.4287389079268879
3594 0.42994868367410266
3595 0.5175572595319806
3596 0.24523643930405553
3597 0.03689972665126629
3598 0.18183348664585855
3599 0.5322000262654857
3601 0.21391354519012457
3600 0.05561424488930802
3602 0.6265380855484249
3603 0.2311899825023093
3605 0.020833510416755165
3604 0.0018182696903141964
3606 0.4225944993961086
3607 0.6302263214542102
3608 0.3334492432192151
3609 0.02367075361166877
3610 0.7572427902116147
3611 0.6061503624664667
3613 0.1744394798406929
3612 0.890164448788401
3615 0.059326128090206307
3614 0.5832865544549325
3616 0.26769346650869746
3617 0.2228298018834066
3618 0.07108134652470328
3620 0.8776100246045518
3619 0.6108302253292962
3621 0.15298902076666182
3622 0.34217668202542634
3623 0.35277127242567863
3624 0.9610075517860287
3626 0.1417279294413753
3625 0.993315565741618
3628 0.5253550686102465
3627 0.4732229650535357
3629 0.29615975162049357
3631 0.5042569861582659
3630 0.6342881832282196
3632 0.9633812615489169
3633 0.47007743557806425
3634 0.4466609813232931
3635 0.3300270668072955
3636 0.7071126792819373
3637 0.3543307267300275
3638 0.4364193953568729
3639 0.027080338656552055
3640 0.19968374325203372
3641 0.0606058524640553
3642 0.03460233258686321
3643 0.19921947543150517
3645 0.1870258481352359
3644 0.4000004486979676
3646 0.5976426246041713
3647 0.21851436865691062
3648 0.36858489393864147
3649 0.34988334096289103
3650 0.33965267167056895
3651 0.30750559198292504
3652 0.7475250901758479
3653 0.06261364248952768
3654 0.29311975819941627
3655 0.09826133618626405
3656 0.22349535447177757
3658 0.04050892851202898
3657 0.010487534840300919
3659 0.5696679412426984
3660 0.3186358528690184
3661 0.20420435827711977
3662 0.2939978469339393
3663 0.7468261391955744
3664 0.2366932120884478
3665 0.7352168050027007
3666 0.11266329082520267
3667 0.06792536634564866
3669 0.24900310761843375
3670 0.6847876634865948
3668 0.42122135315744025
3671 0.17800696147393485
3672 0.9400599899631034
3673 0.6230263301781789
3674 0.6023474218807588
3675 0.35376807308567604
3676 0.7537815782922929
3677 0.06951835518295345
3678 0.4104932818428868
3679 0.49204985381163674
3680 0.36583147526523413
3681 0.4386270889203498
3684 0.08111433286617538
3683 0.9426369666588233
3682 0.4335910452168951
3685 0.8301891331437671
3686 0.5999995039514914
3687 0.5841898610532972
3688 0.29321150093037573
3689 0.6218341724869995
3690 0.5489787488473957
3691 0.31097510838528647
3692 0.7213613080994176
3693 0.46255511886503065
3694 0.26343872073543073
3695 0.5178452635273911
3696 0.38107339172305804
3697 0.9314845103435184
3698 0.03287682525798653
3699 0.4582677308717427
3700 0.0612712306205564
3701 0.1976290042805726
3702 0.751441655374318
3703 0.15100712203294975
3704 0.16205085673416897
3705 0.04138912169817743
3706 0.08130844614832333
3707 0.37723454600933826
3708 0.15419505023630298
3710 0.2544354256752727
3709 0.44315969743564554
3711 0.129943598791504
3712 0.40013032772756996
3713 0.2984870738492603
3715 0.227535480203754
3714 0.7433800322248241
3716 0.022498598230910143
3717 0.30084310116305796
3718 0.364613987954432
3719 0.5428886457024061
3720 0.3837116479710048
3721 0.0031441976682738764
3723 0.7138702643963942
3722 0.5553894118959791
3724 0.24952285047336298
3725 0.6390929977579937
3726 0.689240888151566
3727 0.33017951717261534
3728 0.34339562605889185
3729 0.03639008476665134
3730 0.3326622511226941
3731 0.2515336874875685
3733 0.31837214237354455
3732 0.061113155127890985
3734 0.6665164814193749
3735 0.012525509571769672
3736 0.5789835077224176
3737 0.2508337812537613
3738 0.06638199817622871
3739 0.245753514696140