1 0.4437780821560836
4 0.5542378332517731
2 0.668509286883264
3 0.5759156368600693
5 0.524877966792415
6 0.543432125045722
7 0.525861346613558
8 0.573715107564877
9 0.23071369769203556
10 0.43491682057552256
11 0.0990270963808778
12 0.5248365307140959
13 0.21721160071163526
14 0.11746446760004271
15 0.48794817140425273
16 0.4380929302422203
17 0.7601006307871664
18 0.3215730200851298
20 0.18814621273198617
19 0.5231150141420668
21 0.7106508572155652
22 0.31330309399912487
23 0.4724076315187651
24 0.21062871697776178
25 0.5511144581363335
26 0.5532601958513643
27 0.18557662382049156
28 0.14461961942411974
29 0.5893722604955496
31 0.2971474471934708
30 0.047432878285745696
32 0.13291309666711823
33 0.6043740020331143
34 0.2126986408421326
35 0.22550313525389817
36 0.4019386395766325
37 0.3967887804227056
38 0.10429103499251433
39 0.3778538848319479
41 0.035493397751886924
40 0.3288022483349098
43 0.2856684201930215
42 0.34403741243548036
44 0.2903484306047301
45 0.3176188762813889
46 0.0098720256154021
47 0.4997886785996327
48 0.015321294105756736
49 0.5558797893409424
50 0.1362702535706101
51 0.4992061695306764
52 0.7355468036496928
53 0.7689050780291847
54 0.5996851143851031
55 0.2648700477766785
56 0.4717141700879555
57 0.305518669688093
58 0.4503619452309051
59 0.6066871377261004
61 0.2602281204287238
60 0.7437582028373927
62 0.5725297428203674
63 0.1843693662527709
64 0.6085083491532749
65 0.7173721111210676
66 0.7178085655632644
67 0.7324120826242344
68 0.12531368876882795
69 0.500443285643264
70 0.12218950798349992
71 0.4926609915966571
72 0.39336484355330964
73 0.46571582891493224
74 0.059740473749002994
75 0.35838285018153493
76 0.03260587272082153
77 0.3473045469029984
78 0.27856969796612224
79 0.11688650462500441
80 0.015484635630817317
81 0.005856372580718266
82 0.02842002184469361
83 0.005838181063831401
84 0.005837519149800251
85 0.005854982493102356
86 0.47025057407714294
87 0.6948069299164511
88 0.8083460912392311
89 0.47079589118723975
90 0.7044230609369576
91 0.26018424070888996
92 0.25892976035070275
93 0.6117191803441979
94 0.5564300893105717
95 0.7764453109784992
96 0.4346344701877856
97 0.8544050831252954
98 0.7136166301187239
99 0.8670291086970892
100 0.5023972222894494
101 0.8154441900899793
102 0.7975160269135653
103 0.8587117944755295
104 0.25277515208603446
105 0.5655974814725394
106 0.7255523331868869
107 0.428439690378068
109 0.34200652263393694
108 0.2963811912674993
110 0.5933577905303677
111 0.8389428043911934
112 0.65861094769219
113 0.5911869301743815
114 0.49829964547922845
115 0.7622932930781119
116 0.6789327627005873
117 0.636984287457783
118 0.12710329561062328
119 0.5012458340950543
120 0.3640924984147581
121 0.38485551588866207
122 0.4374840092692104
124 0.09462997447211957
123 0.5384231771907803
125 0.5559600299619928
126 0.14954929247983093
127 0.6655423485677633
128 0.36445169631979973
129 0.7294648313662103
130 0.60996537874564
131 0.6003151571328622
132 0.6413075080397479
133 0.5395364382055311
134 0.262865644296652
135 0.21297296567798746
136 0.19409056884309625
137 0.22227708512790223
138 0.5634262160428787
139 0.5762767245876144
140 0.49310266298190414
141 0.42628980413320633
142 0.10610665946371879
143 0.2665563782820233
144 0.04108148881720961
145 0.6562637830815458
146 0.6999612539087098
147 0.6517618764177693
148 0.5867618090736393
149 0.45430893069107703
150 0.4047035542811555
151 0.42875480414005496
152 0.030223336397302826
153 0.4070429651096154
154 0.026738886876909836
155 0.36774672755732263
156 0.31642864400604104
157 0.24752956099104623
158 0.273295869394831
159 0.06241097992248222
160 0.028204301117660997
161 0.2745835156519119
162 0.6346810920749103
163 0.60080327950387
164 0.14918034527001206
165 0.5245234838928048
166 0.4680156583192385
167 0.42218071089119047
168 0.07374596795131516
169 0.31951878242128584
170 0.3307460179060479
171 0.026935689320098523
172 0.01589986996763133
173 0.02785212803270313
174 0.2555388039290201
175 0.47195812151308036
176 0.21333996667137317
177 0.7249488945327864
179 0.6213224924087516
178 0.7444004900454622
180 0.6067253588455411
181 0.22756248747415406
182 0.5002429454239161
183 0.437727594566176
184 0.4099409893635802
185 0.2066550581624036
186 0.5924488828811373
187 0.549072954078572
188 0.5774698121278724
189 0.27998352292100215
190 0.4015480766353328
191 0.2658820054120054
192 0.549642347605222
193 0.7003636243625789
194 0.3921955302509633
195 0.6731022653360695
196 0.6529403248025113
197 0.22373176727449964
198 0.661910794708844
199 0.22233207507391703
200 0.5361915835319339
201 0.2327433123417269
203 0.13464797343048296
202 0.1755275080267775
204 0.12200797900369448
205 0.10871755343335565
206 0.5041517532420303
207 0.6140360778595497
208 0.4729654803397391
209 0.707192289645707
210 0.2668672674855629
211 0.6675529706999693
212 0.2656123477067514
213 0.6442789162873344
214 0.21974348049042805
215 0.5550776178378523
216 0.14717250670307636
217 0.6504356641132932
218 0.35201346678031914
219 0.12826403884492027
220 0.11024276779617895
221 0.15707977047012678
222 0.4627159474681447
223 0.41392436814677314
224 0.5013260849204505
225 0.6661652211176723
226 0.20262350254391642
227 0.5064382613739967
228 0.10923192308627454
229 0.4017208598496597
230 0.04090873756879128
231 0.03329623729193175
232 0.04647864931025491
233 0.37059888412508185
234 0.30285944572612467
235 0.2842776051697101
236 0.21465409478393552
237 0.2654942146748925
238 0.20363727166798756
239 0.3950796959729438
240 0.24579905634116364
241 0.8819957547264208
242 0.36702274677937613
243 0.42730188219983317
245 0.6313987299187944
244 0.6173873739377589
246 0.06533892766857799
247 0.0011846533712303931
248 0.017313997891423034
249 0.07760884972878296
250 0.565128481616983
251 0.6232829933850768
252 0.01690459249181214
253 0.41280366683600445
254 0.07573028866985802
255 0.36436994651929333
256 0.005205737723882697
257 0.5764349485137654
258 0.6050823284820813
259 0.6460634934086544
260 0.17990047808491336
261 0.5798152709315179
262 0.42790447980194585
263 0.1479378609466475
264 0.0787866639297792
265 0.07396737390695683
266 0.4657569602239921
267 0.05553285479780176
268 0.04665551417766513
269 0.0239970932953958
270 0.3148007379067179
271 0.5584560174478216
272 0.04756657711431273
273 0.2742590091351716
274 0.472444408507531
275 0.12354140688874754
276 0.07920378784727376
277 0.3625567729684599
278 0.3116026321696757
279 0.26989508718977123
280 0.2671562615649018
281 0.008797523946771812
283 0.004245511580162814
282 0.21714278303580598
284 0.002275386351594425
285 0.0032093072459212775
286 0.16706843320287906
287 0.39095405371888314
288 0.1308851595189671
289 0.6075942273867951
290 0.3573569603024807
291 0.25072263125466426
292 0.23364744397526008
293 0.20692945504899873
294 0.6253015483317566
295 0.4984065058433595
296 0.08781750308102067
297 0.08473319376720899
298 0.3296857382224356
299 0.369171353693661
300 0.25733186062354885
301 0.021071561144030814
302 0.42743169096583206
303 0.18890993392417454
304 0.3665390698771353
305 0.2207004188701217
306 0.640432979482183
307 0.5700857028540817
308 0.4313897925490776
309 0.037606218261459524
310 0.07039755518446332
311 0.382078192515879
312 0.3095418808391654
313 0.31809836516342466
314 0.3489357114685434
315 0.008724091498284464
316 0.23360472246680522
317 0.26106349060556466
318 0.23560221490051006
319 0.46867610943445903
320 0.1585499530828689
321 0.753100762998675
322 0.2038850193091457
323 0.667368105478087
324 0.2378618471558684
325 0.631150409730325
326 0.6193271661511467
327 0.680849135227062
328 0.12423982807313853
329 0.10708844166046017
330 0.07515510311779086
331 0.3970153028678888
332 0.35868510206907783
333 0.4860460188063351
334 0.12438864777132355
335 0.6524899498427815
336 0.09501223640930855
337 0.7266891500138614
338 0.7634478647682958
339 0.28094549533092084
340 0.5724847216284452
341 0.555226813058072
342 0.5704619083342579
343 0.5319086069951376
344 0.42305173113845346
345 0.3932297496590528
346 0.03851004821546013
347 0.05568655400057211
349 0.030211702760001062
348 0.046285407661014695
350 0.3267563287297674
351 0.11298260914993771
352 0.018709599358781432
353 0.6113154660703406
354 0.31861425004202426
355 0.32632971012346224
356 0.4217097616372125
357 0.4705221464033668
358 0.5481110726887863
359 0.46595726228639184
360 0.3865573492537283
361 0.05026174121711991
362 0.35596795524848596
363 0.34034274633570855
364 0.39895821738807485
365 0.03181822640776348
366 0.3401499152112763
367 0.48408769755586534
369 0.6236456735323122
368 0.40381248565297667
370 0.7332969467656592
371 0.20193291570815275
372 0.25755663799713235
373 0.6717711797412347
374 0.16836118893198576
376 0.23495549193707957
375 0.48667786434109495
377 0.6384022304361391
378 0.44793986074784287
379 0.48569093994777796
380 0.42866426599588736
381 0.3438969017090303
382 0.0718311023302106
383 0.32389552356734874
384 0.3978636397285383
385 0.5267088743669364
386 0.34258527081424883
387 0.4269447467754583
388 0.2844595484483794
389 0.5611957567515887
390 0.2011379265961495
391 0.20685751022014473
392 0.5290402100419941
393 0.5399911122747395
394 0.5604819157494054
395 0.5800294306319445
396 0.07001442021989604
397 0.4967315787843173
398 0.11492440727575455
399 0.5154844241920811
400 0.5055062861417025
401 0.35254455687519276
402 0.7258659653061094
403 0.5147889991871524
404 0.7583914559258106
405 0.3307996243146145
406 0.6898394194972599
407 0.25698731286880394
408 0.15445943461666847
409 0.27221246908545466
410 0.5112290455886781
411 0.5121864557995448
412 0.517764127687129
413 0.14901680634687528
414 0.08170848637575048
415 0.652962289101803
416 0.4522865406407153
417 0.7466321970841595
419 0.7152460079825602
418 0.8414984004300399
420 0.7095193766391608
421 0.7360046069404942
422 0.23368683399241544
423 0.637513016295712
424 0.49958867345409674
425 0.6292147360966136
426 0.5935481107444832
427 0.12980795649762683
428 0.6570073482708739
429 0.5563667972637237
430 0.5158747737923008
431 0.2909753883558144
432 0.5328829234982118
433 0.43935530978304876
434 0.20724651821799783
435 0.15613622218221387
436 0.002358885533281139
437 0.4722849651232195
438 0.4450375511424362
439 0.07353942475448567
440 0.06383165356125355
441 0.3657306383008013
442 8.671236432297127E-4
443 0.03294492701438293
444 0.3548375638500488
445 0.22521154755059264
446 0.3199480404970471
447 0.4341996148400977
448 0.4483485787120988
449 0.5716682829361267
450 0.37558508777701094
451 0.07569622049815099
452 0.5588138809597065
453 0.38283144446067147
454 0.4796685048320104
455 0.07687411542822686
456 0.001171718077942417
457 0.016583721560336624
459 0.017092229700733087
458 0.2112551245786394
460 0.02191667834555821
461 0.04030637607010478
462 0.12057631065232345
463 0.4633103574810111
464 0.01733989469521942
465 0.5579808425602591
467 0.29259217665209447
468 0.27802504941791006
466 0.6269730990600284
470 0.47089832074964916
469 0.5069733314308972
471 0.4223244295191103
472 0.7543347072996774
473 0.34837069713925195
474 0.7227963609584764
475 0.5499934326589466
476 0.24269378796109445
477 0.3523999387999847
478 0.18204493457114604
479 0.7599767242666079
480 0.6428239552180236
481 0.6519753787436146
482 0.5674986172760099
483 0.47111888921027123
484 0.5869984740042727
485 0.6628542030874408
486 0.8545155092266625
487 0.40326810921160067
488 0.3062448698130826
489 0.4103899543580173
490 0.5115697778060175
491 0.305212804623944
492 0.61887100528116
493 0.5811416624572877
494 0.4758072173189177
495 0.5728776014900515
496 0.3633765807110762
497 0.5335952045454502
498 0.7546329961159385
499 0.8123223332281433
500 0.7318110945121785
501 0.29588722437799586
502 0.5763048759748542
503 0.5960391622943153
504 0.2458600544877267
506 0.4079391716123717
505 0.237779545706426
507 0.5996711041171259
508 0.2533824710632182
509 0.5797633555380488
510 0.05712421410561166
511 0.5275723742551143
512 0.5767078404249683
513 0.7532954782656912
514 0.3651088694788407
515 0.7216626254773068
516 0.674027046367682
517 0.5908286142585119
518 0.5495023071772214
520 0.5420153293047075
519 0.5583591627753949
521 0.42178387862757466
522 0.14537841244929772
523 0.503195924143679
524 0.3381745937312643
525 0.09763498571458813
526 0.05487090266524569
527 0.6447107721522175
528 0.10277984707019044
529 0.6851623980924152
530 0.7720302018641731
531 0.35432864662417846
532 0.49758951437925314
533 0.6659105474145659
535 0.22057581825116598
534 0.3183621464550167
536 0.5476632073284466
537 0.5696936252839
538 0.5198398765766942
539 0.5282676774026975
540 0.5516318650719637
541 0.20174020699965975
542 0.10624713471757706
543 0.6682760841694578
544 0.46992216847635376
545 0.08863290063076465
546 0.49879764633731494
547 0.2488988788873453
548 0.06235951796719896
549 0.3477017842004018
550 0.5407181050157795
551 0.4144208828887982
552 0.4776031532731514
553 0.014403968026160337
554 7.690650762741487E-6
555 0.06737771400166766
556 0.007743761149283325
557 0.01642707010475546
558 0.016827476158905993
559 0.24849752640205702
560 0.0032166194824537063
561 0.8487000094330728
562 0.8278057888140968
563 0.8371612322588938
564 0.5929990276634183
565 0.7758820515323037
566 0.7235708868844452
567 0.47110395178469616
569 0.7678407129276342
568 0.7262536162905121
570 0.6514014288504881
572 0.6573837650730666
571 0.798747816520283
573 0.6444154869464095
574 0.650232857462713
575 0.8023041229057336
576 0.6014085958884827
577 0.6178554881567467
579 0.7201479988584361
578 0.1224136868378248
581 0.027789164395767868
582 0.2756690348341521
580 0.04770698539500121
583 0.002584868878419216
584 0.07509446867049796
585 0.5132772714107806
586 0.130577017087908
587 0.017132704077323258
588 0.0015605240519031168
589 0.016920698134437147
590 0.20704930024293752
591 0.0013097497953351305
592 0.07334823654738074
593 0.5433660838011264
594 0.7264277647134524
595 0.6744681285486838
596 0.38144969882582097
598 0.22772152837177417
597 0.6536946171406198
599 0.09343040549557796
600 0.22573097365370773
601 0.24556548153516283
602 0.49069650158612427
603 0.4524252249971926
604 0.47354577171320283
605 0.474448301171745
606 0.5111338260322023
607 0.5584630355893201
608 0.07539530622556016
609 0.7135140702865747
610 0.8338291315450458
611 0.29171437351642265
612 0.3234365890069848
613 0.31499066029846584
614 0.11804671586558198
615 0.3597276048575706
616 0.11998411191764503
617 0.06505069306839864
618 0.39407522003106926
619 0.106270777694296
621 0.09484992181743225
620 0.10247174109107622
622 0.4990187816358194
623 0.5221962881302754
624 0.0084356563838013
625 0.7299438830706935
626 0.33989630655695413
627 0.24906606376416435
629 0.18077697876768953
628 0.1734471538370124
630 0.4624017970602785
631 0.48380061499321186
632 0.4344316088587852
633 0.06270397433744161
634 0.05631239857216604
635 0.08062528454684192
636 0.019879658853272683
637 0.47591335166638654
638 0.34064965534412744
639 0.1032327606746933
640 0.22921407891387116
641 0.7673567981189573
642 0.8039198874860811
643 0.5778437191545415
644 0.647027921447202
645 0.26820334505868093
646 0.4291026319760811
647 0.5241504966675077
648 0.33888845879836016
650 0.3776178509929082
649 0.2360535345705711
651 0.3294156450771023
652 0.21723346589889536
653 0.40804515559637644
654 0.45719849475729235
655 0.764976344271029
656 0.022926065214747618
657 0.5685788817205013
658 0.30085910796012816
659 0.26643677904465324
662 0.5152688431977545
660 0.6023785394341463
661 0.41679618420798487
663 0.0334440752944645
664 0.10211660676147812
666 0.4719423500947009
665 0.0019054897058863954
667 0.06675979348815118
668 4.959588252060582E-4
669 0.04857191392687237
671 0.08322978940284267
670 0.3746594967845098
672 0.3446761149578738
673 0.4602023867919833
674 0.6160146741624293
675 0.6757188368455607
676 0.6295280282143616
679 0.20618370865508673
678 0.6259584296986929
680 0.2877944519420496
681 0.5542987351504317
677 0.7626105317526233
683 0.28401809181410287
684 0.3516513617585579
682 0.5845957707499237
685 0.14012578045512578
686 0.0863452557252392
687 0.4208272019109283
688 0.2751981201420953
689 0.8094549741703863
690 0.7079135843740749
691 0.40114102272816327
692 0.8121368457748226
694 0.2958509833088731
693 0.37852922501472724
696 0.33980694767156405
695 0.6070922460947605
697 0.22766292070231195
698 0.520904541024105
699 0.7001364759114087
700 0.23423424982529883
701 0.6940839180253393
702 0.26837092274216573
703 0.7584858280631969
704 0.6639217826717336
705 0.7182407761773939
706 0.21810063079171757
708 0.32785756550290723
707 0.7502271708126508
709 0.35190924017108
710 0.3910420063943843
711 0.40407260836186343
712 0.6425383511324197
713 0.537669771978479
714 0.5615158466127755
715 0.20373118189867198
716 0.6446120647369034
717 0.4436078025607077
718 0.09753797831014836
720 0.6139350367324516
719 0.6011622932825055
722 0.634652089752369
721 0.43823976732153425
723 0.5839951106016505
725 0.443258963607668
724 0.6134346258410137
727 0.41546181863296033
726 0.5295990760365497
728 0.43998935259453126
729 0.36075478840159214
731 0.05895409389720562
730 0.025376122552390034
732 0.23176737492087793
733 0.21685955293533377
734 0.3118588028617007
735 0.1303194812052476
736 0.14919599384765725
737 0.1473882531301334
738 0.026097865053440028
739 0.24095886097354174
740 0.08910274529108428
741 0.1109040657674837
742 0.5987071674140991
743 0.20169454705435486
744 0.0032377154509280782
745 0.3330062376887665
747 0.07534130872422357
746 0.7906859912273564
748 0.015819473537825878
749 0.22056906624712208
750 0.01731761658237446
751 0.5725063504508409
752 0.5719782442312707
753 0.5159244143407955
754 0.8143590071403898
755 0.8189106825310626
756 0.8862688445966247
757 0.528335812943257
759 0.912608131472983
760 0.7935550988851331
758 0.5698282404928715
761 0.7782674605860503
762 0.7762577657282308
763 0.25170139882873205
764 0.15258167516273508
765 0.7217146312391249
766 0.790004846756655
767 0.6533296383811928
768 0.5923951863631727
769 0.6888181112862758
770 0.6960941354752045
771 0.6112618113007261
772 0.6524962983622943
773 0.5795881590793863
774 0.6377706496278044
775 0.5706301079033731
776 0.5106600020417921
777 0.5013514896493441
778 0.5244079172014964
779 0.5488919274507856
780 0.42451950088272944
781 0.35990533418416915
782 0.12197324151813643
783 0.5875633038444004
784 0.3902479469058621
785 0.45602575439729914
786 0.45753978199915696
787 0.659324009804744
788 0.25924646923090117
789 0.4045770391982431
790 0.05881656606163574
791 0.546557480103675
792 0.6479543618472338
793 0.5094809060073987
794 0.184611363072567
795 0.1719171136133626
796 0.017366531118061142
797 0.5222180605103224
798 0.384392167560581
799 0.07679897221785566
800 0.013641226115310812
801 0.7205304875929269
802 0.5946740577863211
803 0.6811403796250595
804 0.45253994037654705
805 0.7366309351939057
806 0.22999489144557103
807 0.5760623327009344
809 0.5471037894900725
808 0.49815167418584405
810 0.12971145848211654
811 0.06249586741594884
812 0.5934864498023692
813 0.1383955876752185
814 0.17148690368530609
815 0.5021563972902552
816 0.5305954803988155
817 0.33814552618851185
818 0.5793136935712685
820 0.10607042481752152
819 0.6646491575634746
821 0.5349859345668085
823 0.36772292393461176
822 0.4580795756614453
824 0.05166566041349779
825 0.3692861349571791
826 0.027039522687476978
827 0.2610417911258571
828 0.3576946018658108
829 0.21534983902765933
830 0.02665622568527753
832 0.005514719789067193
831 0.48862668887919297
833 0.5918004119369628
834 0.6408354123761612
835 0.629957544906861
836 0.6165156850119812
837 0.6542510274487215
838 0.1649891317133281
839 0.11612550772091397
840 0.45152629044881654
841 0.08522737885837453
842 0.5035966434060147
843 0.04439849794076938
844 0.3981400555637678
845 0.37228600049079213
846 0.4173395736737733
847 0.17751482473242683
848 0.4555055782444806
849 0.7645462685098848
850 0.008877236288182563
851 0.005849068851406853
852 0.04563392300284228
853 0.7810484847980327
854 0.30262103843169114
855 0.0722662276396945
856 0.017154297475355774
858 0.525860247745085
857 0.01722970819369252
859 0.011674445824383428
860 0.06481889399215633
861 0.12113811729179366
863 0.2620371110846171
862 0.27645173508736615
864 0.2621694006084251
865 0.3869460720454047
866 0.41482203171118376
867 0.7001147475049643
868 0.3065875745937055
869 0.6831880712578088
870 0.424348658620581
871 0.6135354932747765
872 0.4982760984150036
873 0.1658828928359424
874 0.16317472874141203
875 0.3530963721326524
876 0.12098763419718296
877 0.4400298394990146
878 0.443125972921339
879 0.5604830663122639
880 0.06499633582907556
881 0.7412352800905447
882 0.6286346645696934
883 0.7024935197179722
884 0.2823963779064639
885 0.11590921563274936
886 0.5523172675978876
887 0.5362966185948
888 0.3680807200873079
889 0.05309004055244985
890 0.08122453694815711
891 0.06342118620785364
892 0.3669464210568958
893 0.41859813494708625
895 0.12064685568014068
894 0.08027543073109406
896 0.38299897669643707
897 0.7878659023377286
898 0.7513780724913874
899 0.7349967281393411
900 0.37809467860983137
901 0.628854624861821
902 0.5956795320870422
903 0.22377018451664693
904 0.4178923116261306
905 0.6355569270922364
906 0.1812950363385139
907 0.5016020019147437
908 0.06131803281344969
909 0.41434109219333715
910 0.12891249146474773
911 0.6030965819144869
912 0.12036247019278745
913 0.6968728227815353
914 0.5198760316829022
915 0.14184929339869637
916 0.5952729256079756
917 0.31234456280009576
918 0.5844775363320733
919 0.12762380502753348
920 0.5660754850334633
921 0.46314206823650855
922 0.4127844347364178
923 0.4398973496513448
924 0.09121647449569092
925 0.06209962154417798
926 0.39523335471318016
928 0.4232561216940316
927 0.2576200727165818
929 0.4813981100091656
930 0.9061017162567585
931 0.7514697666641925
932 0.32799190732965783
933 0.18594737254841034
934 0.5117171386235846
935 0.4342286527810293
936 0.6458561558690752
937 0.22517414763500726
938 0.5409757058351167
939 0.4451207886818769
940 0.796846653372037
941 0.2526165839385317
942 0.08992839114250513
943 0.5606244995852826
944 0.4744337530074401
945 0.7043213015610694
946 0.6673865492112686
947 0.514763119755722
948 0.7172210294703109
949 0.6486366311618776
950 0.6527725095697082
951 0.5866272842949534
952 0.5286340146414314
953 0.11699689461114876
954 0.17988787145238536
955 0.549351606154858
956 0.12375599027714364
957 0.5166178862666536
959 0.28702170136275496
958 0.4535527135061294
960 0.447428863423767
961 0.6607782866528369
962 0.7588462073717593
963 0.586866111817808
964 0.6505296173866202
965 0.6350749656741373
966 0.5653571161324096
967 0.2783954207512952
968 0.731497748881358
969 0.5772154730905281
970 0.5400268635730057
971 0.6053172138679607
972 0.18479364318248978
973 0.6063755275237807
974 0.5469572575516205
975 0.6015093802870224
976 0.47099794199460004
977 0.27072159418504954
978 0.5231781247579923
979 0.49547610396597624
980 0.11646464406485488
981 0.29102000303762504
982 0.6084985414253239
983 0.644466398764093
984 0.5622697998381541
985 0.5748614754740226
987 0.5369602821441263
986 0.12378877285928849
988 0.15802934166417332
990 0.4757846276930281
989 0.5393760153264523
991 0.3810205300079751
992 0.5171208777305859
993 0.3784711635639203
994 0.4550333198340364
995 0.674249980817994
997 0.6443014339546168
996 0.7141629461280381
998 0.3142114345367756
999 0.2149507060648243
1000 0.5065491405434439
1001 0.5833262086054928
1002 0.45696613005701553
1003 0.18013453413350403
1004 0.5577528870197667
1005 0.06049331789220855
1006 0.03907357376594612
1007 0.6133637214821819
1008 0.4350786207305593
1009 0.413103852375029
1010 0.6677974048304207
1011 0.42271367154604156
1012 0.3764204939515977
1013 0.31752690190426064
1014 0.5648559511209738
1015 0.6393217670476493
1016 0.34163176393416594
1017 0.2412792086663679
1018 0.2105701977181286
1019 0.5263966583837348
1020 0.10594752419784179
1021 0.1913387244932415
1022 0.213677093375562
1023 0.5045662708488637
1024 0.07752993001214652
1025 0.5455035837836456
1026 0.617535411944439
1027 0.4111508890459171
1028 0.4458368443946597
1029 0.027680037021729564
1030 0.6543888251297956
1031 0.20903669921816614
1032 0.07425962405655116
1033 0.23937352718025562
1034 0.4187938702997656
1035 0.11850030181067234
1036 0.10610170676234809
1037 0.4546166893810407
1038 0.21344923788748318
1039 0.276860681837393
1040 0.6064972896368224
1041 0.677800199836609
1042 0.7314582055861245
1043 0.6990654677200986
1044 0.2051659826910659
1045 0.5540934932877247
1046 0.5375248567289279
1047 0.6940744780004275
1048 0.25059836564486176
1049 0.580802735138296
1050 0.5045491137397544
1051 0.5329451619327006
1052 0.18534824777384104
1053 0.1076585808599283
1054 0.557083735286835
1055 0.6657631986824485
1056 0.03969769076763331
1057 0.7413141340173377
1058 0.5389861659941979
1059 0.7498639827708469
1061 0.23205568223408138
1060 0.7912003773719939
1062 0.279442663583614
1063 0.63511111786558
1064 0.7113339677410726
1065 0.54213106469262
1066 0.6918053642708772
1068 0.5971480986160571
1067 0.1440675159859515
1069 0.5965577187536202
1070 0.37366886859758974
1071 0.5597488108525304
1072 0.10007713134473395
1073 0.4837849612532442
1074 0.6750588454109048
1075 0.8830298432597798
1076 0.6832690279953937
1077 0.7864745910429107
1078 0.4585828013547587
1079 0.7837833658004902
1080 0.3124226057672587
1081 0.7584150252088259
1082 0.740614946059971
1083 0.23223317354136064
1084 0.7013475409857282
1085 0.46030707524013165
1086 0.6851240538368247
1087 0.39608010345664757
1088 0.7098410239160372
1089 0.30660489255800893
1090 0.7494774280798213
1091 0.2454938941182398
1092 0.5871694489294131
1093 0.46505909534200185
1094 0.1412383873050111
1095 0.04131910306093469
1096 0.28195752737817087
1097 0.1573740365524968
1098 0.4245191432229013
1099 0.01401654856871601
1100 0.3524491788383403
1101 0.41363043183606213
1102 0.32947407071005713
1103 0.5076370130162735
1104 0.3665133654392083
1105 0.2718545642314498
1106 0.5006391051780765
1107 0.7645874095802346
1108 0.700578694840047
1109 0.14561686905532115
1110 0.5896923203055462
1111 0.5923473023944994
1112 0.520645336464022
1113 0.611191816403836
1114 0.48827004579750005
1115 0.2183749960593277
1116 0.5685773916970065
1117 0.18404472049722664
1118 0.07863590234534311
1119 0.5497339585240401
1120 0.2927085401985737
1121 0.8464806597197815
1122 0.7929054559636842
1123 0.5515330917930901
1124 0.5328114480142258
1126 0.4475326263887015
1125 0.6987697958979887
1127 0.49693978027315033
1128 0.5354131929375173
1129 0.43787909030074906
1130 0.6988916303043515
1131 0.3407911580737589
1132 0.6272745790266036
1133 0.664327672432942
1134 0.6935590556869902
1135 0.5263289934915902
1136 0.34321281782330554
1137 0.5836229928987032
1138 0.66038452939831
1139 0.5807014535103996
1140 0.23486722907055102
1141 0.22699128493381304
1142 0.5802752644039939
1143 0.219642951154015
1144 0.46700640964794743
1145 0.1537922181595485
1146 0.4358177210751122
1147 0.5564243144764285
1148 0.05868989864078635
1149 0.46910438069499105
1150 0.14646896609443563
1151 0.2135302341491026
1152 0.14316058807227006
1153 0.17248065694413992
1154 0.6012219801490428
1155 0.42581368819868753
1156 0.06817291159164261
1157 0.39430129176005496
1158 0.3636239718437225
1159 0.014015803696012337
1160 0.2584375147457473
1161 0.231450212912595
1162 0.2199718364659424
1163 0.011862867000664613
1164 0.17829374743307264
1165 0.00616488661759993
1166 0.1933653367668126
1167 0.04427821083193508
1168 0.0027435135206675346
1169 0.5055746865366073
1170 0.6668174984451781
1171 0.6724417012792627
1172 0.6842536421718052
1173 0.3151149824453134
1174 0.7187565245439076
1175 0.5151016065317323
1176 0.4469987054176118
1177 0.6332746475585653
1178 0.11384655330941927
1179 0.6349430187439535
1180 0.6232356426906274
1181 0.1172575308143069
1182 0.15959468476201968
1183 0.20748843374918322
1184 0.09657466074586075
1185 0.7795669642390146
1187 0.4035021629468573
1186 0.508990631037451
1188 0.6267774394603743
1189 0.730588288486115
1190 0.7078101307952422
1191 0.7994518661905888
1192 0.37668475781539235
1193 0.3483725730918915
1194 0.6487599166396497
1195 0.3073427770222715
1197 0.5615030911195789
1196 0.6236649837964252
1198 0.31603917531290665
1199 0.7024316389383445
1200 0.5321118068281442
1201 0.41400938465249093
1202 0.6767340966930064
1203 0.6966739614906503
1204 0.28673177307670883
1205 0.5030158572602109
1206 0.6713692316336309
1207 0.5079607025373267
1208 0.4352772553916559
1209 0.24651030608588803
1210 0.7271916974070861
1211 0.7196768635785654
1212 0.6913044782798191
1213 0.5884484286702666
1214 0.7880375992851696
1215 0.25676022730055675
1216 0.05346362819155409
1217 0.295767862421339
1218 0.332218591043126
1219 0.6984928887240284
1220 0.18768458668710405
1221 0.4800717640310272
1222 0.5910028047935474
1223 0.2041330151801137
1224 0.5803173512851348
1225 0.011601779821539626
1227 0.052453521843447586
1226 7.132873110521532E-4
1228 0.011577558914641808
1229 0.07998504781668203
1230 0.052601520819450284
1231 0.5507888540198975
1232 0.08155111346985368
1233 0.4403558281796145
1234 0.3571482978015843
1235 0.23656527537709762
1236 0.605138281827253
1237 0.6218724028346817
1238 0.1791365940417021
1239 0.46455229482123234
1240 0.09136577577063575
1241 0.4798054251971831
1242 0.08452405224945807
1243 0.08154660715971883
1244 0.4389657184144526
1245 0.3517447368671188
1246 0.311671639270332
1247 0.6359613468351433
1248 0.05785031834464921
1249 0.5596244875533196
1250 0.4787829134132128
1251 0.5145537772023843
1252 0.5089655320648608
1253 0.6858934056084087
1254 0.8065519921238117
1255 0.7170791595254423
1256 0.3536425311780628
1257 0.3102208793342544
1258 0.6052052873382108
1259 0.26501475780651396
1260 0.18508807392504764
1261 0.6647496993511872
1262 0.16016042467536692
1263 0.6295501274462582
1265 0.770873597495762
1264 0.07138795395942511
1266 0.5099297252800296
1267 0.29559980575616845
1268 0.6881645022520106
1269 0.7692153789113311
1270 0.3007699494549997
1271 0.3841990856197448
1272 0.8599118728042742
1273 0.6452420716701498
1274 0.3159611166983534
1275 0.3913846305037679
1276 0.2156218210550926
1278 0.6727408043976486
1277 0.44498315832430213
1279 0.8648979447511754
1280 0.29388427927859867
1281 0.7445113897985678
1282 0.757992990499014
1283 0.33979676753361937
1284 0.688508653462683
1285 0.3009270606600023
1286 0.580427374525349
1287 0.18575711021658692
1288 0.5067417714395486
1289 0.5657257336798299
1292 0.4583299941890494
1291 0.5223435534743007
1290 0.11735428474012338
1293 0.4634965682754125
1294 0.0966006911246014
1295 0.24343713305050763
1296 0.10696529446833399
1297 0.6658694573307483
1298 0.687000512053796
1299 0.32691798913950904
1300 0.607157594275909
1301 0.2089660119388215
1302 0.24275161807618925
1303 0.21452278060453414
1305 0.5206424076401693
1304 0.4169524390829751
1306 0.44259430725759125
1307 0.5655427530810864
1308 0.4980571272794176
1309 0.14321335798977702
1310 0.4959323472874947
1311 0.24522530355020344
1312 0.05867569248595373
1313 0.7687139011132265
1314 0.6576235770421023
1315 0.5949598174019272
1317 0.6617851867539527
1316 0.2934408177653744
1318 0.5990269276859037
1319 0.6700529969868564
1320 0.49117857225957107
1321 0.51411833715848
1322 0.4238097091949742
1323 0.04748737554938078
1324 0.30810411756064554
1325 0.10432733076817625
1326 0.40237654289321195
1327 0.1487899693999587
1328 0.408326406728586
1329 0.7465015025680954
1330 0.36090439867633756
1331 0.5310373836438504
1332 0.7345053589251864
1333 0.5706841952021731
1334 0.49482495736812177
1335 0.39528522826920964
1336 0.48748897065105073
1337 0.09450234913253779
1338 0.14355140837076047
1339 0.5515037094819704
1340 0.12832178922548096
1341 0.1315144482397853
1342 0.33739028522774894
1343 0.6504263802643325
1344 0.09610162759202388
1345 0.7511931878060606
1346 0.5081099374344176
1347 0.21904836469180544
1348 0.4407304244446605
1349 0.6045554965399171
1350 0.5871634729602477
1351 0.2223839746847573
1352 0.42321032094721445
1353 0.1701500138797162
1354 0.6002047807502447
1355 0.5855395595192567
1356 0.14442015907966793
1357 0.16226187833881478
1358 0.12376883355744227
1359 0.42605641602613636
1360 0.09950808427956333
1361 0.4929759492562551
1362 0.8430687704657279
1363 0.8403029037290526
1364 0.7135745742664968
1365 0.4581292256228061
1366 0.7091708864158462
1367 0.37267451969455206
1368 0.37342349177116096
1369 0.2193521775437732
1370 0.44251881116715713
1371 0.5376606347983383
1372 0.580403368855118
1373 0.4642945730859807
1374 0.48676621749274573
1375 0.717189658457189
1376 0.36209619907961393
1377 0.8412367039784608
1378 0.730993833935963
1379 0.6780991617255288
1380 0.6502446838955526
1381 0.7279001453530148
1382 0.5818123014320201
1383 0.5411830289988998
1384 0.1136760599682133
1385 0.1653236852813898
1386 0.4948832799673108
1387 0.48471989220444794
1388 0.12441911777457237
1389 0.42383337488667056
1390 0.06167214794255177
1391 0.6911101020817543
1392 0.4078187405848939
1395 0.579387639769066
1394 0.30297474138529323
1393 0.6652173961396638
1396 0.17999891243711538
1397 0.5922486116585121
1398 0.08792507888208125
1399 0.06003674701332752
1400 0.41434097038518336
1401 0.38398232528612203
1402 0.038313870440948486
1403 0.01690211718566538
1404 0.25033153246731044
1405 0.2503957054048428
1406 0.2453396131638229
1407 0.07546230212634243
1408 0.2495071791490402
1409 0.6410433853374109
1411 0.4522011754692484
1410 0.34641582502175583
1412 0.4691608346939998
1413 0.11781776324605514
1414 0.18451433343218673
1415 0.535681034553444
1416 0.5704267703997522
1417 0.5012509857843753
1418 0.3091108692782791
1419 0.19090792671127985
1420 0.033673635224986134
1421 0.5305287338822943
1424 0.4746475745722116
1426 0.3799982185404915
1425 0.631874523906352
1422 0.3139924169487163
1423 0.653198633676026
1427 0.5794504656730636
1428 0.5825258047866202
1429 0.46990915676697725
1431 0.5149096808132873
1430 0.4066192514155487
1434 0.07860147730622288
1433 0.3827987033619194
1432 0.48677211938842596
1435 0.35106211105784074
1436 0.06582679011286965
1437 0.05068844963726159
1438 0.3535084265275823
1439 0.49946359458674644
1440 0.22849235234495535
1441 0.1448123610897881
1442 0.4206811971562252
1443 0.4459371262627142
1444 0.04563468119633935
1445 0.37976138685177474
1446 0.007276060868215195
1447 0.41513093324789324
1448 0.2496440833939988
1449 0.008058608790832344
1450 0.29954045962687803
1451 0.2724018826828336
1452 0.004022651462067874
1454 1.1628178154555102E-4
1453 2.049215682595448E-4
1455 0.3449245836105126
1456 0.1319497073348828
1457 0.5174963738604204
1458 0.7518244024221188
1459 0.7898610274077168
1460 0.47137485094852605
1461 0.2978158084791448
1462 0.49739466962969575
1463 0.811330871823555
1464 0.5120991815852005
1465 0.13684789572646594
1466 0.23844822900729307
1467 0.25936909924074475
1469 0.41921174904337455
1468 0.5309226078951806
1470 0.11772833718404241
1471 0.6934799661136575
1472 0.1254890166929456
1473 0.5581534930808771
1474 0.610665449218675
1475 0.6698768614236301
1476 0.5903074025735767
1477 0.5189578257648523
1478 0.13040736217842064
1479 0.5383759459105671
1480 0.4355896633753706
1481 0.07030265349731482
1482 0.3939952119395767
1483 0.0482841247387343
1484 0.4191152407688969
1485 0.36349658658882356
1486 0.2700883201671662
1487 0.19872518197228192
1488 0.33761683099681344
1489 0.6723729143126522
1490 0.31902869526805305
1491 0.6668841182179771
1492 0.19198577219538476
1493 0.5468789495346227
1494 0.06415866369347398
1495 0.448715271801836
1496 0.07391569999275152
1497 0.34315726515122535
1498 0.3415979802469841
1499 0.30443879121462813
1500 0.03535794826896195
1501 0.25005613385282527
1502 0.007652805547774798
1503 0.0871498009473386
1504 0.20364041852915593
1505 0.7378193379079565
1506 0.7041218970661733
1507 0.6855446443308686
1509 0.613312539403552
1508 0.1367613406176665
1510 0.18414093460784897
1511 0.20460288690252032
1512 0.4649261331831681
1513 0.09469884160463288
1514 0.05347348927786021
1515 0.4411307710942838
1516 0.47069468404500003
1517 0.5029973868973062
1518 0.4397691203805493
1519 0.49892227633946357
1520 0.4364050872995276
1521 0.6845865173218912
1522 0.29546994697513546
1523 0.24908687491377557
1524 0.17236022528150047
1525 0.1571517261254208
1526 0.42633820549998364
1527 0.39936063926086857
1528 0.43990096427286424
1529 0.412520023845687
1530 0.03399244742205245
1532 0.2797604729805036
1531 0.32195339540275203
1533 0.05208203823486903
1535 0.5477883718884866
1534 0.022410187154130144
1536 0.28400597427972557
1537 0.4509477025367376
1538 0.6029411273156937
1539 0.6031772278447542
1540 0.9713161887571364
1541 0.7790435351216444
1542 0.5298659304096387
1544 0.36127394700556265
1543 0.05732135084014917
1545 0.2797877249538755
1546 0.6750419933411951
1547 0.7394036437215734
1548 0.22236738154558958
1549 0.40218524241350617
1550 0.11189066072210692
1551 0.6346141827833843
1552 0.20670109340697948
1553 0.005804950616956302
1554 0.4762223284017088
1555 0.019260028754041102
1556 0.6008042957465832
1557 0.5603270639974793
1558 0.5527473415804075
1559 0.0020440015051114173
1560 0.0767830942780778
1561 0.5922456260475013
1562 0.09250893154937201
1563 0.01732671919076308
1564 0.1462665486942424
1565 5.036511612045581E-4
1566 0.5941483059408387
1567 0.060486256254169354
1568 0.01729177503605031
1570 0.2148027823990655
1569 0.2912463774138261
1572 0.5294350099425046
1571 0.1841210601548473
1574 0.4459561271357018
1573 0.4232419474017622
1575 0.04671073043909139
1576 0.03439697613097741
1577 0.021550981107204773
1578 0.322905079553233
1579 0.2821862379808744
1580 0.005533440380812289
1581 0.23091549889274152
1582 0.22652050346446523
1583 0.42332032698817457
1584 0.0028304934989712423
1585 0.7799525152360334
1586 0.8060583574399762
1587 0.49067407105520067
1589 0.524007213029224
1588 0.5551805622508481
1590 0.8146258963773734
1591 0.26108663586703834
1592 0.6228929375222844
1593 0.37837135696492114
1594 0.7034503928801766
1595 0.4691383383392754
1596 0.2723012826011725
1597 0.6015654178972363
1598 0.5423174484760644
1599 0.7554675132995546
1600 0.2324492424166473
1602 0.010666814205768106
1601 0.26137966035750687
1603 0.43657549758294045
1604 0.2883266679808255
1605 0.11296675465804654
1606 0.04843419519993588
1607 0.6122145443681657
1608 0.1857933893230903
1609 0.06956333347557268
1610 0.08274443013870367
1611 0.02399893572096507
1612 0.023676267612864572
1613 0.46133180311564587
1614 0.4251718332385374
1615 0.017084349902570375
1616 0.26179622304672834
1617 0.7442982534022109
1618 0.31692398032005953
1619 0.5515070965202036
1620 0.4466132881544452
1621 0.21314394277068208
1622 0.6130243179529791
1623 0.6025498203534682
1624 0.42224565518744356
1625 0.6732113762580043
1626 0.39611147008535397
1627 0.5119719048071676
1628 0.4763626083166987
1629 0.5619483455960766
1630 0.1308186045923961
1631 0.6054809163516447
1632 0.1403139057204345
1633 0.427600932303887
1634 0.4382375431861026
1635 0.635710385872921
1637 0.4799215841135846
1636 0.6355977460174986
1638 0.5307493087836933
1639 0.577294023310497
1640 0.5235421449259456
1642 0.5738052714504822
1641 0.47903899264704153
1643 0.4937170042828529
1644 0.19214813407380782
1645 0.12119900672142109
1646 0.05306232657615144
1647 0.5071697142890792
1648 0.38225993245511475
1649 0.7827123922822751
1651 0.4153888195091692
1650 0.38892705864991095
1652 0.6826076899577489
1653 0.6339922873648414
1654 0.46808344521341827
1655 0.5851079264763489
1656 0.14895196466154068
1657 0.5049954474865561
1658 0.08318942011047896
1659 0.37425072251412705
1660 0.4302712823153304
1661 0.36355171172425904
1662 0.047716581038429164
1663 0.5729974327540399
1664 0.4788960982535299
1665 0.49483484748328377
1666 0.48368826788742053
1667 0.7447330704319659
1669 0.4618190339743915
1668 0.6100556526628913
1670 0.5800439639190668
1671 0.5854248877581533
1672 0.5237523926138217
1673 0.39085752902455795
1674 0.07628360362928144
1675 0.5291053530843388
1676 0.5823331730910527
1677 0.09162499516669109
1678 0.5270948020049203
1679 0.6470126819188244
1680 0.4179587088951862
1681 0.7067626269006979
1682 0.6097299886444569
1683 0.5872263767273871
1684 0.4263477727575827
1685 0.2732021206383979
1686 0.19804868346726093
1687 0.44957001804311103
1688 0.4646939734440531
1690 0.6458189889286984
1689 0.5717606263475272
1691 0.5187668911068353
1692 0.5319130373821356
1693 0.45312424736690754
1694 0.44627141785619207
1695 0.5282848283437445
1696 0.416899267777949
1697 0.18751596452142927
1698 0.4832316652011382
1699 0.31344460846083755
1700 0.3275693496079593
1702 0.07162467376797808
1701 0.13342354308347462
1704 0.14123125328019182
1703 0.31899798555938724
1705 0.030270446769905063
1706 0.012265180046915744
1707 0.07583178271892987
1708 0.01688012111905407
1709 0.27419442757631196
1710 0.05607301748837735
1711 0.37077367594713323
1712 5.144478707958262E-4
1713 0.6535501025432012
1714 0.6355438386247599
1715 0.1595011399110182
1716 0.5645839819274712
1717 0.6749805464426947
1718 0.3578475529753542
1719 0.33472785207589495
1720 0.14882763991617995
1721 0.5146018250811087
1722 0.2505262499778229
1723 0.48411214807222397
1724 0.4509035366802808
1726 0.35257202704282914
1725 0.4660178668175838
1727 0.29079188381889276
1728 0.05965236893400145
1729 0.6813366113636938
1731 0.6632287087667318
1730 0.5555491089022343
1732 0.5752320210275623
1733 0.5258904550999702
1734 0.19646945646059455
1735 0.19882062993869504
1736 0.45067433940113516
1737 0.2026775841058705
1738 0.08680923681164684
1739 0.5173282597209721
1740 0.5248508865180924
1741 0.34189412949038905
1742 0.05789197971091042
1743 0.31037818549541024
1744 0.5325288287902598
1745 0.2801315877996072
1746 0.5076717271692666
1747 0.57970535003628
1748 0.1270213964989331
1749 0.4680938355529211
1750 0.4615678106551493
1751 0.3658426060927481
1752 0.028415994103918676
1753 0.3868269638495395
1754 0.3345143360414106
1755 0.012364842935539274
1756 0.01121677485454844
1757 0.1733124814321941
1758 0.013689309412523753
1759 0.07691581385503432
1760 0.12598085906709944
1761 0.7187216097439993
1763 0.33375363789938745
1762 0.40818695324319215
1764 0.6870615391825144
1765 0.5107419978256303
1766 0.48835791496725744
1767 0.2697771929504023
1768 0.45596511847501314
1769 0.5880319873008212
1770 0.7108122664835953
1771 0.4615049825519256
1772 0.25457538527906576
1774 0.47055116220564747
1773 0.3655057543458343
1775 0.5036135264597494
1776 0.08873146593053235
1777 0.7333058292141645
1778 0.805025159074329
1779 0.6962734503908177
1780 0.4078084996782479
1781 0.7514521596707335
1782 0.2720173615152809
1783 0.3826082155144385
1784 0.45693160525548165
1785 0.7855433737003861
1786 0.6029660934625111
1787 0.6739613768646749
1788 0.2971578100601141
1789 0.7533045057210634
1790 0.061228149763073926
1791 0.18855860924914866
1792 0.018388750963162403
1793 0.2569339700786015
1794 0.22544430273362834
1795 0.42753646350649704
1796 0.08058253658412895
1797 0.4191598139459229
1798 0.37100669453215024
1799 0.3108106637568128
1800 0.37501834536719497
1802 0.10210450273029185
1801 0.1047437471058509
1803 0.31238395333182367
1804 0.017142392043908484
1805 0.06241538470949123
1806 0.04714493719449776
1807 0.0014654962499090363
1808 0.4261059577283886
1809 0.6565490864045274
1810 0.40893348707260946
1811 0.25664999098267294
1812 0.41807572535676263
1813 0.622781389224872
1814 0.39704418659973856
1815 0.47800274142386373
1816 0.6066256680128055
1817 0.6066257094286118
1818 0.7085856423254231
1819 0.33118266216885506
1820 0.6391465207071381
1821 0.5659526462579344
1822 0.7602750956932947
1823 0.2735041528122198
1825 0.4684792563180705
1824 0.7043816589754517
1826 0.7016196417904681
1828 0.3318558669585943
1827 0.605502146460431
1829 0.6032949421046062
1830 0.5170747124328557
1831 0.2151816161433416
1832 0.14333561037336714
1833 0.472193155818568
1834 0.06915503627536093
1835 0.47707996859592255
1836 0.12368251908326056
1837 0.5301960030055188
1838 0.36220436521805116
1839 0.31581047171016596
1840 0.334953650639211
1841 0.6853308168052747
1842 0.31588062285338053
1843 0.42022441753390255
1844 0.31561379053252986
1845 0.2125771771205919
1846 0.7331638808357777
1847 0.5908261467253115
1848 0.10697835349766043
1849 0.35020611712535377
1850 0.7354650294781071
1851 0.07689807191181348
1852 0.45121013438247765
1853 0.5743050812213184
1854 0.5103210087190859
1855 0.6569283227194793
1856 0.09740835227906447
1857 0.5083284437445306
1858 0.5012641518648843
1859 0.7240183757911618
1860 0.5749048445556565
1861 0.5709285395714747
1862 0.7300551373432882
1863 0.450725538518355
1864 0.2218014742464274
1865 0.48663463820742403
1866 0.09262122617771812
1867 0.4706405472529688
1868 0.21395807879409645
1869 0.18413068874955088
1870 0.1130219746347959
1871 0.3039936530701355
1872 0.5390813097440559
1873 0.8692676943998386
1874 0.8677109785503593
1875 0.6599540333687363
1876 0.5854170932536518
1877 0.7694997690825242
1879 0.7498230547493563
1878 0.6964541981187584
1881 0.6285429999042014
1880 0.2605844488705182
1882 0.6663324688534576
1883 0.5652238324383944
1884 0.5284313036694281
1885 0.2937369117409648
1886 0.26231935341429463
1887 0.607303408994256
1888 0.5440629988881369
1889 0.6457011956503746
1890 0.6042498135191591
1891 0.6446168801609345
1892 0.6501091455564192
1893 0.5520347260113875
1894 0.11852519445729776
1895 0.09535855609595695
1896 0.4694380355355164
1897 0.06224660225441934
1898 0.42288277741580643
1899 0.3461096791284878
1900 0.34975419997337465
1901 0.3163833096488888
1902 0.026327356281025015
1903 0.5633785005881226
1904 0.24917414734448373
1906 0.618396740407488
1905 0.8528971719640625
1907 0.8443236956422556
1908 0.4638081048385293
1909 0.512740698333146
1910 0.3596889489500467
1911 0.7191339438846376
1912 0.10006097981141737
1913 0.07085910333459276
1914 0.36043334564360135
1915 0.35768690216611704
1916 0.7568555888664191
1917 0.5448680674204888
1918 0.039550698754867206
1919 0.521856417055373
1921 0.7224226145014083
1920 0.654678810992648
1922 0.8267019524558155
1923 0.47726212766750703
1924 0.5368468130148588
1925 0.4561988719504111
1926 0.12531893493031573
1927 0.19460733313103618
1928 0.7079859188903601
1929 0.07387604027559413
1930 0.5453737657550434
1931 0.45441379371251817
1932 0.5425122456684769
1933 0.571193696950688
1934 0.5500432133762396
1935 0.13934916167323474
1936 0.45306284510296085
1937 0.7740070561611959
1938 0.4120952565006764
1939 0.8415918134757298
1940 0.7016225852724898
1941 0.8198301044551851
1942 0.731613168478671
1943 0.691875137746582
1944 0.7246765478165702
1945 0.5479356541681845
1946 0.20768087575534505
1947 0.2041871141577559
1948 0.57060112529116
1949 0.49535515251126566
1950 0.21667828678895606
1951 0.46282762294273916
1952 0.637239476499482
1953 0.6736983976282762
1954 0.41344231425468375
1955 0.6100237107008862
1956 0.2396357710164962
1957 0.5759502522482115
1958 0.15142381841391056
1959 0.2793457603989443
1960 0.5899016863581582
1961 0.5280081197308237
1962 0.5650390598014379
1963 0.13455671825335458
1964 0.4914902263189034
1965 0.6171975208126108
1966 0.12110488971062897
1967 0.6734285006445059
1968 0.04873560434606829
1969 0.5957050477516885
1970 0.41371100701561464
1971 0.734176066561382
1972 0.6160309917567854
1973 0.2714334920259274
1974 0.3190646890671463
1975 0.6145646267377601
1976 0.32794025729390425
1977 0.4880985161096148
1978 0.15579044429699537
1979 0.22797970237609577
1980 0.6118616719159087
1981 0.2057151846541297
1982 0.5338348451119413
1983 0.31747609028160984
1984 0.16700697641488724
1985 0.6131758742683809
1986 0.531092092224803
1987 0.45305355529210634
1988 0.7323208944080671
1989 0.7667015234340532
1990 0.7192307937281595
1991 0.41508066488019657
1992 0.38370736193166977
1993 0.6318068206045301
1994 0.6436990419706886
1995 0.3668135397198179
1996 0.6772158595311483
1997 0.6794152003298646
1998 0.27956730622512654
1999 0.4890396753407521
2000 0.3506527305150701
2001 0.7585664277727635
2002 0.829268303275202
2003 0.8128020322191165
2004 0.34116969454447005
2005 0.8214309669478372
2006 0.6415857724501817
2007 0.4575630722229774
2008 0.7918594347855277
2009 0.858574713278681
2010 0.739643587820742
2011 0.42947276619100966
2012 0.1596239056785285
2013 0.3727557354098648
2015 0.665761123295349
2014 0.24360289957730413
2016 0.20498352423572536
2017 0.5382395163896583
2018 0.30419975166993274
2019 0.4661712312414483
2020 0.5102745171771432
2021 0.6234102850012887
2022 0.468756168422702
2023 0.7626923359336432
2024 0.25462787191759445
2025 0.659965853496503
2027 0.606552988164074
2026 0.6859302274031911
2028 0.4313372311622055
2029 0.6331007980290534
2030 0.15449787530948123
2031 0.7643512692941391
2032 0.5803485130811686
2033 0.25176132383422434
2034 0.5619867743112736
2035 0.5814296224933092
2036 0.5878999207190053
2037 0.42246468355319433
2038 0.03874625459886118
2039 0.02913441508449144
2040 0.37293337960131456
2041 0.2890611793954565
2042 0.32759615953439847
2043 0.023896733856999065
2044 0.0076396525945896234
2045 0.004683037828835012
2047 0.4224407246860877
2046 0.2745222255845039
2048 0.2627564738765767
2049 0.46384306816855375
2050 0.682667915452043
2051 0.476548872456086
2052 0.5621538789693564
2053 0.6506740698110434
2055 0.7671298534455319
2054 0.7632816814535307
2056 0.3493400867051989
2057 0.5795442789160894
2058 0.7714174052002039
2059 0.7276148509851305
2060 0.14574406364752468
2061 0.2655400193041771
2062 0.7526118109412245
2063 0.6561828859169301
2064 0.6337209584005853
2065 0.6287273027835586
2066 0.6858044361897238
2067 0.552203186483702
2068 0.1507376978273429
2069 0.44387538071294735
2070 0.07733615544691655
2071 0.161251556549224
2072 0.09912916942718457
2073 0.5366238871889212
2074 0.37415499943859015
2075 0.4969470292092211
2076 0.2280499352860778
2077 0.08291418981076104
2078 0.3601204313660817
2079 0.11743888788293326
2080 0.5640151501055852
2081 0.7181953856996058
2082 0.2913669615972838
2083 0.3320787505060686
2084 0.33723460661442367
2085 0.5334819361561808
2086 0.5159747604656973
2088 0.3833972310282756
2087 0.4878321736130563
2089 0.15715983458059365
2090 0.4946070179501044
2091 0.10408958712865828
2092 0.05646481708845398
2093 0.48042216732558807
2094 0.05507925767009983
2095 0.4795315469232788
2096 0.4544799381725033
2097 0.7454913833875726
2098 0.6534612109861129
2099 0.6188575011955277
2101 0.6319717424226896
2100 0.5971691896227568
2102 0.580739744656666
2103 0.4954546153841978
2104 0.44093203579781054
2105 0.4432656659724257
2106 0.4007670396698746
2107 0.06972460595361334
2108 0.40937284271901603
2109 0.08750940460880928
2110 0.30697161455156824
2111 0.5750322818806963
2112 0.2077383686930858
2113 0.3135544816687534
2114 0.44606188595899854
2115 0.7455602850738453
2116 0.3082391083869457
2117 0.5375914902336292
2118 0.47503743646886504
2119 0.5560874814539691
2120 0.17766805428132676
2121 0.5897619168514083
2122 0.43279128101712416
2123 0.5620219169236474
2125 0.5322550856133624
2124 0.13221035755853724
2126 0.011563789014642762
2127 0.7129658362053563
2129 0.6428690441567143
2128 0.03278225286148957
2130 0.6912879717940854
2131 0.5785577795784613
2132 0.3745421247357627
2133 0.258205129664283
2134 0.18993135814661635
2135 0.4889883089581157
2136 0.1209275932322879
2137 0.4953613398495161
2138 0.44409941001249864
2139 0.38248185084522
2140 0.5158832449743619
2141 0.06077342294392152
2142 0.46639761914447614
2143 0.19492046485380657
2144 0.04471984972035138
2145 0.4695791619787961
2146 0.840301527534857
2147 0.4151559086274055
2149 0.7510902000329639
2150 0.484804228059575
2148 0.8530598704696758
2151 0.7416727978901582
2152 0.7313927806196311
2153 0.7225418362519339
2154 0.5948917210703887
2155 0.5962615291869527
2156 0.4112308378076937
2157 0.29067445391359287
2158 0.3492560915729136
2159 0.768859216145411
2160 0.7115898804373975
2161 0.7287880121692015
2162 0.8703289695233724
2163 0.5408979347365672
2164 0.7699567595032185
2165 0.11127501162205643
2166 0.565520138651242
2167 0.36823048565926975
2168 0.5350755103982416
2169 0.6552627961035615
2170 0.41620467403908534
2171 0.685251450526507
2173 0.4001848251065255
2174 0.2652757999644775
2175 0.1301766426141261
2172 0.9270417468127762
2177 0.42564605619624407
2180 0.5684781756851365
2178 0.6999559701093493
2179 0.6310348316682537
2176 0.39322037645063107
2182 0.47323059158260533
2183 0.48620969072888803
2184 0.4401257912303413
2185 0.3094450409363259
2186 0.4658333126444549
2181 0.15778068432543818
2187 0.3043648655410113
2188 0.3255943778932387
2189 0.22031925107174627
2190 0.02692790078539457
2192 0.0177166951997508
2194 0.5390267122390582
2191 0.12774393360099234
2193 0.30629495304726834
2195 0.6071432221531768
2196 0.32469567803930566
2198 0.5084057926498622
2197 0.3897266801090055
2199 0.270985548649794
2200 0.7075196813935638
2201 0.5342436883402386
2202 0.16368239116553995
2203 0.4597527489180236
2204 0.45433783897351343
2205 0.48717532338807423
2206 0.5680936636946199
2207 0.17735557865767068
2208 0.3324209027990515
2210 0.6039628629175459
2209 0.697403265572632
2211 0.31355062603597755
2212 0.6621683136155466
2213 0.22458763957242986
2214 0.11470266211965316
2215 0.13450568872234347
2216 0.4738908814705858
2217 0.08622190309344198
2218 0.5214357998673471
2219 0.5618631817334127
2220 0.2887337984159061
2221 0.09160377802761038
2222 0.057200325197676385
2223 0.5330948327303664
2224 0.01797673585131062
2225 0.7898372776505265
2226 0.7473602942667089
2227 0.7417429111376851
2228 0.3855171962058665
2229 0.6979385619522329
2230 0.7364172578646601
2231 0.5720774342703863
2232 0.6646841149465444
2233 0.5989635346889773
2234 0.649631353662054
2235 0.29296337971165
2237 0.6536865426504035
2238 0.1684771272281303
2236 0.5494541810755301
2239 0.3448503716951777
2240 0.43997633464272146
2241 0.7234588212286768
2242 0.5070929507897521
2243 0.47833736465264715
2245 0.536536429884499
2244 0.2564587225950677
2246 0.30695706344007884
2247 0.6862137982544757
2248 0.5739801717048655
2249 0.5466648549575412
2250 0.2031739074874802
2252 0.14986283575031958
2251 0.4012827514649939
2253 0.053681823857624995
2254 0.6037997999828112
2255 0.5423107670239828
2256 0.1725220144017259
2257 0.28416732728981947
2258 0.2635825479670031
2259 0.43375629696388757
2260 0.49840460055753677
2261 0.09236824970441329
2262 0.17634184239489228
2263 0.6935043911627194
2264 0.3839607170770742
2265 0.3966720153010502
2266 0.44036510838148296
2267 0.0924734610908624
2268 0.1380102316089016
2269 0.18109080704879893
2270 0.39161442791502793
2271 0.22031362803568105
2272 0.4523096449508314
2273 0.5747381354926527
2275 0.49533552064608555
2274 0.6365180415254323
2277 0.464529575990468
2276 0.7158565288877844
2278 0.688911389102065
2279 0.08064094978920423
2280 0.40251894174272274
2281 0.5813932472145666
2282 0.296259113291214
2283 0.37709407180694504
2284 0.3250427690607288
2287 0.6737129341344807
2285 0.30509830092053497
2286 0.0597981446897045
2288 0.209746736300249
2289 0.7049441119900207
2290 0.29243967821534184
2291 0.36992061755513594
2292 0.5071058065405709
2293 0.6081704993474165
2294 0.5130872340032869
2295 0.3214610109060141
2296 0.09330972285966893
2297 0.39271385632826356
2298 0.2332589734702441
2299 0.6068402776173529
2300 0.5765150800909352
2301 0.0798625536530241
2302 0.5189088876933783
2303 0.3213269589561272
2304 0.10200989419919719
2305 0.5684483511358854
2306 0.7526971776473204
2307 0.3460040887017914
2308 0.5789889225625731
2309 0.20862814598177182
2310 0.1600076775307321
2311 0.1722574809709574
2312 0.15512913838957057
2313 0.0628162804105166
2314 0.46520597681825404
2315 0.3982697395055932
2316 0.40016118566827097
2317 0.059083911725029095
2318 0.29742885925073415
2319 0.6371004432923842
2320 0.4483811400637058
2321 0.5199780405906699
2322 0.3470581883447635
2323 0.5725164549913472
2324 0.3733098801955683
2325 0.7403742415395895
2326 0.4849830646259137
2327 0.6145569493297924
2328 0.43115347492835177
2329 0.4884259369560295
2330 0.1976920029875336
2331 0.419597224492973
2332 0.0573549885516012
2333 0.32793233466504906
2334 0.0669976664001381
2335 0.5518805954816595
2336 0.3905467943017337
2337 0.02776704952485662
2338 0.3072703124607266
2340 0.30604110842935267
2339 0.754832978658753
2341 0.5571838128627303
2342 0.6002937578355187
2343 0.23152855666029187
2344 0.627463011481071
2345 0.5369583745863611
2346 0.6776183231358245
2347 0.07759967476220654
2348 0.025788898536976353
2349 0.07974815332031085
2350 0.04812629310368605
2351 0.6739055844194799
2352 0.6632251828335118
2353 3.159750337814282E-4
2354 0.645775043976919
2356 0.03627384680624452
2355 0.005819533924359881
2357 0.11082887535750859
2358 0.7809446915466383
2359 0.017180641690864324
2360 0.003913976635914743
2361 0.4987447176044235
2362 0.016084144334269076
2363 0.02522790749230659
2364 0.0021305568032514827
2365 0.5443483278029094
2366 0.017145082934895993
2368 0.6668678729726736
2367 0.8239263392457165
2369 0.8949334654203016
2370 0.7942786159972721
2371 0.7117748673940009
2372 0.6780892252603228
2373 0.5109972978268453
2374 0.6938892882276916
2375 0.7723210327739198
2377 0.7210579990957354
2376 0.6035195970166641
2378 0.3221827069663323
2379 0.7074012481389796
2381 0.39189778962588334
2380 0.6743309069374784
2382 0.6019142894327671
2383 0.5258699369602171
2384 0.30824391392072265
2385 0.718682728827841
2386 0.34866960465158353
2387 0.6569181173017883
2388 0.6087409413607674
2389 0.18421952493875238
2390 0.14011645562970015
2391 0.6924160167594964
2392 0.5125732486992535
2393 0.5863521459802974
2395 0.0933536690199198
2394 0.055745345211054835
2397 0.06656798479296415
2396 0.4415215293683056
2398 0.31017240125449996
2399 0.579729127799543
2400 0.010818709388207252
2401 0.6640868651786336
2402 0.7655112457486839
2403 0.5033870378990237
2404 0.6998401015221664
2405 0.6323541227746082
2406 0.7429932388817518
2407 0.1421102276274373
2408 0.3335009129267062
2409 0.48087506645535916
2410 0.45022072609844266
2411 0.7223357965932322
2412 0.639092273904569
2413 0.5721335839311956
2414 0.4762778592501826
2415 0.673558539045303
2416 0.15156683160358853
2417 0.7219041553997523
2418 0.7527068465960391
2419 0.687753970257212
2420 0.4140466022559988
2421 0.47919225484812916
2422 0.7153951983673525
2423 0.3684059766843382
2424 0.6667224662320682
2425 0.5731521269839035
2426 0.6258445200158554
2427 0.21362403610438796
2428 0.5768385697055877
2429 0.6204129949369878
2430 0.4922556594308241
2431 0.7295089229911323
2432 0.4396981034022127
2433 0.23203874281675313
2434 0.7829978590484036
2435 0.27083384808225913
2436 0.27264320897444194
2437 0.5784765803780916
2438 0.23143124801378365
2439 0.4188229678138519
2440 0.4634984714464842
2441 0.5066639568000139
2442 0.2248478963665899
2443 0.12653382474691985
2444 0.5299929467084128
2445 0.6330212076043658
2446 0.6174132533349971
2447 0.6180461069180995
2448 0.4970162714033921
2449 0.6501005468243493
2450 0.6009105326799518
2451 0.6260547669805896
2452 0.5757920566287377
2453 0.16607299630711717
2454 0.1396915018522131
2455 0.11099496922812982
2456 0.1746636946412293
2458 0.4817090843019891
2457 0.11355929510246958
2459 0.5376854209608086
2460 0.020838422608893792
2461 0.5330019322966032
2462 0.13084023179584167
2463 0.5524248790318229
2464 0.08012084219625958
2465 0.65791370722644
2466 0.6195420943318038
2467 0.551842665755188
2468 0.2544343435287773
2469 0.18378904599738155
2470 0.5384299666423692
2471 0.0705567479207897
2472 0.09508189502552307
2473 0.0660447410547476
2474 0.06661017816808805
2475 0.08726124447829331
2476 0.023018406132402653
2477 0.37932122634342486
2478 0.3085140385364047
2479 0.5132538678610743
2480 0.3334451377596343
2481 0.2767521855655461
2482 0.042085946123092
2483 0.22044318332029283
2484 0.18296484294563906
2485 0.016938055337663602
2486 0.008178230958514499
2487 0.3454836913804433
2488 0.0014632571873495416
2489 0.26361928218232467
2490 0.011290771901216636
2491 0.32435812953777193
2492 0.010111874676374599
2493 0.32747155029983877
2494 0.009185357178950422
2495 4.174370822341309E-4
2496 0.19974059169206917
2497 0.43943993370394696
2498 0.6880493116613963
2499 0.7420960427234452
2500 0.6635936788635567
2501 0.6040330912771731
2502 0.18885688203962733
2503 0.46232872976058825
2504 0.5434262913740314
2505 0.5092054832136347
2506 0.053185014113957936
2507 0.05826913337009701
2508 0.1226524204856748
2509 0.38571163036276723
2510 0.44363917174428263
2511 0.5205754683541682
2512 0.34808553609974063
2513 0.845350914612196
2514 0.5583123151079119
2515 0.7863678550630924
2516 0.6626363262745498
2517 0.7654253455730937
2518 0.6299446279621888
2519 0.6179863054388218
2520 0.7291588519419774
2521 0.45251119349321645
2522 0.8380907645519606
2523 0.6628882023830416
2524 0.2888283452120201
2525 0.4321610113960619
2526 0.736033583407517
2527 0.704619474427074
2528 0.7546853370748974
2529 0.9085356784411016
2530 0.8421773486503427
2531 0.8158678192008098
2532 0.799680478350159
2533 0.7594733686783955
2534 0.586548108031205
2536 0.8171610852446783
2535 0.8392948465153987
2537 0.4244523397068961
2538 0.689518067786463
2539 0.6727435251474986
2540 0.6851652245158343
2541 0.551850937769204
2542 0.27316872460132047
2543 0.788311770448503
2544 0.19024720878086807
2545 0.6883695001833363
2546 0.32382486071251343
2547 0.7975890057746499
2548 0.6613500987288671
2549 0.6589403410613364
2550 0.9504459453918825
2551 0.12478390239028501
2552 0.25111230784710376
2553 0.2003120009347954
2554 0.05598071293527991
2555 0.7234797181308115
2556 0.6587452250798752
2557 0.5944054505320886
2559 0.7293632591813142
2558 0.18447394364740108
2560 0.2886527156020472
2561 0.332793049888997
2562 0.3699660139854846
2563 0.13075273361738118
2564 0.06421062985954189
2566 0.4309472731139709
2565 0.2442997120392026
2567 0.4816122147786259
2568 0.01713670750587576
2569 0.020058572356526118
2570 0.49533191350432093
2571 0.0015777786716629784
2572 0.06989320723001585
2573 0.0012946444105579374
2574 0.33752532195013296
2575 0.4402465012019358
2576 0.3363541071415207
2577 0.5398168188577737
2578 0.5968192473306809
2579 0.6389067451951471
2580 0.3299706034387311
2581 0.5055411763439134
2582 0.18026719313605027
2583 0.17584266283565336
2584 0.1115851510975369
2585 0.3896748222613148
2586 0.5077373263386686
2587 0.43319221969205923
2588 0.051491934488903005
2589 0.07941828970280901
2590 0.05011244120469696
2591 0.6414683616645733
2592 0.35109587631967587
2593 0.01701978455071196
2595 0.19853006588770333
2594 0.7178287073662524
2596 0.44092967975900726
2597 0.14419096399219047
2598 0.45480872752321605
2599 0.1900033458313236
2600 0.03974473598499569
2601 0.29616357699296353
2602 0.08007882923529289
2603 0.425425654820826
2604 0.0022686622204131594
2605 0.24773763872005267
2606 0.23693363059384706
2607 0.4146049295851171
2609 0.615282110633913
2608 0.021744566677112668
2610 0.14483085098286344
2611 0.553029401886267
2612 0.45925106276619826
2613 0.4369978635315671
2614 0.41302482244299676
2615 0.4665296612103268
2616 0.2951506032506878
2617 0.06743775831240707
2618 0.3278767428628555
2620 0.2681841551799527
2619 0.4189550655548849
2621 0.3194589897476538
2622 0.29625979587678325
2623 0.4605350229554343
2624 0.2790643447549812
2625 0.608679868936815
2626 0.18446637599208057
2627 0.378324552701056
2628 0.15864978723921389
2629 0.45480818786810634
2630 0.49694654102395525
2632 0.34174637441497707
2633 0.13141727692016256
2631 0.016984334290100177
2634 0.01239990175370493
2635 0.14989318168194674
2636 0.01684112528324388
2637 0.1745615879145416
2638 0.33046518279435894
2639 0.3393256427855664
2641 0.6689638332298845
2640 0.15796807055755588
2642 0.4125826127755838
2643 0.5295929091232168
2644 0.767783574890094
2645 0.38343411915317516
2646 0.49911112626679666
2648 0.6124672617417506
2647 0.30733119909955514
2649 0.40486507268161837
2650 0.15439115456316482
2651 0.5084686009715336
2652 0.46190185765993036
2653 0.6912826299745328
2654 0.15805645831808232
2655 0.23394340572523786
2656 0.6561137141136871
2657 0.5943955959732555
2658 0.2751682977291368
2659 0.7577429107217825
2660 0.7880411388751648
2661 0.7196066777728067
2662 0.33177729457116334
2663 0.5253424372933249
2664 0.224372115378666
2665 0.546108511355785
2667 0.4924378737652395
2666 0.19628959084051725
2668 0.10025271091442083
2669 0.4775525834638444
2670 0.6545085854105104
2671 0.2724031407431946
2672 0.08764942361150434
2673 0.4161073309970753
2674 0.8421931192803206
2675 0.7019772050556518
2676 0.8763573423598194
2677 0.335065203330601
2678 0.5628632965068029
2679 0.2229245210764197
2680 0.15200151352660685
2681 0.030915755534709467
2682 0.5947580659924756
2683 0.07690860832909682
2684 0.27167792676309177
2685 0.381193315716844
2686 0.20220460628107112
2687 0.5921597180352937
2688 0.2880561534963687
2689 0.5558016593738322
2690 0.7863329037955468
2691 0.7185427988035593
2692 0.7481706254024044
2693 0.7135352045163232
2694 0.5322583918108128
2695 0.5176028421920356
2696 0.11778153498604144
2697 0.23625721630409438
2699 0.036371115639144386
2698 0.4983843666478167
2700 0.7523756689142816
2701 0.6833247107938043
2702 0.536302262042721
2703 0.737547987448628
2704 0.6269732330412962
2705 0.7355587362367534
2706 0.7081064312373503
2707 0.7244763577589075
2708 0.3726384134578876
2709 0.33438227548647004
2710 0.5968140937241667
2711 0.590954119038792
2712 0.6497908935070491
2714 0.15341146480153578
2715 0.15873007342612938
2713 0.11077525349756161
2716 0.19144614500448814
2717 0.0018133648869474892
2718 0.4536169693112198
2719 0.2769165400696408
2720 0.0012774445117182322
2721 0.5778284059655882
2723 0.6100794240588563
2722 0.6675555818576973
2724 0.3068374097479312
2726 0.06799217915697478
2725 0.6266850308530375
2727 0.6363530261192147
2728 0.5377964113225603
2729 0.4909830435408789
2730 0.44245628118761005
2731 0.6156332943922668
2732 0.5167631271082574
2733 0.39719506782448466
2735 0.5999780198043758
2734 0.6606933860602838
2736 0.6245950693975096
2738 0.25524327114016243
2737 0.6663694986265112
2739 0.6477356662811985
2740 0.6314304988964204
2741 0.6071087403782168
2742 0.5811985302296101
2743 0.6737610971848024
2744 0.31805624450428194
2745 0.6394380990090476
2746 0.15945065962264826
2747 0.6601750886904532
2748 0.6143169932179501
2749 0.5396296833904328
2750 0.6419572808384854
2751 0.2117426931673817
2752 0.5687418317585833
2753 0.6421483854592621
2754 0.7431028993895866
2755 0.7377927218094106
2756 0.6944748315035884
2757 0.5378209527351551
2758 0.2854804971845268
2759 0.6620400470522139
2760 0.48588860289164126
2761 0.52127576658315
2762 0.5363299452504761
2763 0.6214786117495088
2765 0.565914010308355
2764 0.4335692640849972
2766 0.4439476294371388
2767 0.2703030467636001
2768 0.4438970355662746
2769 0.7704191301261116
2770 0.5974391901116584
2771 0.6608601399834582
2772 0.296233983147063
2773 0.6352063756875979
2774 0.5226562068893559
2775 0.15808266106016203
2776 0.1124865321667236
2777 0.4471494873660504
2778 0.4475616273667485
2779 0.09783435342581302
2780 0.4301778116811529
2781 0.31876768497640606
2782 0.03671054199942947
2783 0.1856219103465018
2784 0.3568042639120621
2785 0.08393416804142821
2786 0.0687547656845172
2787 0.0600768803317901
2788 0.10287371592148023
2789 0.43845827888137123
2790 0.4599480942097735
2791 0.24143700356950956
2792 0.017030455584259405
2793 0.017207116973159017
2794 6.653398952730941E-4
2795 0.2930230121228348
2796 0.242077896651873
2797 0.2257002158898884
2798 0.0023590408740301744
2799 4.951800892040502E-4
2800 0.2954543557971081
2801 0.5756354807341817
2802 0.5506949493005285
2803 0.8049860409932476
2805 0.6034482009515322
2804 0.7482971540892422
2806 0.7937941852349208
2807 0.5680281841655372
2808 0.5560491011771054
2809 0.21416411572691468
2810 0.1917920986757449
2811 0.17479918858322813
2812 0.7027418087248277
2814 0.6072569711499984
2813 0.6233742163831082
2816 0.6180294607935177
2815 0.5764800107525211
2817 0.6319988068248705
2818 0.12963358855761656
2819 0.5047525806859847
2820 0.44790197375257845
2821 0.4754867373627971
2822 0.40612718373521495
2823 0.30997169421241194
2824 0.42897160590997147
2825 0.3995318044334351
2826 0.2523617764977224
2827 0.3247136862483215
2828 0.019921227215784217
2829 0.3156563807545619
2830 0.26155936969601185
2831 0.3672162814980464
2832 0.22963074323876453
2833 0.4553001802715254
2834 0.011561537498188623
2836 0.3693018450870057
2835 4.29190885163789E-4
2837 0.5776854659757105
2838 0.37665143801946266
2839 0.34503403299630825
2840 0.22390391587725797
2841 0.2132650002916693
2842 0.24887311998301906
2843 0.23759978422148678
2844 0.18141227536071294
2845 0.003903567762269194
2846 0.13487851100671003
2847 0.0207026518751028
2848 0.11360187878446151
2849 0.23517062460052499
2850 0.29073819026398745
2851 0.03947624299024804
2852 0.29369420503089083
2853 0.5226037239210571
2854 0.06576944433816193
2855 0.31188660949119645
2856 0.16011965360270086
2857 0.013080675226335823
2858 0.31752357274866877
2860 0.01716996573562326
2859 0.008812491413166881
2861 0.01719065336971149
2862 0.37219181442441224
2863 0.20435001035350103
2864 0.15345370093952274
2865 0.6841037803063201
2866 0.7771786580475273
2867 0.5976641600616704
2868 0.5125926630993133
2869 0.5728545725821055
2870 0.5587757015422955
2871 0.02829698733163173
2872 0.02103871635656922
2873 0.06558196644928127
2874 0.10900280233200767
2875 0.40064311358591403
2876 0.22595293536594988
2877 0.39019104117422576
2878 0.09172661023054075
2879 0.12369463993504992
2880 0.10847810073717665
2881 0.6403804224535685
2882 0.6762634325684067
2883 0.47920632029143445
2884 0.4418810914702973
2885 0.8001709512987792
2886 0.347742066195156
2887 0.536947941663774
2888 0.34294438256098425
2890 0.28646740223663514
2889 0.713862792425574
2891 0.08366714463596774
2893 0.3560677997373415
2892 0.1385042335388171
2894 0.6670075378816801
2897 0.7936963021583475
2898 0.7257643880782388
2896 0.252999692762247
2895 0.9076278406996247
2899 0.7303191817451153
2900 0.325951074791689
2901 0.5654001059122362
2902 0.26224525497573065
2903 0.5525441568793602
2904 0.5245284078729012
2906 0.509126978750582
2905 0.4857083021694167
2909 0.10257656642999813
2908 0.4204652602592518
2910 0.3866345405382036
2907 0.10489146134365675
2911 0.6219167265572552
2912 0.36666587462692557
2913 0.7520821405902177
2914 0.42338256962033566
2915 0.6837465738694313
2916 0.6472631654487684
2917 0.6324269602747451
2918 0.4842506664354485
2919 0.5542347542046192
2921 0.13256401675661525
2920 0.5091923332288207
2922 0.05607467037687586
2923 0.38526133794954
2924 0.43844555845403393
2925 0.4260773738128943
2926 0.4027214467803506
2927 0.178380553335712
2928 0.4550113017623377
2930 0.48154549916020467
2929 0.4942802809545039
2931 0.735059954987899
2932 0.6031159908630198
2933 0.3421186169816032
2935 0.4159796601609496
2934 0.4448215891808022
2936 0.6265813577343656
2937 0.4867528209232875
2938 0.40038152349073997
2939 0.09889606426213864
2940 0.11566092058474833
2941 0.4167415718580263
2942 0.05672231585234398
2943 0.6022893655369481
2946 0.20906910692147399
2945 0.6776752678715776
2944 0.31832356022328434
2947 0.5687019858833138
2948 0.11265447816340886
2949 0.38554040759070396
2950 0.07621826069940718
2951 0.34919932486577804
2952 0.3248894643915028
2953 0.3177405949361136
2954 0.024099070591312523
2955 0.01531634369489156
2956 0.21127283994462534
2957 0.36072263082367784
2958 0.2575583688797122
2959 0.4018910649812814
2960 0.00344821749661948
2961 0.8576208957517117
2962 0.7873994075270575
2963 0.8328821859410951
2965 0.39411841111088125
2964 0.5424979206261464
2966 0.7142880015603014
2967 0.4515127536762563
2968 0.40010058292118517
2969 0.6174354473772067
2970 0.7081126053108513
2971 0.3770660638946177
2973 0.6694214085386329
2972 0.1896830572439623
2974 0.238959545399475
2975 0.747585727941318
2977 0.7524908715165929
2976 0.16112298321679971
2978 0.779068207149934
2979 0.5291297059681913
2980 0.7889951344250694
2981 0.4983757133211627
2982 0.6085022920011154
2983 0.47154776439377666
2984 0.7167646989233706
2985 0.6891540339826413
2986 0.16746109400589615
2987 0.811763773430965
2988 0.3994650552587026
2989 0.36739645724130626
2990 0.6723366461770979
2991 0.755607688757483
2992 0.6142134502360832
2993 0.6075217860985985
2994 0.6630503488398292
2995 0.22483409836651586
2997 0.4479615293252053
2996 0.18111094262512625
2998 0.5379394756922153
2999 0.510998184260393
3000 0.3592612188806705
3001 0.11257343435126223
3002 0.32397677072514114
3003 0.44437406756033876
3004 0.5210900267251601
3005 0.5002914233471841
3006 0.42853276633131193
3007 0.1827589038749876
3008 0.03800679944285192
3009 0.4980936308583063
3010 0.6613021544299175
3011 0.4820160239651885
3012 0.5981293190160744
3013 0.269187644576432
3014 0.1823018126071203
3015 0.17532752044603475
3016 0.7228417530334987
3017 0.4415161341538659
3018 0.599048654266496
3019 0.5224185768306182
3020 0.2115995954451129
3021 0.6091454198629508
3022 0.506526027101234
3023 0.6153452243929534
3024 0.30072072388233145
3025 0.5983421171819681
3026 0.5345546445635914
3027 0.693264515811355
3028 0.7682604775236314
3029 0.5264141103487174
3030 0.4565403058821777
3031 0.8189302340520603
3032 0.6968230603988843
3033 0.43381886401176845
3034 0.5118791255075881
3035 0.6654345318964698
3036 0.7863994461239122
3038 0.5816137149929982
3037 0.33387673716651123
3039 0.5313756666701189
3041 0.8586445543520372
3040 0.5286854839483209
3042 0.6254375063677806
3043 0.3773926779788003
3044 0.7609797337719838
3045 0.7511669157728982
3046 0.6438456680888758
3048 0.6173053348541663
3047 0.7088593170463939
3050 0.6639924362920462
3051 0.3201727392605389
3049 0.6141035467244946
3052 0.6378671908528248
3053 0.6011383869482977
3054 0.6650368659240317
3055 0.7616340086007113
3056 0.32030936484847244
3057 0.5817718247455049
3059 0.7467468958099371
3058 0.32374479433063913
3060 0.8315587505712511
3061 0.6901098156915819
3062 0.7960512062352351
3064 0.7379104151395002
3063 0.5420918472018696
3066 0.277545606320157
3065 0.5114558332552875
3067 0.616844462430687
3068 0.280995472956203
3069 0.8077660444906879
3070 0.6130408890662513
3071 0.6184677202437991
3072 0.2542059215025563
3073 0.7394538230497925
3074 0.27801810709369057
3076 0.5988054151205189
3075 0.5335755505615128
3077 0.5487610962166235
3078 0.5224371142886131
3079 0.3801650131474808
3080 0.12937533729124936
3081 0.4425915802265953
3082 0.08230138602089064
3083 0.07278057124453013
3084 0.05999788322829742
3085 0.4420313964462097
3086 0.46050384709395287
3087 0.47988791280557413
3088 0.3772164545258684
3089 0.02647239242818164
3090 0.09391928196662878
3091 0.47691176483345404
3092 0.1513150048818402
3093 0.30806011822331697
3094 0.015396981468272791
3095 0.47883065334966796
3096 0.02578609652125079
3097 0.43756344459960284
3098 0.0024176521034806908
3099 0.662919624124357
3100 0.6388375971894955
3101 0.0052616171331228544
3102 0.5554070170150694
3103 0.2970891457664241
3104 0.6751163545365105
3105 0.7720288788370805
3106 0.7155764652689078
3107 0.28796316753101525
3108 0.19586652023645051
3109 0.5195004077256229
3110 0.5583124415885155
3111 0.5581402043104646
3112 0.4449972640795417
3113 0.12449950560003947
3114 0.46082457111290775
3116 0.09216544135446691
3115 0.09661337458779791
3117 0.05959123856312927
3118 0.3906168359526794
3119 0.1789342355939374
3120 0.4847014629182881
3121 0.391007691205743
3122 0.4276583485622686
3123 0.6863789278875263
3124 0.5618364425659267
3125 0.612407280872732
3126 0.2367398631313208
3127 0.17121235592510303
3128 0.17609379674953202
3129 0.13228195676709162
3130 0.06813912550032886
3131 0.40652035697778616
3132 0.45638411508789145
3133 0.4216788694673856
3134 0.06647414810328821
3135 0.4489398359668705
3136 0.10312436262939238
3137 0.21908290100705272
3138 0.2462131461921981
3139 0.4767392705577092
3140 0.5331786241091581
3141 0.412117202337296
3142 0.45612897240901107
3143 0.04865291629859862
3144 0.40357923616174296
3145 0.3723226571263087
3146 0.28292844197510447
3147 0.03948136947541291
3148 0.04330759285955696
3149 0.24490715046281114
3150 0.015557190235396425
3151 0.40747571103140023
3152 0.19355606861638283
3153 0.5381368374988207
3154 0.6560645875827464
3155 0.23956110399759523
3156 0.21563393636470618
3157 0.12744569306824718
3158 0.1303306682012666
3159 0.4406095322369637
3160 0.07237683380397296
3161 0.028325849349507763
3162 0.037043521272273394
3163 0.42703085957140097
3165 0.3108977635087384
3164 0.36759601328796704
3166 0.28226590229875387
3167 0.1373379886525903
3168 0.01253228221605402
3169 0.5175467252371914
3170 0.4965767582514188
3171 0.41114391354524804
3172 0.14870725703114288
3174 0.4503189799740811
3173 0.808458954526125
3175 0.8290077421285341
3176 0.3617963925474952
3177 0.11800329104796692
3178 0.010062549082346738
3179 0.09054851486245746
3180 0.24673257771243387
3181 0.6275040342580622
3182 0.20764257301798827
3183 0.2744387357363556
3184 0.6235007099273943
3185 0.4931919229495914
3186 0.20675511730377258
3187 0.027876635614927342
3188 0.43361908970511676
3190 0.07727777159649729
3189 0.0058277219588684336
3191 0.26263667238135324
3192 0.1221163704803575
3193 0.19929577741095764
3194 0.33404611965310127
3195 0.0036041529590728973
3196 0.012200714481047596
3197 5.986541830294552E-4
3198 0.46156742319205646
3199 0.004731529685958299
3200 0.009647760792350338
3201 0.8646221824351149
3202 0.7173004213461717
3203 0.7481345172085396
3204 0.4254553087479135
3205 0.6368919304135908
3206 0.7797816868792237
3207 0.6491162659629712
3208 0.6802043482394456
3209 0.2846003588169083
3210 0.6136686533514405
3211 0.7018301399696968
3212 0.6594713754341492
3213 0.40532013859041616
3214 0.6457540910519134
3215 0.428410559654112
3216 0.5784992058539901
3217 0.3969132383433775
3218 0.005832228018405288
3219 0.008637037294329533
3220 0.30033498575971207
3221 0.400488385724198
3222 0.03780733068474703
3223 0.01707437931840785
3224 0.4325633634835832
3225 0.34705697930416174
3226 0.07871220086194698
3227 0.10710033173128095
3228 1.9581592046669598E-5
3229 0.017036481557670395
3230 0.4017706611536188
3231 0.45167384571488167
3232 0.2522390943756459
3233 0.3367026086064189
3234 0.3867158311952706
3235 0.7478082946611673
3236 0.33798141558870237
3237 0.011634387323030874
3238 0.039365665770959346
3239 0.6137584837065287
3240 0.5281270388303119
3241 0.05270861597629812
3242 0.12154947458061961
3243 0.05403008732330575
3244 9.191214105527316E-4
3245 0.0846303495168433
3246 0.0795751289885323
3247 0.6742514602260778
3248 0.4090458143164321
3249 0.7898800080201197
3250 0.6323431522455834
3251 0.18729302183508462
3252 0.7213319391693962
3253 0.17146770503542044
3254 0.5071592862442333
3255 0.6148794030625575
3256 0.5858765357714948
3257 0.36358532134972504
3258 0.5250495475824899
3259 0.20096218621280867
3260 0.25821928067283684
3261 0.08436099878306424
3262 0.5226884911105568
3263 0.2198456235789313
3264 0.3746191719956132
3265 0.5382065754301629
3266 0.34095506758472366
3267 0.5823124336653973
3268 0.5903763086066347
3269 0.4947494457445097
3270 0.15577225711039588
3271 0.45117245502256864
3272 0.4437920237349379
3273 0.43500340147922745
3274 0.567136831779985
3275 0.3848680328391643
3276 0.06129442570845378
3277 0.09010444274071255
3278 0.41076030787215
3279 0.4772731569523957
3280 0.44442063854349206
3281 0.6625111714848734
3282 0.8390711441556552
3283 0.6269306748828775
3284 0.7215872079731867
3285 0.7009634022317565
3286 0.3453243523031105
3287 0.1934738384972283
3288 0.6786189348600842
3289 0.5669057069326237
3290 0.34441057731871694
3291 0.5240047625899599
3292 0.19033059229440932
3293 0.48665232369699496
3295 0.48325956869466
3294 0.5204264370756007
3296 0.48794206610603996
3298 0.7216719219112921
3297 0.8248323151808726
3299 0.7140639271924383
3300 0.4371326992522482
3301 0.7188853704176046
3302 0.14531314468574708
3304 0.5549860364786823
3305 0.3166220566527976
3303 0.08097967955257744
3306 0.4087231217719796
3307 0.5514417267347745
3308 0.34162152612038904
3309 0.5250194308556874
3310 0.539662691240088
3311 0.3861877475807949
3312 0.7511861950492109
3313 0.3161049645743095
3314 0.8223159086722287
3315 0.6082165975369095
3316 0.7616739929288947
3317 0.2259839197944471
3318 0.7182976176761204
3319 0.03945762158068872
3320 0.25611005209708354
3321 0.23408795240444868
3322 0.64727512793926
3323 0.002939968648859982
3324 0.17636559728060444
3325 0.013281794949362876
3326 0.44589008307522415
3327 0.25167845036014264
3328 0.35257017311255784
3329 0.7037543984322335
3330 0.5267813332881209
3331 0.6225412566249442
3332 0.5537608856713935
3334 0.5224526642699752
3333 0.5547246869218652
3335 0.508002418805395
3336 0.5424690323479364
3337 0.5532154909332719
3338 0.3393323830971928
3339 0.43008703539273485
3340 0.0703738622866403
3341 0.4609974150732911
3342 0.04562311603382362
3343 0.4633873143118451
3344 0.298458963923753
3345 0.5781344075288803
3346 0.003598489255702806
3347 0.22178027139165668
3348 0.5410746806237449
3349 0.1244460199104209
3350 0.7312382432371768
3351 0.382429223791127
3352 0.005364289297118148
3353 0.01667005676521317
3354 0.01357597129266683
3355 0.002910426700308247
3356 0.22228833344873822
3357 0.15624282650127053
3358 0.01726329280796269
3359 0.41122345433480656
3360 0.15213903909819995
3361 0.7358020430430999
3362 0.7624597157706573
3363 0.6409470498775609
3364 0.5229221458172817
3365 0.3724597241296109
3366 0.5764099080286649
3367 0.24978920961035966
3368 0.1609668351536565
3369 0.5127839628491757
3370 0.5832583118369035
3371 0.8833091028619751
3372 0.07141797120155548
3374 0.050253647886804746
3373 0.0610128660666886
3375 0.8072387967213024
3376 0.44167132440580426
3377 0.6349284032960145
3378 0.6553977923266322
3379 0.4039931077167024
3380 0.5408331432362963
3381 0.16584225280336196
3382 0.3651584263103939
3383 0.03990573908254912
3384 0.4539855024360034
3385 0.3453568873296534
3386 0.0386919126408835
3387 0.01535394837259528
3388 0.02954661154522206
3389 0.2752622477801171
3390 0.29613360301337177
3391 0.08127236862131787
3392 0.35468676116399506
3393 0.3116705337851279
3394 0.6633019528825272
3395 0.1770037351195848
3396 0.4451279261566071
3397 0.12353659415049661
3398 0.34748531548865375
3399 0.6921096323449526
3400 0.6717725087285941
3401 0.1434940349394496
3402 0.6272133833172051
3403 0.17060428188731916
3404 0.3165860072972973
3405 0.6255919330238965
3406 0.43747969895359995
3407 0.5199130529938804
3408 0.46891804457558395
3409 0.633315678196852
3410 0.4385979267383731
3411 0.3225184841177521
3412 0.7092262142364616
3413 0.6915885203043598
3414 0.26956617846391245
3415 0.5718780819731631
3416 0.25588010799745514
3417 0.5623084671442312
3418 0.5533059200571092
3419 0.4803458848034739
3420 0.16990905600899886
3421 0.4795134848828093
3422 0.1420163494979499
3423 0.6728255828666454
3424 0.39839094923390367
3426 0.8264595006520045
3425 0.4696956049257468
3427 0.35975337905015486
3428 0.4065747947453359
3429 0.639675559292458
3430 0.6084861478541393
3431 0.6794610628946953
3433 0.517847725271998
3432 0.26774439294450053
3435 0.5130509915810358
3434 0.5389111660062047
3436 0.28893055437445353
3437 0.5617341432715406
3438 0.6419909746884117
3439 0.370066353810686
3440 0.5847842134647955
3441 0.8667427122157666
3442 0.8528364762745805
3443 0.7091497356350782
3444 0.7934315127509642
3445 0.7555472788268646
3446 0.8396026170322745
3447 0.7400099955502186
3448 0.7186577384018794
3449 0.3153759912077821
3450 0.5483099074523436
3451 0.5382004864671417
3452 0.6572354510749965
3453 0.32944999742734266
3454 0.2234417472224105
3455 0.7759134106241714
3456 0.4932751804529386
3457 0.7620853037463834
3458 0.37648219413199724
3459 0.4193686082430091
3460 0.7156766595961349
3461 0.29156966131999734
3463 0.5400575508448602
3462 0.6468745096949755
3464 0.45162620372109025
3465 0.6828135799568765
3466 0.4009491912617055
3467 0.29362272343703416
3468 0.4867044843225593
3469 0.15599823480332062
3470 0.5363632988071199
3471 0.5942628639845219
3472 0.0829540336310007
3473 0.5883401473891032
3474 0.7291764509527259
3475 0.4976441344608326
3476 0.42868740292620783
3478 0.28747629652736556
3477 0.7355824640774459
3479 0.7495423076539468
3480 0.25628744353776434
3481 0.5613673863182311
3482 0.15911332645488402
3483 0.5763957685002817
3484 0.47456699127013335
3485 0.0823156116050292
3486 0.5135391184199568
3487 0.6567435774069079
3488 0.44596185847468284
3490 0.9142792927170552
3489 0.9020265872915703
3491 0.8064838209231084
3493 0.5595072254428597
3492 0.8203503518188533
3494 0.47408262423764125
3495 0.6799354645126762
3496 0.6535348542765431
3497 0.3981815791705176
3498 0.8343121413204575
3499 0.6574507860083135
3501 0.6429883510315535
3500 0.7278577265444058
3502 0.6609326210520251
3503 0.4872117067335362
3504 0.38443229740067897
3505 0.005845962044298817
3506 0.3014491531137362
3507 0.00580781453639055
3508 0.02264096368077813
3509 0.13299835695367407
3510 0.11846503991868015
3511 0.13753268768467228
3512 0.025944592300199427
3513 0.043228558217931826
3515 0.31931850468626405
3516 0.634999045983232
3514 0.3242922451488806
3517 0.2748794098971627
3518 0.07515723883345586
3519 0.024976144323278545
3520 0.4510235171067198
3521 0.1413772818898382
3522 0.2995772111564148
3523 0.5606460557074117
3524 0.5369654230631321
3525 0.5411461634231938
3526 0.528132366675343
3528 0.07103531636847243
3527 0.5346328541990766
3530 0.08211734347917807
3529 0.09027792290051277
3531 0.44410065248068714
3532 0.3677685557224954
3533 0.3714859749729611
3534 0.05863279204048905
3535 0.11941890268583277
3536 0.430558286567802
3537 0.7756487091297513
3538 0.7037663608952465
3539 0.6009074900503614
3540 0.5707601511662094
3541 0.7102415772319506
3542 0.7385274041622751
3543 0.1973302932273421
3544 0.8020685219443201
3545 0.4437456801756432
3546 0.5139072433730691
3547 0.8132020346492226
3548 0.36139352144682796
3549 0.7149526478830905
3550 0.7101686379222644
3551 0.281282296244563
3552 0.5669168442453735
3553 0.7988125917236215
3554 0.7900775528189427
3555 0.6848609307101657
3556 0.6682954147323473
3557 0.38950024291830837
3558 0.41506586280457963
3560 0.3374992690191356
3559 0.5648066259227983
3561 0.6397833480386783
3562 0.6096899723452587
3563 0.16440024121080762
3564 0.69179335161015
3565 0.5492662996362332
3566 0.6559266912745187
3567 0.6038907351951622
3568 0.11612266986586764
3569 0.5411748730727831
3570 0.008519946669423644
3571 0.0011185696080968544
3572 0.4741742023810985
3573 0.2742030114408091
3574 2.5244312831406606E-4
3575 0.020125171178210537
3577 0.4538203514228601
3576 0.6685761127825747
3578 0.4128466863369305
3579 0.4420285807789893
3580 0.31122986079710374
3581 0.514130613738639
3582 0.6372551679476304
3583 0.003366288052147792
3584 0.6076901565342264
3585 0.41647286787400295
3586 0.24501982888965843
3587 0.3180919309941608
3588 0.7463408260123908
3589 0.656838053948736
3590 0.26400336845052946
3592 0.17439409220251664
3591 0.5630454278340216
3593 0.1806217458178353
3594 0.4474200201205044
3596 0.5071295260190462
3595 0.15934301009805715
3597 0.3389217556289284
3598 0.4261144284047079
3599 0.18501897295938846
3600 0.28227352699903824
3601 0.6084499543791954
3602 0.15445298587423992
3603 0.18742649369912753
3604 0.4234913462093058
3605 0.42543696931018105
3606 0.35662389382180515
3607 0.4171122309551445
3608 0.31597320399749584
3609 0.2841610173033957
3610 0.020109288857415544
3611 0.19302585547667403
3612 0.2777966323632427
3616 0.0036437692135144703
3613 0.2536837614501879
3614 0.27454941985931824
3615 0.4045021197195443
3617 0.6256130143013663
3620 0.13036240017841977
3618 0.246021007273597
3619 0.6066790837202761
3623 0.5581270310759993
3622 0.5888437931969582
3621 0.4964630894887174
3624 0.5810282937101116
3625 0.5871406965043036
3626 0.43684153634255307
3628 0.44044989928827205
3627 0.4626821071041663
3629 0.1445044042286296
3630 0.40833326752184496
3631 0.41537442630753446
3632 0.09032811310246719
3633 0.6138652626501584
3635 0.37366102411311325
3634 0.6706248256299464
3637 0.5849158741364983
3636 0.751228444787958
3638 0.5391715205323361
3639 0.11969410051508003
3640 0.48797486674043733
3641 0.38342334869272143
3642 0.5057357725200612
3643 0.07331417445497755
3644 0.5522586421579013
3645 0.11029885412630508
3646 0.46280837388019913
3648 0.4714815229604887
3647 0.16468960321460652
3649 0.8387405451815472
3650 0.32187565889263214
3652 0.7167367491550647
3651 0.34389240130092646
3653 0.5158780208853851
3654 0.6491420653035032
3655 0.688556622948466
3656 0.4331372672788989
3657 0.300866880266417
3658 0.31370976601791595
3659 0.6845241091066114
3660 0.24463595961445767
3662 0.6136702912160155
3663 0.3902774420768613
3661 0.25292697589067836
3664 0.48570273658592167
3665 0.4311806111807214
3666 0.6665804920085977
3667 0.7186181774481811
3668 0.3008700672739435
3669 0.5529041317227686
3670 0.48827950532554765
3671 0.5155503744674554
3672 0.4969840557626922
3673 0.5974799797630224
3674 0.4572483771152555
3675 0.5257735660451165
3676 0.44981440280997886
3677 0.4695615895789091
3678 0.4360493178838421
3679 0.09372655264168638
3680 0.04704921166071871
3681 0.3004472192887036
3682 0.14133851721979315
3683 0.33562652006367966
3685 0.10552789627725415
3684 0.6502964238428287
3687 0.4847013361632891
3686 0.49718910608498845
3688 0.5124759768479595
3689 7.758031201687124E-4
3690 0.36544148117360964
3691 0.26963562658549906
3692 0.23944019040938413
3693 0.41104110747566397
3694 0.05382536143862154
3695 0.2201193824438534
3696 0.3492425023967119
3697 0.5941829860383684
3698 0.4436161457473409
3699 0.3111714910325827
3700 0.4814819640537157
3701 0.19540340260806902
3702 0.5211049631201967
3703 0.6228762091157524
3704 0.5147962309536247
3705 0.5546319633945554
3706 0.48900398472499657
3707 0.19854663232542163
3708 0.12351757266261405
3709 0.41356417827323616
3710 0.27587801632352354
3711 0.6211397020984507
3712 0.36396473428362985
3713 0.5628989853927461
3715 0.410467585489916
3714 0.3528825296552116
3716 0.7022122802282692
3717 0.2900379225899474
3718 0.2504467132608507
3719 0.2173586799158122
3720 0.14578992266507138
3721 0.5176672470265312
3722 0.6109801664006294
3723 0.0808984474020956
3724 0.06933276853113406
3725 0.14678986913084258
3726 0.40006117951802794
3727 0.5368530891054651
3728 0.07129020637044997
3729 0.7552254389581559
3731 0.2085689675312957
3730 0.7671978197776261
3732 0.3301375175795373
3733 0.6511939099140807
3734 0.40226128343077067
3735 0.6404913893658815
3736 0.1924419620527649
3737 0.2285207517597767
3738 0.11230550337457904
3739 0.5835515058234885
3740 0.37974803215144376
3741 0.03144576697857829
3742 0.44005531379405904
3743 0.14754973523618486
3744 0.18686846081685377
3745 0.