1 0.023658445719846505
2 6.219626452797652E-4
3 0.0
4 0.3387314383110303
5 0.24341789873742603
6 0.08538295965821042
7 0.15191703957653155
8 0.07952965967812531
9 1.3479778649453522E-4
10 0.09327750865744557
11 0.013428787426821643
12 0.055095797830860924
13 8.147310665253042E-4
14 0.1147205800928105
15 0.07670119853045465
16 0.014098754925956736
17 0.7440236964711012
18 0.5002501564960222
19 0.0770290244059742
20 0.05793067277573707
21 0.2774676326623239
22 0.007680352854821102
23 0.0012418080416817501
25 0.037388344604360677
24 0.13822572550031392
26 0.13527958843203675
27 0.16488496772203726
28 0.10310867450759853
29 0.002290230599025358
30 0.008676828713217432
31 0.026468007072552143
32 0.03409633469545886
33 0.36988837981391887
34 0.0013079937857848987
35 0.19487197388541455
36 0.0088039914965065
37 0.05532562057979531
38 0.006410280832022956
39 0.011154578621395884
40 0.0034967680784934643
41 0.019739534871205652
42 0.01966907671126546
43 0.008923748526748272
44 0.007127197090282061
45 0.006604076381362641
46 0.0017635081658013872
47 0.005330847716540397
48 0.0011281199926211451
49 0.06445142821811538
50 0.0011608228080188649
51 0.09732502786214701
52 0.0029942614164984566
53 0.1258009209736257
54 0.18177884198965202
55 0.09013320193564407
56 0.07129346809880369
57 0.1606307804089768
58 0.0011894412398084071
59 0.10894557635481522
60 0.016825308006128473
61 0.13311113939769195
62 0.08977472009671024
63 0.2118382684624515
64 0.0739685999127716
65 0.3692245538432506
66 0.3496594188183839
67 0.02761526651858644
68 0.10420717411345606
69 0.03416258827847883
70 0.052503727349742256
71 0.04404937610361977
72 0.025927627675908373
73 0.0431635015738277
74 0.04696634625931141
75 0.0281017661230609
76 0.015616485856158178
77 0.01148826666015656
78 0.0026287297774493274
79 0.007688228995173255
80 0.002098136879585209
81 1.0361657624716285
82 0.49386007275203914
83 1.0593792800904946
84 0.02011744840341701
85 0.2028721082243116
86 0.02801930482881014
87 0.14443786989990556
88 0.21953263317218416
89 0.005274016532355098
91 0.08243913474167656
90 0.1609997182411781
92 0.023703079034996254
93 0.025779053123754336
94 0.13733125122407042
95 0.028835595547497705
96 0.01632619466054484
97 0.23252065209753467
98 0.15399084943934183
99 0.15007001636857484
101 0.010691557376290774
100 0.10523246285113622
102 0.05708775966700472
103 0.0837126652344739
104 0.05946227113979906
105 0.9269803384969737
106 0.2009073937188574
107 0.18138265453351773
108 0.3941138471998358
109 0.10136376866522967
110 0.0
111 0.17949681233593295
112 0.10392071638513743
113 0.08763804485875126
114 0.12215899006709934
115 0.48892520917151244
116 0.09894772055339136
117 0.313569585216207
118 0.09412417036160449
120 0.042001391196902646
119 0.007233478705439522
121 0.05047569357496381
122 0.21738533773100377
123 0.064581841641402
124 0.07202697592199549
125 0.005475412070456624
126 0.1551776896952594
127 0.017058483299130813
128 0.0
129 0.034340612947760855
131 0.5550438584037347
130 0.043574007917592715
133 0.20565179118990629
132 0.3480884703905993
134 0.06757333290458584
135 0.020441480866178016
136 0.04736856178610672
137 0.08955494633925712
138 0.012590407712165045
139 0.016967386495039406
140 0.0011232882436759005
141 0.010162523436405762
142 0.03342407798726842
143 0.014184500218379836
144 0.035438775354845756
145 0.1705196475210219
146 0.20318600311877266
147 0.09117114162936826
148 0.10324334574946344
149 0.12562982651010854
150 0.01544757240693451
151 0.001047550799875215
152 0.031058396667922924
153 0.025563386722918486
154 0.00437743658842484
155 0.001094672915267756
156 7.9660635177189E-5
157 0.03034052315360675
158 0.0053923485395420785
159 0.046598127373951005
160 7.887105834327047E-4
161 0.07325455871320898
162 0.01593246908609152
163 0.007404776364431528
164 0.01344345670125705
165 0.07325439006736278
166 0.0630329767669923
167 0.0033525314020683523
168 0.043870577572590067
169 0.0166333958443723
170 0.0022095276176116803
173 0.010083783704378636
171 0.006084631231396336
172 0.005355685949695314
174 0.0026112535943623315
175 0.08083803272076773
176 0.0055984088097138065
177 0.2731170861811319
178 0.28266960610734265
179 0.21044414342496726
180 0.07877592297941155
181 0.08261336549959832
182 0.00680624510940318
183 0.13942495767307383
184 0.14782133590914578
185 6.778276412773297E-4
186 0.05476059166958662
187 0.009065684392598607
188 0.17363489668626866
189 0.015178253168138258
191 0.04617546061526873
190 0.001569654427348921
192 0.021891454969508072
193 0.22311497811477574
194 0.013652004095356138
195 0.2531311564733348
196 0.18695026174961937
197 0.04994792573726541
198 0.02108630526832476
199 0.013132301059991821
200 0.0018487380791674807
201 0.003210390192599962
202 0.020491266094175665
203 0.1264041476710566
204 0.026583728052604744
205 0.07747509143535812
206 0.0398477364201927
207 0.15040605790388226
208 0.005579865610264793
209 2.905450616765991E-4
210 0.11022820517305755
211 0.03366155776511858
212 0.07021324890783921
214 0.035498095646153326
213 0.20371095056200972
215 0.0680819040623626
216 0.3349424055258115
217 0.06519903752710236
218 0.012744784242560672
219 0.0417001943937539
221 0.03865145374654531
220 0.004097590457461692
222 0.014098506388148305
223 0.03933163304398551
224 0.005308490648234937
225 0.1776202519927325
226 0.006681032235061187
227 0.009187636158153073
228 0.014572612694563137
229 0.014108858359038598
230 0.021769035309835275
231 0.008015261955827966
233 0.004901001655360773
232 0.006080782863317514
234 0.0028411788441287185
235 0.013882991516159406
236 0.0025820323723047068
237 0.0032777070258145744
238 0.0019239239854369856
239 0.006201066128999432
240 5.835463853833228E-4
241 0.045602814710962766
242 0.5553790081565
243 0.13059412430254608
244 0.015086056440069936
245 0.19414367865008816
246 0.3102591140137658
247 0.08202699341998101
248 0.030664701900507955
249 0.002568935142110856
250 0.003752209465143087
251 0.0055734010861939465
252 0.15645948805489016
253 0.022735538640289824
254 0.001096520966889324
255 0.05138564642453654
256 0.001311985368557461
257 0.293283380383316
258 0.07025326771361162
259 0.12766116306018752
260 0.01106230602442595
261 0.02898393777075982
262 0.0698858323861345
263 0.06436015330990948
264 0.023371050641272574
265 0.04635590916320847
266 3.606178963416921E-4
267 0.027926178634512914
268 0.01709545219642566
269 0.0013449728073254643
270 0.015957305470037583
271 0.005447171187068681
272 0.020122723780164133
274 0.03507935740114408
273 0.054893835260186735
275 0.01258057960889414
277 0.044475221500252266
276 0.01737194596897183
278 0.005846607822281871
279 0.0012184241585223576
280 0.00507112074436814
281 0.0030364401677201373
282 0.002964052471866819
283 4.192524374784465E-4
284 8.02521137203504E-4
285 0.0030069205680830096
286 2.1774917549417937E-4
287 0.008285843514958546
288 2.7191181556493867E-4
289 0.25772968816639963
290 0.04958903913431901
291 0.009554113534730324
292 0.08791560853295896
293 0.0037111293193670975
294 0.07173676025634998
295 0.00602559293302472
296 0.044644774887535495
297 0.007332695769207401
298 0.002226925317018629
299 0.029833056848402328
300 0.03429080188138786
301 0.007695705829753583
302 0.028159051669151763
303 0.051221460830896154
304 0.006107924081158063
305 0.04090510005323226
306 0.011045862550413482
307 0.04129571570319436
308 0.06057100136575543
309 0.02090612733111838
310 0.012756978768975203
312 0.009642988530430531
311 0.020828356624105832
313 0.004490708203656794
314 0.005342529762489336
315 0.004110863265603701
316 0.008210335735794794
317 0.005050604988778953
318 0.003958180759824717
319 0.014114469797557946
320 0.002603268597769986
321 0.0038770588415484087
322 0.16472098805174548
323 0.16612408401004372
324 0.0021544867655134206
326 0.020091520065207223
325 0.22137790243702643
328 0.055371871968448984
327 0.03795327711247252
329 0.06885667636468006
330 0.04607333886491774
331 0.007589528562228253
332 0.011176432076387242
333 0.008378441787808945
334 0.03172020160894158
335 0.11601647091449903
336 0.014648400311406462
338 0.11201392049975109
337 0.01676081599856799
339 0.17087875797503865
340 0.11009178589825208
341 0.1177692636657722
342 0.04453010978111367
343 0.09454679299066011
345 0.0038364384350327227
344 0.0014516391835210339
346 0.008698869081722061
347 0.00315076031220909
348 0.005561527807496966
349 0.01608076585387725
351 0.06791713415103215
350 0.003533643702145104
352 0.0055451465861591645
353 7.710711430350991E-4
354 0.001518807087917432
355 0.001773676514030585
356 0.007338333184696343
357 0.07813605280150641
358 0.04319773060156347
359 0.043147390692593594
360 0.11494168078613863
361 0.0031435275305063477
362 0.015712605368291412
363 0.09075786022046857
364 0.0101485835098837
365 0.05583914503629306
366 0.002809797687595782
367 0.0025103061947646514
368 0.019185849727176265
369 0.29177803952674114
370 0.7172248445523941
371 0.0040115023630006175
372 0.13710050013331526
373 0.11625418870790251
374 1.0779585680946983E-4
375 0.03814865655515731
376 0.08803122870258147
377 0.13537778941033377
378 0.08626769416396225
379 0.038375519252647664
380 0.15964915248590636
381 0.04188356549255649
382 0.06635381254531995
383 0.0018685585914875631
384 0.08727434962242231
385 0.03387135229534871
386 0.09976642727680349
387 0.14854515239412147
388 0.007850671945773215
389 0.1111289581717807
390 0.008870784358615283
391 0.1504860299245045
392 0.1330374604802392
393 0.016442781718106578
394 0.07208770629860692
395 0.10000325187644533
396 0.07981212442231121
397 0.032897719050822026
399 0.45538711856099373
398 0.007283105909923481
400 0.0032098833273299216
401 0.09198957983411928
402 0.04409561608199532
403 0.2059729968872745
404 0.1063378549938953
405 0.14906630776450117
406 0.08112868778521473
407 0.07141420091864059
408 0.07972937342090912
409 0.2642512216221914
410 0.26789753961223584
411 0.010994535328790541
412 0.0484124256454776
413 0.0605484191609409
414 0.05365121003832217
415 0.06876862083402036
416 0.03491890058323742
417 0.8955215843941418
418 9.648968430536523E-4
419 0.24884034540269312
420 0.07002446142440376
421 0.007112884955517965
422 0.10679877795613603
423 0.015246491759957702
424 0.0030384526364526754
425 0.06404321796254372
426 0.04740877071084084
427 0.1845844556376663
428 8.966783183817521E-4
429 0.03815503363883733
430 0.012453627704818001
431 0.12666933313369172
432 0.016425456539093736
433 0.021893482840667482
434 0.0877780856711776
436 0.2203635651679183
435 0.029898271514157214
437 8.415317853841703E-4
438 0.012417640216115956
439 0.028526758534628386
440 0.0020196555267683147
441 0.11437745968693527
442 0.07193842981785772
443 2.901494734188542E-4
445 0.022244611057821457
444 0.03471084987493635
446 0.025365712413885744
447 0.02570983304825104
448 0.031382677323149935
449 0.04208436412260784
450 0.006371289325956626
451 0.08702763830617453
452 0.08186303079898742
453 0.3161321055825683
454 0.03023096026806337
455 0.05654921409641476
458 0.0910808237859433
456 0.517621657600621
457 2.0911225896235643E-4
459 0.011697686638616483
460 0.002843984613361967
461 1.9510306499845065E-4
462 0.0551440404698621
463 0.060483787915084096
464 1.8651743373782913E-4
465 0.03531360237050936
466 0.044113416248224555
467 0.19386067177479072
468 0.138722273264054
469 0.1898274577132223
470 1.252128413127853
471 0.7537189916126416
472 0.03628591631621593
473 0.6622952696087235
474 0.03633585270546261
475 0.0289547734685802
476 0.009090453124722482
478 0.028851632857290685
481 0.04646226694448313
477 0.06240769024095845
479 0.2595125455660117
483 0.015469604016516274
480 0.40879998142471213
482 0.4583923776923069
485 0.07339082309719062
486 0.366440944525954
487 0.12937769933542914
488 0.18747027309711176
484 0.0
489 0.3003517098704981
491 0.016485260345474182
490 0.7810760641113491
492 0.4777123788729574
493 0.18130869966033505
494 0.23460683497585516
495 0.858393462259198
496 0.0865192166350968
497 0.0031169853178386895
498 0.022375783291610465
499 0.05853769605590678
500 0.013795741295716254
502 0.35542251176593004
501 0.05463203373851985
503 0.058453141129443074
504 0.003977368133976909
505 0.06432014038878296
506 0.01939952946081723
507 0.24434499934101728
508 0.022239866121528364
510 0.0010552779970309347
509 0.09852177163818113
511 0.5124959875949001
512 0.06019415289206428
513 0.29942029821754296
514 0.45413808249777293
515 0.016760446322861628
516 0.3577782132779737
517 0.07956428175446388
518 0.07748383024183304
519 0.026751913143212402
520 0.05279939486071861
521 0.19437757919333748
522 0.05089222656176724
523 0.07095158014013121
524 0.026809186570514117
525 0.011403833061477672
526 1.2555534772223893E-4
527 0.019315623348989185
528 0.0011572262343283498
529 0.11356419610109528
530 0.1658107243814835
531 0.029224754812585352
532 0.44915555706009086
533 4.205307893431845E-4
534 0.10453918749139365
535 0.021512018347131456
536 0.07418734982692755
537 0.020748029928430767
538 0.028787394522985815
539 0.014093197173971271
540 0.03307154990077851
541 0.06150300728315994
542 0.007819727402235055
543 0.11563430808866991
544 0.039284106554149135
545 0.031114772831105055
546 0.006951829327756211
547 0.0010542710474238486
548 0.0028821395502054295
549 0.03964716911505345
550 0.0017915670542185624
551 3.429163615235032E-4
552 0.008330172866846475
553 0.1266343080964008
554 0.06954363042468586
555 0.0016237545442891353
556 3.151767756264206E-4
557 0.04385028866047728
558 0.008725577352068893
559 0.0011006021267261795
560 0.0033830504744343046
561 1.0787699758307938
562 0.9339796093645839
563 0.6102327909242861
564 0.2810044619925664
565 0.036073954033497
566 0.05217033939085716
567 0.05837955227298082
568 0.6969152541651743
569 0.38477855447848736
570 0.28535541695550726
571 0.033723827600399825
572 0.11523148176737819
573 0.12427594728570884
574 0.19754506626087434
575 0.03902850901878779
576 0.2681116690808822
577 0.049803548038904806
579 0.010162654239350559
578 0.057768421849076955
580 0.03959678332750438
581 0.008117141076538652
582 0.0015211010369270176
583 6.71176373599379E-4
584 0.08597157648548222
585 7.165831962703235E-4
586 0.0861932890960574
587 0.032239692870205616
588 5.714876186166086E-4
589 0.006283323032374655
590 0.02233115852092081
591 0.00786373413260884
592 0.09045607725508827
594 0.11588290439327997
593 0.33700959537697944
595 0.30057812379308835
596 0.07169138956818887
597 0.4164199775328806
598 0.2787380301516127
600 0.03265500288535253
599 0.003183373623581639
601 0.010809077409814929
602 0.012856186613639634
603 0.008047656836540197
604 0.002722193287955263
605 0.018207718047168475
607 0.12477059775099823
606 0.03794924944128542
608 0.006496154543061515
609 0.012036377212985812
610 0.5970105557818914
611 3.346324232649334E-4
613 0.044646868708374844
612 0.1350261377558474
614 0.08053276346505507
615 0.027544265713772165
616 0.13685860349962586
617 0.21314315676939452
618 0.08676416006876837
619 0.04178815928350708
620 0.005755310471407975
621 0.02656606654920968
622 0.012266741268241486
623 0.09189841602963965
624 0.030949539662711915
625 0.04033755552249453
626 0.36407923131963876
627 0.19337012733495293
628 0.062487516492275484
629 0.0990495171585819
630 0.01063244786265635
631 0.06401611996134933
632 0.02181605434390097
634 0.01794090351117372
633 0.07093821140182638
635 0.012209931432088829
636 0.005960322293347352
637 0.007566327597878747
638 0.004348405659755531
640 0.012346079461534223
639 0.031528630303604345
641 0.40416779824217874
642 0.021771353778624082
643 1.0015072954090078
644 0.011690833763880056
645 0.3238152029217317
646 0.04795108447274779
647 0.02191617943870221
648 0.04849337683830018
649 0.021693893693203577
650 2.096621541588114E-4
651 0.1846279401396551
652 0.08091985756439618
653 0.02558737754503674
654 0.11067425655776579
655 0.2291228550070954
656 0.32281803869717374
657 0.18827382565974174
658 0.010827479278834663
659 0.06532697852726271
660 0.1384246668065051
661 0.09680171402940342
662 0.05442906393871584
663 0.04241380245321729
664 0.06148487659229092
665 0.013260077498831466
666 0.022654749241854476
667 9.428001835797068E-4
669 0.023456027046011397
668 8.780278540063292E-4
670 5.092560424857061E-4
672 8.162567586997321E-7
671 0.025708589653800816
673 0.13315369809223723
674 0.007749601981494222
675 0.05233968844716431
676 0.2245574846886918
677 0.16738926842182228
678 0.07839263367109445
679 0.06272539842026481
680 0.02301898718776909
681 0.10404595331020007
682 0.050357804759337266
683 0.07562496632817686
684 0.26702042543909754
685 0.04001244692916389
686 0.02907156458477306
687 0.07944897937791638
688 0.002268095711075616
689 0.4735809512020949
690 0.08630639003140289
691 0.013735608460880927
692 0.013292508636365516
693 0.014722229694385431
694 0.2780427630490417
695 0.06731096872905623
696 0.0756277609782257
697 0.10384383481477917
698 0.11184589237091865
699 0.023843867835978465
700 0.5712274309013828
701 0.05839871957223324
702 0.0746902221126464
703 0.07751247184990867
704 0.00565813322979304
705 0.020886297239743192
706 0.23851653648970875
707 0.004824284824207303
708 0.009578523167687732
709 0.2980419107327926
710 0.06836486665939588
711 0.08296361443142178
712 0.03182997289894417
713 0.028701829880142082
714 0.010418004947587255
715 0.006351768913459035
716 0.08588844276115407
717 0.04158583593506413
719 0.0035400645595396727
718 0.01072778913815875
720 0.05774137854549222
721 0.2876641556186031
722 0.18108362844891726
723 0.2712813170558533
724 0.14770826591511407
725 0.027958973716000927
726 0.0032609998726587613
727 0.025337435566362948
728 0.0076161901463201636
729 0.031135091309561283
730 0.04162706481796155
731 0.040520753113695795
732 0.017549119136170598
733 0.011880886750682716
734 0.009343388655144943
735 0.017849673454444905
736 0.04229638218716115
737 1.0197824839282765
738 0.007203058182347861
739 0.20564985508561115
740 0.022821553900566206
741 0.09201524849763595
742 5.338041012325186E-4
743 0.006228476755124586
744 0.5592428740549746
745 0.15471881528175319
746 0.034483982873045015
747 0.09763736649318079
748 0.0021217679880301448
749 0.12445409748605933
750 0.12237032821373366
751 0.08977413920756104
752 0.004395376024263041
753 0.20971914425430258
754 0.04879929768832177
755 0.09063536671680657
756 1.2355846296527222
757 0.2366340327496305
758 0.22292040712875819
759 0.2631842377032072
760 0.02074287438001231
761 0.031478375940674444
762 0.012914768965170617
764 0.4554312283483887
763 0.3845086779676143
766 0.5301975026727971
765 0.35927683389883514
767 0.0
768 8.370141168816234E-4
770 0.6013640210323743
769 0.3240180032178527
771 0.0
772 0.004700029651906889
773 0.22248835067500117
774 0.008655360476408192
775 0.027093493713608325
776 0.01606303567590138
777 7.577155136171457E-4
778 0.1208410775639336
779 0.0
780 0.08422534818165389
781 0.025092647917066453
782 0.015385183184970768
783 0.06334392029645244
784 0.028533108131997123
785 0.30940570552328883
786 4.7776055003821493E-4
787 0.2748678129314018
788 0.05311573452189932
789 0.18017423186852616
790 0.03663101106526593
791 0.0014753846183203816
792 0.012301381328761529
793 0.44322572156251117
794 0.1736156205139319
795 0.11825034440166715
796 0.03766905064978978
797 0.028799473549543667
798 8.399672998630512E-4
799 0.17923140298725843
800 8.964122180402879E-5
801 0.13247484734169102
802 0.04763435425653186
803 0.10194903048006518
804 0.6006858107721345
805 0.003284268120547231
807 0.4013434941724251
806 0.27226739013362694
808 2.041877517571388E-4
809 0.052070649156216044
810 0.02803410570586322
811 0.1050583092752315
812 0.04459489380873439
813 0.0417543987021079
814 0.05694249936815317
815 0.11866458008350333
816 0.02084378826117599
818 0.09389688996418846
817 0.02431104876198685
819 0.11718028202568899
821 0.005735322695813176
820 0.09753979047774564
822 0.004130114780197197
823 0.04515086023171355
824 0.009631004236223775
825 0.028061600680208392
826 0.010652784693475097
827 0.012195968022041901
828 0.006108974833730427
829 7.634338960208515E-4
830 0.010789363254900399
831 0.036079759177613545
832 0.007033735567707277
833 0.003544756813397621
835 0.0036267542954373285
834 0.17433605856441214
836 0.004698063035400662
837 0.01521017413967939
838 0.003667360056798225
839 0.06787808736310709
840 0.00506450467704042
841 0.001555267905534824
842 0.048873122769891864
843 0.0461923319585545
844 0.004395249923835436
845 0.01130954599235715
847 0.01669208078503906
846 0.007191630685385352
848 0.024067329196477038
849 0.030691178714393114
850 0.011018331413650629
851 1.2512598655372402E-6
852 0.0015328333347591628
853 0.058677902001940965
854 3.243402463111855E-4
855 0.008979739804259203
856 2.0217623148545358E-5
857 0.1521956062532125
858 0.05360714190490715
859 6.023140130717154E-4
860 3.5198449763254266E-5
861 0.03535191156454079
862 0.00924826743407779
864 5.941353520959856E-4
863 0.004900550532664432
865 0.36801838473462406
866 0.35277368312275875
867 0.00821492434886905
868 0.19461720465722032
869 0.002070414776180051
870 0.009620781630856385
872 0.10515946127934413
871 0.1297206054186275
873 0.08184440584441761
874 0.02211842339561828
875 2.6411269065006155E-4
876 0.013463426687051666
877 0.04369667261399457
878 0.08905610428638823
879 0.028457277510735474
880 0.02214587870872925
881 0.3543192741922101
882 0.4708310966100197
884 0.006492781597404726
883 0.30896770868937756
885 0.06500399108534373
886 0.09255157548372403
887 0.1412320259765295
888 8.416232927415088E-4
889 8.257681726343045E-5
890 0.07513875105622032
891 0.08871541821563912
892 0.026941730999242405
893 0.0721194467704506
894 0.016211209357629854
895 0.09967142349410395
896 0.11291789135740797
897 0.1476084196618626
898 0.19344550107681566
899 0.35000185232250086
900 0.06877743271916842
901 0.36692556986007285
902 0.0013045157723681987
903 0.15602652325962552
904 0.0
905 0.09046090461431534
906 0.06066256075699448
908 0.058948827441264916
907 0.03770971427565952
909 0.01803698452516304
910 0.0748592675671622
911 0.07482470243205826
912 0.09032919814456579
913 0.011291204775798014
914 0.21575563472720852
915 9.242935141327592E-4
916 0.001120574730523874
917 0.177144456094179
918 0.13692922543684388
920 0.09639801439989322
919 0.02604686395086913
921 0.0260638857507744
922 0.0027731281056435943
923 5.583452039518205E-4
925 0.010270417183621304
924 7.977719537063081E-5
926 0.07093583645340228
927 0.021333959127553894
928 0.0014457829467337138
929 0.02511510903041617
930 0.10551321349185479
931 0.0
932 0.02966673121940941
933 8.457987913282741E-4
934 0.3631689767454199
935 0.9540627564094434
936 0.002381748558119115
937 0.00974221773463726
938 0.2947662522931718
939 0.21891032379848122
941 0.04100145949659625
940 0.07967371959011828
942 0.008286026819080855
943 0.45314870441151994
944 0.3439736667766386
945 0.4647982871627243
946 0.1531980700008438
947 0.04347821878244498
948 0.11884580510235557
949 0.12021172762797533
950 0.03023354142765782
951 0.023334942524707768
952 0.0985246001797694
953 0.11613774719720472
954 0.11985541189970766
955 2.0141768446594593E-4
956 0.03206011702722501
957 0.03554316857784055
958 0.04929518518835293
959 0.014738195708241602
960 0.020457801577204497
961 0.16834519664858896
962 0.5993565861794053
963 0.01628049712814405
964 0.10041464277903844
965 0.041779746452750975
966 0.006089726244209378
967 3.1657119930052007E-4
968 0.11332243833089345
969 0.025353664252415472
970 0.16141760931720192
971 0.13812690054669371
972 0.18566100204167943
973 0.08814248873128153
974 0.10728773812192559
975 0.0023368836024939836
976 0.010293374820728226
977 0.26994380240737387
978 0.014786000249188165
979 0.13359001389740965
980 0.04367294983198747
981 0.17877347849426392
982 0.1703838314979823
983 0.03138250213544609
984 0.1378249299956457
985 0.043528853261050764
986 8.062175213744913E-4
987 0.001127872914827241
988 0.04470944255004518
989 0.08457202186733234
991 0.032327348586475485
990 9.219314324163847E-4
992 4.076786195592088E-4
993 0.11929222022519419
994 0.15910084225436072
995 0.2025768604029342
996 0.1096284517742857
997 0.011380485110274174
998 0.29486847431492513
999 0.09697885632695484
1000 0.04613791832330016
1001 0.13097732035294718
1002 0.15214748878714823
1004 0.0572964661758322
1003 0.03473592356853249
1005 0.15063627506042582
1006 0.15586588947575128
1007 0.09016675170628673
1008 0.054880866513309805
1009 0.39799371582730486
1010 0.015731230356039867
1011 0.043475527459450165
1012 0.08293900603539237
1013 0.1339098540356992
1014 0.10241485945742856
1015 0.05125398967164586
1018 0.10910025719518059
1017 0.0028246590385929823
1016 0.09973854046598646
1019 0.10670920093298944
1021 0.04097478144995235
1020 0.10410831870728675
1022 0.06529795617757385
1023 0.09508280165818707
1024 0.029085519946294706
1025 0.019282105323411413
1026 0.3568853802170738
1027 0.02477537241652619
1028 0.1729847151275962
1029 2.410899894448654E-4
1031 0.053097080511039986
1030 0.002010999362125438
1032 0.008684878933987093
1033 0.09943959211849202
1035 0.016295331907305935
1034 0.0743098824727544
1037 0.34633049303658797
1036 0.26070509207638426
1038 0.002322554152060095
1039 0.15138894998671787
1040 0.2145629952432496
1043 0.08366834338173991
1042 0.01818033348476884
1041 0.10968111525459505
1044 0.11624716456365648
1045 0.004893220910598886
1046 0.07409595833302098
1047 0.05796329610174436
1048 5.709283294633362E-4
1049 0.04457699249604116
1050 0.001272809647133459
1051 0.005101609247325174
1052 0.029958934184127716
1053 0.05791130680893355
1054 0.030383239992237503
1055 0.053013128617619525
1056 3.6951039988471896E-4
1057 0.2615260842367799
1058 0.3128640081317149
1059 0.26974522514952426
1060 0.18538666592879152
1061 0.08409520363450096
1062 0.006098412682208519
1063 0.14803388894545796
1064 0.09628695013133745
1065 0.036671017207992075
1066 0.012915970122815647
1067 0.04847080369480038
1068 0.026301226496502468
1069 0.012662546877718731
1070 0.007901432212889758
1071 0.09716511759792824
1072 0.02870003548155982
1073 0.011371983133194197
1074 0.036334216044568886
1075 0.4122640931460412
1076 0.16535051412309226
1078 0.024117516183897132
1077 0.05221238317906874
1080 0.00573868967998127
1079 0.12369915152444402
1081 0.11902162706677422
1083 0.524029638027555
1082 0.0476926327022582
1085 0.17967512968174304
1084 0.3752228872142725
1086 0.3637913461324987
1087 0.0780971123740663
1089 0.06158243638741095
1088 0.4891743125414266
1090 0.005100092421107397
1091 0.0582311894016374
1092 0.22227416400072242
1093 0.12149818408241495
1094 0.2421260001751645
1095 0.04514393668721358
1096 0.020874235370540478
1097 0.0014048395773612582
1098 0.01652478644970672
1099 0.007011800973789026
1101 0.07452111240138308
1100 0.015473926633842673
1102 0.012524503565989626
1103 0.02729685957323248
1104 8.322209418981449E-4
1105 0.14834230912581509
1106 0.18043672208165462
1107 0.0025234976325866185
1108 0.017981905039621816
1109 0.00375016177601232
1110 0.008269403023892419
1111 0.016311938837614132
1112 1.1980037173651009E-5
1113 0.01907166760452762
1114 0.1750233819746774
1115 0.100807613440306
1116 0.07841255322019554
1117 0.053431450982463914
1118 0.12623289571948962
1119 0.07575683510474432
1120 0.039344718949005285
1121 1.201007455062702
1122 0.06250737798630221
1123 0.5983190350489026
1124 0.5557390109114949
1125 0.19296515978739504
1126 0.045150011618632434
1127 0.04026154439011908
1128 0.12904487186205735
1129 0.755459364184362
1130 0.0725741886852125
1131 0.7169594600473653
1132 0.28528438720494137
1133 0.015856016892317866
1134 0.17491012273518816
1135 0.7253194625383317
1136 0.08176934997049655
1137 0.09969724490028464
1138 0.010939352206045042
1139 0.013499477182231476
1140 0.03512492830935731
1141 0.003470089808596979
1142 0.032412491451028244
1143 0.049488364787919424
1144 0.0855890277607263
1145 0.08237456794903782
1146 0.034207823983497525
1147 0.062064500676054624
1148 0.03163970057767809
1149 0.056804319304614256
1150 0.005864235878538057
1151 0.14000018825225735
1152 0.0358584462015619
1153 0.008073280719270649
1154 0.05338955976097491
1155 0.00876944949693905
1156 0.0256729397776243
1157 0.035124247516589
1158 0.008765780651782726
1159 0.016224051045283905
1161 0.0010608676540052279
1160 0.010857738723603957
1162 0.0027502230150863467
1163 0.001735342010812428
1164 0.005961001951048799
1165 6.060483719448414E-5
1167 0.019045616080593623
1166 8.927863670944009E-4
1168 0.0010349996836823035
1169 0.0016009357406113498
1170 0.06139758641018507
1171 0.1571185303384317
1172 0.011358329706064164
1173 0.22453921678031916
1175 0.0025630274943219023
1174 1.9190303312007794E-4
1176 0.11819472940718785
1177 0.11064121725957626
1178 0.0643344383487622
1179 0.017568533259740393
1180 0.06309201114384962
1181 0.004763989497910812
1182 0.03837522696909133
1183 0.045706010410336936
1184 0.0418971374566195
1185 0.27406046009573654
1186 0.1950939104731663
1187 0.45715489176442486
1188 0.008251874399655211
1189 0.2887537943466978
1190 0.15345556130802934
1191 0.014679085176707261
1192 0.06901252365137873
1193 0.08329031146942614
1194 0.10695530312027375
1195 0.038154998980951746
1196 0.18387871876507572
1197 0.08308420660570649
1198 0.03870428767768653
1199 0.2729815943657638
1200 0.06501290727731254
1201 0.050700670175641456
1202 0.05644633795962047
1203 0.2237327478751519
1204 0.3370677073551734
1205 0.0
1206 0.24930020062565936
1207 0.5540768002815334
1208 0.0852216898644457
1209 0.15161487808603707
1210 0.8107843794877168
1211 0.026758557710046343
1212 0.36112356971094184
1213 0.1995889125084679
1214 0.1183461058762005
1215 0.9551371474237419
1216 0.12344189664375596
1217 0.11200368660693145
1218 0.2125599649540375
1219 0.07595533267220492
1220 0.039170024351704545
1221 0.33835738975767005
1222 3.430076036298581E-4
1223 0.02242374208539951
1224 0.11511693004113449
1225 0.17712692617997744
1226 0.007131365830709575
1227 0.025509411854193583
1228 0.06414296039442596
1229 0.08052636390711293
1230 9.352299525079478E-4
1231 0.005223288501377242
1232 0.034360654069197104
1233 0.13875306183092942
1234 0.11281366178772984
1235 0.49461697659728576
1237 0.0033096281340498517
1236 0.26697228356814345
1238 0.008222285082093637
1239 0.041985818627580114
1240 0.09732447031587996
1241 0.023971602375825345
1242 0.04266507742583822
1243 0.05492042753868125
1244 0.006040181430063193
1245 0.0046378105221088406
1246 0.003964250750249681
1248 0.0037459138036491733
1247 0.03215628840930569
1249 0.6203581537231303
1250 0.09063947055056568
1251 0.015720483471792317
1252 0.626228105417474
1253 0.0017109539912297121
1254 0.006958224785029812
1255 0.009733121189305605
1256 0.15114866922780043
1257 0.020766657855507496
1258 0.0784082827858076
1259 0.02382880741067765
1260 0.08176440571598245
1261 0.06578392972011744
1262 0.07521544841774083
1263 0.004131965405532896
1264 0.039719396561858834
1266 0.040805280118459006
1265 0.14708905723963275
1267 0.15510348776661656
1268 0.17741532690099743
1270 0.45113983410135955
1269 0.328029562674331
1271 0.03382463499516815
1272 0.6769722759345607
1273 0.36687741253508843
1274 0.07135468424712041
1275 0.2515144271407058
1276 0.2483687985141793
1277 0.12389779741304671
1279 0.08275138060853396
1278 0.034507614254352836
1280 0.03234057432384445
1281 0.023680730893061535
1283 0.3968402651433901
1282 0.3153832254950722
1285 0.008345886779574218
1284 0.1591391509210575
1286 0.04473868199174492
1287 0.09028290782380893
1289 0.0042713681695958645
1288 0.1915686946327646
1290 0.13395886966920095
1291 0.014784029886100152
1292 0.02250209239813435
1293 0.024110242323804848
1294 0.005971661160061045
1295 0.23235825934368395
1296 0.0022784693559311764
1297 0.05916583924419722
1298 0.08600056107661154
1299 0.20663357394943846
1300 0.14246434309226014
1301 0.08385631232974887
1302 0.10242537438588695
1303 0.12176023536576812
1304 0.3092579997564823
1305 0.030297967747009488
1306 0.04553472844335778
1307 0.18747611014930193
1308 0.010493134707839894
1309 0.04176897807778353
1310 0.04175770351753846
1311 0.4061660447449418
1312 0.10726325524207823
1313 0.5711659883028902
1314 0.11729696127350586
1315 0.34803546477504355
1316 0.011219042268533673
1318 0.17186486741973023
1317 0.04819890571037141
1319 0.15787789663048002
1320 0.08958009470865806
1321 0.02800925231972866
1322 0.03455515315205223
1323 0.018132845441857552
1324 0.024230694221056795
1325 0.031963761971930967
1326 0.008265936625922158
1327 2.4200432032226788E-4
1328 0.023392463985162617
1329 0.20678031625224474
1330 0.16067309209561437
1331 0.016950749578449775
1332 0.2661626134292929
1333 0.004065459246430946
1334 0.05197713103236821
1335 0.016265286755108067
1336 0.004681886191849792
1337 0.012197797650959574
1338 0.004136196108208036
1339 0.04391432833187706
1340 0.07599234878065814
1341 0.09657541551378068
1342 0.014774587636730157
1343 0.024497560082892323
1344 0.0018285650491426425
1345 0.08558601429346466
1346 0.342917901649639
1347 0.9373569355470205
1348 0.0671102561255517
1349 0.07121517909024877
1350 0.3036771686369589
1351 0.2327908101678559
1352 0.03160760433020527
1353 0.008619800101262873
1354 0.005085016526873985
1355 0.03755964944169014
1356 0.005011038269147702
1357 0.0708815054331896
1358 0.13201565309936908
1359 0.021841666429368328
1360 0.059172760913986565
1361 0.0
1362 0.025659772877759914
1363 0.01516387802456694
1364 0.8144994360846458
1365 0.03965625799734241
1366 0.0692034265995808
1367 0.7694020923794426
1369 0.418835035514766
1368 0.052783717602851714
1370 0.0920212519989623
1371 0.013874915335510352
1372 0.02743614242802659
1373 0.03598175481864692
1374 0.4455438440706331
1375 0.17297811928167853
1376 0.05434553514202033
1377 0.22416492687633863
1378 0.0343949520018848
1379 0.5894330905419018
1380 0.10320598026707331
1381 0.017197745581683736
1382 0.013164219591249792
1383 0.0614022906581593
1384 0.03212690827576804
1385 0.021929167076059707
1386 0.04384043644104578
1387 0.04328012299946053
1388 0.0309771582356219
1389 0.01434676341721142
1390 0.04275971146075439
1391 0.07205379453799168
1392 0.026129720001557645
1393 0.11825901192802668
1394 0.15161428343533687
1395 0.05049647812945637
1396 0.03762203499756874
1397 0.02173914819422568
1398 0.0044015524361424065
1399 0.023901600962745923
1400 0.0025906370914228357
1401 0.012968814904223757
1402 0.0051187821595194034
1403 0.0028509961580553893
1404 0.004433559800780618
1405 0.018590410462009054
1406 0.0031791813143547403
1407 0.03812049402976954
1408 0.010789199609496805
1409 0.1357797968251669
1410 0.21732487395245836
1411 0.2752743694574854
1412 0.28087238607605464
1413 0.3184502344984955
1414 0.10622817891687529
1415 0.06664480252106104
1416 0.01983445802413344
1417 0.006854419808308327
1418 0.020462680139463108
1419 0.007658156413118718
1420 0.014233905429948051
1421 0.002966589532423568
1422 0.042548311160481266
1423 0.018231483529903062
1424 0.015902766013921855
1425 0.02538234101449334
1426 0.41651988012321933
1427 0.013488059883103308
1428 0.06819435307275276
1429 0.05191939945725403
1430 0.07035000105783717
1431 0.017731814662892576
1432 0.02713468699858308
1433 0.03874644995804868
1434 0.052940347694971766
1435 0.01751970492743148
1436 0.00922436841301459
1437 0.030531421745449493
1438 0.010107513252695403
1439 0.08988183738526717
1440 0.027768976526149253
1441 0.11926491093000255
1442 0.03735281852300332
1443 0.01594863358560441
1445 0.011215333065960594
1446 0.0035695150687202575
1444 0.015047097046554126
1447 0.0055398866070141065
1448 0.020257230067020706
1449 0.0067087125573899445
1450 0.012961497386342459
1451 0.0011935356605873985
1452 2.7752510908127687E-4
1453 0.012373326949272722
1454 0.001749244507577075
1455 0.004048058717717565
1457 0.3154698921950936
1456 0.0011311221685263492
1458 0.09553004610323862
1459 0.060425150355654655
1460 0.21833355915973005
1462 0.0713972535254339
1461 0.002519759383680014
1463 0.11045968763707709
1464 0.04875191669085544
1465 0.33541425462347446
1466 0.028130741028843945
1467 0.07784723848331845
1468 0.16250212549330975
1469 0.05679395240630174
1470 0.042532544794396436
1471 3.6417170367815484E-5
1472 0.15102170954282132
1473 0.2556395588076236
1474 0.07976952407301842
1475 0.0017404429534864617
1476 0.02287773928991107
1477 0.08926369292797899
1478 0.07749847522607622
1479 0.0016862771581250247
1481 0.010477391353053148
1480 0.0012423403026309927
1482 0.01127295587793488
1483 0.010619499186976453
1484 0.014356316764289126
1485 0.023271692191960125
1486 0.010618332929824776
1487 0.06148767779885936
1488 4.4803171321261884E-4
1489 0.002374864721557437
1490 0.06040625651262372
1491 0.004513369323938
1492 0.11990852706006967
1493 0.047379196324034686
1494 0.014801318366964432
1496 0.03625640406509726
1495 0.02807540701338521
1497 0.00153790150025754
1500 0.001470986562619726
1498 0.021021497242040957
1499 0.006291688736858822
1501 0.003041309102325194
1502 0.004307280027740732
1503 0.005215769565895361
1504 0.0024724904343942406
1505 0.04647059561353677
1506 0.17084345624399766
1507 0.09028199619220008
1508 0.020734078647928915
1509 0.07087411517176462
1510 0.0012338206889593556
1511 0.042570983142742054
1512 0.0013118751671727315
1513 0.15154989236211772
1514 0.01139421891432003
1515 0.05915799874319399
1516 0.03710775060437107
1517 0.006880768312240741
1518 0.01869429387963916
1519 0.0030583924325578438
1521 0.0285181590434171
1522 0.0781482243760757
1520 0.0021680492218050526
1523 0.1386034777802239
1525 0.010571729154943862
1524 0.03126926100278882
1526 0.019329759156175404
1528 0.039026046926432
1527 0.053828414869706874
1529 0.005351147187652397
1530 0.013097029398635726
1531 0.006771189187681287
1532 0.014243441509167993
1533 0.017895271075893227
1534 0.006341395667001212
1536 0.004889490084865372
1537 0.2286808820033574
1535 4.3209914047724206E-4
1538 0.016628989271833716
1540 0.07850499221611619
1539 0.2210083982866298
1541 0.44644927574557786
1542 0.3220775104398184
1543 0.0
1544 0.20315328263489804
1545 0.12467081496667283
1546 1.4819909406146696
1547 0.08962436324312552
1548 0.041705557423939846
1549 0.03569593817511574
1550 0.13011675435562625
1551 0.23667526705597994
1552 0.008608186360587813
1553 3.3808543097590103E-4
1554 0.12594398130964496
1555 0.05425057161136757
1556 0.05377888908085578
1557 0.057391738677693996
1558 0.033910338860100385
1559 0.0011394324174125838
1560 0.005885926509073598
1561 0.14991076166705175
1562 0.09177063286332471
1563 0.16103132931737935
1565 0.009953629874748583
1564 0.03864883585564568
1566 0.0301431121869741
1567 5.825446695662664E-4
1568 0.0011779264973443369
1569 0.09403813214519856
1570 0.1295529454430977
1571 0.046056918454222204
1572 0.06191940577099699
1573 0.020679270566779605
1574 0.011934268615705507
1575 3.8085491136181953E-4
1576 0.006824466724146139
1577 0.0
1578 7.124832903669164E-4
1579 0.004968378207822631
1580 4.5171256323758224E-5
1581 0.0021412939294294855
1582 0.004950525849874479
1583 0.019073093763616333
1584 5.106944071477613E-4
1585 0.05926916814457954
1586 0.14620528173777697
1588 0.40748135904381727
1587 0.14152099565655069
1589 0.12363576545377221
1590 0.26898554368796745
1591 4.4232289993736485E-4
1592 0.04163920086969209
1593 0.1800887068020946
1594 0.3745174082702528
1595 0.07947918801408449
1596 0.012148665392426726
1597 0.2025238969827685
1598 0.03622940034129043
1599 0.04539281463833477
1600 0.11605305439083312
1601 0.056158947609557607
1602 0.039015935779943556
1603 0.001163615624553909
1604 0.02439397281925555
1605 3.367979784315461E-5
1606 0.03254760538144198
1607 0.02799237284728156
1608 0.17079481037769184
1609 0.017308910493973425
1610 0.013433539881444573
1611 0.16238198868711642
1612 0.01759871166633989
1613 0.19107572231879838
1614 0.010790259362749861
1615 0.04827183018621697
1616 7.721125334106786E-4
1617 0.15697277074609262
1618 0.004805268238605319
1619 0.9444842280325154
1620 0.010393709137486022
1621 0.09924157170794773
1622 0.021407949239535557
1624 0.029992183303513928
1623 0.2313793742237271
1625 0.05613077972125916
1627 0.26891786475844137
1626 0.08283095724525097
1628 0.06427181677750136
1629 0.08842787673250889
1630 0.0010267755086571133
1631 0.05393994915267065
1632 0.0756579949998113
1633 0.011098371953899022
1634 0.0025886544759908207
1635 0.10871083792648727
1636 0.198687441746657
1637 0.12654009018872103
1638 0.1514752343805811
1640 0.0136464171388151
1639 0.03782920780959226
1641 0.028718642289841487
1642 0.028166426886220574
1643 0.005736157973688886
1644 0.11134119693761382
1645 0.09519939939258068
1646 0.06144928306856965
1647 0.2149509501103032
1648 0.05811791489211139
1649 0.10128220277767884
1650 0.21364285451491852
1651 0.3555474556710321
1652 0.1106802557085351
1653 0.01558346273515613
1654 0.007961704822690268
1655 0.07814080601110987
1656 0.07110718458490109
1657 0.09902715712026702
1658 0.01718252754474684
1659 0.1141288714098815
1660 0.09719302180015477
1661 0.016285629972740176
1662 0.009676519925820493
1663 0.12652951020739742
1664 0.006335093247610516
1665 0.1896693028238064
1666 0.523109485415219
1667 0.20346141972424012
1668 0.03218285970308163
1669 0.08553721328622102
1670 0.04520448548485302
1671 0.005516356962880106
1672 0.280828286625349
1673 0.13522420718747646
1674 0.02237668713328676
1675 0.12212840562471941
1676 0.023880195300058964
1677 0.06507966513453195
1678 0.05796654166678732
1679 0.20017896077979913
1680 0.08369265634240165
1681 0.1340901798236378
1682 0.3862868073109841
1683 0.09847715504397273
1684 0.12790532491108383
1685 0.0028794577439360198
1686 0.1736879544991738
1687 0.019471981573778815
1688 0.07351930384268232
1689 0.05613289211174607
1690 0.051803080230280144
1691 0.03140631119871191
1692 0.005719801709557531
1693 0.012266315015754651
1694 0.1407676736605338
1695 0.10090673952750999
1696 0.015096103389485896
1698 0.11821992453262367
1697 0.17685861846460432
1699 0.040077276094326646
1700 0.044491254429778394
1701 1.843999601048945E-5
1702 0.02221566601343641
1703 0.006316454512354194
1704 0.02018534056940236
1705 6.17802600050375E-5
1706 0.015669985856382004
1707 0.0029784894251936016
1708 0.034465629436088586
1709 0.008881696289486726
1710 0.005203977555501282
1711 1.3141423849388165E-5
1712 0.03500863099358914
1714 0.009991099609817786
1713 0.0012079018605480958
1715 0.05445282698052659
1716 0.12113566809931199
1719 0.008661993102483355
1717 0.035183782887755435
1718 0.0067853585604525585
1720 0.024973404903323084
1721 0.06527932639300309
1723 0.02536484986248568
1722 1.47208704191889E-4
1724 0.0688872274553972
1725 0.065474302799631
1727 0.14447992805972712
1726 0.007958570323782947
1728 0.0035297508667138915
1729 0.15249036065089872
1730 0.11771587844072814
1731 0.5430927721601626
1732 0.012652029499646434
1733 0.03695276239556134
1734 0.02044263131706819
1735 0.07704528792030504
1736 0.0035425643031118574
1737 0.006326078346210463
1739 0.008128210349687815
1738 0.001796545829625984
1740 0.05995788083274778
1741 0.004801447577472497
1742 0.14384711839674177
1743 0.1865296480896898
1744 0.015944845461752243
1745 0.022720026761678006
1746 0.004397765363965597
1747 0.016253779991643322
1748 0.09184289713216673
1749 0.009629311265401268
1750 0.0014109583485930315
1751 0.006141534177218316
1752 0.0021641397944517325
1753 0.004237132899411569
1754 0.004876156406836234
1755 0.00720017695347854
1756 0.003226406391962616
1757 0.0021239090029667976
1758 6.198044854075608E-4
1759 0.06302775708556865
1761 0.20529240871598653
1760 0.0010213859015947891
1763 0.026990654392114764
1762 0.17117387832315367
1764 0.4347986661946604
1765 0.14140507312503128
1766 0.06227948905031288
1768 0.16658796429262884
1767 0.005755750409954935
1769 0.004128985874076917
1770 0.06655437737443508
1771 0.2110252002795904
1772 0.09176930040810853
1773 0.0021814741205480616
1774 0.11058815954593557
1776 0.0057756560060772235
1775 0.12128158419309729
1777 0.02367042507489586
1778 0.003411018872267514
1779 0.009389260279722126
1781 0.43744892167087884
1780 0.046691574851027595
1782 0.09954568705802157
1783 0.2831021910171727
1784 0.29107827365705063
1785 0.14776236620117905
1786 0.1076286951012385
1787 0.5823255302643118
1788 1.1278422769396128
1789 0.08734837248773573
1790 0.0018375338050720562
1791 0.3465578433572391
1792 0.0038874324054860377
1793 0.006793587045843944
1794 0.12124790001619487
1795 0.06665192116463116
1796 0.029891737261097107
1797 0.031197751978488633
1798 0.10691917031319
1799 0.03831445704487078
1800 0.03647712515835158
1801 0.025755994815747637
1802 1.0225562673575497E-4
1803 0.04539413159074786
1804 0.013344822491972557
1805 0.03185450736389564
1806 3.1331070716143116E-4
1807 0.016591371195747478
1808 0.06332572051913754
1809 0.00999549841076815
1810 0.10213758299196278
1811 0.00496528213239276
1812 0.1535556535081986
1813 0.10781121715037702
1814 0.1889772057378692
1815 0.196864373051376
1816 0.029888161390627197
1817 0.042262103645630544
1818 0.007330149839675729
1819 0.14276441252509606
1820 0.4119419674791804
1821 0.15849972241871574
1822 0.05158013320926097
1823 0.41262761386490915
1824 0.17938421717163588
1825 0.07769949694128261
1826 0.018206818678319015
1827 0.19356251565687882
1828 0.03161679472674348
1829 0.05173350278325799
1830 0.007012619802153607
1831 0.09841508006133878
1832 0.012874189562356555
1833 7.528819476851652E-5
1835 0.11793566474437006
1834 0.06920290313319115
1836 0.04263670021740914
1837 0.007060192987351338
1838 0.017108567500872876
1839 0.08770627245583963
1840 0.006130422348522912
1841 0.16218834395767884
1843 0.4306993479231247
1842 0.11788620136639807
1845 0.016236248013203714
1844 0.006911385240579607
1846 0.056476333857132306
1847 0.027457998442455545
1848 0.08443313114175448
1849 0.007308676057849021
1850 0.028753825756853407
1851 0.2287597476578829
1852 0.08065064557403251
1853 0.004054446041819709
1854 0.009534397726433367
1855 0.0032258362372088257
1856 0.017209372931808926
1857 0.13991630734452626
1858 0.1367308396180495
1859 0.22561577218965673
1860 0.3455497526491118
1861 0.5258826355832861
1862 0.09289331407974831
1863 0.11174935523113023
1864 0.03625232205033042
1865 0.0052485062326100345
1867 0.014222620163223709
1866 0.021381595697421745
1868 0.01427908867716927
1869 0.008753065536814333
1870 0.06612844474364603
1871 0.366186114317762
1872 0.09347382655033026
1873 0.29728000712697383
1874 0.5688626171007951
1875 0.3743989006274876
1876 7.779773166355775E-4
1877 0.13068577705105888
1879 0.07962348412734682
1878 0.022188392373997275
1880 0.11392599867456554
1881 0.48931190008186526
1882 0.47810524584523195
1883 0.30029251202458834
1884 0.11584564779505599
1885 0.08964946515900551
1886 0.011035884388231868
1887 0.19732552938437375
1888 0.2128073702328621
1889 0.02002939237393134
1890 0.20910933491480876
1891 0.0
1892 0.0031114993411855006
1893 0.04869879649648223
1894 0.061489946362677
1895 0.06957041845056748
1896 0.0014304225363097741
1899 0.019368632388062287
1897 0.003559376916316274
1898 0.028819768052945473
1900 0.007323440649528882
1901 0.010472682229277086
1903 0.031180233815026392
1902 0.0030330162565014936
1905 0.14674522401376092
1904 0.0024135462490219865
1907 0.0031709802725768373
1908 0.08925258014819777
1906 0.5205332405421199
1912 0.11489158359869295
1910 0.6669743968305268
1909 0.47556164074021634
1911 0.08376067769732547
1913 0.17527995015276207
1914 0.02056844481737442
1916 0.005273450050028658
1915 0.0027988072772779666
1917 0.18806747833426557
1918 0.004610503011576044
1919 0.3187479283447978
1920 0.07331830395232747
1921 0.022942646037090515
1923 0.02522318477868079
1922 0.11140387524142899
1924 0.1097211975548379
1925 0.1476888303713463
1926 0.007692829374493979
1927 0.012044185041804413
1928 0.06536125244433336
1929 0.01011907522046159
1930 0.1553799949951207
1931 0.005794332111067211
1932 0.0828639723519517
1933 0.031930829974867694
1935 0.15783905401301038
1934 0.02561954739162147
1936 0.03864459206423765
1937 0.0860665596953111
1938 0.3949193018108066
1939 0.13796434556266066
1940 0.2484516561299109
1941 0.04483364635959061
1942 0.6370863252822843
1943 0.09935713433514079
1945 0.100368744610326
1944 0.24465580283675345
1947 0.4472289036426652
1946 4.6849287803104835E-4
1948 0.13793382089767436
1950 0.009553252381005491
1949 0.03944611787645231
1951 0.02700959019241696
1952 0.08801424852534051
1953 0.18172191535656868
1955 0.043970827149072744
1954 0.03797482644574599
1956 0.04879308694211014
1957 0.1015789675911383
1958 0.005523143109253708
1959 0.0024561419495509537
1960 0.03152735328262179
1961 0.03167555680984306
1962 0.012774056892878631
1963 0.029249577739477273
1964 0.0013328840365992058
1965 0.041356861994526685
1968 0.11426757429676429
1967 0.0040934745920952935
1966 0.05949476856710108
1969 0.5151407118661416
1970 0.4820740619078836
1971 0.5513603272430712
1972 0.17990255131718164
1973 0.14689131412101367
1974 0.09610989658741272
1976 0.11002832767586591
1975 0.05235072575239981
1977 0.004171721881708099
1978 0.1425940596488234
1979 0.10804839462621352
1981 0.008322454820223167
1980 0.05777165828513262
1982 0.11553115501351333
1983 0.29739671248978594
1984 0.018048284336006203
1985 0.4821145149675808
1986 0.012371155339137482
1988 0.02070820148720377
1987 0.02463355649948371
1989 0.4212984919699647
1990 0.02660705585310999
1991 0.004515974250689575
1992 0.19822989848979325
1993 0.11508023646244737
1994 0.22675785241358648
1995 0.6272218395680891
1996 0.4307350667532134
1997 0.009358748625960879
1998 0.0032885930855200557
1999 0.016158166449838866
2000 0.10302536668822533
2001 0.023631734449095783
2002 0.3649055045395123
2003 0.36218472739292346
2004 0.1778075010210109
2005 0.12305562208990803
2006 0.3763957310817623
2007 0.19493882024279569
2008 0.4340330879261492
2009 0.02621922670797922
2010 0.19816280246137255
2011 0.001174427289353569
2012 0.32447589820911016
2013 0.08182719310122646
2014 0.12892165976205483
2015 0.3368633430799581
2016 0.1714904606669645
2017 0.3185975617897203
2018 0.23627494641382496
2019 0.015009708240298746
2020 0.011921453034209903
2021 0.11921324514805906
2022 0.06315110884754452
2023 0.08373574027221245
2024 0.13558900534561932
2025 0.06403210521157025
2026 0.08154717242645552
2028 0.21017791733549682
2027 0.008098380205714338
2029 0.01726570504914156
2030 0.04193556847701731
2031 0.13231402514240848
2032 0.059832465292626584
2034 0.013144356072828474
2033 0.3712574336436878
2035 4.891719992293223E-4
2036 0.001417304978551622
2038 0.03591005142042112
2037 0.04227399191959582
2039 0.008875154600112598
2040 0.015522221439700949
2041 0.00856973823801713
2042 0.0197699723370644
2043 0.007922068263607824
2044 0.0025206665255444447
2045 0.015411865872377481
2046 5.175018563081559E-4
2047 9.104161718585383E-4
2048 2.6705450747664347E-4
2049 0.09409422883675175
2050 0.009229006354995161
2051 0.008414623032197309
2052 0.039403886308111154
2053 0.293981473858285
2054 0.01867745284214822
2055 0.19350234448649808
2056 0.020680761597600704
2057 0.01292037152940227
2058 1.3960586144248985
2059 0.15589423624175178
2060 0.1998965007601461
2061 0.1150612271513877
2062 0.7097679773968741
2063 0.3260987414199569
2064 0.02123418711151256
2065 0.29440731081853116
2066 0.1674794821448154
2067 0.11877889387511906
2068 0.07707583427260503
2069 0.11880528494793358
2070 0.07401437187790746
2071 0.04946143028225138
2073 0.16554318171697516
2072 0.09082429886328153
2074 0.060016149701338624
2076 0.05004134699135106
2075 0.019137290252349337
2077 0.1398214831151567
2078 0.005551114131741933
2079 0.13235742815532434
2080 8.965389521233006E-4
2081 0.5133409667435612
2082 0.18540322275202106
2083 0.22205320518515256
2085 0.0301722875275352
2084 0.0023309915640067776
2086 0.001961929729964867
2087 0.051090291516526956
2088 0.037208404280217135
2089 7.203778013339799E-6
2090 0.029919921998988085
2091 0.03260255241966619
2093 0.0011198588798434254
2092 0.03237586064029021
2094 0.0070398069801671116
2095 0.04758851382599998
2097 0.48721954558673763
2096 0.017715296113133917
2098 0.45328450246229324
2099 0.03284479625503273
2101 0.1899396217848343
2100 0.24889746198600843
2102 0.02380770482514516
2103 0.018811047387384216
2104 0.003093862179781584
2105 0.021107659612240204
2106 0.057828378856620476
2107 0.02474970556293768
2108 0.06619152924649804
2109 0.011424504488548011
2110 0.019805393090492184
2111 0.012116188003724701
2113 0.25839855309382537
2112 7.64111271455233E-4
2114 0.27492829729486773
2115 0.24655834122719394
2116 0.5123563226199308
2117 0.3516651355717508
2118 0.4555468861212934
2119 0.02350181653832965
2120 0.005251404254172383
2121 0.021749097600261537
2122 0.004945279698482566
2123 0.10127356020826012
2125 0.3010110025994451
2124 0.017047687184788683
2126 0.05753931561157176
2127 0.09004835951647643
2129 0.7144645765945489
2128 0.027842016774209454
2130 0.29860765179388876
2131 0.0011652806789334287
2132 0.0011170842603972267
2133 0.24554806319044697
2134 0.113494731389115
2135 0.04543071468973968
2136 0.054764572000819314
2137 0.12296754417199757
2138 0.04134905938820522
2139 0.002779370770843384
2140 0.05037630049521581
2141 0.0715785851342234
2142 0.018222027077819346
2144 0.0064219453865931135
2143 0.13308008702060217
2145 0.2973191634535736
2146 0.042758924900710656
2147 0.02879388996920854
2149 0.10065142486253797
2148 0.010653732738171969
2150 0.084140212456784
2151 0.026013638703072692
2152 0.6389560839212204
2154 0.036147554342625614
2155 0.043901563801457856
2153 0.6617015525732247
2156 0.02065555322931753
2157 0.2475750235651706
2158 0.02699465917491565
2159 0.3053044440015525
2160 0.03783202949373567
2161 0.01549719441108728
2163 0.08881201195656528
2162 0.060189502680578766
2164 0.10381360819066433
2165 0.18710968300726993
2166 0.9159364998925609
2167 0.04536222831154699
2168 0.1687034447565017
2169 0.09817620802228767
2170 0.008533034593007183
2171 0.5437117551147788
2172 0.007430167823303173
2173 0.043570980379587954
2174 0.016455275795577862
2175 0.028025621822870057
2176 0.0832001678914834
2177 0.16481257396699892
2179 0.1537193380114279
2180 0.061059654491481145
2178 0.078288812302033
2181 0.2337247623939012
2182 0.03997889674001555
2183 0.026750778069533097
2184 4.8531973980511366E-4
2185 0.005040494968979417
2186 0.008976664937020644
2187 0.02695965789037639
2188 0.01939927167924687
2189 0.009355352874925444
2191 0.017493466470406404
2190 0.010742000872405972
2192 1.8459805222707386E-4
2194 0.030015049899016665
2193 0.07489457663283829
2195 0.131389997572505
2196 0.07631463937896915
2197 0.3092704766553503
2198 0.003034070448244468
2199 0.4073390068067635
2200 0.07934909218982268
2201 0.13236518014017384
2202 0.027678279530055357
2203 0.03192263600228864
2204 0.014866365643158066
2205 0.01146306261782995
2206 0.05201101064620277
2207 0.11633248711014908
2208 0.01271772345835465
2209 0.0068084702933814785
2210 0.025095247096791836
2211 0.19633296262308683
2212 0.061295283018158994
2213 0.001249405207699977
2214 0.08556146009915432
2215 0.039355348087576104
2216 0.0066966228804398115
2217 0.025663805422115365
2218 0.02753734529606804
2219 0.00858478547318918
2220 0.09161183357897112
2222 0.039022718385152484
2221 0.01174587437833648
2223 0.149126441756756
2224 0.016422867012428895
2225 0.8479029366882935
2226 0.41369112829829885
2227 0.0028488071316500243
2228 0.6267637882712517
2229 0.09155446938042733
2231 0.4687538484839471
2230 0.028777201919199885
2232 0.18591337278678194
2233 0.04530645638073519
2234 0.011667993152768941
2235 0.0062096987953485375
2236 0.056704605781966
2237 0.03162586395444408
2238 0.024410282722025216
2239 0.3108778712178073
2240 0.020177746119461687
2241 0.7141581611029826
2243 0.14614579814706216
2242 0.12220936956070487
2244 0.17661913132489698
2245 0.030340179719160098
2246 0.10404758264514591
2247 0.11200026360341925
2248 0.028951841994872694
2249 0.08599497691260453
2250 0.03205491971511549
2251 0.048426776768261494
2252 0.03188048284009624
2253 0.02347939673827391
2254 0.05971441281022544
2255 0.08138397033758646
2256 4.380039555434403E-4
2257 0.0040525903836498
2258 0.1587690965310749
2259 0.027969903241528597
2260 0.21058992821321246
2261 0.06376398716090778
2262 0.002527059613375602
2263 0.38440932159332003
2264 0.0419521247359734
2265 0.039987677193295136
2266 0.10566142851950404
2267 0.019229651992665277
2268 0.05421594739910832
2269 0.2520065225292186
2270 0.07262647333668319
2271 0.17027317075134446
2272 0.002078680834533837
2273 0.25541769847656987
2274 0.1714825609140155
2275 0.04000534162107156
2277 0.31233987269672486
2276 0.24710886832085127
2278 0.0016683297716106982
2279 0.036963550061937474
2280 0.07375805110398523
2281 0.46565610368955435
2282 0.6592758526393296
2283 0.022305322134503654
2284 0.05133172784962714
2285 2.8852480558162654E-4
2286 0.009981611094327306
2287 0.14790097650170275
2288 0.0032737406004330312
2289 0.023519421568193765
2290 0.4235120116939606
2291 0.12839540338715189
2292 0.16828496606750093
2293 0.1991145084637684
2294 0.026863050375779695
2295 0.039497095798427306
2296 4.098523864813147E-4
2297 5.87998148059291E-4
2298 0.011766648276123205
2299 0.004655152367679559
2300 0.003387776124789936
2301 0.09844355684618836
2302 0.050843362435931114
2304 0.0016510532635526662
2303 0.52176623380561
2305 0.001120321363699469
2306 0.19772921829581966
2307 0.02967446202894982
2308 0.059948453865106895
2309 8.787052102207418E-4
2310 0.010767548184208877
2311 0.04798225205594675
2312 0.05527062459942779
2313 0.005008530892303043
2314 0.0028290364042294013
2315 0.009709753887723377
2316 0.010918976271918795
2317 0.005976323624169598
2318 0.03207361417827551
2319 0.003919390035006147
2320 0.020097713702073444
2321 0.02562110861490638
2322 0.5431013130192583
2323 0.006950650175687062
2324 0.21267416924409308
2325 0.014184314616118987
2326 0.23523732894870147
2327 0.15720766566280112
2328 0.005410574595074127
2329 0.013119078596184473
2330 0.002026522717200833
2331 0.05552131827505061
2332 0.029769292456499435
2333 0.11551139688541262
2334 0.009120942145362784
2335 0.011263607925150068
2336 0.0424787517382393
2337 0.13138246506903836
2338 0.38381244288926
2339 4.813294337048371E-4
2340 0.09640117267543503
2341 0.15993030916073286
2342 0.08638475859519397
2343 6.273521731091674E-4
2344 2.1605990074762338E-4
2345 0.010087207279170342
2347 0.0019201990502831776
2346 0.11431446462297762
2348 0.017548680608910017
2349 0.19388045274681648
2350 0.008019215423878541
2351 0.012473831201272564
2352 0.0014117484958554125
2353 5.992147466823564E-6
2354 0.37728001451550236
2355 7.591722231860472E-4
2356 0.14353185704337817
2357 6.052944409229603E-4
2359 2.3661830235413193E-4
2358 0.03941159191560843
2361 0.053126527696127426
2360 0.10740358925944155
2362 8.958213393644041E-7
2363 1.3128771646548205E-4
2364 0.0016624244178681069
2365 0.10673061493010023
2366 0.030790253101915167
2367 0.002762458922008085
2368 0.12275055905302402
2370 0.49878978032063975
2369 0.14952762895928454
2371 0.2396815771078428
2372 0.49731970106300044
2373 0.05259400895328528
2374 0.12580613412984656
2375 0.5173523740088527
2376 0.0506354267697095
2378 0.16990532197586522
2377 0.06859521228004868
2379 0.08848967869752539
2380 0.08079078045742744
2381 0.09462495599219868
2382 0.05533193093547768
2383 0.0679015380470392
2384 0.042487126706485884
2385 0.17168732124494418
2386 0.07334682405369901
2387 0.14516044803539824
2388 0.006670622149506735
2389 0.11320945979274694
2392 0.010743889277131288
2398 0.004838674001327398
2394 0.013355763931636356
2401 0.1606161020192694
2396 0.04425428250865544
2390 0.04729851057625858
2391 0.0393431173017382
2393 0.029889504700413103
2397 0.023998014128572283
2395 0.035681489134198864
2399 0.006433299390940711
2400 0.01373559503382181
2405 0.2188517399898469
2403 0.1181714648022513
2410 0.36003572656543364
2404 0.14891971982304444
2402 0.1353208606292702
2407 0.024399890296705484
2408 0.005320022308235598
2409 0.0914872246087444
2412 0.016182136269610417
2406 0.17434025101890982
2411 0.029472038065292253
2413 0.02252809112047478
2414 0.1433189806073975
2416 0.17680774434214253
2415 0.16260554414423678
2417 0.07023012687637534
2419 0.12434614349431353
2418 0.0380811934711873
2420 0.021444143353486055
2422 0.0661276080458438
2423 0.024212118310657643
2421 0.019840182546804475
2425 0.09046040361422555
2424 0.004282570419498621
2426 0.02112667322746775
2427 0.03716862268326214
2428 0.12118969834054853
2429 0.048071289996981376
2430 0.06694212934215522
2431 0.5262054205217188
2432 0.13961332536800708
2433 0.0516725874091726
2434 0.08143824938984465
2435 0.0062662681347719395
2436 0.06776343685535792
2437 0.08007820639909337
2438 0.007816145481252406
2439 0.061933777014543605
2440 0.04406434068508394
2441 0.02293527069759867
2442 0.007565664390232394
2444 0.0590886930505449
2443 0.24199763717835146
2445 0.013658938773260776
2446 0.003151348495698204
2447 0.050524342432311985
2448 0.015454165739965862
2449 0.006042988979465892
2450 0.4356291031346703
2451 0.007215151735057557
2452 0.18040836481115588
2453 0.016694017844994767
2454 0.05788294109897356
2455 0.008550810694059097
2456 0.03868493412907757
2457 0.026257030582852968
2458 0.030986016006577088
2459 0.08513680734793727
2460 0.010475721472677169
2461 0.048195790438667674
2462 0.13342743297891993
2463 0.07774018693010051
2464 0.06758245661424447
2465 0.26793571165711877
2467 0.17586531754962656
2466 0.05856976077573189
2468 0.04128543318388707
2469 0.048589687932156116
2470 0.06863068259155526
2471 0.012294257937205457
2474 0.018003021877851653
2473 1.2855774289438182E-4
2472 0.01698628568803848
2475 0.012405029432120254
2476 0.01602773854267883
2477 0.01810693511286103
2478 0.0081772901121187
2479 0.05675692815838361
2480 0.009717624043204557
2481 0.029782409740769095
2482 0.04547096963155282
2483 0.01931521075105024
2485 0.07896393433595592
2486 0.021293460722502325
2487 0.009153093793555505
2484 0.0018492975566073598
2488 0.014652267049702482
2489 0.013597533007944708
2490 3.441019263194317E-4
2491 4.391380541520637E-4
2492 0.007809427192764144
2493 3.129533318487089E-4
2494 0.019375611937968246
2495 3.6133660730508255E-4
2496 1.8645810708552482E-4
2497 0.15020980826944505
2498 0.10253313975613558
2499 0.0700375490297661
2500 0.11041316030206222
2501 0.357990815442127
2502 0.03917909900787601
2503 0.02587023462295159
2504 0.11974029121670533
2505 0.01670263250909517
2506 0.0061727909902423266
2507 0.010295602084011488
2508 0.05200272929780375
2509 0.02058215356590047
2511 0.033338696342856404
2510 0.00252740332076251
2512 0.022227522460168164
2513 0.24500684240826537
2514 0.0419326133619624
2515 0.053607965662742736
2516 0.023305500233791437
2517 0.020757282366947273
2518 0.3245728862520893
2519 0.24965306366189915
2520 0.19941015438872384
2521 0.12128962049892403
2522 0.3629421577974927
2523 0.0
2524 0.3462412728773193
2525 0.1851174554770902
2526 0.016863393559756495
2527 0.007015849237757828
2528 0.1494346583288008
2530 0.12946499362362998
2529 0.0028091362068927974
2531 0.04325089565537643
2532 0.3733341350517336
2533 0.005751989287352711
2534 0.06496681779259669
2535 0.06828916440575847
2536 0.02231838239920286
2537 0.4098970069742602
2538 0.0011078662189459101
2540 0.3490075141473276
2539 0.005279227001885178
2541 0.08440578704690771
2542 0.2392091723216885
2543 0.5683293822018223
2544 0.466889200236645
2545 0.038576931140850874
2546 0.1289717077726515
2547 0.04165598105314569
2548 0.20182786947603687
2549 0.08853924073604448
2550 0.5124750910878976
2551 0.0818084023910351
2552 0.05676137932004801
2553 0.7023304773785431
2554 0.5732234061485559
2555 0.018141952595773267
2556 0.4334583043239055
2557 0.09463848310240192
2558 0.08498622658597185
2559 0.04022255283974865
2560 0.0
2561 0.02548024029095749
2562 0.016467724663197052
2563 0.008663173187464866
2564 0.015023551379221718
2565 0.00784398392451694
2566 8.171460615324415E-4
2567 0.03639749488882459
2568 5.342109674879411E-4
2569 0.021993969909233368
2570 0.0068806115325168084
2571 0.07205812592443833
2572 0.04837699958844637
2573 0.014849409717922687
2574 4.251073365033381E-4
2575 0.023228014992764705
2576 0.026177547141445157
2577 0.0608465008449897
2578 0.016363236390989945
2579 0.1543593110542312
2580 0.06441241419656261
2581 0.03200033483525777
2582 0.04141273252759357
2583 0.029476651842608947
2584 0.01436670376475577
2585 0.04774200353255856
2586 0.011323337621274066
2587 0.04125927592637379
2589 0.030775281640157002
2588 0.04081622822059856
2590 0.0012255864489246497
2593 0.581967162303124
2591 0.06247619055741574
2592 0.039159537350587165
2594 4.462028599342553E-4
2595 0.11880879209773058
2596 4.465972678707037E-6
2597 0.001006204414272898
2598 1.272407248369282E-4
2599 0.07062998587967191
2600 0.0021177714301431937
2601 0.02001602965501149
2602 1.0915432251482824E-4
2603 0.10096879610099771
2604 1.2074523090960427E-4
2605 3.678959294747672E-4
2606 0.0011986417170282183
2607 8.890893646866899E-4
2608 0.012746736835091418
2609 0.12313262380127613
2610 0.05338438840012169
2611 0.08624567402200152
2612 0.0396728616530132
2613 0.023212739994021167
2614 0.014620299568329413
2615 0.011098462486381869
2616 5.767900888263966E-4
2617 0.012524062402491121
2618 0.016480879920825683
2619 0.02121873531402999
2620 1.0916523694988753E-4
2621 0.00950854874925908
2622 0.014802537693050418
2623 0.05683680460971556
2624 0.0043001131638284945
2625 0.043184785329028405
2626 0.017715893616181366
2627 0.044626758033403845
2628 0.08900455902411467
2629 0.0010089366211136809
2631 0.012735651867594481
2630 0.10490341851991444
2632 0.0065318268324868626
2633 0.035174304879906734
2634 0.07319131825181042
2635 1.5283055585272485E-5
2636 4.3316702815091306E-4
2637 0.005164550088519509
2638 0.008753247883845698
2639 0.1312415329750254
2640 0.008215800804729993
2641 0.13090054277061178
2642 0.2326329577785818
2643 0.010579859373452403
2644 0.10105062021378494
2645 0.22265181614997145
2646 0.14194394456688275
2647 0.015435223587969579
2648 0.28565766411372345
2649 0.07724617087391708
2650 0.4016145975685942
2651 0.0736498265393198
2652 0.19236009305396523
2653 0.06796619163049193
2654 0.3052498256035383
2655 0.0
2657 0.13435938608717882
2656 0.0019890361784073163
2658 0.23073747633518932
2659 0.04416735438406613
2660 0.19539670581320734
2661 0.024221782394314672
2662 0.20129919432347865
2663 0.09308934122141554
2664 0.07422935799189584
2665 0.015127606662455429
2666 0.004369619080702612
2667 0.05040892767052252
2668 5.303138345809529E-4
2669 0.09358405942482835
2670 0.01236762091339944
2671 0.0037407271845321653
2672 0.060835043296450876
2673 0.31717810654464235
2674 0.015578654515573788
2675 0.11114755940632798
2676 0.50214236406185
2677 0.0342751670900952
2678 0.1530360888798128
2679 0.2930859987520487
2680 0.04338969272273289
2682 0.1653957959260385
2681 0.10449137261286975
2683 0.6261006201898316
2684 0.061991088703386404
2685 0.024745853555632084
2686 0.0015632976189276693
2687 0.036663236660098686
2688 0.0272427680374072
2689 0.1515791095839563
2690 0.0778470962966514
2691 0.003687575309652043
2692 0.1227892879216238
2693 0.09910364061162022
2694 0.07560760344562169
2695 0.06907366503254836
2696 0.17856542196279082
2697 0.0019426322389788082
2698 0.11263470658124643
2699 0.004671747109289415
2700 0.6801676697855608
2701 0.3328534957172918
2702 0.4179752994518433
2703 0.08035169999665112
2704 0.02964838116393157
2705 0.12962563125444235
2706 0.20642201190160236
2707 0.20417919770508067
2708 0.12360066422062778
2710 0.07174228625978915
2709 0.09474864251623526
2711 0.015703351480577343
2712 0.04280095363620502
2713 0.052348089203944924
2714 0.005100619225952152
2715 0.0016547203343141826
2716 0.0026664676683872887
2717 5.729345609616472E-4
2718 0.04613730828897403
2719 0.1949110842758438
2720 0.002682360465170523
2721 0.006134735493310795
2722 0.024224472834585967
2723 0.00997248711360182
2724 0.10296808024219839
2725 0.22848687113943325
2726 0.022914824008376498
2727 0.012298606881331912
2728 0.07389724048930255
2729 0.10661026658872473
2730 0.14981835370111674
2731 0.08065897929688019
2732 0.1652565170302189
2733 0.03049484767746712
2734 0.13094654296147773
2735 0.01824818199224785
2736 0.035553117202237354
2737 0.2202273707418509
2738 0.018329016131150837
2739 0.07360700771206508
2740 0.1810035220623053
2741 0.007086934014453503
2742 0.18464107647147526
2743 0.040506834990262745
2744 0.050137207643075506
2745 0.09377734338430613
2746 0.15632289233817473
2747 0.08094151883904391
2748 0.06485265275097832
2749 0.005107006405194414
2750 0.04431809525173339
2751 0.006634386897249199
2752 0.15030215958972473
2753 0.41231424254183247
2754 0.13515665776719338
2755 0.10135684854041448
2756 0.4538429439471097
2757 0.07202107704711874
2758 0.0024540913722663972
2759 0.1241216492302553
2760 0.08485552852574724
2761 0.016064296064936825
2762 0.09145327934615705
2763 0.0033096955380780987
2764 0.04232287812887093
2765 0.06419743059409705
2766 0.011134370428909477
2767 0.18899787811109828
2768 0.020436069820353966
2769 0.0015956761274115645
2770 0.10467111853276999
2771 0.012276789399045479
2772 0.19600093546985903
2773 0.3434528301389831
2774 0.06378836858710134
2775 0.0022557661687039247
2776 0.044398103028284445
2777 0.012262638758121563
2778 0.03648018974431064
2779 7.06051461318835E-4
2780 0.028164591246956975
2781 5.7346288794295555E-5
2782 0.013735867300674571
2783 0.0012854903595921272
2784 0.004455404027675668
2785 0.010854344864187139
2786 0.001598311257979886
2787 4.4529643557668595E-5
2788 0.05893652615277534
2789 0.1245157866492936
2790 0.04080799214322022
2792 8.240911147583505E-6
2791 0.0022982430519444676
2793 0.0207882008663996
2794 0.01925818794250332
2795 4.630202641951453E-4
2796 0.01572013211021318
2797 0.007265813019987842
2798 0.0389720700713859
2799 0.012391365568858462
2800 2.9392779719716004E-4
2801 0.45382706734614114
2802 0.1469461855179668
2803 0.14166394339405047
2804 1.0181674209845768
2806 0.5694781093317943
2807 0.2072188841085313
2805 0.40869845697903706
2808 0.15841526999691122
2809 0.08452141290016112
2810 0.12546694467445108
2811 0.02018792380599457
2812 0.031940141616106754
2813 0.06838200601795424
2814 0.039963392498262945
2815 0.1228664327239495
2816 0.5781875984598127
2818 0.0012258576258949688
2817 0.1270083453089376
2819 0.012733903782260973
2820 0.02543819696882446
2821 0.019746489614631775
2823 0.021010233271383617
2822 0.013294989277890896
2824 0.003520378015664086
2825 0.012179820730287477
2826 0.0020373805006645264
2827 0.01012444919248869
2828 0.0040265458707121615
2829 0.019541224793612418
2830 0.01312863137544117
2831 0.03026034568677299
2832 0.0011805259000580882
2833 0.013657849513956506
2834 0.031082947079322125
2835 0.10111229407518152
2836 0.02213181658030253
2837 0.008527700286359052
2838 0.0075633182234382465
2839 0.008757990380995841
2840 0.002174647184227453
2841 0.017292426513823848
2842 0.0014027274523990367
2843 0.0013109926364779124
2845 1.945342380061536E-4
2844 0.0019510607968071638
2846 4.4869568390012917E-4
2847 0.004346288621084371
2848 2.6191379839950104E-4
2849 0.038359457790890936
2850 0.02246782650625016
2851 0.11901444295024928
2852 0.004817816266995589
2853 0.02216694849271561
2854 4.8468236361830686E-4
2855 0.0018794141279015937
2856 0.0021342692065802944
2857 0.0029626440198912336
2858 0.10377716051618595
2859 1.5563649276544947E-4
2860 0.026709957583687282
2861 0.008555990877109853
2862 0.02585550244522574
2863 0.0013186192050543004
2864 3.970412437924264E-4
2865 0.06115609391764683
2866 0.16643218448771208
2867 0.26952302007760776
2868 0.03373038196285543
2869 0.1388130184144181
2870 0.1405195800480807
2871 0.04546339076331554
2872 0.10713246222871502
2873 0.016697888260094728
2874 0.07614538491101135
2875 0.01287474937712162
2876 0.08498355826367869
2877 0.05614832934621407
2878 0.023738988211901485
2879 0.09929340015096058
2880 0.056276152528806404
2881 0.08093420827513337
2882 1.3271085643850293
2883 0.034542504382638756
2884 0.021290266787253705
2885 0.11066514244521268
2887 0.0018406590517961172
2886 0.5861425684914864
2888 0.142489738515004
2889 0.7045734832686986
2890 0.23761794145982978
2891 0.3920992737856545
2892 0.03197671485801002
2893 0.3698387218288154
2894 0.021002644485232844
2895 0.03439659891763613
2896 0.008265143193594872
2897 0.15160538452537325
2900 5.882443513508131E-4
2898 0.5659171850414066
2899 0.18396307032468664
2901 0.20120486175824925
2902 0.058019998886992
2903 0.004900394531631277
2904 0.020460426932269203
2905 0.06389898187484495
2906 0.12214566289247022
2907 0.017278686657808327
2908 0.028165490375031396
2909 0.022495395964326637
2910 0.0455927610415824
2911 0.01998861294359114
2912 0.008451240268835605
2913 0.4805759570142674
2914 0.03383713627476069
2915 0.1616584700261313
2916 0.03848071931730314
2917 0.02746590396750291
2918 0.0224430522510575
2919 0.03403374034092057
2920 0.1319089586425189
2921 0.043056849953327515
2922 0.01743596100602207
2924 0.04103381394611197
2923 0.02808483395282077
2926 0.006772691256626091
2925 0.0
2928 0.015507648920819518
2927 0.0544273581735277
2929 0.18385520686986895
2930 0.15749434248403718
2931 0.036393036090019384
2933 0.006952036588348771
2932 0.10503924764137386
2934 0.05375161169101053
2935 0.10778828236578566
2936 0.2103180672435538
2937 0.056285352301627574
2938 0.024618072575316268
2939 0.020023167263075688
2940 0.018568491721099395
2941 0.014573329440752417
2942 0.020336702844741997
2943 0.11790223992410756
2944 0.012632622411541481
2945 0.048156210729071953
2946 0.02836284734463807
2947 0.17743186464637614
2948 0.016248698407007288
2949 0.0038843925517749005
2950 0.012140341762883597
2951 0.02682870515820246
2952 0.0026940932302516375
2953 0.007193001536354816
2954 0.0013319243725537847
2955 0.009331301377406311
2956 0.00468596058534716
2957 0.003343403870757139
2958 0.0029008321937350145
2959 0.011926620026580249
2960 0.005910443805650848
2961 0.40444117894562237
2962 0.10865522432903764
2963 0.08421981554004833
2964 0.005108857950031311
2965 0.2437951105603704
2966 0.09963326517674373
2967 0.12366082915479518
2968 0.41329152942260794
2969 0.2385161669686683
2970 0.0059959034971471875
2972 7.956130068979161E-5
2971 0.1096923634567255
2973 0.08333078919119626
2974 0.041526025354798414
2975 0.10354369753938297
2976 0.007162310998243698
2977 0.18096093546919761
2978 0.02858311968086035
2979 0.009022850974867457
2980 0.16351709165904987
2981 0.22112286218960342
2982 0.0852296796815003
2983 0.3139382301487422
2984 0.026627310266646654
2985 0.0010526764168551715
2987 0.05626707993763998
2986 0.33824230488110724
2988 0.10457959217296367
2989 0.09659007697939488
2990 0.37367937993142103
2991 0.030358496653948387
2992 0.12268966212147281
2993 0.02280263944909929
2994 0.463622597407082
2995 0.09894208274882582
2996 0.023973852403748323
2997 0.03242689698123556
2998 0.052496585719206075
2999 0.004625852383659105
3000 0.04133086165883831
3001 0.0010144694419730912
3002 0.12136939434555018
3003 0.061994492464054696
3004 0.041738501137839695
3005 0.03268154295631647
3006 0.010943862119669173
3007 0.03875158962674699
3008 0.05913420202533031
3009 0.4494142828021379
3010 0.08654720978765217
3011 0.21226711596522524
3012 0.33530374835832866
3013 0.03860946064154723
3014 0.09497345421783517
3015 0.2085807469846355
3016 0.1146673738982221
3017 0.10484432866231513
3018 0.007666050710527341
3019 0.12205468171785198
3020 0.008382771851353851
3021 0.11855434301311828
3022 0.10071068034306944
3023 0.10465680640366726
3024 0.01116825727951497
3025 0.11702206552499662
3026 0.25216485069588823
3027 1.0080494122628283
3028 0.7412311055136273
3029 0.002394823496058552
3030 0.0022753813662671533
3031 0.31091105768299754
3032 0.016285873165037722
3033 0.32277085439531594
3034 0.1425516641705247
3035 0.2439781570306215
3036 0.01746005009738098
3037 0.10682804763215902
3038 0.1259625093352524
3039 0.0468482609037233
3040 0.20227655664562616
3041 0.010071812385665749
3042 0.15898334624733793
3043 0.47397641036400984
3044 0.2931368474534911
3045 0.027309975069131763
3046 0.01319241643484442
3047 0.0430698118620713
3048 0.18465605718978703
3049 0.012073641917365185
3050 0.0
3051 0.14666451103556383
3052 0.02000272395395024
3053 0.01575341218794435
3054 0.07044852929552281
3055 0.029067663683562974
3056 0.20133163298897372
3057 7.337365307497911E-4
3058 0.11273285127971869
3059 0.749253080147455
3060 0.6165145370382767
3061 0.02630334855138389
3062 0.15957344479607313
3063 0.07330369081376464
3065 0.1749453668671919
3064 0.09661418574077799
3066 0.11135790474992462
3067 0.28010866257296024
3068 0.48453707519118194
3069 0.17499891494519423
3070 0.002413138433338263
3071 0.15067394150720903
3072 0.29928529154751643
3073 0.16153909877441455
3075 0.08501146454674453
3074 0.010315027645077034
3076 0.12335002004707998
3077 0.0546772025899847
3078 0.15917886336498296
3079 0.031095536668623372
3080 0.06348952561934375
3081 0.010612880780655922
3082 0.022711872068863118
3083 0.05737842895936158
3084 0.011714074619518492
3085 0.010952688651963409
3086 0.02802401194330091
3087 0.22656726853047776
3088 0.022055801189520524
3089 0.06978503111229815
3090 0.3536353315434988
3091 0.0024513975277599964
3092 0.04412601181437735
3093 0.316087696999493
3094 0.15326313409328826
3095 0.00933851205513305
3096 0.006937582907439001
3098 0.18405151064559405
3097 0.01040286120160559
3100 0.029020228472409478
3102 0.247469083474738
3101 0.07029260937020881
3099 0.038608283777348415
3104 0.052283544723489214
3103 0.189584727233204
3108 0.0021544502506449
3107 0.0
3106 0.012684679601078625
3105 0.010559026127255507
3109 0.12458779665005071
3112 0.03423531023185532
3110 0.05266412564942195
3111 0.01461423829640873
3114 0.0010021972844872983
3113 0.0
3115 0.00303669368532121
3116 0.001784763936546481
3118 0.01152615260571048
3117 0.051720648900569814
3119 0.06251551505943129
3120 0.01159822885666439
3121 0.6237117430444584
3122 0.3208008795387614
3123 0.042626199262416786
3124 0.10369049765099243
3126 0.07634865908636346
3125 0.27545948190658737
3127 0.07572261573319207
3128 0.08004893561647806
3130 0.03421026304162362
3129 0.02504702976314834
3131 0.03813205790431933
3132 0.009373310347996407
3133 0.057809933462705874
3134 0.01806963597198177
3135 0.052921205960536684
3137 0.008218428007577447
3136 0.015454509876414375
3138 0.049784759052123276
3139 0.0186836249254914
3140 0.19124063277848055
3141 0.00597855500778849
3142 0.036653595320020584
3143 0.015670010897596755
3144 0.002827046094000092
3145 0.011297258778303754
3146 0.00931255175350559
3147 0.016393058648545622
3148 0.03128925111272913
3149 0.015715277800509336
3150 0.0019154500557849324
3151 0.03212299927071403
3152 0.0070350097985412766
3153 0.22033277114840827
3154 0.1979780767791529
3155 0.13657872849217356
3156 0.26783371642546383
3157 0.16980698304486253
3158 0.022512036113541106
3159 0.0371691893681808
3160 0.021240795969888964
3161 0.010510915949511684
3163 0.02129683124422028
3162 0.0012801624916585486
3164 0.014284014529849013
3165 0.006037194855851355
3166 0.0010031971224097704
3167 0.03559617943469328
3168 0.0030522465858630666
3169 0.7151773707803077
3170 0.005776100324615821
3171 0.1268344760306786
3172 0.02213381505480431
3173 0.0539313781820409
3174 0.030936573476698224
3175 0.006030790988002665
3176 0.06384032373259854
3177 0.20703397681792535
3178 0.006133573443549006
3179 0.04145605935707968
3180 0.005087697859280967
3181 0.0018587703769203574
3182 0.004967476367732443
3183 0.09826796486755152
3185 0.008914661079513879
3184 0.0067286070173373114
3186 0.03204591295982016
3187 0.2832956995785113
3189 0.021089297958424007
3188 0.0
3190 0.12965710031329652
3191 0.028335789049815915
3192 0.0010554132421884107
3193 0.3870413419563377
3194 5.715342402607685E-4
3195 0.11546066152166017
3196 7.928626821521479E-4
3197 0.004041195537002073
3198 0.006443596231649567
3199 0.06406773971247709
3200 0.07304522189645854
3201 0.044698652587668634
3202 1.0797312523990978
3203 0.2751223203166974
3204 0.18350558229472214
3205 0.03445191415299137
3207 0.4535779339699008
3206 0.0280224184228564
3208 0.023934232106134802
3209 0.22955895641480195
3210 0.004051577319157549
3211 0.42169673851939715
3212 0.091776135630114
3213 0.003913058804335024
3215 0.5996738256683252
3214 0.12321899678878599
3217 0.011723167123561154
3216 0.06569808352072701
3219 0.21290677294360608
3218 0.0026789943371310567
3220 0.0305310691611032
3221 0.10769038031832846
3222 0.025407261714900892
3223 0.027329085313981146
3224 0.001739802563508777
3225 6.322092032537195E-5
3226 8.925228500956326E-6
3227 0.04254898014148744
3228 0.13020235643441988
3230 1.405713059683516E-4
3229 0.02297016776515909
3231 0.024162664605779788
3232 0.0013534929988221142
3233 0.17385468318026837
3234 0.05885451630970403
3236 0.030727066252717698
3235 0.018027844615424712
3237 0.001208835879768594
3239 0.03036141164165355
3238 0.06851587580907353
3240 7.89027210368631E-4
3241 1.6539264868914083E-5
3242 0.027672449591813194
3243 1.868877373445529E-4
3244 0.03318506545108014
3245 0.013280716300285895
3246 3.6195709023018497E-4
3247 0.07124164448084669
3248 0.05210180092609049
3249 0.12178491735644505
3250 0.06032646265776573
3251 0.12187058511351749
3252 0.05902165220103035
3253 0.10626600688447221
3254 0.11449115051066554
3255 0.017347537990977307
3256 0.01516312582231073
3257 0.06442161195575549
3258 0.047213554116049244
3259 0.03270741332938354
3260 0.06302695896068802
3261 0.0324339756683689
3262 0.04173651659611413
3263 0.03360548171232083
3264 0.19292380636947676
3265 0.03624036709703874
3266 0.24072141871292888
3267 0.08097293335073483
3268 0.21574607066977
3269 0.03732437037317949
3270 0.05226491176297691
3271 0.03512581038721126
3272 0.02759480888687515
3273 0.11165921273118924
3274 0.12478128171987546
3275 0.02001232688140904
3276 0.004534186420086577
3278 0.03699571910737261
3277 0.035132781390413766
3279 0.006020766221696397
3280 0.05585743055142877
3281 0.3691467625885562
3282 0.04993139413116255
3283 0.4105499620044522
3284 0.19328964837027487
3285 0.4433038338256095
3286 0.10425362970969003
3287 0.0366632897672197
3288 0.32976004568322853
3289 0.00927234008530515
3290 0.24272685867838373
3292 0.05438815859867575
3291 0.0
3293 0.01749916896846117
3294 0.058438522099664006
3295 0.2297352483703708
3296 0.1378249789863881
3297 0.07505490085846012
3298 0.060536402168562334
3299 0.0011270569483730723
3300 0.4697298275973703
3301 0.21585684529753846
3302 0.6778248224641131
3303 0.7150313341323323
3304 0.6044185991811879
3305 0.2673780497594932
3306 0.42519301072705057
3308 0.042239126275076935
3307 0.03552361166127818
3309 0.08424390958940267
3310 0.3735624844674539
3311 0.04366421967344485
3312 0.2137574903189122
3313 0.048239311196231385
3314 0.025376765555734107
3315 0.2667231589647235
3316 0.2535426496584061
3317 0.23579393095218912
3318 0.007833503647758045
3319 0.2428338210839891
3320 0.003095810400799963
3322 0.0845886676370049
3321 0.02749501174149985
3323 0.2303493267583269
3324 0.0037482113561726803
3325 0.013468973474535635
3326 0.0689194592775
3327 0.14760946690530694
3328 0.012458948465080522
3329 0.005920206799140262
3330 0.25052604722867294
3331 0.01054748260622692
3332 0.02373742017918258
3333 0.08858530070936586
3334 0.07954322995396967
3335 0.030208023862174343
3336 0.018818575054538652
3337 0.002217064502795755
3338 0.010605347135240617
3339 0.022739623865479317
3340 0.023570172459127566
3341 0.053166104925904054
3342 0.011639502967837405
3343 0.16492364441968674
3344 0.013495603278945813
3345 0.01949394070278719
3346 0.167360548122155
3347 0.06626786727984249
3348 0.1412843215987639
3349 0.12140720953311562
3350 0.06599863255233522
3351 3.428031012994392E-5
3352 0.047458691709033336
3353 0.3682081457965896
3354 4.7950105103427513E-4
3355 0.017127228388379684
3356 0.12267758257635057
3357 1.302333848056507E-4
3358 0.006833800509130196
3359 0.4971341574417689
3360 0.0012658049574670216
3361 0.37867378322499
3362 0.38537404761618305
3363 0.1481240457664795
3364 0.1554248600802789
3365 0.14886197272361146
3366 0.08651046174254473
3367 0.006419278524955817
3368 0.29475614509558595
3369 0.004368975540668623
3370 0.16844509979177175
3371 0.11499330693641309
3372 0.020666418751488363
3373 0.18322312546410366
3374 0.0020383012849538103
3375 0.17920462274798613
3376 0.00851135768921136
3377 0.016923815212426353
3378 0.08119659458802497
3379 0.009059979198359594
3380 0.0460358745238421
3381 0.003569619444534104
3382 0.03196490757964381
3383 0.02802564084978253
3384 0.03433339693502467
3385 0.0019721639722315326
3386 0.0021249588191785225
3387 0.02270479703565375
3388 0.00794768695574765
3389 0.001836219252901204
3390 0.0055267297352375785
3391 0.02436741002516779
3392 0.03544799071506406
3393 0.12656554353494784
3394 0.3374658467181102
3395 0.3686039009672073
3396 0.10052648311873638
3397 0.1724133506974415
3398 0.03284604047647221
3399 0.2285169183007522
3400 0.03369199531848713
3401 0.15627385148833903
3402 0.19997103794020288
3403 0.1206699861027765
3404 0.002734950127758792
3405 0.1017526248127344
3406 0.2359829209960248
3407 0.014504288345892475
3408 0.04932263935555077
3409 0.2119502892404779
3410 0.15675064914387518
3411 0.20166587790648255
3412 0.12894860176358025
3413 0.16445687828741706
3414 0.08862088189950972
3415 0.3199022912584251
3416 0.059489262666821946
3417 0.08642145757572135
3418 0.08890803426412557
3419 0.017643832496080192
3420 0.0231398171007239
3421 0.0599515001225699
3422 0.09954380903533541
3423 0.3306706314206908
3424 0.006764482457135443
3425 0.6664466742959881
3426 0.010515810696872976
3428 0.2806985407869408
3427 0.35201711437060085
3429 0.5743035084703716
3430 0.005806320778722033
3431 0.20248034479189825
3432 0.010305757494843745
3433 0.13353633907796222
3434 0.389827296143456
3435 0.0020873593110567186
3436 0.031191626479685104
3437 0.02612623893120812
3438 0.00953064845439204
3439 0.014217904170852237
3440 0.02648894375965742
3441 0.28333009389144526
3442 0.24338369321212946
3443 0.03397906452890667
3445 0.7385598093041689
3444 0.8292164228053244
3446 8.84204083438302E-4
3447 0.38696199393269237
3448 0.018119346667497906
3449 0.01732473454292605
3450 0.10152274692511759
3451 0.04129292885257845
3453 0.23910638539609158
3452 0.37105252053458954
3454 0.014342570347788143
3455 0.31790290488732237
3456 0.17723833725547944
3457 0.11379084687441539
3458 0.006029897024437798
3459 0.11704102651284033
3460 0.01181080983497382
3461 0.10563989207360171
3462 0.03809621208970344
3463 0.1645299221441446
3464 0.0016424864013893882
3465 0.15752724075986554
3466 0.026485399403253222
3467 0.05252011256457945
3468 0.023173940873599776
3469 0.08529910740372734
3470 0.010776357839174865
3471 0.14599030497244547
3472 0.038289085966298854
3473 0.0030346061929170227
3474 0.21708740052160272
3475 0.2321084470086904
3476 0.002154591379371707
3478 0.023455677411282315
3477 0.4799450683877
3479 0.003161782191919166
3480 0.16633344582294698
3481 0.09080522969374914
3482 0.09717632880491756
3483 0.054738023099471074
3484 0.07113149546575258
3485 0.09779709069915984
3486 0.01800407095184159
3487 0.20583315769158717
3488 0.0024920140963338015
3489 0.008699585336681453
3490 0.25570445297780553
3492 0.029737633511957087
3491 0.4580009806337599
3493 0.33547838512205974
3494 0.00963678574825004
3495 0.0757660165992058
3496 0.22023038159334593
3497 0.31037740746610804
3498 0.019663604127912085
3499 0.1501891053133852
3500 0.1487079261685371
3501 0.10450595713072239
3502 0.03166936036081996
3503 0.0719744721931255
3504 0.051636597117965616
3505 6.923861173596597E-4
3506 0.023936654620295015
3507 0.0706847659052606
3508 0.008484849527636253
3509 0.11984411311271603
3510 0.04129238439444688
3511 0.058778728548471264
3512 0.004291802822610256
3513 0.049642535527843354
3514 0.009898824007269628
3515 0.010699211245968298
3516 9.153486314279666E-4
3517 0.0624916272139346
3518 0.07914914664295389
3519 0.12826221959559478
3520 0.06114408869655709
3521 0.14120121426342863
3522 0.06235750021202077
3523 0.17081679817562131
3524 0.11898776073460507
3525 0.0360444959844684
3526 0.02838894568645673
3527 0.016172825212064677
3528 0.04567734696730579
3529 4.0932663998625513E-4
3530 0.009744940719092042
3531 0.00965845617297231
3532 0.050731562077556296
3533 7.598089850350037E-4
3534 0.029157178673469016
3535 0.0017682005093569873
3536 0.013922603117066524
3537 0.09966853859384918
3538 0.22092968522962367
3539 0.11498897750965656
3540 1.8684436936411415
3541 0.052205340610885664
3542 0.004618410825722285
3543 0.03427959239107631
3544 0.11754742547488813
3545 0.14901450750073833
3546 0.25708481660392096
3547 0.10282600661902948
3548 0.9848486643092084
3549 0.1610200642972628
3550 0.04863333354917194
3551 0.03316322193101644
3552 0.2758773692057252
3553 0.01701851949517744
3555 0.03147217758271226
3554 0.8825882443424258
3556 0.019910933391654142
3557 0.6882435429947803
3558 0.0010105459821793433
3559 0.0024145468759641403
3560 0.3298429746076324
3561 0.07571371582540015
3562 0.25446839759822754
3563 0.02705906880775323
3564 0.15323409062650603
3565 0.024321886541292623
3567 0.036041400562750577
3569 0.1093838985361807
3566 0.2748856697715251
3568 0.045934252429845654
3570 0.10709923091113334
3571 0.008596590493708017
3573 0.002769298646246958
3574 0.14070306228149596
3572 0.05350545998126512
3575 0.08786453398626427
3576 0.06510049005038222
3577 0.07248180388882113
3578 0.05208077823374968
3579 1.6915542678497554E-4
3580 0.18015022486440077
3581 0.3297083966034423
3582 0.08577432148813711
3583 0.0
3584 4.4390006750552395E-5
3585 0.006571140510944188
3586 0.07576607073005452
3587 0.014728081691963355
3588 0.05131900228658086
3589 0.024108903366857882
3590 0.02272268332917888
3591 0.10918438406084652
3592 0.07653468797109912
3593 0.02870533995521633
3594 0.022615912044057402
3595 0.058158391027209176
3596 0.0012615988552587153
3597 0.03341197604491144
3599 0.0018521067158780984
3598 0.007568927820359285
3600 0.011615914284087914
3601 0.0016029407764609337
3602 0.005629167623319582
3603 0.10621724002650373
3604 0.0284850774339578
3605 0.04117210158081557
3606 0.023810663070807456
3608 0.007172900074583531
3607 0.002079218450310244
3609 0.024842131460320216
3610 0.0029181028388407426
3612 0.0032810331344892175
3611 0.024525160254730036
3613 8.171965183464527E-4
3615 1.3058574034071206E-4
3614 0.001646966770719718
3616 0.00497967374640351
3617 0.007579980542172594
3618 0.09263340538890971
3619 0.038304472499418526
3620 0.054053843109879235
3621 0.17885431620696604
36