2 0.5365556774777693
1 0.5924349261572903
3 0.34646406012358927
4 0.6549966189379083
5 0.4848736855335372
6 0.06793464515149988
7 0.1801216148030432
8 0.2844901739338939
9 0.3660860514330757
10 0.24736960676603523
11 0.2520340037199879
12 0.5179694862089804
13 0.3903280241177839
15 0.17700754386266118
16 0.6593889437651146
17 0.016773606423812436
18 0.015090107126159352
19 0.9435041813299612
14 0.008132740321823984
21 0.5937396321673278
22 0.3936283016998778
23 0.2280623926193208
24 0.3408883959483556
20 0.07246264430286677
26 0.017726563073046715
25 0.4484822443670321
27 0.030351721756431412
28 0.2794882878798719
30 0.03651762471005517
29 0.40664401947697254
31 0.03854269417163452
34 0.5007269459213178
33 0.6163622142921701
36 0.50190543870615
32 0.32889931534472655
35 0.3438209121815562
37 0.18542312699485955
38 0.22016665866402438
39 0.354512018665315
40 0.14004909002053542
41 0.5927250055886624
43 0.027635068203206124
42 0.42904851236823177
44 0.27189789217865923
45 0.4856769799660043
47 0.0026658830186763074
46 0.6819782976433049
50 0.11538584541876548
51 0.01641046357302239
48 0.05172660438865857
49 0.5158825712283017
53 0.03515805839513793
52 0.7882348512963119
54 0.9929172276252053
56 0.15670070436588937
57 0.03845337596062175
55 0.0468780217186918
58 0.2294812956171878
59 0.3638448775660745
60 0.22998478557028093
61 0.095078227182275
62 0.8717826877517801
64 0.20745567356530328
63 0.08965579824914917
66 0.14029160062795787
71 0.8295616701637759
68 0.5551447913887558
69 0.19158457888365532
67 0.3660978587090789
72 0.6289901779895615
65 0.33919761150471706
70 0.24519767181303767
73 0.06453121512562975
74 0.12074315789473682
76 0.3290783858778159
77 0.07338596162749665
75 0.037323923221666534
78 0.8663403747179159
79 0.34292098001625715
80 0.42278063890953127
83 0.1351733746241774
81 0.9704082051955906
82 0.021226750789958882
84 0.41560197178314046
85 0.11002580208687915
88 0.44977183114060815
90 0.5057609381830604
93 0.3046160455904511
94 0.3194910151021863
96 0.5040146160596716
87 0.12277246519926724
89 0.45280477837804495
91 0.044728818426782266
92 0.3468625515958262
95 0.08827326055855897
86 0.19887978661269864
97 0.28894113232495505
98 0.2663850662925406
99 0.44185837789631977
100 0.2273294015537893
102 0.5688158936920535
101 0.2652153186759105
103 0.48491961694227365
104 0.3428106168938731
105 0.05857280967403967
106 0.11922698837243281
107 0.12798124595650304
108 0.34741406653375473
109 0.4329743522900672
110 0.16750107274153933
112 0.19119941824351958
111 0.25037514513845455
114 0.4466788331878289
115 0.2373356423467073
116 0.04822347838130654
117 0.3553124825462292
119 0.7985510901940115
118 0.6484926050706872
121 0.20068069398173904
120 0.1598660653440997
113 0.3959771687451889
123 0.029416265400466827
122 0.0398548347904982
124 0.4199425557404934
125 0.8151552450926733
126 0.1760159792116359
127 0.10896563012141684
128 0.3887904292355296
129 0.2368815471247292
130 0.22563386533933602
131 0.16182048595318846
132 0.5635735363587012
133 0.3491589788291888
134 0.43527067340848297
136 0.5880107601109501
137 0.2875506482568947
135 0.35762335158973335
139 0.20798379700273695
138 0.8525464056307832
140 0.222142640871813
141 0.08879822032603865
142 0.3919422735867934
143 0.05042649504503583
146 0.06877836074185646
144 0.3075608178219116
145 0.3943112704817301
147 0.712543377044938
148 0.18044921087821228
152 0.3925598727179403
149 0.003339992235712932
151 0.37308812568012434
153 0.12072950968780043
150 0.2648645710245908
154 0.12835192037958018
155 0.9662069302745501
156 0.4161489240386037
157 0.7034261025261764
159 0.47611292659513355
158 0.24310906848257502
161 0.17421994393181336
162 0.7222618750629543
160 0.07266896432420923
163 0.5850072187789547
164 0.01959245183032347
166 1.9557631536517214E-4
167 0.5533422582786217
168 0.34241950337972854
165 0.1623188344004643
169 0.8945499041963876
170 0.7342267144288572
171 0.023274240540140063
172 0.3311369099618648
173 0.3135987528631638
174 0.7725328711338125
175 0.3638330659897783
176 0.37040583274701344
178 0.010644963170921286
177 0.31004599650007175
179 0.45089844025416304
180 0.08795603569092303
181 0.20666772598449426
182 0.22783070678127984
183 0.206085485825214
185 0.14450759338053967
184 0.5160009834103692
187 0.25690230626736293
186 0.31097057991897137
188 0.5261870889260015
189 0.031999703430173686
190 0.06851283646245039
191 0.41678551875536174
192 0.9991684394181616
194 0.01771471562970009
195 0.9710239038831554
196 0.48810091065562883
193 0.04579174801243365
197 0.2441124380532148
198 0.17441492418743698
199 0.7703592717715194
200 0.45014031292651174
201 0.4868479292138658
202 0.5163243014101387
203 0.036101388784045306
205 0.3337686681410246
204 0.7488608397577124
208 0.2029808962567214
207 0.7178104569290542
211 0.34258439321545686
209 0.7662658262603952
206 0.6593450058582939
210 0.5840171666472335
212 0.28467078108186183
213 0.804928673308884
214 0.080331112246419
215 0.1554852132125222
216 0.16513848750033133
217 0.19570912690067194
219 0.23781038223001197
218 0.6865128816867805
222 0.6935817595494022
221 0.5856240828852226
223 0.10417030465956975
220 0.3935110521416999
224 0.616949921495194
227 0.07033408385510531
226 0.5799049208180803
229 0.08819414544295123
225 0.7793461520671465
231 0.20998797784507614
228 0.19581564694619566
230 0.6011375923180116
233 0.6786524879148585
232 0.15571764578091385
234 0.4459103044395642
235 0.5835817752945449
236 0.22134015000702315
238 0.1999306098989495
237 0.6936706392884787
239 0.5215887228534126
240 0.49023884275352947
241 0.11421704238186087
242 0.8402764039957548
243 0.918075585504271
248 0.6375260034924968
244 0.9828889823073208
245 0.024434775085656446
247 0.19520009999017404
246 0.10301706931334628
249 0.08968878268999701
250 0.20571341886313052
252 0.5055638622826887
251 0.11544275574361752
254 0.669136591408477
253 0.19850966821524654
255 0.6503141559905553
256 0.11472695220016116
257 0.3357075806519734
258 0.9688451094012495
259 0.18108266623906624
261 0.08278960054771536
260 0.25708831892274314
263 0.13282903216643277
262 0.8446263769982699
264 0.031469186204065865
266 0.6841482287765221
265 0.38665668518217056
268 0.08289196781212327
267 0.12641315254254756
269 0.39241767774095926
271 0.19449097982748825
270 0.26112632807262215
272 0.48653375747777927
273 0.29860822741360205
274 0.0556733057421255
275 0.19236026393216415
276 0.4355034393908467
277 0.5999994362690737
278 0.3205057808784259
279 0.2955814857745109
281 0.30317626881649784
280 0.003847195881874788
282 0.6598041564611359
283 0.049834292336783124
284 0.6081627307094052
285 0.7259359858070374
287 0.04275491388544607
286 0.3399556272871214
288 0.5691039549873226
289 0.3405602537192686
291 0.08201911776417209
293 0.6944698325518518
290 0.2506280291397688
295 0.13899571324208473
296 0.2832370818556595
297 0.21371194257197754
298 0.14102629298436092
299 0.006011360964297771
300 0.3783929915291172
301 0.2509543961632452
294 0.10494429375952104
292 0.3091031058633442
302 0.2085927641990132
303 0.2947587360474768
304 0.4055830328326011
305 0.7581879813285687
306 0.27334594978281346
307 0.09756291636198994
308 0.2303320449796285
309 0.4677935234117523
310 0.6424540140042623
313 0.3284398312602702
312 0.8245629040490334
311 0.38252354191029847
314 0.6327680247056127
315 0.6588172135102888
316 0.47729012382592934
318 0.5210277918212408
317 0.043417016882946226
319 0.5970358396695593
320 0.1616772806488916
321 0.03529466408224365
322 0.15218751926660923
323 0.4466288430994351
324 0.5353375791439712
325 0.10223707504413619
326 0.8017945655251045
327 0.36793974103623744
329 0.7649934873106685
328 0.7710014598540148
331 0.5360579584508813
333 0.1469383336941498
332 0.9453929753713907
330 0.3353457561551446
334 0.7768526625944915
335 0.13228114960516188
337 0.3208446498012468
341 0.5067112773076169
336 0.02243864672525968
338 0.031791713680747416
339 0.3202143417753697
342 0.25587024973390515
340 0.10699020522964933
344 0.3932952038648239
343 0.6990781698936274
345 0.0038446863401036284
346 0.2180854767126286
347 0.5264321677761679
348 0.7491937243372384
349 0.02561180426646684
350 0.3437064434281271
351 0.2887484695712202
354 0.13118637013101767
356 0.14309933571919412
357 0.2418049024754797
359 0.1117861695907752
358 0.22995424459910063
355 0.06796955683369293
361 0.3454242976949629
360 0.7163789252424473
362 0.22212638125731846
363 0.4994873732049297
364 0.8164993503473046
352 0.1060421061369857
353 0.41699114266141046
365 0.3417032799022353
366 0.13535352317174915
368 0.05637837704633017
367 0.3842655740861473
369 0.5503702687702191
370 0.04193963019332539
371 0.24887522590651473
372 0.35678267835496486
373 0.6141750436374592
374 0.433581410035094
375 0.05547622294024357
376 0.0594781266768445
377 0.6649429535937171
378 0.17367468411709422
379 0.2726295350816979
380 0.32408070650643994
381 0.5736763689045472
382 0.3452033711297665
383 0.47867554857109484
384 0.015281673679289362
385 0.20428033897339365
386 0.4210315448837649
387 0.0581402948502734
388 0.23416618670882117
389 0.2895669406948677
390 0.10049214495048688
391 0.3021277210140805
392 0.4381491439083064
393 0.17240237357509244
395 0.3937409570153972
394 0.5499301913510898
396 0.07826064854430585
397 0.32122567931580276
398 0.08341223721345062
399 0.3373101426118002
400 0.7909124768942677
401 0.35103703531274005
404 0.8623178605315249
403 0.2663899433690773
402 0.32912741357510505
405 0.16090243872240498
407 0.24024191139038906
406 0.36352421780402977
408 0.013103953697195874
409 0.7700994245979302
410 0.2266814488449508
411 0.14024086534849417
412 0.09228094921295443
413 0.36012218344916913
414 0.2771182494642914
415 0.5423762921679196
416 0.45405077392964743
417 0.30470688119706973
418 0.30967389732128275
419 0.2820225060068086
420 0.6848703917764604
421 0.16710322054976623
423 0.5189609070248566
422 0.15449080149309352
424 0.2970232268047978
425 0.566824497786286
428 0.048580997348021904
427 0.2095124560175399
429 0.1619529246421901
430 0.35225695248602334
432 0.2757015577824698
426 0.18789518292858315
431 0.02558997706792577
433 0.08579485071794911
434 0.14418696173736642
435 0.6065800962549345
436 0.583442473870366
437 0.2025564986812181
438 0.3161485576980469
439 0.4460825325522684
440 0.3778623019491927
441 0.96239833662822
442 0.8741759039677364
443 0.28778821520068315
444 0.47845634941532217
445 0.21363053771894455
446 0.5230013080871667
447 0.6000943315530431
448 0.9707334063090854
449 0.2784993369867609
450 0.7869274796869999
451 0.15590147531087886
452 0.13300348734589382
454 0.2781574562159278
453 0.9804250233223576
455 0.007253203107603186
456 0.9540686612286081
457 0.01336780423962459
458 0.07425339801430382
459 0.539732681307507
460 0.6676535398477424
461 0.28547407408051245
462 0.4705590903068329
463 0.430851058859036
464 0.3274203015453121
465 0.5932949059840751
466 0.31054979963746815
467 0.496086214932218
469 0.9814231181477584
468 0.5105436555865996
470 0.11591243601007391
471 0.36585407166468614
472 0.5951923805927751
473 0.7299049098405629
474 0.09571210062459995
475 0.0354430543182141
477 0.04882547173985263
476 0.9816933685307796
478 0.012400570205600574
480 0.20860145525577542
481 0.19408469084482025
482 0.30493201962388006
484 0.8581584367392507
486 0.04228302917939299
483 0.5835007185972065
485 0.2533609781147093
479 0.1360203177800488
487 0.3207425970303426
488 0.8979880898201207
490 0.36854233868894987
489 0.27263713302297865
491 0.6148243967392465
492 0.02401669858406576
494 0.4726182108720071
493 0.12903286282854004
495 0.05468791339707346
496 0.22171988688345173
497 0.8632535502865797
498 0.09940938613406364
499 0.5100766620585646
500 0.15286345081352723
502 0.5508315058607043
501 0.3627164829099051
504 0.35905670288775693
503 0.17477320312090205
506 0.21548785702142856
507 0.29970265993290607
509 0.1762740906385147
512 0.5163331122933
508 0.05665590096037907
510 0.009621026695706683
511 0.3871361695934324
514 0.21975068761899863
505 0.01847025361194241
513 0.31244568213473756
515 0.1857941827437728
516 0.525695993959773
518 0.438943598122032
517 0.6481272439092446
519 0.11582676001950563
523 0.17475978102023965
520 0.5576912501887562
521 0.515436197965518
522 0.029475559703887037
524 0.1955797086809834
526 0.05792897423283565
527 0.3962248692603009
529 0.583652548740706
525 0.46708875376343795
528 0.18386860242672845
530 0.5891937369342505
531 0.3550575961502963
532 0.10712394963373091
535 0.0404472165108663
533 0.5665481682083067
534 0.25511027717526163
537 0.483445620080103
536 0.5709365140690763
538 0.7380540760521623
539 0.26854967701059507
540 0.5477335532180425
542 0.6354491538964682
541 0.49602440015527927
543 0.7310095486120642
544 0.16621224661767003
545 0.879093189579061
548 0.5470620345005905
546 0.9886732207232333
547 0.6863131718860503
549 0.7394785217771888
550 0.05806191911150588
551 0.62637384808607
553 0.15981364327934763
552 0.4778791800020028
554 0.3839288458626802
555 0.1137627174757199
556 0.22704003572698633
557 0.12187411206696745
558 0.5654110106736945
559 0.9866457794124324
560 0.24572950433499954
561 0.002610283090439007
563 0.3707004680233814
562 0.5353594283784374
564 0.3216586966030892
566 0.3489019648796235
565 0.23502622725278696
569 0.5149850439945408
567 0.4542514814115178
570 0.12929834391833034
568 0.12654188380742587
573 0.20014984396198163
572 0.31797494608342214
574 0.19029312143345498
571 0.3767952560486141
575 0.07858731619092325
576 0.21657124581123063
577 0.6208462886598282
578 0.16078121412508606
579 0.4977044713049687
580 0.010963439671264478
582 0.45284761904761905
581 0.18045594480963117
583 0.7408366121029831
585 0.5215518946938021
587 0.9759125086371938
588 0.14231389832055283
589 0.4555046012725235
586 0.15836497684230205
584 0.8552318907759193
591 0.42789775874317837
590 0.12616219621192476
592 0.18249388188790341
593 0.40436746887331027
594 0.6726755947284527
595 0.05991087046663185
596 0.0626680192050696
597 0.5878269753108021
598 0.6043804828905712
599 0.42569921594618815
601 0.2448594068303136
600 0.016310149916560976
602 0.22259009660418383
605 0.25306590472086105
606 0.34585900990314616
604 0.2027384835734067
603 0.32649212542038875
608 0.37725265565159277
607 0.715223579543814
610 0.3392911994991485
609 0.13858094080534117
612 0.317306582420942
611 0.05200635340191929
613 0.4784705664546587
614 0.35693049164556984
615 0.12893364287457976
616 0.09683917399044618
617 0.4326949866881623
618 0.3538488136326312
619 0.21534347075796903
620 0.5683266082414129
621 0.4316756848497662
622 0.5114280291279915
623 0.23121614227894535
624 0.439750518793414
625 0.3306029909596752
626 0.03252044318856389
628 0.848504962912871
630 0.620705888782185
629 0.12791617356439358
631 0.20826395474104645
632 0.25700892261348685
633 0.7334421254546701
634 0.5474231476790999
635 0.36043350445432093
636 0.1733969076567205
637 0.5552763799680884
639 0.052198387978294555
638 0.3253374643114383
627 0.1775191706515222
640 0.3790924528544843
641 0.23974920268705602
642 0.014505152444157903
643 0.2103629046308448
644 0.2587544568013962
645 0.17836133583816766
646 0.2724741939161384
647 0.2464079236251236
648 0.06841349008714023
649 0.2531100046048639
650 0.6028438748104604
651 0.4279573022618616
652 0.7784538452565855
653 0.3253172391151277
654 0.7873042925020588
655 0.20251518053339942
656 0.10730417427374442
657 0.1923075551370938
658 0.5015513594106575
659 0.6004162567088811
660 0.36617697288519213
661 0.5172407971468164
662 0.32281940497984174
664 0.34670873095818083
663 0.019197176995428885
665 0.9627288164589446
666 0.012437754138873925
667 0.003722254039554563
669 0.2524180801732097
668 0.9957415065557674
670 0.49269920505801806
671 0.06979256557453661
672 0.017044433755049285
673 0.414104838826152
675 0.12497021924264275
676 0.4565149780817882
674 0.29601755793252954
677 0.05989579528807705
678 0.5057408692756172
679 0.47132429977108214
680 0.1424045525558095
681 0.8077912859585193
682 0.2605722012894051
683 0.10732342160748745
685 0.4001673811563004
687 0.5117740308401787
688 0.15409449010775378
686 0.3033179263309955
690 0.3149718999852399
689 0.2898565377256748
691 0.1872236673827256
694 0.18918446710203635
692 0.22295981263295764
693 0.48635795686232525
695 0.19664197387728072
684 0.015617314956275228
696 0.12837174652032898
697 0.9745093394958315
700 0.02489340519908477
698 0.27178037496040836
699 0.3527490161014207
703 0.04692945746859602
701 0.5695603367325444
702 0.8552412966593211
706 0.24596656462091307
707 0.3417642096660926
705 0.22620146310001876
709 0.20969440837840397
710 0.5710243729264108
704 0.2547417905718079
708 0.5748382806865818
711 0.019456157060018738
712 0.0364866836295161
713 0.37005708218840305
714 0.05612680535542081
716 0.07009792725865838
717 0.3815013684100873
720 0.1592925901626187
715 0.18349129509790368
719 0.16304097745271362
721 0.13798789973044545
722 0.43042714430869555
724 0.572330700232901
723 0.6539713220053032
718 0.29394220108384034
725 0.14472229746052426
726 0.05612986872545232
727 0.38962332202737504
728 0.5599236885331568
729 0.29624312036371103
730 0.15510922668779473
731 0.10253850630536214
732 0.3254957224679822
734 0.7194423262092036
733 0.3715910921814909
735 0.4441424293547297
736 0.7676149493441186
737 0.44058552048855537
738 0.3081212978048362
739 0.14371091195652863
740 0.5261864138906025
741 0.08060498163057218
742 0.6252789630346486
743 0.03564206112453962
744 0.6774588467720939
747 0.49186350736427503
746 0.09877585366223252
745 0.421007017358757
748 0.5322421120892757
749 0.954889985863177
750 0.9179601621409581
752 0.45584354756445017
753 0.582806569609752
757 0.2747518099208007
751 0.018662505739495017
758 0.35107164127345514
760 0.0
756 0.05028775628597173
755 0.5811753263857293
754 0.15786931264011628
761 0.2684369969706764
762 0.41342001774285225
763 0.17191961584886467
759 0.09069034617854012
764 0.09623181444294508
765 0.781731600845504
766 0.24214286341229965
767 0.02351032422026776
771 4.819737768569452E-4
768 0.00842518177776142
772 0.34569118479774397
769 0.07068301407919192
774 0.6489595465047471
770 0.19786544911743617
773 0.4939759491720415
776 0.1583926592113121
775 0.7354094847285376
777 0.05614026611264563
778 0.11440422922383518
779 0.07739929843742595
780 0.22880669205570908
782 0.579263691897786
783 0.1440792093267726
784 0.4964222160638387
781 0.20812607254738472
785 0.8107523359463369
786 0.9939295349330345
787 0.48378278732054697
788 0.3058962503556534
789 0.9996647385496649
790 0.24036802329716225
792 0.20757614018959158
793 0.16504178828455424
795 0.31945949560423587
796 0.11723616082429289
794 0.6235031393061746
791 0.2447923775877528
797 0.07030315270983688
798 0.03525621378814885
799 0.3353943190805471
800 0.13018186548899943
802 0.6111587820785906
803 0.22292669446117816
804 0.43108938824228754
801 0.3957844799236871
806 0.7960106188194231
805 0.6283452491918978
808 0.640911604958711
807 0.15114307903215923
809 0.01944445428240536
810 0.734710955957749
812 0.6350097646196392
811 0.858438439899194
813 0.7287191831177607
814 0.3181517172073239
816 0.9613527955074058
817 0.9983336185941929
815 0.6374018040723934
818 0.6908060910020271
819 0.2646757587758322
820 0.5244436294985564
821 0.45832060945058745
822 0.18050510276412762
823 0.07909040323279246
824 0.5834908584615075
825 0.08140299478894335
826 0.5330659325665619
827 0.135672558229483
828 0.2256844366662382
829 0.09387048724739144
832 0.4747028245461189
831 0.6122846470042582
833 0.07372754480358856
835 0.4016517824702112
830 0.7133097114118724
836 0.3176329506114804
834 0.508143841273944
837 0.280425258270502
838 0.2934607399947483
841 0.23363162402174348
840 0.1856702879611906
842 0.4845763297284502
839 0.2141276740969023
844 0.26795994580405136
843 0.1085761664682991
845 0.05229454983195028
847 0.5437458040614838
848 0.356721697180307
846 0.16160181356281467
849 0.5286704775491301
850 0.4857055210018943
851 0.1852504622477972
852 0.9489756304359281
853 0.2839442768183861
854 0.9834264106711147
855 0.48676911834822084
856 0.7365541839126162
857 0.034199648899146444
861 0.9577075368651011
858 0.6036327152024596
859 0.5981794742603679
860 0.04874602075378038
862 0.6323531801471584
863 0.5270049816139039
865 0.23695397464986379
867 0.14103395376402186
864 0.8793493272072319
868 0.7330995304517492
866 0.5246601774098988
869 0.2643730985204964
870 0.9237875071040638
871 0.04073824433621022
873 0.03886821530784247
872 0.09109369898735867
875 0.03055303021505637
876 0.7252467742187054
877 0.3428234885576678
878 0.6414572803670907
874 0.05133287737854734
879 0.01707245103594888
880 0.18535881071653626
881 0.2129012355591617
882 0.38151320433052427
883 0.4411857248487731
884 0.93099332048886
885 0.35750244728200187
888 0.02702053608143175
886 0.263231133379955
887 0.6721048587705443
891 0.6394823200504137
893 0.5000813925528392
895 0.5212602129826168
896 0.3123395180419448
894 0.5572264876057708
897 0.16708947748255024
900 0.9432967290269977
898 0.43267974785766566
899 0.6422777347377974
901 0.45454545454545453
903 0.6078479144203686
906 0.03239384866495581
904 0.870517054920644
905 0.7547033560313909
902 0.2863403383579121
889 0.3916041516299737
907 0.12183283113986058
908 0.02154955436125122
909 0.6463999141425278
910 0.006832135783035088
911 0.05824331263500515
912 0.09054340615108812
914 0.1554880654353078
913 0.09789950459403265
892 0.22773307164438744
915 0.15817275783064683
916 0.5144632945689898
890 0.4392476641361273
918 0.351317867694047
917 0.08271491688078164
920 0.02896385525120672
921 0.37129328708221204
923 0.6682176288458276
922 0.6730135997542761
919 0.1982932414950627
924 0.10002142524992597
925 0.5958389961517947
926 0.08887802493277926
927 0.10333867657802077
929 0.19637869207802475
928 0.9429995751032854
930 0.10416805447122715
931 0.10233921398890676
934 0.4096245833717376
932 0.06961884875229009
933 0.056882185009075
939 0.242360116688514
936 0.1262814190329365
935 0.7607222956549998
938 0.6975171945058782
940 0.5057509322331282
937 0.22319002643106658
941 0.6709720640731056
942 0.20112523543128083
943 0.7024522679615935
944 0.1428571428571429
945 0.3160339347719946
946 0.09134806951643169
947 0.36873730552547107
948 0.05255196209947306
949 0.12422082621526613
950 0.523006274773422
951 0.6347515884946245
954 0.025680332552152473
955 0.19644915706906946
952 0.5651140271020935
953 0.20707430591885706
956 0.08692166671845383
958 0.058554939244815495
959 0.01664817203551681
957 0.6165087478419271
960 0.33218489157152314
961 0.2921752994529291
962 0.15436971714463255
963 0.39078675889607617
964 0.6363003866651472
966 0.07721744018081772
965 0.07434022178645089
967 0.6104525654142146
968 0.11312239272035331
969 0.44992947502488795
970 0.1753638524542469
971 0.2918330771350017
972 0.5065571471257212
974 0.04811770344447159
973 0.5667875367554953
975 0.2801744235414833
976 0.7628109189284176
977 0.17824660773059062
979 0.3553527543960861
978 0.25264024574993416
981 0.4779310240584095
980 0.4837402747766084
984 0.533619790421745
985 0.05151741691321139
983 0.518312350700386
982 0.9175638237966869
986 0.28508484227950665
987 0.15619890823786525
988 0.525525320564593
989 0.4372065755209385
990 0.5984648986070333
991 0.31181002047133616
992 0.6293228355877867
995 0.7263103250088065
994 0.014900646057202144
993 0.07271115947512716
1001 0.27282209413962033
996 0.5703899359112431
999 0.7343892693308942
998 0.16645692619673752
1000 0.22025250600619217
997 0.13254678313173573
1003 0.6465700430835095
1002 0.2131344635634366
1004 0.4507441819388527
1005 0.8271976729734841
1006 0.3914772063228672
1007 0.6702234903145162
1008 0.19111818967094088
1010 0.5142878700806777
1009 0.1988721006765236
1011 0.4334693333777416
1012 0.4744945892853812
1013 0.21903889333219287
1014 0.06849552352564701
1015 0.6600986335509836
1016 0.4479049460692746
1018 0.2317587840789145
1017 0.9651912896160095
1019 0.7479630428505549
1020 0.7717446256033043
1021 0.14201039677317107
1022 0.18849844420172523
1023 0.6093897347204146
1025 0.3547567580247212
1024 0.406182622950999
1028 0.06493356303288787
1027 0.00424565045323963
1026 0.520660826318723
1029 0.13533788456106127
1031 0.11514703005354678
1030 0.2106434886456809
1032 0.5362323049360659
1033 0.09104936580404911
1034 0.8019954981312548
1035 0.19290084266740926
1036 0.41957727991492877
1037 0.5250657679302759
1038 0.3144481670887428
1039 0.6785526531302079
1041 0.399658299417466
1042 0.5857686102488916
1040 0.25543768941166856
1043 0.02972954159978661
1044 0.20505646485997508
1045 0.3490036162932656
1047 0.20136473964291068
1046 0.30877378078888895
1048 0.8112063249104282
1049 0.31675053340594683
1050 0.037417345003938174
1051 0.6378903117399413
1052 0.3992593591833593
1053 0.28985987363920734
1054 0.915244432568217
1055 0.3096937049217036
1056 0.3624155433813069
1058 0.08593095792379364
1057 0.022091617139327606
1059 0.19715313775228852
1061 0.004822313384051289
1060 0.11342648230878302
1062 0.24068082587400647
1063 0.004901093311057391
1064 0.4924660793935404
1065 0.11972758716053912
1066 0.9685216477843117
1068 0.6197141261750675
1067 0.5607693712973352
1070 0.23024641500101983
1069 0.22314702379009027
1072 0.8931564236040472
1071 0.6282331754802472
1074 0.3520765611840668
1073 0.0
1076 0.2727148044068425
1078 0.6756441044691831
1079 0.12163807291160934
1077 0.17595861686354958
1075 0.04993891753045269
1080 0.09336428626386493
1081 0.2546487325440445
1082 0.10486708169873672
1084 0.4624453683631085
1085 0.30897832011167137
1086 0.3077012819818362
1083 0.9887765750039821
1087 0.0271050124867262
1088 0.5829879398847583
1090 0.00904919485270974
1089 0.030074659392882706
1092 0.5597175082083824
1091 0.5326645947861042
1093 0.1080535543462046
1094 0.03138165109028622
1095 0.19500230571131033
1097 0.04472591272761706
1098 0.24443965364175582
1096 0.9716359030080047
1099 0.31648115345642436
1101 0.3270256748074041
1100 0.35837202230591864
1102 0.37050735322660205
1103 0.06253013308682122
1104 0.12835762726658234
1105 0.6957077939073713
1106 0.490158092445277
1108 0.20325461753358465
1107 0.3742535998818034
1109 0.04863243396680509
1110 0.5856063188358905
1111 0.6834731812563604
1112 0.6712542269102848
1114 0.8909080677125865
1115 0.6039690993788343
1113 0.8785872433643613
1116 0.3941854321474822
1118 0.11156530683218145
1117 0.949606408908927
1119 0.2262772792477712
1120 0.2830734844752952
1122 0.02269858762250579
1121 0.352137526100088
1123 0.15856777456364313
1124 0.01595721455412701
1125 0.5397096596000671
1126 0.6334502768911896
1127 0.29347085811834334
1128 0.5434889543089226
1129 0.48412969126782407
1130 0.08557744819615058
1131 0.11321925367938238
1132 0.17023693179126811
1133 0.3324523704477462
1134 0.3826917727921334
1135 0.5210795734614616
1137 0.780290974955597
1139 0.08819183125746437
1136 0.7037736638839586
1141 0.2768724650661372
1138 0.15621365528939876
1140 0.42678051153472607
1142 0.6139837534001411
1143 0.2517099135130916
1144 0.32132772238630974
1145 0.239481428190661
1146 0.672405378287487
1147 0.3878180183133653
1149 0.34401990934139187
1150 0.4459099471667632
1148 0.2741227974911095
1152 0.048871225564948766
1151 0.3234736950545469
1153 0.6502693086732825
1155 0.5956025171489319
1154 0.8998683307167661
1158 0.8211954469648629
1157 0.37952760568540045
1156 0.46728210064870934
1159 0.13915818876966057
1160 0.28941166305866095
1161 0.4680803890795284
1162 0.8537329550173203
1163 0.5518962293770892
1165 0.04812495598071111
1167 0.13827582002194852
1168 0.46340408206744943
1164 0.5124744559630636
1171 0.15214744997254193
1175 0.4403056686452906
1173 0.06457821970239422
1172 0.058568534013373724
1170 0.6463362860491838
1174 0.4195221135404176
1169 0.438864676781244
1176 0.18314322229429983
1177 0.42117949848544634
1179 0.5040236621929461
1178 0.07393835669461359
1180 0.45844336593511276
1166 0.10389088609100261
1182 0.5757805287433424
1181 0.17818505005293275
1183 0.33518428492954505
1186 0.038198337705926386
1185 0.4146022549480926
1188 0.18686307276830044
1187 0.1824168611184052
1184 0.009107683785530302
1190 0.25939848783142394
1191 0.34078530673947416
1189 0.250828403182427
1194 0.14967882612776143
1192 0.24430226343368908
1195 0.16787123619969782
1193 0.6366559022618534
1197 0.8206254289914185
1196 0.18037971314472256
1198 0.4541463821161474
1199 0.2986853814682458
1201 0.7391302234766517
1200 0.6458193066851279
1202 0.15672669282508075
1204 0.579531882633752
1203 0.17702904220588628
1206 0.20341489790805584
1205 0.24415619510876915
1207 0.7159568512277645
1208 0.6498535069465362
1210 0.4617316464812061
1209 0.07719452517858258
1211 0.35865136865443414
1212 0.5470182384086933
1215 0.263489308424461
1218 0.04812450140375014
1216 0.12493524037274596
1213 0.07792133521226936
1214 0.672926445782117
1219 0.2538968072996197
1217 0.5062263643412078
1220 0.0727450030487855
1222 0.3870698935551583
1221 0.6373539471362264
1223 0.8649857442374609
1226 0.05984496973260045
1227 0.14414581813711147
1225 0.5146555587521566
1224 0.12544186725693146
1228 0.355087793827662
1230 0.5093430747451075
1232 0.1463955517979626
1229 0.007604426332665228
1234 0.47696068302171885
1233 0.7762665212195191
1231 0.1828888176356441
1235 0.4015779798019384
1236 0.4617366030248707
1237 0.5106012199440525
1238 0.5466463108433796
1239 0.42028535288879976
1240 0.17985596728957565
1241 0.49041041990636863
1242 0.45171573694711836
1243 0.24839235244427424
1245 0.42079145584834826
1247 0.11224895996740032
1244 0.15119339353679676
1248 0.05413852883579859
1246 0.6696924821027856
1250 0.25484190102290055
1251 0.31726910827181676
1253 0.07767866745005354
1254 0.35840163074346365
1256 0.15564604066308724
1255 0.6468533899519725
1249 0.08440072480522781
1257 0.5866289428826641
1258 0.6652679487316278
1261 0.24815817517019462
1260 0.3709953115317913
1263 0.1282076832892881
1264 0.33944812473924896
1262 0.413069401961307
1259 0.2526430207077658
1252 0.3508322549905358
1266 0.514469796333704
1265 0.6234709864456655
1267 0.5047988411700544
1268 0.24299514267885272
1270 0.5461423916448921
1269 0.20150230768856198
1271 0.28598435306758263
1272 0.8800971244503766
1273 0.1252190276011732
1275 0.3042743100204005
1274 0.2811614521034457
1276 0.5061602051337023
1278 0.7005937543759512
1279 0.43110466511277284
1277 0.16956921113586057
1280 0.13843765418121526
1281 0.3189444440255502
1282 0.3721564265305677
1283 0.09505729258443923
1284 0.5810900138433379
1286 0.30332416980081967
1285 0.022116245792426117
1288 0.14333929040462948
1287 0.4642659665472202
1290 0.05773742863318283
1289 0.2560800346225139
1291 0.024505549536913043
1292 0.10813391497414421
1293 0.5592260901640663
1295 0.49548336244244334
1296 0.5297638489883091
1294 0.5104389858014029
1297 0.22792258474596075
1299 0.19515424580073765
1298 0.05932108934646284
1300 0.02229300138950586
1302 0.5222101680105762
1301 0.08696506839343893
1303 0.7804428192604214
1304 0.00893484480134176
1305 0.40098989573186117
1307 0.012069668101807091
1306 0.028665178812565632
1308 0.053832684179772786
1309 0.25088516989033427
1311 0.09070892550288831
1310 0.7316118767788063
1312 0.5417628351685418
1313 0.40114806244374895
1314 0.6402302471272078
1316 0.21393586149152544
1315 0.09244476992554614
1317 0.5679397071036703
1320 0.015567428965433151
1321 0.0741144527953187
1318 0.34148848288744277
1319 0.019481589199956222
1322 0.17610769335919027
1323 0.5922595620472924
1324 0.6528664589462311
1325 0.5427478208130259
1326 0.1565511565042453
1327 0.33632108971760083
1329 0.35312558271482547
1328 0.2530607063808305
1331 0.5182889046106995
1330 0.09391956152958
1332 0.230471287401922
1333 0.4358290017238391
1334 0.16181272771535732
1335 0.7893211825856459
1336 0.38983765895758754
1337 0.15633790241455453
1338 0.36068101214186565
1340 0.12337891354143099
1339 0.03748433227464441
1341 0.19710600178259513
1342 0.08847158105060025
1343 0.11840843282150572
1344 0.06797709087689373
1345 0.07103044966580002
1346 0.2783994675450152
1347 0.4992354997108188
1348 0.20056474588236142
1349 0.14387462982325935
1350 0.0037584809879437605
1352 0.39706227267259314
1351 0.26838888780156334
1353 0.18191249792593064
1354 0.2841282654901405
1355 0.698432387737969
1357 0.41625129385281723
1356 0.2721573716090813
1359 0.19610899564663362
1358 0.7575419277989159
1360 0.32699178906259474
1361 0.3370873829314733
1362 0.04457816703033911
1364 0.41195713828641695
1369 0.8579129891021249
1366 0.4362383562634497
1367 0.3475771695150583
1363 0.4046588214379536
1370 0.2566667601666339
1371 0.09096251282860225
1365 0.2187322782182101
1368 0.8561149947873068
1372 0.16774989648455066
1374 0.9879961136166349
1373 0.1285511303048261
1375 0.2981073033796332
1376 0.30564224504692433
1377 0.14375376062322068
1379 0.18448402642544343
1378 0.5549982812156594
1380 0.14545662519132338
1381 0.42989441539311835
1383 0.7011554909325164
1382 0.5922675545249246
1384 0.1465142961158116
1385 0.5102875037960528
1386 0.5022263413454754
1387 0.8005574610835939
1388 0.09489462659653579
1389 0.015507052633121006
1390 0.1164752252841804
1391 0.5365638048632315
1392 0.46495291570989916
1394 0.39597931477191967
1393 0.01464651713473965
1395 0.006430760072711894
1396 0.45530288439958355
1397 0.13223812321772246
1398 0.16922999079443726
1399 0.19108047847481827
1400 0.059364784303920885
1401 0.3451328392199979
1402 0.24395465452089832
1403 0.202558046471975
1404 0.291881588590112
1405 0.6604036291645039
1406 0.5030306402208148
1407 0.1654641522856499
1408 0.03657879444716858
1409 0.7035728511802705
1411 0.5367501962121797
1410 0.09691797092712226
1412 0.4409222918552834
1413 0.045068690913306265
1414 0.30171432955022903
1415 0.00618914315773212
1416 0.06485979321405627
1417 0.895591436131823
1418 0.3612060107999238
1419 1.9921755656817633E-4
1420 0.4863521884146757
1421 0.01002010402571329
1422 0.4416544179673361
1423 0.2611377777695337
1424 0.05399213707871177
1428 0.2361913683095186
1429 0.012043327183293985
1427 0.4729986597623217
1432 0.3484913822833156
1425 0.5377991702484531
1433 0.9913933160204703
1426 0.14361507592773398
1434 0.7991253537152078
1430 0.2926296339784045
1436 0.12124560006166331
1435 0.7935462646960915
1437 0.17228152406790706
1431 0.030436689686790773
1438 0.6956335532493018
1439 0.15162642517042485
1440 0.9438643984090139
1441 0.7724313156680995
1443 0.6188653633385008
1444 0.33536256182866775
1445 0.12238042104939753
1442 0.10588811405501747
1446 0.6265984441767825
1447 0.5194876062752589
1450 0.26728910267914313
1448 0.5051747073973694
1449 0.2707892304180003
1451 0.2809421161905916
1452 0.6436803363485534
1453 0.7257224690916309
1454 0.3192966633382365
1455 0.07504637314082604
1456 0.022183802760899752
1457 0.07845129944375313
1458 0.4192509193003631
1459 0.3488759409623241
1460 0.38830021809742904
1461 0.24816714366634188
1462 0.656558123245634
1463 0.1603101797169478
1464 0.6506017236210515
1465 0.20923750181744885
1466 0.32874520883963154
1467 0.34995549419607985
1468 0.7487033853235702
1469 0.05551803046491534
1470 0.5758592416085061
1472 0.6112565767670649
1471 0.5565032847303737
1473 0.4253148415787906
1474 0.07982905494633184
1475 0.4119150697344539
1476 0.09002038412254879
1479 0.004334623798363102
1477 0.24463335794484198
1478 0.2227630609063215
1480 0.4615868734001577
1481 0.06294451467230391
1483 0.05218609135831854
1482 0.40834953819104025
1484 0.708391743338937
1485 0.33822165135496934
1486 0.18723709655725845
1487 0.5848211046300265
1488 0.18679609413255754
1489 0.19187188675218061
1490 0.24783092364036718
1492 0.6035518940165517
1491 0.029220660946281177
1493 0.2492333504347631
1496 0.5213885625201381
1497 0.05657319310387715
1499 0.2367066953846263
1498 0.7944045884866877
1500 0.08483286517357587
1495 0.3311300099275909
1494 0.49886526314442525
1501 0.3374029679862495
1502 0.020880873133605305
1504 0.5382489345757882
1503 0.5525759439063744
1505 0.05574287153853758
1506 0.17581913288764206
1507 0.6707430762397372
1508 0.38063643215240217
1509 0.915922618683743
1511 0.38599377824883807
1512 0.44624749073232595
1510 0.630960401538909
1514 0.7401018153571445
1517 0.11873181189871963
1518 0.17120117455258058
1515 0.4185486072104481
1516 0.32352907475391507
1520 0.44824398353082034
1519 0.33202506959557576
1521 0.06515097131947177
1522 0.5070424277589977
1513 0.1839663631413195
1523 0.00382502172195697
1524 0.5051685390099041
1525 0.18409122034589262
1526 0.26509062902362884
1527 0.39853949252031057
1529 0.6122328872150561
1528 0.32395304069886577
1530 0.5099836936293304
1531 0.3309696237263381
1534 0.5357388445989345
1532 0.3324466880000392
1533 0.37701228389071334
1536 0.0609916781707808
1535 0.231177978872553
1537 0.3337645499077951
1539 0.04819645104678002
1538 0.6211296544708184
1540 0.041313609643132757
1541 0.18651460578406798
1543 0.3288670916466572
1542 0.34121620803384883
1544 0.20337412473440275
1545 0.692758829609178
1546 0.29728830724730815
1548 0.5501505876271906
1547 0.32853711949857956
1549 0.24551452440955046
1551 0.09472887342363256
1550 0.230543871154277
1553 0.7685549300217592
1552 0.1766461447557117
1554 0.5894507390730047
1556 0.254760383327492
1555 0.9957386642977568
1557 0.967295858929552
1561 0.2995565994456355
1560 0.7548992231410876
1559 0.5001933538930663
1558 0.5386721457284852
1563 0.02076369181289188
1564 0.9999856312637213
1562 0.47487767851521234
1565 0.46634611848186674
1568 0.24739961317447942
1566 0.8351450927971609
1570 0.3560856118513362
1567 0.5743615534538238
1569 0.7838485669616639
1571 0.6582568946181974
1572 0.7809526795298466
1573 0.3913521461985155
1576 0.3244862627958996
1574 0.23410828770567252
1575 0.48877216840167304
1577 0.08594244711051456
1580 0.08949061293842607
1578 0.7258406989201683
1579 0.6077753491670863
1581 0.5083783202193052
1583 0.35986799204636855
1582 0.2852850185315649
1584 0.06524996985152832
1585 0.31173639641361545
1586 0.35743706000093045
1589 0.25024357832197625
1588 0.5995936417266768
1587 0.8768696417752887
1590 0.540798560025749
1591 0.0929578810509538
1592 0.13366863031434809
1593 0.7517902022179213
1594 0.44243550027562334
1595 0.08317062380566347
1596 0.35495886876927846
1597 0.9468293103496225
1598 0.9943131753899688
1599 0.2697927855177225
1601 0.9000769155735645
1600 0.3819495776554385
1603 0.9946543805835972
1602 0.9304031870128293
1604 0.3888274289475871
1605 0.5566420308861497
1606 0.4175233805555323
1607 0.10073783011560661
1608 0.8643998887406834
1610 0.3041013095547821
1609 0.671972223098107
1611 0.9213039787308628
1613 0.3482079459300815
1612 0.10380017705877768
1614 0.4708281438369635
1615 0.38023185850053703
1616 0.5531459063117733
1618 0.19793158141450032
1617 0.24981401746045606
1620 0.33141852605368827
1619 0.013061205627652922
1621 0.08497254188187967
1622 0.7102071955894308
1624 0.39955843199572594
1626 0.490768801644868
1628 0.01492013757425184
1623 0.4092182725270289
1630 0.6271355873304795
1634 0.762123571433478
1629 0.9973721975986363
1625 0.388522741066241
1632 0.2990395640678929
1633 0.33953428343728126
1627 0.41885446148140654
1631 0.007079572341297683
1635 0.21633691884590983
1636 0.1515024735433008
1637 0.40627223892980796
1638 0.2971750031983053
1639 0.7726010783645361
1640 0.6439722529446843
1641 0.3135071630666482
1643 0.038052330310887485
1642 0.640991009521361
1645 0.5244884596459395
1646 0.24945819091068364
1648 0.4221331163532353
1651 0.3218686089321837
1650 0.26123614913591353
1647 0.6121586882123423
1644 0.21890417795794645
1649 0.2798488410788966
1652 0.03356056892755625
1654 0.16891822323775296
1653 0.8308470364424806
1655 0.4532206830651548
1657 0.43267356312307886
1656 0.49813187712860557
1658 0.3333333333333333
1659 0.6448273643038067
1660 0.1959229695766661
1662 0.4750112444151606
1661 0.3684071806052124
1663 0.4678935355045673
1665 0.34446759581374475
1666 0.07646053975928088
1664 0.30121928768196843
1668 0.2922879109815443
1667 0.10911001618427547
1669 0.6017134524342916
1670 0.18874314951437424
1671 0.7370584287874526
1672 0.2847501986774414
1674 0.4912431643766232
1673 0.26607580364878214
1675 0.3014209421618754
1676 0.9807794313095612
1678 0.4792308607137661
1677 0.3616535053651425
1679 0.044983383722919955
1680 0.7810533781477043
1681 0.31359314044670067
1682 0.20272293507080144
1685 0.018202308755588197
1684 0.18421372904640335
1686 0.09154005658624578
1683 0.11452195701719932
1687 0.9756388144306034
1688 0.6692746639040998
1689 0.03400044150249227
1691 0.46793992715280175
1692 0.342419459560252
1690 0.8986413963357073
1693 0.2847523152549338
1694 0.02140693651800606
1695 0.37216193420919647
1697 0.15618434402127196
1696 0.1774998135311964
1698 0.10010996439156566
1699 0.18571884576032566
1700 0.10248387441644984
1701 0.8662220574555352
1702 0.030776562828817376
1703 0.7382220985660907
1704 0.22010443956541262
1706 0.4267845019020177
1707 0.633226159840161
1705 0.668363686599194
1708 0.0821271558823593
1709 0.46734390084446337
1711 0.6254294330103782
1712 0.7378918537999375
1710 0.868361521576738
1713 0.042680087435449876
1714 0.038685552770063025
1716 0.9769573732007062
1715 0.3061532122083426
1718 0.16147567183542574
1719 0.4933083424844585
1720 0.3172495678226258
1717 0.08510496324680725
1721 0.1607409372056202
1722 0.7676155576022468
1723 0.40982465327862294
1724 0.22421838817660064
1726 0.2529117611833019
1727 0.708942264166675
1728 0.24274695828812154
1725 0.6283246826652024
1730 0.031026630811404585
1731 0.899595725154786
1729 0.4567179482128356
1732 0.9220982129279168
1733 0.31837306180996156
1734 0.6295195842275209
1736 0.22587545033973044
1737 0.26771260316844847
1740 0.7072456889732633
1735 0.3858758811225634
1738 0.05612817849756254
1742 0.2883812943602575
1741 0.8778779085276048
1743 0.12044352595728389
1744 0.5491278157359297
1745 0.5515169505581778
1746 0.7630454113257374
1747 0.5918020170926322
1748 0.4625983520759029
1749 0.37847930189288564
1739 0.31551800640448036
1750 0.015056403232654116
1751 0.8314913419756802
1752 0.5645347056155441
1754 0.021709762319251424
1753 0.12328795846751425
1755 0.4481977053177853
1756 0.4141336432326219
1757 0.6910732398984455
1758 0.560415279934916
1761 0.4143305130875186
1760 0.48385127721139776
1759 0.03088071055797576
1762 0.1480567545988191
1764 0.30370582454587713
1763 0.06024767379149355
1765 0.16113422518082302
1767 0.20584285096016108
1768 0.35641962765570095
1766 0.2627136948674799
1770 0.13874937063541198
1769 0.34537832424797815
1773 0.5537397991925904
1775 0.06324591221497163
1772 0.11321987509727091
1771 0.6753434373795014
1777 0.05122977784962604
1774 0.10457149113326852
1778 0.44094937504691206
1779 0.6782031301396115
1776 0.5861535483763782
1780 0.49084744058220026
1781 0.11057039049913114
1782 0.0590005689035563
1783 0.22248484481955624
1784 0.591032912092941
1785 0.9648288235205297
1787 0.02466936291402784
1786 0.7923251291981482
1788 0.013096476930467138
1789 0.4577201340332655
1790 0.9268390149967917
1791 0.18160700732915805
1792 0.028102278610898663
1795 0.4987551327348948
1793 0.0747052796008767
1796 0.07810861469850093
1794 0.41517332188826894
1797 0.5716816587674303
1798 0.1755312444147612
1799 0.41430079238944
1800 0.35725963209453804
1801 0.9789311544327883
1802 0.9452543110368593
1804 0.054263327221690055
1805 0.17929757613237
1806 0.9571730396092835
1807 0.05802297639910198
1803 0.4911298563680211
1809 0.05930967978574751
1808 0.17831854729678318
1810 0.4510526537360259
1811 0.5227936524680024
1813 0.21708463517274187
1812 0.2818383936086454
1814 0.335828515603882
1819 0.230488626310675
1818 0.19989310322123383
1816 0.5016671630075192
1820 0.1921746059377889
1817 0.13888845164600958
1821 0.36015567287075895
1822 0.15951239055305103
1823 0.4233242635840337
1815 0.25773768558733456
1824 0.13252273737479217
1825 0.12130831474897719
1826 0.596823192195241
1827 0.182456693821704
1828 0.07515866040750944
1830 0.3110383494145211
1829 0.24888794848386564
1832 0.32273670245949077
1833 0.3641974498932515
1834 0.43589778460703177
1836 0.32562844166228055
1838 0.29381505750822734
1837 0.5282596905071648
1831 0.42900708835146967
1839 0.6850713102172404
1835 0.11368353027293925
1840 0.15827001828489137
1841 0.32616922777848284
1842 0.04651636723874027
1844 0.1426876689888044
1845 0.4082803271161641
1847 0.2737987721682477
1848 0.4979343257988975
1850 0.07044982977780465
1849 0.7900469025647353
1846 0.05365469864662515
1843 0.006187260917312203
1852 0.21425400912121856
1853 0.40981330758664236
1854 0.20787450992595183
1855 0.18241194547167217
1856 0.02534184481174028
1859 0.05285914226873164
1857 0.21563750336502463
1862 0.4808709465823988
1861 0.355472119459099
1860 0.295129546597582
1858 0.4837326266864162
1863 0.06280557557563386
1851 0.5270550437148012
1864 0.5476520829353287
1866 0.17037707639919902
1865 0.6982576330963881
1867 0.5809928410544902
1868 0.602363630984731
1870 0.6272395526099678
1869 0.41148379650247013
1872 0.5271744978316494
1871 0.3797998594126935
1873 0.5616714365823261
1875 0.33333333333333337
1876 0.02602709205505123
1874 0.0022943819898702676
1877 0.30903295417662585
1878 0.6274834132043242
1879 0.1254068119624944
1880 0.39778493754722993
1881 0.03034978286197547
1882 0.32989442976368333
1883 0.3752844876910296
1884 0.5435918741512724
1885 0.1724388416807282
1886 0.08272538017402155
1887 0.6415995570232309
1888 0.4228027445618581
1889 0.061236687889695725
1891 0.26089808522676317
1890 0.37774396081419026
1894 0.015738050724866632
1895 0.0015531630179709112
1892 0.28268131211885345
1893 0.6994574262661185
1896 0.5412611583715683
1897 0.2764504961036384
1899 0.2146399870676882
1900 0.5183571131230355
1898 0.21550231157381142
1903 0.3867907109650936
1902 0.7493490363430937
1901 0.42536150259338823
1904 0.38929347613984644
1905 0.051813568635903876
1906 0.24435320142089398
1907 0.01775703779293029
1908 0.8042707500537677
1909 0.39213295598861414
1911 0.024846392439044334
1910 0.2262745117536219
1912 0.1661960831880446
1914 0.37865433513826857
1915 0.08728673151471035
1913 0.35986656115145343
1916 0.15435461546779494
1917 0.66722123257961
1918 0.5900148023441483
1919 0.1420058635713564
1920 0.00595252852179461
1922 0.37730316269351316
1923 0.12696300542761435
1921 0.28340455970297607
1924 0.05227351138855873
1925 0.281753692747731
1926 0.04724472986017575
1927 0.27376419588257594
1928 0.8932087729289553
1929 0.207100654713549
1930 0.20641671196173808
1931 0.11731316604238567
1932 0.30249086018309307
1933 0.9963283134223494
1934 0.4928115870354334
1935 0.005471647872034681
1936 0.6824600085176867
1937 0.020333671269934968
1938 0.0944915499012498
1939 0.25210546368970504
1940 0.3626321065623231
1944 0.2626891198589967
1943 0.20677772827122215
1941 0.19181429394597815
1945 0.4281670498205544
1942 0.015483243119020022
1946 0.2857917816188006
1947 0.2359091496308132
1948 0.684468764147098
1949 0.15011134912477186
1950 0.014113390156658313
1952 0.04415720979355379
1951 0.8628498490197073
1953 0.1975605915302591
1954 0.3276871540125579
1955 0.2702345241292921
1956 0.7261875353164524
1957 0.05838181993353026
1958 0.4286670884397223
1959 0.2772414707946445
1960 0.11776067512025064
1961 0.3289715588892847
1962 0.4969421566666376
1964 0.4200643900583631
1963 0.40807991846384667
1965 0.15536350458243564
1966 0.26854672991068035
1967 0.05398448366363284
1969 0.06088147244134733
1971 0.17647095975212646
1970 0.6613795330201014
1968 0.1587180063831722
1972 0.05030662561638
1973 0.520749164742969
1974 0.015098949407182646
1975 0.05100937971908087
1977 0.07547153791378795
1978 0.19800827220868816
1976 0.12050912241985072
1980 0.34652668360079103
1979 0.6987326123613562
1983 0.16530831756352796
1982 0.534330087315936
1981 0.937146853274703
1984 0.21044258116585376
1987 0.7126156308048036
1985 0.5653665499605443
1988 0.1987717543545113
1986 0.3981400718974389
1989 0.5147761082394662
1991 0.4647890237651391
1990 0.2782858178543388
1992 0.03753351573000371
1994 0.5676038955943752
1993 0.2255716561304336
1995 0.18599499799391073
1996 0.1531938862894567
1997 0.22893431869019246
1999 0.08284558848030031
2003 0.09526107151917984
2004 0.1780491005651671
2000 0.7057170059036312
2001 0.20328826025281177
2006 0.3024741370545669
2007 0.6967098801683603
1998 0.8281403490969913
2008 0.37388035162680505
2011 0.10853807107724409
2009 0.21522262632536385
2012 0.0780824511024517
2010 0.21626132066298653
2013 0.35210505103188455
2014 0.3926238496250679
2015 0.173505872191504
2016 0.03364295478786649
2018 0.10372922909408246
2021 0.33520453891442065
2020 1.6664003167573773E-4
2019 0.26841717952928595
2022 0.5407684704199878
2005 0.6823265220953018
2023 0.39866136426324406
2025 0.1823980817971704
2002 0.07783322499626935
2017 0.7518024132730871
2024 0.43838354976005944
2026 0.14438256920056497
2027 0.8525232657378737
2028 0.3756951190212979
2031 0.07234034777325338
2029 0.07936831514537761
2030 0.5033941355482396
2033 0.3714242822582705
2034 0.04232135316533451
2038 0.825962625970583
2037 0.2666940226129964
2039 0.40096232540877297
2040 0.8865246677349264
2041 0.2377107921261053
2042 0.07564456335553045
2045 0.7584549732986106
2036 0.03112553858741875
2046 0.17364957603441625
2032 0.6091102230042137
2044 0.5400355696842821
2035 0.06697725786217487
2047 0.09630401650806286
2048 0.6180158791901929
2043 0.4415032282353371
2049 0.26582066059542725
2051 0.5100522759361328
2050 0.49597803300128585
2052 0.17831017804242982
2053 0.045707879769459316
2055 0.26917102539485793
2054 0.6054464565790183
2056 0.42339855834431095
2057 0.9264757197011142
2059 0.9198157837171758
2060 0.12184320905476799
2058 0.6403676468172099
2061 0.010513057611547296
2062 2.5635413322071303E-4
2063 0.04819142122911443
2065 0.33075643409335576
2064 0.23953344613775537
2066 0.43871806637178196
2067 0.40347065344133676
2068 0.6904734152419391
2069 0.027470240572712835
2070 0.46834896075710075
2072 0.5421769647700956
2073 0.3350362859122715
2071 0.553989046134963
2075 0.020169778613906824
2074 0.7834919022770681
2076 0.8952216803728471
2078 0.12274511452907703
2077 0.7926783759578058
2079 0.5398011034724776
2081 0.06366068916257218
2080 0.1565365315805643
2082 0.433091480171506
2084 0.2029301816414366
2085 0.16850597450706964
2083 0.22856104124091806
2086 0.2160502695215079
2087 0.09504980102780294
2088 0.14900220999928715
2089 0.18731846560101686
2091 0.4751041690914591
2090 0.2543868964375399
2092 0.6493973767696218
2093 0.8938192628302243
2096 0.1353371276550045
2094 0.08469066422227475
2098 0.17322263738677218
2100 0.9669111964336781
2095 0.3099917763928277
2099 0.6005854090351789
2101 0.031092082682612487
2102 0.13787136617552412
2103 0.7610258742495164
2105 0.17259343759496137
2104 0.22822063957846783
2097 0.4516831121474153
2107 0.11390386449084229
2106 0.15017044127638451
2108 0.10149505992391729
2110 0.07403533688422372
2111 0.3973664120414001
2109 0.3101435690302242
2112 0.22474027159111926
2113 0.1721521814774383
2114 0.3117132585832617
2115 0.10656010835768315
2117 0.299426963081247
2116 0.39349352012619937
2118 0.7893052019810688
2119 0.40480663056341304
2121 0.11858965452420452
2120 0.1832560682319629
2122 0.10500248137222823
2123 0.8746271065078611
2124 0.09591104545413029
2125 0.06129442785490294
2126 0.7190286240120338
2128 0.23044344121684054
2129 0.4481023788863589
2127 0.1383645467190212
2130 0.08794888545460834
2131 0.041143376765467664
2132 0.15530393887043314
2133 0.6342748876666481
2134 0.750165210572061
2135 0.018247838410108224
2136 0.5536809195897959
2137 0.5301182204756074
2139 0.4616831250958602
2138 0.12006603556403847
2141 0.25457498157234004
2140 0.09124087388935981
2142 0.047619102688718884
2143 0.034005801293159506
2144 0.5837540061381757
2147 0.2395349000695962
2146 0.34061569198059716
2148 0.37898807234620324
2145 0.4035041262966558
2149 0.05671905112050736
2150 0.3141230511058545
2151 0.17965963527215395
2153 0.06518770372036406
2154 0.7625029484702961
2155 0.1676047991816876
2158 0.9186863045889226
2159 0.33357279919985566
2156 0.3401886868312534
2152 0.4232184937804482
2160 0.20244691085502492
2157 0.41116489495233494
2161 0.2893519402487401
2163 0.5993714939997868
2165 0.039258764736587015
2162 0.29216153921333976
2166 0.2428105599031907
2164 0.36667186850453287
2167 0.7116574062934081
2168 0.16635337330457592
2169 0.5403785771396463
2171 0.33992775660214813
2170 0.6716823538740091
2172 0.08695645061824325
2174 0.588174825002136
2175 0.4859404509776918
2173 0.6968780472336074
2176 0.20734535438880541
2177 0.48726703491332035
2178 0.1895954784604146
2180 0.2981212436076046
2181 0.3551248461521877
2179 0.4374745690656414
2183 0.44162908714469407
2182 0.5899248547483076
2184 0.016481341464823017
2185 0.5821388576324935
2186 0.900643944939198
2187 0.01951184318876704
2188 0.008043097053826899
2190 0.12710375630417003
2189 0.11608876473045752
2191 0.036853665896608635
2192 0.6447769177912966
2193 0.5209880572578607
2194 0.28092574723786184
2195 0.4900695438127597
2196 0.4034331992667378
2197 0.1587956136597711
2198 0.640918551053796
2199 0.8235680183160945
2200 0.12958202360757484
2201 0.0018826241836093945
2202 0.3972132385612506
2206 0.004024278348315549
2204 0.2801805389007933
2203 0.47509411196602097
2205 0.021903399284562662
2208 0.0415543583277384
2207 0.4681081688122186
2209 0.40742008985506856
2210 0.7223182482666786
2212 0.9078763004315259
2211 0.3839726095058729
2213 0.2450631252692448
2214 0.33081048692840226
2215 0.38557218550650246
2216 0.7908206522410468
2217 0.40396850072827767
2218 0.09227034336359076
2219 0.8561905757780048
2221 0.5183008946231367
2222 0.6612580979461438
2220 0.11475367195214735
2223 0.36293030888107375
2224 0.05471524154759305
2225 0.7041673067910738
2226 0.8347351811363362
2228 0.2243941319823954
2227 0.3862543711567256
2229 0.8994367391308908
2230 0.3080848759105587
2231 0.5140869323680767
2232 0.8909944966756402
2233 0.29280603298577684
2234 0.007398417377399962
2235 0.48410933974432924
2236 0.23913438301531525
2237 0.09421510392821365
2238 0.5719223496078883
2239 0.4230254742766475
2240 0.17022300477824112
2242 0.6840952749507675
2241 0.04308720173309156
2244 0.20794192929173966
2243 0.28644176100011226
2245 0.7133975249204383
2246 0.9343548273589795
2247 0.7387839557210114
2249 0.4923237424978511
2248 0.47251428314364124
2250 0.5297995798404482
2251 0.1634179331922868
2252 0.36904683780214875
2254 0.8109486698925757
2253 0.21293254105973605
2255 0.325802401440243
2260 0.44426753146025005
2258 0.2607410608606645
2261 0.21837131191310485
2263 0.6537340724737144
2256 0.1708211381733457
2259 0.02169714006126877
2262 0.43875823920746
2264 0.8110549843027638
2257 0.577105457153673
2265 0.5682235455884233
2266 0.27063526381958897
2267 0.7169147873104097
2269 0.12917729484770202
2268 0.36143391369862077
2270 0.15304244483075327
2271 0.06048869218408407
2272 0.0990459895826257
2274 0.18507347294066914
2273 0.4679639213211328
2276 0.03519417066543637
2275 0.516535550563288
2280 0.7164621163805337
2277 0.5554524774866453
2278 0.6514657926344065
2281 0.15091062907684152
2279 0.013589065093640464
2282 0.6639306787006797
2283 0.0069565190889017865
2284 0.6207755913562656
2286 0.2706049433054786
2285 0.16878995202643773
2288 0.20863330556519227
2287 0.17309099438838885
2289 0.11981282522067249
2290 0.05602146474831121
2291 0.5818062321193844
2292 0.8673849135795625
2293 0.1968503824963994
2294 0.21085906939981638
2295 0.21919891855012283
2296 0.11414015087604906
2297 0.0349293371872536
2298 0.4979376927830494
2300 0.3935107287524521
2301 0.5421001694525479
2299 0.39647137775006597
2302 0.1419343843042057
2303 0.23444964070837587
2304 0.21939501755656698
2305 0.5687150594552494
2306 0.2602261424290709
2307 0.3306111388916373
2308 0.420621532354122
2309 0.08802801409683718
2310 0.11852266980139145
2313 0.14560259415004784
2311 0.8183720718782546
2314 0.7717562509255635
2312 0.357668484067831
2315 0.22534331190975132
2316 0.2722956121152666
2317 0.1867451447910129
2320 0.519199107040926
2318 0.2374295284438004
2319 0.3469630650092591
2322 0.1286266851161734
2321 0.4815841149754391
2324 0.43139033026519236
2323 0.5867414470229232
2325 0.3610554261857384
2326 0.880574438017083
2327 0.012794660275963854
2328 0.08849699703962563
2329 0.6395741962563708
2330 0.8392119636612391
2331 0.19599005284659046
2332 0.08315367081237625
2333 0.23363357575952995
2334 0.5162297147658192
2335 0.15412912628742448
2337 0.9864238513754419
2336 0.8639287869975238
2339 0.22401152191672125
2338 0.19096318023100162
2340 0.26189464956153513
2341 0.9121244901710753
2342 0.4331800069018438
2343 0.4806167070984743
2344 0.6026934408053763
2345 0.3806363368045076
2346 0.9954427842054404
2347 0.028142077176808916
2348 0.4653363861404097
2350 0.9014037252141304
2349 0.02286285447237644
2351 0.0889761659495823
2352 0.2729906154121138
2353 0.6729353116073694
2354 0.017522054660402898
2355 0.2807788731328769
2356 0.6386833109987466
2357 0.9908982722762917
2358 0.6160086989887117
2359 0.7195124732301862
2360 0.07633149894450987
2362 0.2965186544821819
2361 0.49697184896403357
2363 0.42844988184023225
2364 0.07605869811696248
2365 0.24673569646788293
2367 0.09920114755162339
2366 0.6265392727228847
2368 0.7134458928811974
2369 0.06651721114165841
2370 0.22420019430394222
2371 0.5662954448020826
2372 0.21886452314784147
2374 0.02242713658337128
2373 0.2895812728328556
2375 0.27516825532377115
2376 0.39971555446297136
2377 0.8561019057691177
2378 0.26998533382939455
2380 0.009044266900536004
2379 0.15249374837834986
2381 0.1730121634047154
2383 0.6047549462277316
2382 0.01681794433158427
2384 0.8041312200311475
2385 0.412775375043334
2388 0.44217217335682013
2387 0.02577561457576624
2390 0.583492377420684
2386 0.34868911923336987
2392 0.17008556932357308
2389 0.009027292524082783
2394 0.4323174127803012
2393 0.35094905752661876
2391 0.3302212478395773
2396 0.11008603413662855
2395 0.24896895175065983
2397 0.20915760785925225
2398 0.2936396746145189
2399 0.5371948609957348
2400 0.2866251713180248
2401 0.09112734468542044
2402 0.367969005730813
2403 0.10445875174496087
2404 0.5145302155601547
2407 0.13739944270988688
2406 0.028195800746512834
2405 0.21047203468943695
2409 0.6453827841122668
2410 0.32231441465025934
2413 0.6134704794083591
2408 0.06453414721231752
2412 0.5597050442234591
2414 0.5848161933585224
2411 0.2075323136103768
2415 0.603301649696898
2416 0.30515036248487626
2418 0.08982435531865421
2417 0.43102932890830664
2419 0.27163687296103767
2420 0.19271923307284894
2421 0.19554471558670622
2422 0.16403525290211213
2423 0.3087262149576051
2424 0.46068189786549807
2426 0.16321340145285518
2425 0.6566854482807953
2429 0.06257331520394241
2428 0.43883430666594136
2430 0.10971999970393873
2431 0.10027893735309973
2427 0.10962007609070204
2433 0.28855517761272276
2432 0.23530844273274842
2434 0.515797471851903
2436 0.7806974636293212
2435 0.3229784671574249
2437 0.2717473189924484
2439 0.05748051071451312
2440 0.3923443377930738
2438 0.7089167640690092
2442 0.2671897268359423
2441 0.18287435272009017
2443 0.04463813002989389
2445 0.6791762427064821
2446 0.152776843171491
2444 0.4215969092151522
2447 0.6549347035653262
2448 0.3076587256542772
2449 0.3189912898985978
2453 0.34081333983768697
2451 0.5545288060962308
2452 0.18215514249175468
2450 0.6956250764112928
2454 0.6648785895281095
2455 0.8204308791056003
2456 0.6223168023355985
2458 0.12622098871232015
2457 0.21615714275787884
2461 0.3034098436698517
2459 0.1995541848560778
2460 0.28701525905667336
2462 0.8316740243646341
2463 0.23753462992473842
2464 0.25946739067262975
2466 0.6144417864805544
2465 0.11235973084213834
2467 0.44853927516528014
2468 0.044669338128192244
2469 0.7427928152532038
2473 0.22532349230478574
2470 0.15586298795005973
2472 0.42462490166747063
2471 0.0033451033109324125
2474 0.4976091933657917
2476 0.23931105546935721
2475 0.6069558677051153
2478 0.2525437739380237
2480 0.3599401884721413
2477 0.9382870983945559
2479 0.3774239014643062
2481 0.2731350100876011
2482 0.1441262866946694
2484 0.1939563538553783
2483 0.4766568791219563
2485 0.35563240137004026
2486 0.26696525682595407
2487 0.09550612501593746
2489 0.3220441399499827
2488 0.8138915738913006
2490 0.3528176692049539
2491 0.2087349132488675
2493 0.8754288355582592
2492 0.977969487377962
2498 0.3451642521980467
2499 0.1818233176958374
2495 0.206002201096484
2496 0.5475695212805193
2501 0.36614981270230484
2494 0.5493670964524916
2502 0.009021281660168802
2505 0.4533177828248727
2503 0.23242910098945835
2500 0.30784360688338747
2497 0.22248307780265567
2506 0.14113327462464922
2507 0.25226772564477384
2508 0.39418707784289986
2511 0.20962976255549923
2509 0.8310753122757268
2504 0.18731481638066505
2513 0.2948511337609954
2512 0.46101916131235965
2515 0.13591662546944183
2510 0.24075033685010339
2516 0.06503529208700838
2514 0.2233581970656588
2517 0.6051425618446976
2520 0.14948922485081304
2521 0.6062078360722883
2518 0.41938465871325664
2523 0.403270547136855
2522 0.33150288673376593
2525 0.5973076716894801
2526 0.35215258102411723
2519 0.15650533666149288
2524 0.24796747483289763
2530 0.12409300082220491
2528 0.29080085437955694
2533 0.3979014683793986
2529 0.029089392517920486
2536 0.17596071474861152
2535 0.22489973224773413
2531 0.4845821541545356
2532 0.29442465059662903
2539 0.3748165903159687
2534 0.31658941269394236
2527 0.13000433367083586
2541 0.254362178554108
2537 0.6740206891483613
2538 0.4612086507950535
2543 0.593862908077231
2542 0.16044797302283864
2544 0.2175329145343189
2540 0.8690436815703756
2546 0.16166889438713358
2545 0.3617578591254903
2550 0.4919519069121828
2553 0.34138539901868037
2547 0.5473006904979512
2549 0.12185933209167062
2552 0.5566120715839853
2554 0.17249100829295194
2548 0.7337357080296076
2551 0.4136456532556645
2555 0.053631522975780395
2558 0.24560032309106059
2556 0.11927071314348835
2557 0.1416993222705789
2559 0.796255959570137
2560 0.5756734922632585
2562 0.3319559026712968
2561 0.2182430498355561
2563 0.5883425458539723
2564 0.4503130888207858
2565 0.6370369916332097
2568 0.010988354063374551
2567 0.5694111060613061
2566 0.33168000824009575
2569 0.1976133472972161
2570 0.48332486295503313
2572 0.34748821308509015
2571 0.5328962015134844
2574 0.07375662430957611
2573 0.5845655029179136
2575 0.7458254423558276
2577 0.08480637835999331
2576 0.9969170855390742
2578 0.008571642979594918
2579 0.32108741443857997
2582 0.16325960161081773
2581 0.02390099693017134
2580 0.2831658096965655
2583 0.1246388349582783
2585 0.648889589578664
2584 0.14624261507180922
2586 0.34697763014595073
2587 0.3915697852916688
2588 0.43546072201581076
2593 0.044855850996576345
2590 0.05288770599180271
2592 0.9526527874432994
2591 0.6925337900073006
2594 0.0755159244790878
2589 0.06557219214904095
2595 0.11021292499330701
2597 0.7170815565102936
2596 0.5053884337444507
2598 0.3569023301127086
2599 0.25129465391666256
2600 0.9742490874296676
2601 0.7907783464627551
2602 0.297395892284593
2603 0.23832643512008947
2604 0.920250222900627
2605 0.030543055068277675
2606 0.008575525068298905
2608 0.25613990939908815
2611 0.6356129978448913
2610 0.42133821630690443
2612 0.49980318918202027
2613 0.5895141339154566
2614 0.3693613287403204
2617 0.1605561263249841
2615 0.07620412476205486
2616 0.41820141176131514
2618 0.03774520167409129
2619 0.011043466649521964
2609 0.10486242088257709
2607 0.8349733297183457
2620 0.18018158173116364
2621 0.11453009461300426
2622 0.1774095011574622
2623 0.24377297957780786
2624 0.3333333333333333
2625 0.32736138393173597
2626 0.26427788495584664
2627 0.31940683091140054
2629 0.3796453466065917
2630 0.28106293087291206
2632 0.7624568971521987
2628 0.6777936270488042
2633 0.7747211678933812
2635 0.38192354034574416
2634 0.5027684842793136
2637 0.09782013348069728
2639 0.3095320206837882
2636 0.3973984638356768
2638 0.7660856471398829
2640 0.47663190859256555
2631 0.48550659026529214
2641 0.26319286279169096
2642 0.019631054245965666
2643 0.23129265416389053
2644 0.14827792949475735
2645 0.7386711601278977
2646 0.5328850458888681
2647 0.9901094794903468
2649 0.6652913664591521
2648 0.33134098568063197
2650 0.3451316684423788
2651 0.5297530498224419
2652 0.2520773939059211
2653 0.12079624207384755
2654 0.11271351228089871
2656 0.3011437676587275
2655 0.4412596656203476
2657 0.42292485869176666
2658 0.5293553304963796
2659 0.3904912831852232
2660 0.2463693571576099
2662 0.5135135899309078
2661 0.3165955096361415
2663 0.1557794194199966
2664 0.2873146682851793
2666 0.21969317639083613
2665 0.28318446005908565
2667 0.11209635070712713
2669 0.8477469839778272
2671 0.6874272341454902
2668 0.7245855104224503
2670 0.9825143776422173
2672 0.021238806524180392
2674 0.06894820888409169
2673 0.16781743694738988
2675 0.6463967960210273
2676 0.7019217534251481
2677 0.4347579276400478
2678 0.7332980222400106
2679 0.569046238165618
2681 0.6453840189690876
2680 0.4341978014552796
2682 0.3281253112793698
2683 0.9705472643360137
2685 0.49572388368578607
2684 0.1870224526029865
2687 0.06066972168726761
2686 0.12158464914155503
2688 0.36743131275192215
2690 0.8943362990931506
2692 0.5179249732495261
2691 0.6733857830916847
2689 0.1901407228229085
2694 0.676080183817785
2693 0.22786717790048705
2696 0.12588942165736672
2695 0.16185321108675854
2697 0.4223086537562356
2698 0.22093268796135107
2699 0.5020538295267014
2700 0.42032425784960586
2701 0.4971025191011929
2702 0.4969699291509362
2704 0.9999276077215611
2703 0.08814743522326351
2705 0.0639733769571474
2707 0.1958677929782444
2706 0.1580064888462477
2708 0.1104787942805859
2709 0.1976180262755808
2710 0.08241989364722706
2711 0.1133234685828154
2712 0.9310115923261867
2713 0.010597045115051005
2714 0.27377435123718336
2715 0.30923112126078306
2716 0.10357100248716122
2717 0.3148132109669884
2719 0.15170833136287878
2718 0.9935212166329898
2720 0.02362702664677196
2721 0.4799476936515875
2722 0.35157165826441783
2724 0.025683328565612153
2723 0.2514151991976432
2725 0.7651389383459242
2728 0.13540444673626847
2726 0.2061972035870168
2727 0.6452271452026738
2729 0.5683464154537539
2731 0.4636947170542606
2732 0.8329235647456693
2730 0.04199175219825849
2733 0.3210588988574001
2735 0.07795163972412288
2736 0.1974793779580798
2734 0.31281527038001766
2737 0.7248240116674426
2738 0.23470444242426294
2739 0.33082034539644456
2740 0.44116813307643826
2742 0.15693525712571496
2741 0.39904976931241876
2744 0.515535971834793
2743 0.1094681002443289
2745 0.5606326511222691
2746 0.5186437360817326
2747 0.4776361744786554
2748 0.2240499217574563
2749 0.09816793186188659
2750 0.6968958916633334
2751 0.43447580319426393
2752 0.1880691900212027
2753 0.7145149500687931
2754 0.30400572418009386
2756 0.2732762633405425
2755 0.864062040293998
2757 0.44508103698383306
2758 0.1917641823648335
2760 0.30887523073725204
2761 0.0646316756260307
2762 0.368887536907288
2759 0.3552662125992666
2763 0.10942635188955457
2764 0.4445582513915049
2765 0.017787319958482064
2766 0.34023273949881444
2767 0.2663292846563174
2768 0.4044331724140536
2769 0.5735427835021829
2770 0.4180740580896925
2772 0.0
2773 0.3816711597027966
2774 0.06445921698705318
2771 0.21501639949197257
2775 0.6880567905940539
2778 0.2378622445463439
2776 0.003788973310072883
2777 0.9993260300510811
2779 0.03606854324840241
2781 0.17642283132643277
2780 0.21558358301002808
2782 0.06756812636976386
2784 0.46959285748885693
2785 0.6314137815176756
2783 0.7171743466222992
2787 0.3268574317811426
2786 0.15912309876108105
2788 0.11056793884454616
2789 0.21419089243215295
2791 0.4298927053280963
2790 0.04580771173297558
2792 0.9999751597330422
2793 0.4434386555867804
2794 0.09173639795649757
2796 0.09904737838129428
2797 0.46023668621029307
2795 0.17429971608519287
2798 0.5732839292168703
2801 0.6694954648478879
2803 0.13747973000552902
2800 0.18792309641741795
2802 0.14809415995074965
2804 0.13911520208937156
2805 0.09229303022539002
2806 0.24840530373232422
2808 0.48333018302473185
2807 0.3782666387464526
2809 0.034100821531799407
2799 0.6841773329339942
2810 0.1159259885524635
2811 0.07304978411417191
2812 0.5646947059656352
2813 0.345996159098713
2814 0.08970791729721064
2816 0.22165184285768633
2815 0.5997489453885746
2819 0.7802905568511718
2820 0.5607598238143492
2823 0.819320648966957
2818 0.6951317570919259
2817 0.6707225184846702
2821 0.879015294137563
2824 0.39861336566109273
2827 0.5511387318540395
2825 0.2909400691580315
2826 0.6589033058960665
2822 0.45050453883658015
2828 0.43783684914370163
2829 0.5031631275688006
2830 0.2659329906539631
2831 0.39385875797002373
2833 0.009836967124025675
2834 0.3210027474372945
2832 0.13632125052628716
2835 0.4015205680877932
2836 0.12518293530908875
2840 0.026399139338403967
2839 0.17382156919126207
2838 0.2953480721589269
2841 0.5052069152828709
2842 0.04205836019912278
2845 0.6931754387746953
2847 0.32715026789602225
2844 0.6490995357241802
2848 0.07755975361561301
2850 0.14393660886611254
2849 0.006351766173294282
2851 0.33135703317578935
2837 0.21014547452289464
2846 0.0028988678006891507
2843 0.19599182874812313
2852 0.07413259367493008
2854 0.3731753586268591
2853 0.20000000000000004
2855 0.7164852487274913
2859 0.9998410491561317
2858 0.3456389939669826
2860 0.7832245002618208
2865 0.46860790907698296
2857 0.21606034515957212
2856 0.27255750121317984
2867 0.44461508497830776
2863 0.44465969254699095
2862 0.09299919961929577
2868 0.40470538208292567
2866 0.37287437532999085
2870 0.4578240088981883
2864 0.14758841092495995
2869 0.39644734478311483
2872 0.4873341998313822
2871 0.1296312096455025
2861 0.19753251778432498
2875 0.7219795365151864
2876 0.8793657011223456
2873 0.4237828291689001
2874 0.003984780491105205
2877 0.250219570137411
2879 0.6717486721713087
2878 0.2503795975414771
2882 0.3069503968708699
2881 0.03132560673778726
2883 0.2446102244006106
2880 0.25832189835297686
2884 0.15155869462205757
2886 0.1341470988752336
2885 0.2321133824346178
2888 0.25251443781361543
2887 0.33739858748082324
2889 0.008508326676971389
2892 0.5468113197550567
2890 0.4982390604017898
2893 0.6067015703185545
2891 0.4265277038120869
2894 0.5938358625735264
2895 0.008814459088549184
2897 0.5012633601613737
2899 0.026856742592586025
2898 0.2609538402555247
2901 0.7311272643224408
2900 0.0816327137502249
2903 0.3401374409901839
2902 0.09499356876806983
2904 0.2398222221228935
2896 0.2199036813018442
2907 0.27781885147643326
2908 0.19977864807115445
2905 0.3941569509914881
2909 0.4224707758133034
2906 0.05773268560251327
2911 0.16444863714578647
2910 0.26286958614523454
2913 0.04911117326192336
2914 0.281224934280457
2912 0.7047149785285466
2915 0.015155304834925382
2917 0.736507054898485
2916 0.06812294258136281
2918 0.1973838988401567
2920 0.5391980718777039
2921 0.8429529335799584
2922 0.521679364431305
2924 0.33385219555956913
2919 0.30038050242143194
2923 0.3389778214334332
2926 0.11995947861041811
2927 0.41317869593731626
2925 0.3047589374157861
2929 0.2349187469990867
2928 0.8107315536372394
2930 0.3043715613964568
2931 0.6828618790853604
2934 0.5999511110672238
2932 0.38791534446532994
2935 0.03618625635345095
2933 0.22310788676449642
2936 0.6361518558601217
2938 0.015045320430004797
2937 0.8227541247915208
2939 0.18666527011293643
2940 0.08455724722948504
2942 0.11231464540816888
2941 0.08219146181289762
2943 0.9419969856517166
2945 0.174371349951205
2944 0.39533926327709434
2946 0.374761675361431
2947 0.6810530109866638
2948 0.5290881960768842
2949 0.8971964504515583
2950 0.10922426158587424
2951 0.22600666443080597
2952 0.5120779582826237
2953 0.08772038096319633
2954 0.42548062159259575
2955 0.5508630510457201
2956 0.09826669116758333
2959 0.4852349537021231
2957 0.36565298895181897
2958 0.2398320921802661
2961 0.11600271595514422
2960 0.42761070447859134
2962 0.32853364996246986
2963 0.14679893495882657
2964 0.4818082139835546
2965 0.6301917711875002
2966 0.09702546421308082
2968 0.08832808586013782
2967 0.05326266027885103
2970 0.48208464341790397
2969 0.013480718221456758
2971 0.01726687795533173
2972 0.4966051273653867
2975 0.12829891304995303
2974 0.31805976702139777
2973 0.5195480192527004
2976 0.5289696730481669
2978 0.08833380046047846
2977 0.4886693466519564
2979 0.31460312031224064
2980 0.1989835399927888
2981 0.36631196902237534
2982 0.3842418933332339
2983 0.27368850742010936
2986 0.09754480469332583
2987 0.1497269702643939
2984 0.16522749043334084
2988 0.7828738319507095
2985 0.21212216592971606
2991 0.2926210060278618
2990 0.3684950374280717
2989 0.044321237674711945
2992 0.5193031374246118
2994 0.31877164861571167
2995 0.5780143948962985
2993 0.26883703807021586
2998 0.24606094774635764
3000 0.6551703204510945
2999 0.6549945380366554
2997 0.0016613454466568574
3001 0.5745450065637745
3002 0.9624236830515174
2996 0.08717537079640925
3003 0.20757681999940425
3004 0.06286483747596669
3005 0.07833287350098989
3006 0.08715607183763024
3007 0.7952524051122287
3008 0.6766989376151734
3009 0.4196458876707427
3010 0.020573227169582344
3011 0.11857581225055101
3012 0.16918629334209692
3013 0.19343588774652143
3016 0.38437240506031717
3014 0.07656231925069089
3015 0.23842713880122346
3018 0.2898519238893344
3017 0.4476386547150709
3020 0.41377052344256193
3021 0.23548877289586662
3019 0.7773734869759555
3022 0.024903822366006398
3023 0.6996562950112645
3024 0.2386776199156034
3025 0.12137196775291771
3026 0.1602036846551672
3028 0.33333333333333337
3029 0.39399083374010274
3027 0.05210036503335647
3030 0.4562116023205342
3031 0.26569992006024834
3032 0.01661865113349958
3033 0.5021385978964781
3035 0.06083820914446696
3036 0.17806525050328093
3037 0.08561349496379707
3034 0.07950494758786736
3039 0.013639289236845509
3040 0.4078471006051067
3041 0.27343116697190295
3046 0.43417074844832243
3043 0.3335371632965131
3044 0.14343822148434465
3038 0.42396710386056524
3042 0.6819743589065979
3045 0.4301183871388692
3048 0.6204452221657559
3050 0.5602830549638298
3047 0.6837263385594369
3049 0.31598186805906975
3051 0.3481658380695913
3052 0.5271864571981671
3054 0.06636209671648302
3053 0.7282399056743729
3055 0.7635140060796668
3056 0.6569190613285435
3057 0.41770468635046615
3058 0.09608306666846193
3059 0.051439896699798766
3065 0.5626170144277947
3064 0.24506061081725672
3060 0.2878892083916461
3063 0.7413877590315049
3062 0.015811732660247563
3067 0.2912040347983394
3061 0.3257684134054896
3066 0.19145764382414213
3068 0.19233757835174406
3069 0.1873893571372534
3071 0.12843954813635877
3073 0.9755065027432122
3070 0.16767128681197663
3074 0.6184768454018468
3075 0.3470388660947409
3072 0.15183176578788554
3076 0.2512282584048326
3078 0.6458752325047746
3079 0.6584811558432305
3080 0.4170272844333571
3077 0.43672129534627646
3081 0.8214642844983401
3086 0.8391967388963507
3085 0.45458739562611444
3082 0.8840264236200353
3084 0.42559728442321865
3088 0.04323791012786753
3089 0.12443690718655032
3091 0.07986447105871672
3090 0.04786050686700276
3093 0.22173597844637152
3094 0.5256141827158387
3083 0.6052978533736753
3095 0.24575729408737576
3096 0.4397224324492886
3087 0.10590254015816164
3097 0.2917476290037517
3098 0.15148241298793458
3092 0.052712716829587655
3099 0.0
3100 0.9640828987701965
3101 0.24573319768497234
3102 0.6219277479005695
3105 0.026896468615603537
3107 0.524584337697185
3109 0.19255298756547698
3103 0.020918556753608906
3111 0.26522535294465127
3104 0.5805704072658194
3106 0.4006638323528925
3112 0.05597099803419376
3110 0.23862005801790748
3113 0.22943193192194017
3115 0.1881134338886891
3108 0.26532165403119023
3114 0.4294723815833987
3116 0.14522288198594105
3118 0.07858941493329111
3121 0.15964925314940884
3119 0.428147018389549
3120 0.3340841353558444
3123 0.43365770985022006
3122 0.6261878232265924
3126 0.3116848728022156
3124 0.3882478346500834
3127 0.2220072613701159
3125 0.1732534109375249
3129 0.1889748923947728
3130 0.10089791660895239
3128 0.4078685919454765
3131 0.8227237165352012
3133 0.38273570648699057
3132 0.39207544439163916
3134 0.13988574200311193
3136 0.5394837807903393
3138 0.4952617388515311
3135 0.003736915079122198
3117 0.5176983400143128
3139 0.2517300737296284
3140 0.2342189329350633
3141 0.3378399266269988
3142 0.356220433871702
3144 0.4757276852986306
3143 0.2844374133085992
3145 0.2131086976792416
3147 0.35116109037029364
3146 0.2804676039212331
3148 0.42001173495390476
3137 0.16497151529056467
3150 0.4202950050966098
3151 0.24984920412433045
3152 0.5576072193342079
3154 0.16659413528617825
3153 0.611205661050353
3149 0.1264478283207468
3155 0.057094179328207546
3156 0.6109103720895694
3157 0.5390382684520402
3158 0.3062408816125195
3159 0.32053741816456044
3160 0.3470150955262228
3162 0.3716819360147281
3161 0.37212293402207675
3163 0.8343700296452445
3164 0.16194786562333224
3165 0.030733941277424164
3166 0.043687209264928
3167 0.4464620203374211
3169 0.8818952665319326
3168 0.13787928531464433
3171 0.039985888035570474
3172 0.3734889073048444
3175 0.24710263667694657
3174 0.4792974687429023
3173 0.33130836569439487
3170 0.2278070933005064
3176 0.9776813308939576
3177 0.45851105880705584
3178 0.59790285432115
3179 0.2440855539310165
3180 0.9996157232349545
3182 0.22828766533872608
3183 0.22603665580332674
3181 0.2709832675951671
3184 0.40835793056885106
3185 0.9999412396496655
3186 0.07893504771513789
3188 0.5860751747275402
3187 0.008123745923381788
3189 0.39117485122457785
3192 0.9617835498397994
3191 0.6591970994606379
3193 0.19004995922411969
3194 0.19296687943216403
3195 0.16262044756057528
3190 0.3705905247526661
3197 0.1957099865595257
3196 0.4160036788970933
3199 0.38578742952707823
3198 0.006007244519377497
3200 0.4420280756384822
3201 0.2195172063098839
3202 0.010536339718001626
3204 0.13414682565704075
3203 0.3589713479920473
3205 0.05642023866501605
3206 0.9822854148128211
3207 0.24400632437630787
3208 0.30548292210049
3209 0.06497674143137472
3212 0.5893765810519648
3211 0.27788685993841034
3213 0.4047847263569902
3210 0.752880853937505
3214 0.12663415278806173
3217 0.011993648621967902
3216 0.12545188335921273
3215 0.07127801468954575
3218 0.0299665981195098
3219 0.4430376536084079
3220 0.4977881605576822
3221 0.5675096582565865
3222 0.43979746508157946
3223 0.5825808126365465
3224 0.1246156701359363
3225 0.08577425832933347
3226 0.9997126007663133
3230 0.14205003465873187
3231 0.8838623946102833
3227 0.2765244264784874
3228 0.06923052781068803
3232 0.04625137870787017
3229 0.5923606778978676
3233 0.25388457445050716
3235 0.5985044200089975
3236 0.615763918484601
3237 0.7260712439892842
3234 0.10813361718028443
3238 0.40442192300880325
3239 0.24643064365411574
3240 0.22374267220819066
3241 0.04741103551678341
3242 0.913396373200724
3244 0.6741304972606778
3243 0.27285599901790253
3247 0.8041327871573044
3245 0.2067122096882884
3246 0.4966063428205401
3249 0.027529060061064384
3248 0.32034635857650334
3250 0.3225803239497048
3251 0.008656755609232073
3252 0.31854677889657057
3254 0.18993968582952495
3253 0.5391397231454922
3255 0.22284520140613573
3256 0.8593330595865805
3257 0.3792237717571465
3258 0.11382752720944002
3259 0.019841414398989673
3260 0.17161672564770436
3261 0.3789319252299614
3262 0.21436368489662092
3263 0.06724770458207475
3264 0.6177636924485622
3265 0.2662009053225589
3267 0.30183158072594196
3266 0.48695708861977643
3268 0.04462465097683207
3269 0.01489360212305615
3271 0.0372087393754618
3270 0.2742262177272785
3273 0.06444773642010439
3272 0.1005980432881523
3277 0.37085468474316813
3276 0.6231185046768573
3274 0.1498550771776509
3278 0.47478071174967934
3275 0.4931341044665409
3281 0.3111143624167274
3279 0.9659309931885468
3280 0.06432051217039962
3282 0.06815162802522234
3283 0.3313726856596057
3284 0.3780552156822721
3286 0.26421401092561403
3288 0.11292476502455752
3293 0.07059147479512368
3292 0.020618196635426925
3290 0.37350670206028214
3289 0.5966871264601171
3294 0.2793864346434974
3287 0.6272316691645059
3297 0.18961053947268486
3291 0.7836178953505776
3285 0.2506937601374845
3295 0.1553766522501867
3296 0.45032799601831214
3298 0.38872266848491915
3300 0.4145987178537434
3299 0.03611552408388836
3301 0.33345138172087063
3302 0.17864156607530074
3303 0.27891823867818333
3304 0.002351344240220896
3305 0.1536195897666187
3308 0.036702086917317696
3306 0.4390695527358205
3307 0.24803007859112047
3309 0.04002759424787979
3310 0.24550414940053378
3311 0.5865085798344807
3315 0.08497116985701905
3312 0.2816392327779649
3314 0.3987631400362807
3313 0.3333333333333333
3316 0.09764137283257887
3317 0.368511548415392
3318 0.14553575246524988
3319 0.19136971564950728
3320 0.07261127140224344
3321 0.8158374278597946
3322 0.39844732907160596
3323 0.00719720734690663
3324 0.16804398872048848
3325 0.798774164404537
3327 0.1347840407204756
3326 0.07089334835970458
3328 0.37611484685187024
3329 0.2469013477812318
3330 0.285204129532976
3332 0.5532800286953949
3333 0.2000656710822718
3334 0.5230125999194812
3331 0.20031832356777113
3336 0.3687146567843368
3335 0.13951555323713233
3337 0.19253250482928208
3339 0.05113493289834878
3338 0.2755295047031442
3341 0.15939387536085958
3340 0.2900429746446285
3343 0.3864908952158898
3344 0.25810969038335785
3346 0.20872900775440964
3345 0.7725348162783738
3347 0.6786716419646879
3342 0.6766847772882475
3348 0.22492396504097054
3349 0.3423929866022515
3350 0.3770036726264086
3351 0.5012758098887179
3354 0.6364768198057004
3355 0.6232587104634295
3353 0.02322204210876779
3352 0.08370726241529167
3356 0.9898283158296708
3357 0.1849617775217375
3359 0.36207824733819693
3358 0.12482389938021311
3360 0.9035648770039534
3362 0.2961961555101323
3361 0.2495730385272248
3363 0.3333333333333333
3364 0.4111047246264033
3366 0.5027430654109182
3365 0.2582513900508684
3368 0.6257685348433539
3367 0.1109928423953803
3370 0.017021179892547696
3369 0.3447769388807704
3373 0.9374857249937386
3374 0.2904217562495032
3375 0.2716307179573166
3372 0.817545090305875
3371 0.5819418937696494
3376 0.0627859509124531
3377 0.7432185693712565
3378 0.3050872028626386
3379 0.13134050966250024
3380 0.2933324301356285
3381 0.0991624447353673
3382 0.3480318679150471
3384 0.015770542757105183
3383 0.617295667872233
3386 0.014999094750316834
3385 0.8966221880204198
3388 0.7867279335227955
3389 0.2875727869820291
3390 0.4443169544656863
3387 0.40131516665056105
3394 0.43233115653363646
3393 0.8025031269553125
3392 0.2440083146924922
3391 0.28840694276951245
3397 0.43722975430157485
3396 0.3658329883334187
3400 0.24072820612034254
3399 0.27374644095371253
3395 0.7127046636388201
3398 0.674696360912715
3401 0.4708048896816813
3402 0.10225133006782805
3403 0.2726811349902879
3404 0.21189816103921263
3405 0.03570495458560461
3406 0.04388118065534376
3407 0.07244581996561453
3409 0.31231205245799204
3408 0.3581087829886278
3411 0.23592598740020593
3414 0.3933277492025479
3415 0.16379117782956396
3413 0.3049523865096201
3417 0.23824015487658587
3412 0.3833780209733383
3418 0.15008596099872348
3410 0.3386722364409357
3419 0.38580430275427546
3420 0.3403632495088915
3416 0.5141084448382004
3422 0.2922249350768405
3423 0.5353595718228009
3421 0.08544545944056599
3424 0.6224120593398692
3425 0.045713829820113044
3426 0.3938073733901671
3427 0.030226808653041455
3428 0.6227135134399934
3429 0.06200249144899489
3430 0.5209256263306755
3431 0.2477155723111582
3432 0.22763999734051024
3433 0.3333333333333333
3435 0.1073365137505771
3436 0.23156043091416492
3434 0.13046191375358268
3437 0.4774903553143275
3439 0.21138498854742466
3438 0.15340676531982836
3440 0.28454432750711334
3441 0.4207502185440992
3442 0.046806171113508696
3443 0.3136185775347774
3444 0.5276456297745983
3445 0.04406143943491207
3446 0.13120973369984892
3447 0.11738781347722743
3448 0.4055570803532507
3449 0.02603354956812793
3451 0.7874435425459583
3453 0.27443279503481166
3454 0.13496193698112524
3452 0.18135107535858544
3450 0.23800177420020277
3455 0.2795815187215656
3456 0.13796990127115985
3457 0.0661374180104199
3458 0.38396848091077906
3459 0.05665290397480141
3460 0.07875921723685908
3461 0.44356564295173667
3462 0.16542341688678894
3463 0.23773530034406287
3464 0.6331000515485963
3465 0.8214125306756517
3467 0.9718136550248971
3466 0.23886615045291665
3468 0.1820357007016767
3469 0.768976319801596
3470 0.24680843214127207
3471 0.44769169226706224
3472 0.16000056535161838
3473 0.3288804302797408
3474 0.01945900040438558
3475 0.4361979152000197
3477 0.3260952384383367
3476 0.5567467263015196
3479 0.014148314835028115
3480 0.046679045807190934
3478 0.23320157394532762
3481 0.13475630043321887
3482 0.6778752243095599
3483 0.05239626998917365
3484 0.39873349963928795
3485 0.15505473348455562
3486 0.008174361677636363
3488 0.05963879088555561
3487 0.024473037736403122
3489 0.6360290252651778
3490 0.6592020207998098
3491 0.008279387329474875
3492 0.05977042578934699
3493 0.25264196815971274
3495 0.5181049887809531
3497 0.4680586708889969
3494 0.11646677074614328
3498 0.083050107143673
3496 0.7176049107089139
3499 0.4132406284309265
3500 0.5820686567275866
3502 0.37977719471805244
3504 0.5193804442843524
3501 0.48078838737836754
3503 0.1379659820260005
3505 0.22378783726055224
3506 0.6492923016555395
3508 0.13590148413630687
3507 0.13078078319613395
3509 0.22590834226119091
3510 0.21590622176882066
3512 0.09027328902642075
3513 0.8509526486425332
3515 0.15550216474408074
3514 0.3404798119751323
3511 0.1193513728825133
3519 0.41012485678000593
3521 0.5735621478754757
3520 0.9802967545920921
3522 0.6523179526148799
3517 0.7308029606108012
3516 0.2774534253289912
3518 0.09041458026683223
3523 0.5361088924291509
3524 0.9385626517548098
3525 0.6433953273274268
3526 0.8546655145140268
3527 0.20350031341795108
3534 0.32212889422433616
3533 0.08141579500362867
3529 0.58626534010989
3531 0.16956990321014526
3530 0.024978168082247527
3532 0.07281489101223877
3528 0.18379769227341147
3535 0.13014722129290768
3536 0.33640616947304974
3537 0.7049017328153535
3538 0.22464014038456767
3539 0.6916150452908816
3540 0.03273177654932495
3541 0.15410744344855778
3542 0.3591236949185526
3543 0.46462755967052377
3545 0.4270894266308677
3544 0.002285730896749064
3546 0.09845424897645776
3547 0.5940756020969924
3548 0.0
3549 0.22830352246250377
3551 0.0066155791173766985
3550 0.602048836011816
3552 0.0886289056428473
3553 0.14249234511319067
3554 0.4551581078269776
3555 0.16452122870755487
3557 0.2586143658319266
3558 0.1361303987646301
3556 0.3901685801090915
3559 0.37424168555548015
3561 0.26389109610338257
3560 0.10359034758583605
3562 0.04664790223463277
3563 0.3394650438379766
3564 0.4010074188026501
3565 0.09099124712476586
3566 0.25902804543590063
3567 0.041639067065252056
3568 0.5854822839440024
3570 0.29853741589313093
3569 0.38616133699882144
3571 0.341892660710183
3573 0.6860047269852858
3574 0.08246165128159594
3575 0.5686355712825053
3572 0.03296253699339189
3576 0.03792308634020431
3577 0.6168127999443839
3578 0.06738503469189687
3579 0.09430090759377198
3580 0.9795908013880453
3581 0.138561569085077
3583 0.33333333333333337
3582 0.06024808789696436
3584 0.5355808697838331
3585 0.5404941104054168
3587 0.04515941865196626
3588 0.41009098596255056
3586 0.09877115968759416
3589 0.10402902009507789
3590 0.35070544437264206
3591 0.486766984365463
3592 0.5541678210771269
3595 0.2862530609927603
3593 0.08344643109261972
3594 0.2142507257977803
3596 0.15158561404938659
3597 0.10817395840815354
3598 0.06950507693598597
3599 0.360262237157686
3600 0.11866790390083694
3601 0.5211306028504087
3602 0.7530058431619561
3603 0.36508829068054477
3604 0.4653386027905771
3605 0.47313352091339433
3606 0.2677056969642565
3607 0.17296087919399628
3608 0.4272293674830213
3609 0.6677212969322313
3611 0.2726632522946798
3610 0.28984109245641215
3613 0.023853973369566676
3612 0.1327725534773174
3614 0.3386326650514557
3615 0.18966884856955243
3616 0.01424942696172019
3617 0.6346747598306843
3618 0.41731591301136
3620 0.9488030719145414
3619 0.2196876236479582
3622 0.9300038050538202
3623 0.0529442117768471
3624 0.11994753256400502
3626 0.4176104985069689
3625 0.23075517331435422
3627 0.7942326944327914
3628 0.367442044348243
3629 0.3916877449720234
3630 0.800334842190116
3621 0.033156623830003035
3631 0.43147361329526274
3632 0.7044313092597748
3633 0.3207189211357988
3634 0.2743974002291165
3635 0.4559029461827937
3636 0.06230182772940712
3637 0.5093955034370183
3638 0.4919497588996155
3640 0.5735153682898716
3639 0.3788521963085817
3642 0.05646401616441585
3643 0.026360661317872354
3649 0.13120752086593332
3648 0.32767395412409556
3646 0.33592400025279806
3650 0.3231876051507025
3645 0.5362053502396782
3647 0.19388142870720523
3641 0.6551431790924465
3644 0.19979039384061453
3651 0.026359839201152337
3653 0.740931213063008
3654 0.19436286566966438
3652 0.2026284129854733
3655 0.08992421613293956
3656 0.8670922434705692
3657 0.24617636891808056
3658 0.6427051482666952
3659 0.4532247695344981
3661 0.09081491717272651
3660 0.7304422502146937
3662 0.2678762610524941
3664 0.4638828197691414
3663 0.4036882586096537
3666 0.18054896351084943
3665 0.09271918565200218
3667 0.40948484239948807
3668 0.6317944214780578
3670 0.07594629144062631
3669 0.4880658620467717
3671 0.25747060764043883
3672 0.20669588544896003
3674 0.03973048989907633
3673 0.8940551715572427
3675 0.7618822770378867
3676 0.1989689280467473
3678 0.42222215152699694
3677 0.39507516747279053
3680 0.11511192217856724
3679 0.26027352018946864
3681 0.017422707766328028
3682 0.017910276187344608
3683 0.59030320488346
3684 0.8261399902154135
3685 0.7073411740209901
3686 0.31797630454724674
3688 0.7989115202687148
3687 0.20049380275715226
3689 0.37224944827518336
3690 0.057815517106249055
3692 0.09560727600507625
3693 0.37956687322908894
3691 0.4404139042499133
3694 0.7137437818795112
3696 0.20495490991634616
3695 0.776626613479618
3698 0.28836151343162914
3697 0.039876727972870736
3699 0.5367538386685278
3700 0.07123011625255156
3702 0.5532260989983849
3701 0.22532930713290864
3703 0.5501881792178392
3704 0.5746937680919367
3705 0.9530273930965446
3706 0.9180583653075428
3707 0.3054934625846305
3708 0.2316148044853292
3710 0.8368765216705604
3709 0.4754804271078799
3711 0.7077040248766486
3712 0.2644867817442789
3713 0.414197796943708
3714 0.01518308616418363
3715 0.3674341880720921
3716 0.027050732907210034
3717 0.015254956096479099
3718 0.3147742041067263
3720 0.3290721368253002
3719 0.21078837148964039
3721 0.024740060258742334
3723 0.34173213674746883
3724 0.26768953678328755
3725 0.04530437106843337
3722 0.22591699099624526
3726 0.4759711361029962
3727 0.7130709721844581
3728 0.16937208505446133
3730 0.4067066510027
3729 