1 0.8083903943467949
2 0.8005185879954363
3 0.7305161420746403
4 0.5064696564787031
5 1.4777956619796586
6 0.5958989322109358
7 0.8031455707866336
8 0.12022541127285333
9 1.1339229373125808
10 0.02392408771615309
11 0.7328416082816888
12 0.8176156715460036
13 0.8346247595196173
14 0.6366157842620582
15 0.847454167481938
16 0.7682775607312685
17 0.8621131777412034
18 0.10588647728401687
19 0.7596672777022508
21 1.8648574917957477
20 1.1362727721937464
22 0.08800244139282931
23 0.995781772854172
24 0.9776717293243558
25 0.9336333597265838
26 0.5927009793692568
27 0.6310759564302485
28 0.9865352191090656
29 1.050542488350023
30 0.38174516178344037
31 0.9918074766288565
33 0.404007446363415
32 0.7041412127239798
34 0.7255932710344172
35 1.075474584838027
36 0.2228708231253009
37 0.17883819846038532
38 0.9963683608678803
39 0.45134668000612405
40 0.5492014173639778
41 1.2638460781842416
42 0.8533403078308568
43 0.7458591262105994
45 1.0000265891137445
44 1.001176280146634
46 0.7344203069067208
47 0.7127000300039854
48 0.3835444818557963
49 0.6863597709859396
50 0.8629747811719578
51 0.23862254310811265
52 0.9262724010070921
53 0.6297861154671124
54 0.858136308344379
56 0.944031277802421
55 0.6525080996320207
57 0.7212612818321833
58 0.6581991351159474
59 0.6753732850176347
60 0.001671521271297445
61 1.2129973684694801
62 0.1719169105268482
63 0.5964694174922828
64 0.4028733324754835
65 1.6718776491753307
66 0.485065360758349
67 0.7951760364664772
68 0.11438862919284452
69 0.011832048946635875
70 0.0064594884362996555
71 0.004134049485853675
72 0.6927340384775136
73 0.37687700382559536
74 0.5941140398273302
75 0.8808608774817732
76 0.8074147320411901
77 0.9566044242626235
78 0.8561468503202474
79 0.4861639048146603
80 0.7056297854244147
81 0.9960856734342641
82 0.7418684416007635
83 0.9994385738153206
84 0.986479545143569
85 1.5185312141631735
86 1.0445064187033752
87 0.804940552594402
88 0.78330759087873
89 0.8348980095221719
91 0.0650616079305127
90 0.829810623931494
92 0.8496640676773966
96 0.9183284809545748
94 0.8624704221088998
93 1.0
95 0.3255523093035585
97 0.8126792797514596
98 0.5192541297279119
99 0.18819407292827922
100 0.6322808351082508
101 0.9058355065067127
102 0.7713106356178161
103 0.5766236223132613
104 0.9163053814787068
106 0.7011330787688649
105 0.6752782199339135
107 0.7860600745076435
108 1.1670666573409099
109 0.7723785480446014
110 0.9465760882791974
111 1.1783072454507313
112 0.7721263238610512
113 0.3953825250151511
114 0.7558056760722172
115 0.6188173251714765
116 0.9965323303299803
117 0.13213277509236307
118 0.6600710756925001
119 0.010913738720773813
120 0.08635350025714195
121 0.546283518952481
122 0.16242592883684634
124 0.8651288720619354
123 0.18501325144853736
125 0.8815000681242324
126 1.044175368705315
127 0.7978332013924744
128 0.08049340574161182
129 1.427014195952709
130 0.327204
131 1.0477623985483335
132 0.7835436027736591
133 0.20221636881495306
134 0.36429754759703054
135 0.8940425713554939
136 0.972156455984211
137 0.6064960390951831
138 0.704328048568279
139 0.7343961927965178
140 0.9675848284607966
141 0.7251136355857981
142 0.19706941836842354
143 0.4822365199306672
144 0.78320906429747
146 0.7485205112408054
145 0.7158793546996489
147 1.090304502284873
149 0.1682462909328621
150 0.6963041482099132
148 1.0237238744991364
151 0.3650251070268533
152 0.45362572784222693
153 0.3877529639622994
154 0.10086212784413894
155 0.9049462428274997
156 0.6963058351640069
157 0.07691185649605156
158 1.0344977275071696
159 0.3852038258889386
160 0.6478172265259113
161 0.8563249765163503
162 0.8074903232453424
163 1.1054778690167453
164 0.9419685250203775
165 1.0007969068605787
166 0.7860285518505076
167 0.6922020120647024
168 0.8608306979556749
169 1.0
170 0.5251741747756389
171 0.6010028213261313
172 0.249383437694098
173 0.5420979514195514
174 0.08266873887453538
175 0.5590869921362682
176 0.40836242581038806
177 0.9756611555569602
179 0.7521228398808398
178 0.9404072734363229
180 1.3670010785545077
181 0.36642833345809545
182 0.9380249237274821
183 0.5522858533703985
184 1.1584058724717734
185 0.23507833321833912
186 0.5870364147225288
187 0.9227966406931702
189 0.7022140416398445
188 0.8195976653553383
190 0.5149872322807458
191 0.9947330225451168
192 0.9940725862995675
193 0.6085346256337517
194 1.1875845810128125
195 1.2604449449680626
196 0.6619434679837177
198 0.6842920015584156
197 0.7381532325428766
199 0.7361430625748968
200 0.8706103040057764
201 0.9929013343053795
202 0.3714262309107723
203 0.6076449288374437
205 0.8568313844110484
204 0.17492379569071284
207 1.1003213950611979
206 0.8147737169058724
208 0.6041257273879042
209 0.6775709704561618
210 0.7543560093144533
211 0.7547880844542456
212 0.47389287793367957
213 0.47458373821285865
215 0.6957396787519299
214 1.1379836169979132
216 0.7216569623419554
217 0.6961633660231749
218 0.08582899931457616
219 1.0166119803503617
220 1.0171153506429278
221 0.9930270955976879
222 0.3706773526410951
223 0.4868773469884667
225 0.3871665465224998
224 0.8353115815514501
226 0.7454055466321295
227 0.9898580656717694
229 0.7828418452190574
230 0.9384157233881726
228 0.4958025961570457
231 0.855027693159502
232 0.4739470949424633
233 0.8576328073979463
234 0.9529974847374415
235 0.9707090489954459
236 0.6388907371865592
237 0.6105033216807723
238 0.7637989164173808
240 0.9724468623583924
239 0.7265386680792767
241 0.6543497630099131
242 1.0088741288095122
243 0.5080182664338029
244 0.2275464645342656
245 1.168608153265777
246 0.9607235055838997
247 0.9552668700376702
248 0.6674082397838321
249 3.12531231425029
250 0.9988725970386745
251 0.7234508840250613
253 0.24074213043984963
252 0.4815733071366952
254 0.0932543845129367
255 0.02744051211795143
256 0.7921470071331127
257 0.38557543928424304
258 0.842483596556921
259 0.7253463211429374
261 0.8649532894364451
260 1.013051540063332
262 0.8165580667812643
263 0.10398502289162345
265 0.37562741821669676
266 0.8043078285267307
264 0.9213950534091345
267 0.9765764796113537
268 0.9760077904748196
269 0.7659470448461453
270 0.43662010290390574
271 0.6240856222976321
272 0.13479833041689807
273 1.0089923101553895
274 0.9132279224428492
275 0.25486048269601247
276 0.7704776858455347
277 0.6872692768244695
278 0.8671839007837412
279 1.0033307165904373
280 0.8675911135290066
281 0.43464301986906806
282 0.6291127277820904
283 0.6841586830910041
284 0.894904389511518
285 0.7394832373649602
286 0.564554672592212
287 0.8924401423166166
289 0.8786382154514547
288 0.9069972751616616
290 0.8209718462416266
291 1.1644589065432238
292 0.7460157533545001
293 0.30496608437070033
294 0.498802012020572
295 0.8833991803257315
296 0.8653809288697335
297 0.026547418355222004
298 0.7740379673540365
299 0.7775995874622345
300 1.0713916248584507
301 0.44109732004828167
302 0.9893989127725314
303 0.45447462627561486
304 0.5223387746846965
305 0.3995834578789459
306 0.45147142933917916
307 0.6104980542822918
309 0.632599108322498
308 0.7916975357071498
311 0.6255205911813289
310 0.7820725712651326
312 0.6563220007504967
313 0.41058026552041677
314 0.41655020477628557
315 1.0160194540685927
316 0.2362216949450813
317 0.791171740835349
318 0.7485913991344211
319 0.9300520512008661
320 0.8157830603083395
321 0.8763801952774883
323 0.5349872476483502
322 0.6477456600480312
324 1.2613247705066926
325 1.0068012995583373
326 0.47663175309751094
327 0.15047420398468697
328 0.2624874810214391
329 0.6031335717896834
330 0.9525402770640388
331 0.8360906574618857
332 0.31355237434798006
334 0.48619410859182255
333 1.2809659684821857
335 0.891870905212232
336 0.9795960545571483
337 1.1220828554817246
338 0.4115858740234382
339 0.7534322976293649
340 0.9976851794962579
341 0.7915823089072349
342 0.022422318656779294
343 0.2802244454502167
345 0.9086270830437363
344 0.9689837871569286
348 0.4814287266033814
346 0.44559322114953254
347 0.8173188369934192
349 0.9746344105019952
350 0.8973619228575415
351 0.6644143273773128
352 1.0923318698935613
353 0.8733639518599938
354 1.8397580757179854
355 0.27468475271647985
356 0.23451936112663552
357 0.9497001818149541
358 0.947621371472106
359 0.4962784153027083
360 0.977240781381208
361 0.8853214375174658
362 0.44113287542692725
364 0.8599214367534801
365 0.26309627201217367
363 0.6107206267559082
366 0.6455741536046148
367 0.7195854270894283
369 1.0078115759629227
368 0.7994773387369811
370 0.948602746603905
371 0.8480361756639317
372 1.1742677573546474
373 0.08293212236835633
374 0.10986164142370239
375 0.6960840652288214
376 1.1071377508404963
377 0.45345225892890983
379 0.8555289989203579
378 1.3466062137330121
380 0.9347000365922876
381 0.6936738983302915
382 0.8390817237218607
383 0.7599475624391588
384 0.8813994786566832
385 0.8088413001088617
386 0.955552173726285
387 0.9660590913537679
389 0.0
388 0.597915697384203
391 0.9924550552421901
390 0.6138254079129344
392 0.5795953720185746
393 0.0315777997167806
394 0.34115571393803745
395 0.9990632495255309
396 0.45498166466534695
397 0.7792840607694119
398 0.46246929770220524
399 0.9308865261396603
400 0.906394628705425
401 0.5207344607819051
403 0.8735495805093545
402 0.5660289932949001
404 0.25896674356435484
405 0.008214593069643011
406 0.7388435588357353
407 1.0109008679673355
408 0.9973073370622724
409 0.7021038195666314
410 0.5323439230617809
411 0.9875642219533717
412 0.8759869775107698
413 0.43495121818683136
414 0.46021643270807716
415 1.0335852065346491
416 0.984443281329776
417 0.8661592266685171
419 0.48863300988061753
418 0.16797460473841835
420 1.132710932108608
421 0.9994869401333226
422 0.9154447066014608
423 0.5584839779502803
424 0.9141989927537245
425 1.0364659669359417
426 0.7844994857836559
428 1.1456154383235395
427 0.6610592213891341
429 0.33383235035904363
430 0.4462891753394856
431 0.9963305399150129
432 0.9005522257381118
433 0.6513097472332067
434 0.9890199138205894
435 0.9313367553968772
436 0.3999959781109738
437 0.98579950215983
438 0.18890963341214473
439 0.7460183294140965
440 0.9979408229240335
441 0.6710786275695856
442 0.046619702764168026
443 0.5837420248192318
444 1.1295156313169183
445 1.0040215432350683
446 0.976341934207512
447 0.9902106003941848
448 0.4020221543792562
449 0.16485147266115438
450 0.5165669228748748
451 0.7710437194378214
452 0.9858603915784206
453 1.3383944752135355
454 0.21646100181497357
455 0.3432678542643703
456 0.7429433976695747
457 0.14610491142276075
459 0.5463835422247363
458 0.678956845437163
460 0.6403608591046506
461 0.6501711009442155
462 0.013807286783208868
463 0.9573144975853064
464 0.3756030392939048
465 2.058747820090173
467 0.9543474813298213
466 0.7500127969521608
468 0.07102136713198198
470 1.021642538309871
469 1.2121109998292798
471 0.4364327745520407
472 0.7847186856415675
473 0.2629906233171653
474 0.9029836769386071
475 0.9723508252385596
476 1.0775497553905238
477 0.7989941575823788
478 0.8132303280579884
479 0.7523675205244184
480 0.7460593582459975
481 0.8740715331473634
482 0.42270936168063267
483 0.9656872576553184
484 0.2803060617207088
486 0.6585902846988068
485 0.3318781695872541
487 1.655298741154349
488 0.9235718918080107
489 0.2530240188464495
490 0.2634927530545241
491 0.28155316823565846
492 1.7215954748448274
493 1.967169647758153
494 0.4134071484349382
495 0.9871417449922634
496 0.9158260497332337
497 0.80446195924852
498 0.11615320628957593
499 1.0221210850731133
501 0.9289398336387682
500 0.808604991422913
502 0.518471063250084
503 0.8402385332714841
504 0.6521616410888306
505 0.843878165515335
506 0.1750887051419468
507 0.33783807252576586
508 0.15965259154607622
509 0.9027719022051599
510 0.7928220963100413
511 0.8286684426881548
512 0.9937164314716947
513 0.4958937657027654
514 0.8621396900027062
515 0.9207884622369875
516 0.3276573314715133
517 0.7202606229764176
518 0.4440568979767122
519 0.31678808677134
520 1.0664217374004632
521 0.42118872926912326
522 0.6533134582967822
524 0.8249728386857151
523 0.06968986124313126
526 0.32406028246185925
525 0.2991929225466749
527 1.0649230319222764
528 0.9835193418777235
529 1.071019879362565
530 0.9951115895336438
531 0.8244921984559869
532 0.8168319869384821
533 0.9514090096165505
534 0.9599498618949451
535 0.641171697713304
536 0.8731181881996111
537 0.7835777178938453
538 1.0438447833375544
539 0.3301421177533
541 0.040482778559516534
540 0.12990485111293082
542 0.6100941858056991
543 0.9755879481587902
544 0.9814612635649974
545 0.9877181381446626
546 1.068557759920183
547 0.4515440508902832
549 0.7395566108643243
551 1.0740761686176448
550 0.5246236127691795
548 0.6162998344696429
552 0.6232922332483849
553 0.7186165424598189
555 1.0487730659632075
554 0.6156445848979691
556 0.7369679813064829
557 0.37198201814663856
558 0.9456631102399171
559 0.7150715247541096
560 0.4697641885991876
561 0.9132557146782312
562 0.9844800140304324
563 0.6166892098926854
564 0.6576196471922442
565 0.9555653655499273
566 0.9977477615869627
567 0.42301681319192375
568 0.8831904457032775
569 0.4997147827552667
570 0.35542262187005436
571 0.8490585506274514
572 0.8191606530225779
574 0.8124011928418002
573 0.8931962682519143
575 0.9531389123195949
576 0.6179229294374236
577 0.8164478727681975
578 0.02994852430671155
579 0.6265195606119048
580 0.8129225429487079
581 1.2529783205447285
582 0.4521369686314805
583 0.7533136123799115
584 0.9993599999881418
585 0.07048929678403539
586 0.12689252712003823
587 0.8656400360261299
588 0.8075436736452186
589 0.8815385661613225
590 0.5492292652221002
591 0.536211906439143
592 0.05163584471493072
593 1.4471726594758276
594 0.5734083022776685
595 1.0975035812465763
596 0.7182128617548587
597 0.4540652209970443
598 0.23484495680945466
599 0.7748886569230484
600 0.6517647896378037
601 1.3163257008048421
602 0.19825730052816815
603 0.24801064196932188
604 0.6497225909563779
605 0.6823152370701658
606 0.4950152838096103
607 0.6154221087926435
608 0.06296287407248502
609 1.2530903040587287
610 0.731599233776442
611 1.4437027232413628
612 0.948830371622686
613 0.37160024222130916
614 0.9959631870956731
615 0.23040900729363195
616 0.46043510749827365
617 0.8080723766509682
618 0.9706685220855996
619 0.023016915178938377
620 0.9356777438515507
621 0.9526615193515775
622 0.6916783732343825
623 1.3454632855668307
624 0.9364094905393866
625 0.895313415615619
626 1.630917974930304
627 0.9475397886626086
628 0.9988384945036507
629 0.4230447225699335
630 0.604077953806696
631 1.0
632 0.8317201380583799
633 0.6736177976904916
634 0.7116288247168234
635 0.7731427010309558
636 0.8666409624446524
637 0.5331803176398834
638 1.04108297824402
639 0.1025929714194437
640 0.9684295305644506
641 0.9958840136731568
642 0.9918825479828629
643 0.5982729732637391
644 0.016083838955321898
645 0.6914607556408267
646 0.9671628642340531
647 0.9686041806761663
649 0.5853295180171171
648 0.8939320079559059
650 0.9077794370803504
651 0.5548836814323217
652 0.37153137099431155
653 0.8255358484848047
654 0.9656755194218024
655 0.31023492641466743
656 0.813972776306429
657 0.8520930356679131
658 0.2537214623494842
659 1.1871353597569383
660 0.5644502047863716
661 0.6437105194888899
662 0.2937441070755405
663 0.6982898255799128
665 1.0087798469694107
664 1.039471034191037
666 0.9546540791954581
668 0.3791152395427196
667 0.49889852448487704
670 0.9439548494532999
669 0.5090700594647526
671 0.536396164509923
672 0.7435916022507837
673 0.9224430791607293
674 0.09925780197645304
675 0.6733044415160525
676 0.9955107217368164
677 0.9811673781368239
679 0.34545175577004106
678 0.8662292454478604
680 1.2117185288253232
681 0.5301573169155211
682 0.83262641368093
683 0.9608533832948246
684 0.9860936726216225
685 0.44670302715103527
686 0.5891457223976676
687 0.7843749646144874
688 0.7147428362705023
689 0.813040486130366
690 0.4418563954285491
691 0.9497580684985236
692 0.9487903696671991
693 0.813233232547424
694 0.3901190304993292
695 0.16020743039984056
696 0.8897388712826801
697 0.4187491078706676
698 0.6955446386599489
699 0.7717476721587166
700 1.0884667544213733
701 1.015465723734986
702 0.5990044647464484
703 0.33087929955990064
704 0.9482127313316759
705 1.2063019958449832
706 0.5631126484355574
707 0.4204943735215486
708 0.9221353323399044
709 0.8488419249528172
710 0.6465694815900134
711 0.8045838517823951
712 0.7966236183591974
713 0.5328024122181472
714 1.0121602136393433
715 0.8493421701823699
716 1.1351934832621684
717 0.8013321878175316
718 0.9751929829495685
720 1.0617059663192898
719 0.5685876318596005
721 0.8121358062453475
722 1.2476742648321917
723 0.7759676455779809
724 0.7777865824652128
725 0.9705679917083038
726 0.6660161198281848
727 0.6544378097511419
728 0.7365525673198893
729 0.979793445743886
730 1.1594484829421063
731 1.3115217130321002
732 0.9993868553773261
733 0.6626929325899884
734 0.971718442037086
735 0.43127571790183666
736 0.40058246918941065
737 0.917079666218882
738 0.6198093600612306
739 0.8021775051133087
740 0.8549238041355367
741 0.6084570483281826
742 0.9068980062807497
743 0.4890673286238463
744 1.4927585077934786
745 0.31329313736617803
746 0.757774716097604
747 0.12902479436241077
748 0.7355633378889194
749 0.7856777960679527
750 0.9958828517505458
751 0.6538791711061673
752 0.6203040914503517
753 0.9797782910652069
754 0.36540331107625956
755 0.9273769382717036
756 0.9005232360791376
757 4.5181986446783705E-4
758 0.9391068421313338
759 1.8228691508114745
760 0.7168485311847284
761 1.4643201495323306
762 0.8556600000000001
763 0.9698971197552512
764 0.667941201339459
765 0.5773224556485864
766 1.146487629227799
767 0.23722141457957974
768 1.0165113420015464
769 1.1075765500555417
771 0.8577992782473044
770 0.5422127300428817
772 1.11170216568617
773 0.9560915132840112
774 0.8895378484503891
775 1.1200453142977396
776 0.9035953267457848
777 0.7471445643247363
778 0.07945762005224508
779 0.953837463859115
780 1.0162463784598879
781 0.36229107520285514
782 0.45401986573992925
783 0.938659858436022
784 0.15782817396486604
785 0.6477456377182023
786 0.9076176925871096
787 0.5260216995017214
788 0.7029900686916505
789 0.9739315156310169
790 0.7747366189091608
792 0.4134163480114203
791 0.8438391505904923
793 0.8424783742582883
794 0.8982983245838689
795 0.6074393013530626
796 0.3209360812360021
797 0.44349896513180664
798 0.6803752398372523
799 0.7875507967870364
800 1.1139092924299285
801 0.7286065967480716
802 0.07323719538790976
803 0.9978161599200299
804 0.5349468951618623
805 1.5099506645888103
807 0.7928818408839509
806 0.9483251794859541
808 0.7682731453848174
809 1.2314021967125377
810 0.9958549768296525
812 0.4266437592092409
811 0.5875112954625934
813 0.981950476587172
814 0.5138943654672518
816 0.28197974752005917
815 0.248527518735119
817 0.1379726134711118
818 0.6398166473470271
819 1.275420261782945
821 0.9988547302416342
820 0.37882497116222386
824 0.6508838510793884
826 0.9668804503652307
827 0.6915844742907881
825 0.9132525172946886
828 0.7752098789598474
829 0.17609240569864518
831 0.9395503052314584
823 0.20777662714748601
830 0.01988845532921885
832 0.8656749414530489
822 0.8462958766328867
833 0.5218185618101039
834 0.9176594449612979
835 1.198980488180658
837 0.7786454277410344
836 0.7673857387602356
838 0.8828551758063063
839 0.8682867706080903
840 0.9510163985885417
841 0.3851147160390278
842 0.8171755000761792
843 0.6035866382036759
845 0.6676054501639848
844 0.928639265532985
846 0.45484533053229265
847 0.15974167775383968
848 1.03433777335658
849 1.0954923831976733
850 0.7504917426995072
851 0.82881447945686
852 0.5895858218633091
853 0.9962237085081529
854 0.887740296935038
855 0.23555858936505783
856 0.77249942853527
857 0.6903134504343987
858 0.7324275653750203
859 0.29441820877566716
860 0.36115106555356513
861 0.3636964792442166
862 0.412039996050608
864 0.8977708950946153
863 0.9979077342448223
865 0.44663613382331085
866 0.3038227195567697
867 0.3057491794890617
868 0.8761835481013075
869 0.750389857965283
870 0.3459119349009389
871 0.7964254006312973
872 0.41090503750240087
873 0.27376695063157874
874 0.2199340050762517
875 0.6899375488426388
876 0.5295497279046935
877 0.5588669369964593
878 0.9425848796719283
879 0.5582903122259791
880 0.6832147918898207
881 0.5908764052386742
882 1.0806307810778524
883 1.2847275485752265
884 0.19175089543132884
885 0.5419637438287164
886 0.8129726705548962
887 0.554517348652702
888 0.7730897226922447
889 0.7613657319340557
891 0.8913066389250734
890 0.5708615915946726
892 0.8364652171595923
893 0.6905536455030684
894 0.5352048737460368
895 0.5031961537462009
896 0.8461587793092463
897 0.8862399891659479
898 0.42671160958044085
899 0.9823271577838663
900 0.931731532128147
902 0.8040034300513716
903 0.9240611102408032
904 0.7109859268922768
901 0.4832524903684396
905 1.2123883927721728
908 1.1407383212306244
906 0.715501311362622
907 0.6034894262864555
910 1.1216151396626628
909 0.9912820031381916
911 0.7932737886753368
912 0.33295297881569835
913 0.17701040102054633
914 0.3960091436772761
915 0.6141134839196583
916 0.07982494335957371
917 0.6287721674661992
918 0.8655190272582617
919 0.8694358154131601
920 0.5706126271389502
921 0.9792765070493464
922 0.4846879443994612
923 0.802452583373364
924 0.4387172472121505
925 0.9429368684697373
926 0.5008615764188941
927 1.1093103102490685
928 0.1785274655676986
929 0.9991469304869741
930 0.9359827571772292
931 0.6061690794301439
932 0.38717614228649094
933 0.9467088192686334
934 0.3520077227431969
935 0.5529180849949914
936 0.7500549924849921
937 1.3794365999293365
938 1.4316793272090385
939 0.3472672575310858
940 0.973549831187439
941 0.9230856479821967
942 0.8597281534918333
943 0.6198197412381701
945 0.7653682936729157
944 0.4267353499757224
946 0.9837978811704138
947 0.7434393046013149
948 1.28381676704547
949 0.9199446512790699
950 0.9310865897304585
951 0.5261933709563412
952 0.9729552818198869
953 0.7413438967662653
954 0.4854322317010242
955 0.460784
956 0.9709620283266742
957 0.1843841009911429
958 0.9586138709069673
959 0.6098433474292726
960 0.4443518848981824
961 0.5733236742125761
962 0.6517936356133972
963 0.5783636758986449
964 1.051994104777107
965 1.4664110845135763
966 0.7066111941440993
967 0.7706160541914332
968 0.7602033517076927
969 0.1407605535773964
970 0.8715643815551183
971 0.19998870362014184
972 0.7883230418501578
973 0.9362709931829055
974 1.0930681327080978
975 0.9507188576398128
976 0.37242785008992213
977 1.3456698724828302
978 0.8660358803465986
979 0.7424131069154375
980 1.1219685273897277
981 0.20860069280582746
982 0.0162272076076525
983 0.5107044581903557
984 0.5607374176098253
985 0.9667311501528124
986 0.25433607636597483
987 0.6216768758829166
988 0.6987320807400085
989 0.9350754775075227
990 0.6453921822676548
992 0.7812859195639291
991 0.7625541147242613
993 0.23752145424723833
994 1.3783717446007193
995 0.5714726984879286
996 0.4283477420801934
997 0.6178766012175464
998 0.996680741910906
999 0.6459225197688789
1000 0.8946780818736275
1001 0.4334218509670659
1003 1.1496730891615092
1002 0.8864067186290444
1004 0.4577885650974778
1006 0.8908277743743284
1005 0.5697348365213587
1007 0.9172318851313268
1008 0.42313626020475326
1009 1.5883428840957972
1010 0.9744305078200052
1011 0.7892598334461726
1012 0.7936981080677102
1013 0.896532279356625
1014 0.6460537735665735
1016 0.824674255319351
1015 1.0895198986675538
1017 1.187909113438757
1018 0.5634411458598017
1019 0.9810974554948574
1020 0.5310973187952457
1021 0.9430488305546258
1022 0.7755321554861158
1024 0.8796734345645446
1023 0.7314565269427816
1025 0.9877313635523959
1026 0.2362607231751791
1027 0.16592709956049814
1028 0.9725991936700358
1029 0.9030927883518073
1031 0.9984091242305004
1033 0.8167849977443538
1030 0.9761586134654333
1032 0.38807741318681405
1034 0.8861664209820885
1035 1.1309035832286034
1036 0.7535836205286423
1037 0.5970328015483254
1038 0.8429526718948873
1039 1.0984481805611275
1040 0.40559998474215364
1041 1.3323533571944361
1042 0.4583949328073431
1043 0.16517665785045166
1044 0.779650066352164
1045 1.247522472682447
1046 0.650840730146819
1047 0.42276938931392133
1048 0.04035059112638509
1049 0.24424202777013304
1050 0.0
1052 1.0213242679397732
1051 0.5271696056374582
1053 0.9695957477101262
1054 0.23126148248992417
1055 1.15174634713423
1056 0.7298331661950317
1057 1.0457232026520955
1058 0.9145055743094028
1059 0.9399689213501359
1060 0.8513052645051769
1061 0.5298685976658154
1062 0.036216108335780595
1063 0.8943951514288206
1064 0.5153036223074207
1065 0.9855046400266171
1066 1.1462162791879258
1067 0.9131928622738417
1068 0.7284071046472599
1069 1.0516010416230983
1070 0.9515475638029836
1071 1.1601385013916077
1072 0.5242912055328315
1073 0.7979667840563625
1074 0.7702422867849493
1075 0.3932030626585971
1076 0.49372585261806845
1077 1.4175027484953884
1078 0.5045177910227819
1079 0.8615236967868166
1080 0.5105614111708268
1081 0.20768944132939768
1082 1.3793601246042506
1083 1.3695806554585832
1084 0.6810504366423986
1085 0.26554579588839256
1086 0.909050137700406
1087 0.6698983296508695
1088 1.1126443072669112
1089 1.131852587373166
1090 0.2078232574396744
1091 0.7629588020786299
1092 0.020388901253529566
1093 0.7396692970387606
1094 0.6110457501509872
1095 0.867256404187209
1096 0.6032273218971202
1097 0.7284162723399773
1098 0.6909603521769687
1099 0.8736237643800573
1100 0.9228726473238352
1101 1.0059511592640753
1102 0.9528000066437752
1103 0.7550034081426276
1104 0.3422904230671284
1105 0.2678396695099893
1106 0.838025589764441
1107 0.441254544101989
1108 0.9503860333634531
1110 0.6259118463348228
1109 1.1290754733726347
1111 0.3040999050670165
1112 0.8965413776313783
1113 0.1650013043715961
1114 0.941174455420644
1115 0.9694893479952741
1116 0.6132577466556938
1117 0.5595680209801978
1118 0.7849655230735844
1119 0.7265956805360254
1120 1.0569618613378566
1121 0.009297155603016374
1122 0.16945714819229105
1123 0.7975762369856813
1124 0.42642532554593243
1125 0.14103995056064597
1126 0.7450682726651808
1127 0.4095835343446592
1128 0.8138240707775122
1129 0.5939282020829766
1130 0.7138462014636232
1131 0.7361818687177214
1132 0.9254643784861762
1133 0.11030815796845748
1134 0.6677056851367961
1135 0.17769521185368314
1136 0.8013026048072855
1137 0.8370553116572896
1138 0.5523984999997481
1139 0.630277980946889
1140 0.9236129255820595
1141 0.3234516257201031
1142 1.2064351907530055
1143 0.35737155703087725
1144 0.5800920998856121
1145 0.3092354003425473
1146 0.9187619795886981
1147 0.4698035538645209
1148 0.5611005750875051
1149 0.23210220564520834
1151 0.6540909668084676
1150 1.0843580940995132
1152 0.448710305966408
1153 0.27102768655595894
1154 0.49309001964879384
1155 0.7226389601140439
1156 0.35629569026940133
1157 0.8242572886043206
1158 0.7279825903680327
1159 0.30553488713886623
1160 0.9858677326564609
1161 0.834854730554192
1162 0.9751658272298159
1163 0.6876827537952738
1164 0.32613836495686915
1165 0.791722232595142
1166 0.6997203413974769
1167 1.0005603592861358
1168 0.4889235695775795
1169 0.2677076438443584
1170 0.7263056289043888
1171 0.4654049491967534
1172 1.0055987752572093
1173 0.8599494536454325
1174 0.276753628244123
1175 0.9652303677595434
1176 0.8488237935873276
1177 0.5796000444481701
1178 0.47734793894438105
1179 0.930004407226873
1180 1.4008729899414214
1181 0.9782206616123751
1182 0.7666508849487076
1183 0.8459995195422724
1184 0.47262770996285863
1185 0.883075876255727
1186 0.8264201822623524
1187 0.8466610937379876
1188 0.9839247269489927
1189 0.7764759562293326
1190 0.6413963034488372
1191 1.1738406157949852
1192 1.018950846543113
1193 1.134210880889144
1194 0.1312855597395569
1195 0.5340952988812391
1196 0.7608454208691476
1197 0.9373364506993279
1198 1.9361217050014166
1199 1.2838245417091736
1200 0.7851368553566178
1201 0.9541629359341913
1202 0.885811271158292
1203 0.261081118225004
1204 0.3762945292566184
1205 0.9285777317072215
1206 0.6267252635709184
1207 0.891539165826905
1208 0.39272082743321635
1209 1.266213894422379
1210 1.0986292612222461
1211 0.9009301393590701
1213 0.6949774054338513
1212 0.8273771371859683
1214 0.8780585540973547
1215 1.2812356934745104
1216 3.785150743816835E-4
1217 0.851490839358415
1218 0.987703589205843
1219 0.09714146826729238
1220 0.7972203135747988
1221 0.7424946482737005
1222 1.0360922432745314
1223 0.998908028071461
1224 0.5216032340158372
1225 0.014199339679848304
1226 0.6537749506201299
1227 0.9270558267333652
1228 0.9615400637741167
1229 0.7547114857528601
1231 0.712112977723346
1230 0.11916335654872602
1232 0.5382044761495869
1234 1.0585991041316796
1233 0.7830556776942045
1235 0.34584212933497793
1236 0.8115663521536728
1237 0.3705457044981438
1238 0.7587997707272365
1239 1.0320612788894923
1241 0.5952959946023073
1240 0.4973475960864631
1242 0.8872034685074682
1243 0.3788257751257717
1244 0.24461537969414507
1245 0.385296540231295
1246 0.482503489756147
1247 1.2943154414028688
1248 0.8982819132874335
1249 0.7860892956484662
1250 0.8768081098719877
1251 0.8981796171494429
1252 0.9386298276107115
1253 0.4665216646644483
1254 0.8017394618391425
1256 0.7380281298844212
1255 0.058068913244328
1257 0.019893115659221534
1258 0.7029812561660385
1259 0.8124794835218676
1260 0.8294453066670557
1261 1.0842006648615448
1262 0.2715530713156874
1263 0.15839767951395525
1264 0.8432951517668215
1266 0.9178214065453459
1265 1.3434486419001375
1268 0.9646489035721834
1267 0.7504558697892411
1269 0.045683313413720214
1270 0.3387146221036057
1271 0.6249312821296216
1272 1.0692371288464264
1273 0.7325595083710472
1274 0.5213794792433958
1275 0.7991468519089624
1276 0.4991099821567383
1279 1.0101140199626455
1278 0.41673708878056387
1277 0.3563697881159991
1280 1.3711671541843038
1281 0.9391029260294379
1282 0.06145834797704831
1283 0.8128169733381201
1284 1.2132547988476623
1285 0.9004557306953722
1286 0.9397737893854978
1287 0.33225687847873
1288 0.9609064549608413
1289 0.7827391701573162
1290 0.736614404574014
1291 0.5556976765559685
1292 0.933566928860104
1293 0.9338543495163946
1295 1.1271696628488401
1294 0.863925443308746
1296 0.8365294478837171
1297 0.8167779053976428
1298 0.7775904035953238
1299 0.4296136461345459
1300 0.858563170068048
1301 0.801475121756614
1302 0.7935293113116295
1303 0.744387428261771
1304 0.6370592921910834
1305 0.053808469007762136
1306 0.22805005196165906
1307 0.7447786438783116
1308 0.9734512524605282
1310 0.981875928724681
1309 1.1666544163935293
1311 0.9217769696537366
1312 0.6041603058758804
1313 0.23026606976594005
1314 0.8336879246102993
1315 0.8167134691800675
1316 0.15634945040156836
1317 0.8750927041482824
1318 1.1654431603622504
1319 0.7674626857900589
1320 0.29514782138152273
1322 0.6144513010799255
1321 0.7788571336092255
1323 0.8905572268237889
1324 0.2372718485445165
1325 0.9184348985231543
1326 0.6841528852409202
1327 0.9764445324236727
1328 0.7856130343485375
1329 0.8383828075384032
1330 0.48249644617584647
1331 1.3024783230540935
1332 0.7574797204286742
1333 0.03306326551833165
1334 0.03361867532933029
1335 0.7805281567942521
1336 1.3464298114380489
1337 1.0102143484498085
1338 0.21984943111455918
1339 0.8437150998010263
1340 0.2552892066345264
1341 0.4744925232225001
1342 0.817625641570678
1343 0.4641697091782726
1344 0.4740886133133141
1345 0.812291507785207
1346 1.5729340117678852
1347 1.5909722422853565
1348 0.33927584638857
1349 0.43255649208423724
1350 0.5054300799362083
1351 0.49855046025624505
1352 0.6840161147523592
1353 0.7693103430157627
1354 0.735349403428057
1355 0.9847444139767632
1356 1.0481967603778977
1357 0.9406649665114375
1358 0.6490213569740589
1359 0.4627336523482232
1360 0.5960183778591667
1361 0.8900044455757141
1363 1.2184610220606897
1362 0.8969812832096079
1364 0.6676156337408439
1365 0.9251910453923853
1366 0.8657232751168835
1367 0.0799313482669065
1368 0.7658780480014798
1369 0.9940306288485532
1370 0.8748417411233499
1372 1.2943133543029561
1371 0.8935454366942185
1373 0.10838042980236234
1374 0.9797178647738344
1375 0.5448984887093413
1376 0.0952358042486449
1377 0.42283201928421976
1378 0.9041122977767049
1379 0.0
1380 0.14325626090577845
1381 0.22778371542593226
1382 0.5366903300513545
1383 1.1402518559980992
1384 1.227771808879394
1385 0.8560542335392543
1386 0.7956511759570708
1387 0.6450036509266316
1388 0.8062517959164686
1389 0.7319365198261479
1390 0.6141721515062212
1391 0.7446531082755573
1392 0.7289533592761611
1393 1.1347363921269364
1394 0.9488376808059877
1395 0.32381535850518495
1396 0.8658916546235896
1397 0.1924928468592402
1398 0.37991134506417834
1399 0.44459027159738435
1401 0.9476018334376082
1400 0.7081659534716133
1402 0.8529013080676442
1403 0.6450107849208436
1404 0.9511344279419471
1405 0.8220516333690613
1406 0.36199269886054797
1407 0.26913048415479596
1408 0.8696431389554952
1409 0.30936404362265124
1410 0.6718282167546942
1411 0.8820495100242379
1412 0.7605218311060864
1413 0.7590352488469182
1414 0.6664040926081461
1415 1.2135196906073855
1416 0.38200009473407714
1418 1.0016895538882393
1417 0.7674215113389217
1419 0.4904087647391949
1420 0.8593772625533956
1421 0.8489754582518259
1422 0.3157506736540204
1423 0.6206765373391335
1424 0.16849364671523012
1425 0.5840743593042856
1426 0.8322849514594848
1427 1.0559181399422541
1428 0.513212227730138
1429 0.14423908162676705
1431 0.02897245045432279
1432 0.8408964152537145
1430 0.9235738368483151
1433 0.5047731150689104
1434 0.7479553550444298
1435 0.8980154462469896
1436 0.013198738126433312
1437 0.8543724697492572
1438 0.40792795933966397
1440 0.8881361917052389
1439 0.9867127643806431
1441 0.906394628705425
1442 0.9043981495992979
1443 0.8049329952179138
1445 0.9199383198876805
1444 0.6714500096964728
1446 0.26368310561871566
1447 0.41439407077741536
1448 0.8370667991066597
1449 0.42584597048191847
1450 0.5809549702171312
1451 0.6982160478905014
1452 0.824211842688722
1453 0.23255713829095404
1454 0.7938358151565003
1456 0.5545759456904354
1455 0.6822953236534446
1457 2.5933560475495137
1458 0.8753278312429604
1459 0.5909311620296475
1460 0.8293608227733049
1462 2.057314640971312
1461 0.45285510757264036
1463 0.6415570883765072
1464 0.4329961696326913
1465 0.5835095689693018
1466 1.1490059866072002
1467 1.0347632479502316
1468 0.7530390649373021
1469 1.1148280655111482
1470 0.8950620043011638
1471 0.30354071061682003
1472 0.3755875141294776
1473 0.9795520267664829
1474 0.7777262780212232
1476 0.9937842322487078
1475 0.50980768566696
1477 0.5541847504520305
1478 1.002831286053877
1479 0.007501087422278677
1480 0.7322510160227748
1481 0.8463352815987567
1482 0.5162563264156896
1483 0.9947330675534196
1484 0.6272284762917434
1485 0.8688556657514583
1486 0.9544340420339997
1488 0.9043325918442224
1487 0.7351943860217628
1489 0.7743922350863032
1490 0.5234951059785292
1491 1.151562334101871
1492 0.9787089266800603
1493 0.6529223962287745
1494 0.9358253000412522
1495 0.06043349688114008
1496 0.6014190728790725
1507 0.5743203547245473
1501 0.8310507428726024
1497 0.7883214816728998
1500 0.9117096136664157
1499 1.1222731552317364
1506 0.845059176458595
1498 0.9901591287541794
1503 0.2268667431163745
1504 0.6541064123354875
1505 0.10381512430595415
1502 0.6273557401059319
1508 1.0533413406955412
1511 0.5923751631498257
1513 0.6812494270281619
1514 0.21386946112281413
1510 0.9057658247713407
1512 0.9978559905982798
1509 1.1865890869377442
1516 0.2677167360761085
1518 0.6515742586469699
1517 0.6225284511927456
1515 0.9232783978844085
1519 0.7649514252093652
1520 0.9881620115059897
1522 0.2424914490115783
1521 0.2768161204450273
1523 0.8700185381761774
1525 0.07443223562642129
1524 0.928766023930474
1526 0.930778604735122
1527 0.6368390698280418
1528 0.5219849760155247
1529 0.7761507873645932
1530 0.2610959183380619
1531 0.025574960883951062
1532 0.587924451394408
1533 0.42056135338107065
1534 0.7461983454487611
1535 0.192936787801405
1536 0.4007853794665132
1537 0.7593947837932169
1538 1.0163530360805952
1539 0.7785686093274914
1540 0.9605400928376524
1541 0.24512036941119592
1542 0.9839685433002614
1543 0.916574138723254
1544 1.3783997070342766
1545 0.7457864620812714
1546 1.6668856394542726
1547 0.5005464876781008
1549 0.044126114161596036
1548 0.15847324748170694
1550 0.7611836669881269
1551 1.64690736687034
1552 1.5697527740543482
1553 0.18686667876447885
1554 0.9118975182992317
1555 0.8775328515020919
1556 0.8633544246270848
1557 0.1480234906914797
1558 0.36902591598192647
1559 0.36464056727605265
1560 0.5358376282933065
1561 0.8413243553415992
1562 0.8775080799849062
1564 1.2108402986060767
1563 0.8653335397116665
1565 0.15857673654521098
1566 0.47044331266422895
1567 0.32883378256889617
1568 0.7873807131052217
1569 0.8693582311988984
1570 0.7278089491882622
1571 0.730139321969965
1572 0.6826218718655861
1573 0.9132186836638135
1574 0.4467262983600145
1575 0.8642845403555082
1577 1.0547684894471354
1576 0.5356773106225989
1578 0.8693139150643199
1579 0.9934926421086223
1580 0.48561038008756074
1581 0.7060138300669258
1582 0.5713591983340488
1583 1.0
1585 0.6600137533645409
1584 0.6470468948251618
1586 1.2560445607381867
1587 0.8838716065850661
1588 1.5856284274143597
1589 0.8769861448225705
1590 1.104502239935354
1591 0.9098556346859183
1594 0.5085640167439479
1592 0.5275321401374362
1593 0.6634796881082209
1595 0.7587404550648378
1596 0.4394999489778797
1597 0.8669710214748181
1598 0.3317386911128775
1600 0.8696294435424449
1599 1.4351334784819283
1601 0.6073842083052872
1602 0.621073046192271
1603 0.6033999962402242
1604 0.9012239911003451
1605 0.9121054327246553
1606 0.2519247095932428
1607 0.9847009411600338
1608 0.36884788548912284
1609 0.7558406205054986
1610 0.05135511201015095
1611 0.8236712127161914
1612 0.267964133340886
1613 0.8290894177685162
1614 0.7378958809680674
1615 0.2322612356841395
1616 0.2903263050041347
1617 0.2974008610125211
1618 0.6157549775740482
1619 0.44276908340533866
1620 0.9215328818510098
1621 0.8762832998883133
1622 0.4813547295202434
1623 0.9015172129841534
1624 0.7823755645646953
1625 0.29949027985478616
1626 0.9558679906503934
1627 0.8841346921381069
1628 0.7742716996909055
1629 0.31663400753517357
1630 0.42640257410690363
1631 0.23061841328102617
1632 0.8226894447815054
1633 0.8259661913651036
1634 0.588016304142251
1635 0.3130146015870618
1636 1.4198728413949462
1637 0.32338544095144633
1638 0.9554416493641689
1639 0.6115423777839291
1640 0.5851093709668334
1641 1.0977080977406233
1642 1.0053137968960886
1643 0.45458333748153085
1644 0.718692716852691
1645 0.6306813468490052
1646 0.3744849373953589
1648 0.8286019438508487
1647 0.7207925523897991
1649 0.2711569277950002
1650 0.9620155253740429
1651 0.9126461684241945
1652 0.09522793748894387
1653 0.9662026624741217
1654 1.337843403996533
1655 0.234564819942415
1656 1.067799170316695
1657 0.7605609522832736
1658 0.9699085279557204
1659 0.18719587012968542
1660 0.5730737479091473
1661 1.305392989723569
1663 0.4848139396424957
1662 0.8881897435626226
1664 0.09767686691673975
1665 0.33185845909044404
1666 0.7720386795446902
1667 0.41379655983438496
1668 0.8379302318998275
1669 0.3803943868904796
1670 0.48774950354134344
1671 0.6869440485334727
1672 0.30223985354065125
1673 0.7459288039612051
1674 0.6392705070408538
1675 0.9545937152439915
1676 0.21731098110630745
1677 0.5859018134651478
1678 1.0
1679 0.76237575070098
1680 0.5919054893530583
1681 0.9150242139225059
1682 0.29730411479326085
1683 0.8724236165447614
1684 0.3684626781500951
1685 0.653292541604612
1686 1.010347068537336
1687 0.5843647392271384
1688 0.7765708292048531
1689 0.7573588788623382
1690 1.4030915534761157
1691 0.8604783192219716
1692 0.10288896764636983
1693 0.13433935689081516
1694 0.8419203299472594
1695 0.7538043546722796
1696 0.15758328361659565
1697 0.9135455911614062
1698 0.8708993737786574
1699 0.4306465409142171
1700 0.8851936126925576
1701 0.7947426757466627
1702 0.8296976349605178
1703 0.593576361667569
1704 0.6617264868404145
1705 0.41898977725626024
1706 0.6965005081126385
1707 0.9980206925394631
1708 0.7184617409138788
1709 0.5905833458719207
1710 0.478726207447062
1711 0.8242735477625172
1712 0.8985307902289953
1713 0.7513436055652873
1714 0.9715857381879794
1715 0.6594801216708518
1716 0.771758000522532
1717 1.101106069623912
1718 0.3478886296178253
1719 0.009883989236553887
1720 0.7242633166352287
1721 0.7490654980722143
1722 0.8838957891334915
1723 1.0556188488451441
1724 0.19630007313962006
1725 0.8234562725351185
1726 1.094716827862062
1727 1.0773756940523478
1728 0.37194979057232785
1729 0.7495253146971986
1730 0.08775766695729974
1731 0.07766779837384731
1732 0.6687670650555492
1733 1.1273763197254196
1734 1.412037546969803
1735 0.4417995714881484
1736 0.9464978841976694
1737 1.0060142613272611
1738 0.7444916624438243
1739 1.0995290661746109
1740 0.9781611032660346
1741 0.9715808103122409
1742 0.06617380550513208
1743 1.0677100526875074
1744 0.9946933980965477
1745 1.1183258473238364
1747 0.5610393262054745
1746 0.3415655134816747
1748 0.8585526260744563
1749 0.33706864426868277
1750 0.4185523535393239
1751 0.855294682039256
1752 0.9564301319242463
1753 0.31905489688278205
1754 0.8306229752219817
1755 0.7538108832211715
1756 0.595396056310671
1757 0.5307422186792518
1758 0.8697618759167967
1759 0.623820197461201
1760 0.7333972546534678
1761 1.1495807787219938
1762 0.6309517582194799
1763 0.980008219555379
1764 0.9336170358854166
1765 0.5966996284503695
1766 0.8926499018994729
1767 0.9035298326878182
1768 0.941513566509902
1769 0.751233020752403
1770 0.7215889096245385
1771 0.5332766412432052
1772 0.21121361348623835
1773 0.835440663242279
1774 0.9735509889903119
1775 0.9111734911533284
1776 0.5437376196095675
1777 0.8823806075375565
1778 0.5841381329537112
1779 1.1252716755385974
1780 0.7856930662915952
1781 0.8554887907396711
1782 0.3580554537724676
1783 0.46418912026897885
1784 0.47520337404694746
1785 0.6965557588913742
1786 0.7185163694850726
1787 0.8381475702452874
1789 0.12256429010495704
1788 0.92221494768077
1790 0.23483704989605228
1791 1.122988397693126
1792 0.5085508724420372
1793 0.9675314664956595
1794 0.908937511541118
1795 0.06954481168793214
1796 0.40673436298442667
1797 0.7827955620005684
1798 0.9160796656674952
1799 0.474492809557536
1800 0.4343669960989471
1801 0.12399872418337797
1802 0.9922983251023001
1803 1.2466592249170754
1804 0.9943609399449652
1805 0.6803000120548236
1806 0.8402135109188352
1807 1.1278684998854291
1808 0.35299387537166094
1809 0.80557133933765
1810 0.6997044393941831
1811 0.8862260067062196
1812 0.4449540318115644
1813 0.9921124277071129
1814 0.5229538240951307
1815 0.4902808076942908
1816 0.21226727261479628
1817 0.2624946128617855
1818 0.8865936497984235
1819 0.8703812912774633
1820 1.4374739679318658
1821 0.6915879489468105
1822 0.2960106087991262
1823 0.14222155912706855
1824 0.4933673381596707
1825 0.8800406981476869
1826 1.0293370428577635
1827 0.8064348386132666
1829 0.5908644607821237
1830 0.744134319933022
1828 0.7935729989777467
1831 0.9784692738671704
1832 0.6116203709704265
1833 0.6397863127572666
1834 0.8603160641131445
1835 0.6597012901115061
1836 0.619591495520527
1837 0.6950244649096143
1838 0.49715908299637335
1840 0.14426028159139434
1841 0.48691178116430606
1839 0.34222576817785594
1843 0.16548409431512515
1842 0.19803007015546847
1844 0.7976800552856778
1845 0.5064768607463952
1846 1.0432215191371697
1847 1.2172602642824544
1848 0.30129596645200346
1849 0.5741058093106475
1850 0.5352900250558336
1851 0.465006723174086
1853 0.04237521607388907
1852 1.0
1854 0.5746893207432837
1855 1.1497973250709743
1857 0.17726130197014192
1856 0.940379501615183
1858 1.280422844615292
1859 0.810969517711801
1860 0.8758908480097479
1861 0.9475742879561819
1862 1.0727469856259928
1863 0.9528537036247728
1864 0.537834535012979
1865 0.6309010395417911
1866 0.9770312486991615
1867 0.7085688250059144
1868 0.08993870795818135
1869 0.3087738719509965
1870 0.6576287412524543
1871 0.10988031245355546
1872 1.172003230907081
1873 1.623855001037591
1874 0.47599401930468194
1876 0.8459317304541307
1877 0.6080116447401677
1875 0.8853196011924961
1878 0.8032430463284159
1879 1.0000303433782396
1880 1.2159695795815402
1881 0.48217852030280656
1882 0.39141151463565355
1883 0.3154395318553251
1884 1.0003186284247265
1885 0.7250247372612211
1886 0.06403438495002614
1887 0.1046036448305688
1888 0.8561891461566086
1889 0.9621668314729351
1890 0.6682540366959843
1891 0.6215850722280616
1892 0.9937053202422371
1893 0.03078410760574342
1894 0.29279961329704746
1895 0.19690150231900247
1896 0.5167171971171383
1897 0.9476708316635831
1898 0.29090415006768394
1899 0.8918983098161879
1900 0.9093603888758053
1901 0.25845855078717084
1902 0.4109206542313474
1904 0.12956310540504898
1903 0.7659556422137942
1905 0.9950268638582412
1906 1.7203431256909045
1907 0.7880941750377318
1908 0.9543461916959284
1909 0.939072565058585
1910 0.9990426883845742
1911 0.6114358745187256
1912 0.10155358236943049
1913 0.554836826408904
1914 0.4598012939311597
1915 1.213213192600092
1917 0.9968701438510424
1916 0.990343798072755
1918 1.507790007215568
1919 0.16057633952706152
1920 0.5059253721406206
1921 0.15863998913583655
1922 0.469880934542309
1923 0.8137010654327315
1924 0.7528733601472977
1925 0.7056502197695015
1926 0.7935355872954506
1927 0.9001046209849575
1928 1.1662067977001087
1930 1.1004325830170105
1929 0.14497397133694048
1931 0.48074831378695493
1932 0.6109692583606942
1933 0.9892260669719023
1934 0.8298303077489051
1935 0.7675869988798628
1936 0.6316118335941575
1937 1.823393997484884
1938 0.7797716562985926
1939 0.9841752503978979
1941 0.6301784172844633
1940 2.4284045021096397
1943 0.5250386482549566
1942 1.1909009227528695
1944 0.5391694707582614
1945 0.8124424865287999
1946 1.06165832066912
1947 0.23007876272156885
1948 0.6710292291886629
1949 0.6486855941054958
1950 0.38784776702583057
1951 0.6623184295363628
1952 0.24039754521841047
1954 0.8701390413343963
1953 0.8398441955270208
1955 0.7915875061888006
1956 0.8784447573412125
1957 0.6560876596722773
1958 0.7374676005941809
1959 0.4979919907439887
1960 0.2372738477220259
1961 0.6886593422950847
1962 0.7411337000923447
1963 0.3645608922708918
1964 0.33712971138808945
1965 0.22625910499195914
1966 0.42306326955327106
1967 0.46720397518512374
1968 0.6456221386555302
1969 1.3608747408565012
1970 0.832006460925914
1971 0.8189585982845249
1972 1.0963217791935596
1973 0.14169288908346842
1974 0.7202693801220946
1975 0.9603597497870173
1976 0.8452579310820203
1977 0.6836059491227185
1978 0.9200120167674704
1979 1.1730460833584495
1981 0.14342762413919863
1980 0.5614571454887959
1982 0.6502810856149803
1983 0.1727737709371641
1984 0.4433065463129396
1985 1.3627852632096271
1986 0.6023795041104142
1987 0.8994737643068113
1988 0.7792169945097656
1989 1.6670859972884868
1990 0.7122396806646397
1991 1.5274784276157058
1993 0.44652581779415573
1992 0.765654200250966
1994 0.42971952600416713
1995 1.5771500167458603
1996 1.3163446643436028
1997 0.8491693538762888
1998 0.7325553588983031
1999 0.23892323288088813
2000 0.24866492467835355
2001 0.687976481002105
2003 1.1790296719781856
2002 0.9962476565217786
2005 1.1723270460593105
2004 1.8151421506480172
2006 0.35052818498337446
2007 0.49027166753176393
2008 1.0235221799574081
2009 0.8389975744495382
2010 0.7828528272433943
2011 0.7857493866080706
2012 1.2870929121797663
2013 0.15600867497502716
2014 0.37440715076426345
2015 0.11118647436877048
2016 1.1141315101464382
2017 0.5415571626288875
2018 0.8963908816557234
2019 0.9535418392661233
2020 0.2273484141759903
2021 0.8672312598524916
2022 1.0244515894584998
2023 0.8456496925439577
2024 0.21497455550415967
2025 1.0015163447141493
2026 0.43442353553566154
2027 0.0
2028 0.8883746918698783
2029 0.6621424067897668
2030 0.7859293442194858
2031 1.5325120879697367
2032 0.6478396988785726
2033 0.8974562896829567
2034 0.0951825222643906
2035 0.7415295267273636
2036 0.7458771833544817
2037 0.7097616108618792
2038 0.6457533545318764
2039 0.9994505463000568
2040 1.4586955331708686
2042 0.8501135059282134
2041 0.6773673323722221
2043 0.36262479733382846
2044 0.4269959630099987
2046 0.9411545549748118
2045 0.6321627574482462
2048 0.7657998679474605
2047 0.7042869236675091
2049 0.9793541045812616
2050 0.9982804879113326
2051 0.8773804080917208
2052 0.134361439963593
2053 0.7492550809369254
2054 0.9837716428203713
2055 0.7376594254728367
2056 0.9372814574746341
2057 1.0027379098090767
2058 0.9503715433159902
2060 0.9462958923278614
2059 0.9547771967227533
2061 0.747813139233781
2063 0.05474793907620327
2062 0.8569598491044177
2064 0.020361099676030534
2065 0.8747119329786605
2066 1.0395479621616588
2068 0.8139606870113568
2069 0.8152243624703996
2067 0.3451055757681525
2070 0.8851239743076619
2071 0.4803337913459662
2072 0.7717771289465241
2073 0.6977431304680426
2074 1.002032013220333
2075 0.8175593890326717
2076 0.7098102106475166
2077 0.7166306315035681
2078 0.8081508581435067
2079 0.40798762835442887
2082 0.7747834895270697
2080 1.0332220199775846
2081 1.2667625762411148
2083 0.5952541803366703
2084 0.06276125864267634
2085 0.9132605014956333
2086 1.2393682571927125
2087 0.6439536369998707
2088 0.8457459954091977
2089 0.6376706097205916
2091 1.6887346386277723E-4
2090 0.4723918510663668
2092 0.9533562657293463
2093 0.8021312776447475
2095 0.9419965860923426
2094 0.3933349089345477
2096 0.9977227266797768
2097 0.8512575920418781
2098 1.116108698522547
2099 0.6731628692743924
2100 0.707497308760256
2101 0.9219982061040546
2102 0.27409795674044235
2103 0.5262617653293503
2105 0.9680041546976855
2106 0.9983668192753756
2107 0.310403448138458
2108 0.26215392055721476
2104 0.903183174761925
2109 0.15831043724005722
2110 0.9549069231396127
2111 0.9452459790454365
2112 0.9299272061572049
2113 0.7705861112926689
2114 0.7810660582013544
2115 0.9060732612297101
2116 0.9094403461589134
2117 1.0935268435689243
2118 0.8242464795792143
2119 0.38532286532803467
2120 0.4833176584009748
2121 0.5921728022616564
2122 0.11771911669072598
2123 0.8686738521017374
2124 0.7804463180642383
2125 0.5996797846132221
2127 1.064741022038332
2126 0.6533393134093486
2128 0.9988518125824537
2129 0.8541769582967559
2130 1.1316797216877104
2131 0.08098381203009154
2132 0.3982466931545736
2133 1.0194832710414516
2134 0.7615457814394757
2135 0.8711103922579835
2136 0.850674969819095
2137 0.6532467460635876
2138 0.9983040456071118
2139 0.9744350478043974
2140 0.9648520828325331
2141 0.9551779490120483
2142 0.17587446442338284
2143 0.23742901180680084
2144 0.7162961281891066
2145 0.8766841679970102
2146 1.6110125344761745
2148 0.7974266456346075
2147 0.10856503967817015
2149 0.41763893108416844
2151 1.5499781615629735
2150 1.2359529416933461
2152 0.7981288401530202
2153 0.7273267943718007
2154 0.5264251442708472
2155 0.24528375736924488
2156 0.8177263543145542
2157 0.7154477742391949
2158 0.5932630108139223
2159 0.9375188494512448
2160 0.4331614877667245
2161 1.3245762270431478
2162 1.6474675523136506
2164 0.5564228200386065
2163 0.6268022405013249
2165 0.9999557389774568
2166 1.3324853398118153
2167 0.9979160833881809
2168 0.4192659624169632
2169 0.9681345138172038
2170 0.6283200074578104
2171 0.9997960296840449
2172 0.6266219439414431
2173 0.9981564959349537
2174 0.6021361556815209
2175 0.9925797225208652
2176 0.8017364568255968
2177 0.9917646415638053
2178 0.24560104351924633
2179 0.2303955537145358
2180 0.8818412004017095
2181 0.7397791577234519
2182 0.5071665224984143
2183 0.9960243381155729
2184 0.6191999315087513
2185 0.8865791812951805
2186 0.33650048003938815
2187 0.9066222708925028
2188 0.22781323786214322
2189 0.7413207805569825
2190 0.9740488795421351
2191 0.6258531936585171
2192 0.2963216873299764
2193 0.9662761549192237
2194 0.9233270390506741
2195 0.8378996920692658
2196 0.9249153139400068
2197 0.5356142383389558
2198 1.0039514478511231
2199 0.3768409243996301
2201 0.6307993016507116
2200 0.9737663652680564
2202 0.6470626039711065
2203 0.6538346412543524
2204 1.126540583341051
2205 0.9316343207581801
2206 1.0083470944195116
2208 0.3835744318944387
2207 0.30494425828409716
2209 0.0018729738574497481
2210 0.7228778580437911
2211 0.49275383898649144
2212 0.9001384909315477
2213 0.15553484762090303
2215 0.8933745917297643
2214 0.5857108221194665
2216 0.6161732683806029
2217 2.1615604367283594
2218 0.8397399370588321
2222 1.1964972755087642
2219 0.871853260759046
2220 0.9356992525485357
2221 0.9143954021623799
2224 0.9520112606664662
2223 0.3329084599812308
2225 0.8267167898291556
2227 0.8825445789277231
2226 0.7868644138570453
2228 0.571073041618214
2229 0.7990491883742693
2230 0.7797024971037104
2232 0.737309460386256
2231 0.3866280166516774
2233 0.36888355671253187
2234 0.7915593188879799
2235 0.20926959748122523
2236 0.8266754784941406
2238 0.4059691160907514
2237 0.12400047425792864
2239 0.5536198251628957
2241 0.17274128357169896
2240 0.5277844473484132
2242 0.7562481277356523
2244 0.9723031589606752
2243 0.5304495765220107
2245 0.2762409632259656
2246 0.4296538240710089
2247 0.4628499527099978
2248 1.1428820648781197
2249 0.9123991907508843
2250 0.5037611665424483
2251 1.0423796861394357
2252 1.0707444704577407
2253 1.0891214115772319
2254 0.9444620398713727
2255 0.8519757564620463
2256 0.6425763355850743
2257 1.5935916982204539
2259 1.1903542837593306
2258 0.726422470785683
2260 1.419021516065948
2261 0.8154492839703205
2263 0.7750614771569395
2262 0.6344477471105225
2264 0.3215407744877556
2265 0.030707395656389917
2266 0.39367444763738924
2267 0.3610044272446446
2268 0.6857867479650214
2269 0.8649695702512988
2270 0.8679034290681632
2271 0.89929410121565
2272 0.8192173234354104
2273 0.8344802570678085
2274 0.4795386812760344
2275 0.9961900436956898
2276 0.7097512645795111
2277 0.6874476263521024
2278 0.012215484752843793
2279 1.6219941479698687
2280 0.5789711097533429
2281 0.7427717574229429
2282 0.5524454332344652
2284 1.0021410761000236
2283 0.979966957115633
2286 1.303833660221483
2285 0.1325470848246675
2287 0.5682314641184376
2288 0.3841413355582438
2289 0.8122390324982448
2290 0.29224696042106413
2291 0.09625989413804405
2292 1.351712505943215
2293 0.26711068333707866
2294 0.6635242063691047
2295 0.8426302758843595
2296 0.7866965614640082
2297 1.1373945196603419
2298 1.0412279383664294
2299 0.20096906390241517
2300 0.5441128972979646
2301 1.1732608091037506
2302 0.07590885328576556
2303 0.7307869016134799
2304 0.9962396255682727
2305 0.8404054319649437
2306 0.29500133620053637
2307 0.544937329216068
2308 0.8998981587914411
2309 0.9877360094150164
2310 1.0504379462433395
2311 1.0470164685280416
2312 0.5202981525586187
2313 0.6715180773709042
2314 0.7366988536226887
2315 0.9403563254059892
2316 0.6928337485170494
2317 0.8822950743194814
2318 0.8286939305154019
2319 0.7582262798488411
2320 0.26992686592828413
2321 0.3256194633758154
2322 0.893985515160616
2323 0.7684270950116219
2324 0.9572684754137869
2325 0.7146373742035875
2326 0.6746751130959218
2328 0.9788891330470293
2327 0.8373178859861691
2329 0.9843564489770107
2330 0.0030455900095607527
2331 0.993082618137005
2332 0.6270479061451631
2333 0.6810553029422745
2334 0.7154137960427889
2335 0.39469765466301565
2336 0.6312163681842061
2337 0.5096884113517344
2338 0.9240218284896335
2339 0.9220086149391579
2340 0.847664485086197
2341 0.7192879798062082
2342 0.8764436900221038
2343 0.6938269060916067
2344 0.8929475180245457
2345 0.863159612133533
2346 1.0960651384737137
2347 0.9216109507043749
2348 0.5610036808494778
2349 0.024332496429465816
2350 0.8833035988323323
2351 1.3635261805471388
2352 0.578740077469753
2353 1.095104965213775
2355 0.5489591696230212
2354 1.305038679484878
2356 0.8662905620531357
2357 0.8824783475615626
2358 0.8073704533228558
2359 0.947236056149493
2360 0.7601613829708822
2361 0.881822117968415
2362 0.902401640348497
2363 0.9692854017454318
2364 1.340763476707592
2365 0.9177883042316408
2366 0.6974482833721789
2367 0.6964424390060997
2369 0.7965014605117585
2368 0.9840330385958
2370 0.0
2371 0.8191484420324132
2372 1.0211569661985924
2373 0.40732603122727945
2374 0.9042383535329609
2375 0.8498738213388921
2376 0.920560950609893
2377 0.7146649610706515
2378 0.2653112165533482
2379 0.7100010502603946
2380 0.8073968584869277
2381 0.7969214745188566
2382 0.7960988546062103
2383 0.6756948959106044
2384 0.37646495329740637
2385 0.7098436601007925
2386 0.4751341802479566
2387 0.1518097783898275
2388 0.7912355016914914
2389 0.8233031839800096
2390 0.9261895639866558
2391 0.5208117443714402
2392 1.032480244170444
2393 0.9205928340358155
2394 0.8389907443891659
2395 1.415951961847409
2396 0.7005335052391911
2397 0.5023210024888005
2398 0.8238071693518699
2399 0.5967723010130735
2400 0.20328475032901783
2401 0.07452943855216082
2402 0.5412328145257046
2403 0.24437820064323898
2404 0.7038245242876564
2405 0.7796191753421712
2406 0.8784858411317871
2407 0.9086538958089424
2408 0.4723212178515936
2409 0.7750315991146002
2410 0.9907509826994246
2411 0.3397062499192115
2412 0.739720080051516
2413 0.07499728534019681
2414 0.5326412645110393
2415 0.8652081651194274
2416 0.5979804412557678
2417 0.9485859701880633
2418 0.7197964278438134
2419 0.7670726538499333
2420 0.9315769578029274
2421 1.0463548135351293
2422 0.9409211531435674
2423 0.8422135923770783
2424 0.7440175546857124
2425 0.7152398890960778
2426 0.8359703038711275
2427 0.1925160870327199
2428 1.0
2429 0.6057866533270773
2430 0.6129261227015166
2431 0.539002201724561
2432 0.502133853431195
2434 1.106472230711446
2433 0.6250240620478751
2435 0.9121704792825304
2436 0.9550602213833861
2437 0.019186068385634848
2438 0.8833425411701598
2439 1.0579842967460595
2440 0.877508502666952
2441 0.9629769062656249
2442 0.9333311206409268
2443 0.8459144389668672
2444 0.8179972864319937
2445 0.29131302659751845
2446 0.6665889652290711
2447 0.7864935762553208
2448 0.9521949940297254
2449 0.5798433699782055
2450 0.788668061495277
2451 0.03200388453240137
2452 0.6360822578602985
2453 0.2497291332904961
2454 0.7818708794030678
2455 0.8551197739643875
2456 0.9949800838161152
2457 0.39362975837586045
2459 1.295812149651634
2460 0.8629259723554703
2461 0.2695000970440844
2458 0.5397487099013157
2462 0.6982530215353526
2463 1.124760146274951
2465 0.41472312989022025
2464 0.9249683747232031
2469 0.11449585033972633
2467 0.6740256919266862
2466 0.6694242732842384
2468 0.44756654392615297
2471 0.8475185282219557
2470 0.30117538931817966
2473 0.3893779922353289
2474 0.8174178577432129
2472 0.6270084425815357
2477 0.11329410215567261
2475 1.085523401624813
2476 0.9696609172911937
2479 0.7396191830565909
2480 0.09432214457975219
2478 0.576471
2481 0.17033329251838308
2482 1.4537172384240635
2483 0.7729604872992281
2484 0.8435179450530939
2485 0.30903742038234533
2486 0.3282356117730692
2487 0.6365847873966741
2488 0.7902892877354929
2489 1.0560350470097195
2490 0.7306057963314652
2491 0.9669975575910301
2492 0.5847657645440948
2493 0.6779408990902767
2494 0.09830047697034154
2495 0.3625297587558372
2496 0.5200866542830132
2497 0.8940717197322774
2499 0.721553691551701
2501 0.830319357745717
2500 0.6795894722987633
2498 0.7624374309222451
2502 0.05010408492997521
2503 0.6350410865294007
2504 1.142703037536529
2505 0.946103817095311
2506 0.009837826520156223
2507 0.5609066953250542
2508 0.9259433804700332
2509 0.7666514065625848
2510 0.8017230330168701
2511 0.6060677210398471
2512 0.6555305343789496
2513 0.9547241603017429
2514 0.2595350822191961
2515 1.4544715869698701
2516 0.5683872230867524
2517 0.9682795060864633
2518 0.9750929885589786
2519 0.9242169433075526
2520 1.0565961773866661
2521 0.9049303911252483
2522 0.41157442525789023
2523 0.9783852618682795
2524 0.606895201298873
2525 0.5361952085404533
2526 0.5858916377833513
2527 0.7027342780708672
2528 1.3462164928001508
2529 0.9017539534233118
2530 0.364969748149954
2531 0.8987128777620075
2532 0.991946922535178
2533 0.09009012753303157
2534 0.7362129780827039
2535 1.0262108414217226
2536 0.7733189283158987
2537 0.8999014395284387
2538 1.1503222911507334
2539 0.8085033226242839
2540 0.4626656836603351
2541 0.5947745323628187
2542 0.9735860903350964
2543 0.46335629257418876
2544 0.9619243038307786
2545 0.5911102851257924
2546 3.869756423060936
2547 0.15640936844093098
2548 0.5332292964698224
2549 0.9980169478067904
2550 0.9920718858793395
2551 0.5417886060588589
2552 0.887693314128018
2553 0.7400385311460848
2554 1.2931887454038122
2555 0.9384593757856543
2556 1.0323359594468506
2557 0.6393916063224633
2558 0.6804892522325124
2559 0.3912061026502878
2560 0.5565957000379748
2561 0.24769547460991814
2562 0.9080743506940671
2564 0.9752015601260756
2563 0.05987554402197089
2565 0.9808900067453267
2566 1.2015962344261186
2567 0.44604059068623103
2568 0.7384824709521153
2569 0.9293590454819163
2570 0.44134463754330755
2572 0.5993897129132939
2571 0.5297391064167175
2573 1.1124428915320106
2575 0.04202654944081885
2574 0.1523518470768404
2576 0.9787838048097277
2577 0.8029244084255636
2578 1.2379340133142929
2579 0.04249580340562731
2580 0.42094015621769176
2581 0.34258842094569275
2582 0.8566855639526152
2583 0.9991372961360907
2584 0.41736638129672093
2585 0.41991270820936455
2586 0.10572238118482442
2587 0.7402303238922632
2588 0.69856553321358
2589 0.330870965937539
2590 0.6895537320013035
2592 0.8164626006025719
2591 0.6700601637510399
2593 0.23668416069080392
2594 0.6495140700675511
2595 0.7201619301557354
2596 0.44773940532848366
2598 0.934380819049937
2597 0.19284158506425192
2599 0.79698457260428
2601 0.9986181444942855
2600 0.7537103071854192
2602 0.49656093306128923
2603 1.0475372782861465
2604 0.772682796306873
2605 0.8559970343384536
2606 0.02014329109038813
2607 0.7919021770926342
2608 0.9453366860979486
2609 0.9376244457638053
2610 0.2521092222173769
2611 1.0030771677541648
2612 1.0762067098615342
2613 1.0324637033338273
2614 0.9969193956437228
2615 0.8999946943044211
2616 0.6928522582637217
2617 0.8165502934089615
2618 0.5403785989534071
2619 0.9079322303028254
2620 0.4560699929204422
2621 0.37153638632569685
2622 0.6634035050520638
2623 0.93416942987951
2624 0.4649698568861963
2625 0.5242350472743637
2627 0.9638980722096945
2626 0.1773070854643303
2628 0.7607583839660346
2629 0.6204108890146252
2630 0.8918074534726023
2631 0.8166052538922177
2632 0.16336120826532444
2633 0.8459600699413857
2634 0.5373578842790967
2635 0.2145058828298758
2636 0.9957571032413426
2637 1.1683288100097766
2638 0.3656521977496384
2639 0.27035877646945117
2640 0.030052048449018758
2641 1.251826094352065
2642 0.958423883690027
2643 1.2679049517248961
2644 1.2740989275651653
2645 0.9915550929390913
2646 0.4968731987358684
2647 0.9029328247068998
2648 1.063797023099236
2649 0.7481374579831329
2650 0.9826018838178328
2651 0.24942276181183107
2652 1.04428489288327
2653 0.32974446477783015
2654 0.1817453453995741
2655 0.7827552165050925
2656 0.7954902790447499
2657 1.0420250232046337
2658 1.3442801534797026
2659 0.2572712841038022
2660 1.1517841414389867
2661 0.35732409221258415
2662 0.7299220416617088
2663 1.0002068419748191
2664 0.6202033970633942
2665 0.4799769287301237
2666 0.3985352282124215
2667 0.8205139393669977
2668 0.7311837737432346
2669 0.9191679158995317
2670 0.9969565328190519
2671 0.6532557645355699
2672 0.8738905710376481
2673 0.5176987193239441
2674 0.686631212085893
2675 0.13449991411557435
2676 0.9527437111393332
2677 0.35778070958856584
2678 0.5654951776080257
2679 0.7485554481548885
2680 0.9947708809411442
2681 0.8610810667915197
2682 0.02912955858056724
2683 0.21957908388798072
2684 0.813700978426332
2686 0.9864920299076047
2685 0.6964431640530853
2687 1.4407804304716316
2688 0.9173168884947088
2690 0.6146992915355655
2689 0.40508092758927
2691 0.8644228724281323
2692 1.2068566211341085
2693 0.44482796049936973
2694 0.8015628981751648
2695 0.9499009007573571
2697 0.723468941028563
2696 1.1576406324385562
2699 0.9909271426370808
2700 0.27121156610202635
2698 0.20570298034932596
2701 0.9663826600309954
2702 0.5644356699240574
2703 0.5171602294570237
2704 1.6355174624240347
2705 0.6725956976960955
2706 1.2669170861266958
2707 1.0149862929928455
2709 0.687105618886485
2708 1.1537200053997942
2710 0.5789812566482482
2711 0.20960708547610454
2712 0.9555396279222037
2713 0.7433428835045414
2714 0.48264016424714906
2715 0.3848186810117124
2716 0.305792114557049
2717 0.6881571960511921
2718 0.9685522777094617
2719 0.0034048429775940404
2720 0.6669908178434001
2721 0.22666984684590827
2722 1.0818127416509178
2723 0.8261257270026422
2724 0.7454269789770185
2725 0.9943378342110993
2726 0.22688486350969628
2728 0.33940555160064156
2727 0.6948825125997774
2729 0.7971307052413898
2730 0.733478694124329
2731 1.0671661695197092
2733 0.6111468678600588
2732 0.6960071091768922
2734 0.9576199035035657
2735 0.44943912615034054
2736 0.9746855611516132
2737 0.18184014435870016
2738 0.5040128462580213
2739 0.6772901957192613
2740 0.9785471372070728
2741 0.8844481637450304
2742 0.45486599491644836
2743 0.6607634313924547
2744 0.7622907117349429
2745 0.9702408945783889
2746 0.31973540595621697
2747 0.05695333112421853
2748 0.6207008313909581
2749 0.8189339226339841
2750 0.9944587284264281
2751 0.6791144359252741
2752 0.9334613512465679
2753 0.6983388809590564
2754 0.682955049866464
2755 0.6464247245164593
2756 0.5095266873273978
2757 1.0106383558999383
2758 0.874576831598734
2759 0.8759178882602882
2760 0.774688149163505
2761 1.0022930203543292
2762 0.014083394061755893
2763 0.06996023835474968
2764 0.44281360419738536
2765 0.4895539493451295
2766 1.7616444179154858
2767 0.26438784121195796
2768 1.7507507123495842
2769 0.7042441153831759
2770 0.16950845976444845
2771 0.5682362104648002
2773 6.214822347370705E-4
2772 0.8504542207869523
2774 1.2032860509096974
2775 0.9711866948098147
2776 0.22027121793731927
2777 0.8178020144249656
2778 0.6328781137565332
2779 0.4750886716884173
2780 0.4325394152336776
2781 0.8224643437062031
2782 0.8743313829629671
2783 0.8053388966527218
2784 0.8718595688463485
2785 0.8606721786287116
2786 0.9193297732108672
2787 0.6294082529946685
2788 0.017357677150931842
2789 0.6359223092364649
2790 0.8327131232785099
2791 0.8297649225898219
2792 0.9876987460322704
2793 0.987752101567344
2794 0.9867665193955201
2795 0.6967561806929703
2796 0.7735380501881899
2798 0.37367565487427545
2797 0.4893425023707631
2799 0.9318342382318743
2800 0.5943988705731419
2801 0.8989382660777272
2802 1.0275244892216957
2803 0.9221473599539808
2804 0.5315756257445096
2805 0.9781662040601431
2806 0.6995156973351035
2807 0.8786312803474607
2808 0.35709103529678865
2809 0.9602670959829033
2810 0.4190388566119518
2812 1.2305611810217596
2811 0.3459856875896077
2813 0.8852039962644371
2814 0.7799049110886315
2815 0.5249237452234286
2816 0.9070957791048526
2817 0.8479945530497887
2819 0.3357675202647158
2818 0.7463597721870743
2820 0.24532266449153337
2821 0.6845059269793914
2822 0.8327388927669758
2823 0.5973876262644771
2824 0.7387312773230079
2825 0.8515201543488689
2826 0.9733530351569768
2827 0.6268596716596284
2828 0.9960068380680838
2829 1.2272936111787176
2830 0.7022613787393664
2831 0.9554762874017031
2832 0.633080516252402
2833 0.7739721840401432
2834 0.6711425130406596
2835 0.002769238863219247
2836 0.4583925126702515
2837 0.5656558324717776
2838 0.5412542815609956
2839 0.233333
2840 1.2008649591110327
2841 0.46652005898605753
2842 0.4590506150119332
2843 0.5313043819406547
2845 0.33574759880067495
2844 0.7612712440412539
2846 0.9244573391195365
2847 0.5651554363121944
2848 0.8719721259686409
2849 0.6375370900452452
2850 0.6874392424704359
2851 0.9830919897695355
2852 1.2339613108748622
2853 0.7297393019251704
2854 0.4286397691385497
2855 0.5595789858902018
2856 0.9602031498053508
2857 0.8522303073212089
2858 0.6313280563438946
2859 0.5301800431834984
2860 0.5323378361718232
2861 0.13748906755987128
2862 0.855149564357938
2863 0.7748472523885689
2864 0.7013175185871457
2865 0.9214969901875625
2866 0.6944243646644721
2867 0.8433799236150721
2868 0.7139400844659849
2869 0.730505845767279
2871 0.397563997735818
2870 0.9826159083730426
2872 0.5790374145775028
2873 0.2568860767805755
2874 0.8233131163483338
2875 0.8820099350716681
2877 0.6362742528766162
2876 0.9622003065135964
2878 0.9243928235440164
2879 0.9895628472893293
2880 0.721380217156507
2881 1.2801609052630014
2882 0.6889102914159945
2883 1.030739173646579
2884 0.11190310430545077
2885 0.8936517463031951
2886 0.9612557715445292
2887 0.18455278968149672
2888 1.1123534048903463
2891 1.0262216105356698
2890 0.0
2889 0.9643899661145217
2893 1.1583220038651583
2892 0.9394760284471299
2894 1.782229839098489
2895 0.4415637178723899
2896 1.0146016970127814
2897 1.3567564216257009
2899 0.8729990001924304
2898 0.0033563042420658856
2900 0.510745148320529
2901 0.304864460012775
2903 0.7338037066101253
2902 0.7884247244955546
2904 0.5397879112056461
2905 0.6242426344197719
2907 0.5427887883606433
2908 0.9983268910732641
2910 0.5079413327676817
2909 0.8677613397319197
2911 0.8428795572110512
2906 0.9346896579910539
2912 0.8503470776689768
2913 0.1364389279171463
2914 0.8904836606868828
2916 1.2346783095544627
2915 0.02961332981000353
2917 1.0360862013083283
2918 0.18899565258896897
2919 0.36844678956313964
2920 0.8889529345431644
2921 0.790305285815371
2923 0.17458483686728504
2924 1.1511884800260501
2925 1.0017245646967543
2922 0.6469133859299326
2926 0.8502845734373863
2927 1.150032882729321
2928 0.8904450740874104
2929 0.30964301378328546
2931 0.9761116680973079
2930 0.7503942741203123
2932 0.48106866580525137
2933 0.670530332146183
2934 1.1495311626045173
2935 1.0258023461887515
2936 0.933651097770437
2937 0.758254135182246
2938 1.0271083611735
2939 0.6651280373906729
2940 0.8647915262242992
2942 0.9442062825275257
2941 0.6365131875375973
2943 0.8932159265283187
2944 0.39174077955568304
2945 0.0067114462970092915
2946 1.0474834939102267
2947 0.3787724664312817
2948 0.5028648749534235
2949 0.6344165995679422
2950 0.429412
2951 0.7426067987455377
2952 0.8568074536347474
2953 0.7201402216379408
2954 0.7155537800055635
2955 0.7338299156995407
2956 0.8543868161138836
2957 0.7846619559807254
2958 0.20745652122310276
2959 0.583760437715688
2960 0.7518522768539868
2961 1.1110269044009178
2962 0.0011206571503419034
2963 0.026310232653211713
2964 0.760470086639872
2965 0.7533330905657826
2966 0.8664987674749824
2967 0.8075474517283976
2968 0.9353888365804326
2969 0.8294652624979896
2970 1.1695448333617142
2971 0.9643534909579965
2972 0.8752649718704448
2973 0.70236422302835
2974 1.0327721322583705
2975 0.961493474323393
2976 0.41455818509252274
2977 1.2812552952204999
2978 0.8004734249564108
2979 0.1860191035976344
2980 1.535942633042598
2981 0.9993490135391847
2983 0.9858194134292811
2982 1.242919201282974
2984 0.7198085974680001
2985 0.7934985089131218
2986 0.461705738105714
2987 0.7744999460265347
2988 0.4545234742857116
2989 0.5485074206210848
2990 0.9920816646580938
2991 0.14868217839282755
2992 0.4203050748998502
2993 0.5321687495759335
2994 0.5609162519294505
2995 0.7299932594606755
2996 0.8594049953817076
2998 0.867979071078961
2999 0.972335476588436
2997 0.7893492977356072
3000 0.07281993776093293
3001 0.70060562666738
3002 0.19080288345144417
3003 0.00870696401870196
3004 0.6754037756831599
3006 0.9779498224293561
3005 0.6936377220800299
3007 0.025726578029311744
3008 0.5314376357583304
3009 0.9197971437167747
3010 1.3318282199644635
3011 0.22210294576369696
3012 0.7893263399054825
3013 0.23861330024571692
3014 1.128694548645832
3015 0.9776549307529812
3016 0.13383033708511563
3018 0.39133074642838306
3017 1.0055319357487142
3019 0.8610557052516509
3020 0.6041426175788646
3022 0.8331890575209846
3021 0.6045526432828665
3023 0.8183393781717804
3024 0.7748642583647131
3025 0.9155957331462903
3026 0.7819342099067961
3027 0.985229305699745
3028 0.957612674252866
3029 0.8859576732512924
3030 0.8653575201683574
3031 0.743235157941111
3032 1.2965126780161866
3034 0.9830103591527056
3033 0.7616201018046574
3035 0.26976159473163486
3036 0.9978995383337426
3037 1.01754927292768
3038 0.8790057898338678
3039 1.0237085904913665
3040 0.489615727139814
3042 0.9442466906819328
3041 0.8633465118902945
3043 0.9865181104805707
3044 0.9185537701976133
3045 0.49686194706536724
3046 0.9020588330357141
3047 0.9716017751783257
3048 1.0297664578577648
3049 0.9416892455292464
3050 0.8778728762430754
3051 0.6993963448857103
3052 0.3174286087757413
3053 0.6730817363795353
3054 0.8924244597984142
3056 0.42670414585936517
3055 0.3874365536868576
3058 1.0026261249299908
3057 0.8217993387328759
3059 0.4389295445167133
3060 0.22369163798725308
3061 0.21296864226581702
3062 1.1242726264780813
3063 0.9421538122918721
3064 0.8061285312240377
3065 0.9801615054861472
3066 0.9065847096703441
3067 0.7230396572007929
3068 0.9624384687326903
3069 0.8034426478744635
3070 0.40876433569223314
3072 1.074365046493644
3073 1.0636948126578927
3071 0.5914208812080034
3075 0.9610665355798133
3074 0.9168730196510408
3076 0.08204134587454658
3077 0.34607896946257755
3078 0.8997541880922302
3079 1.3520991876350499
3080 0.036615286829197916
3081 0.3030759785229036
3082 0.4239028781214254
3083 0.7593937312151287
3084 0.9466922054654916
3086 0.6992024225129437
3085 0.2745093469555013
3088 0.6751482915388737
3087 0.6287847604855449
3089 0.9369035389334975
3090 0.07697044538108139
3091 0.9333463780645017
3092 0.5066282817999562
3093 0.47621511315727066
3094 1.5287832949052687
3095 0.801164428881988
3096 0.6537720849646189
3098 0.746715160566515
3097 0.13411943625571424
3100 0.9711429877299205
3101 0.1814240881766987
3102 1.0049973198276152
3099 0.9671472692083041
3103 1.0688914735549002
3104 0.8807586769817006
3105 0.8287204460066454
3107 0.7526969094689184
3106 0.0627828004106008
3108 0.6021971295531683
3109 1.372669078224445
3110 1.0530912833672559
3111 0.9360265420395502
3112 1.066907980336523
3113 0.0546409688317321
3115 0.6042225589863168
3114 0.5135798450454112
3116 0.8060459256516681
3117 0.6418499702790048
3118 0.9249084344007521
3119 0.9956756616609492
3121 0.9241786682847001
3120 0.365992322309193
3125 0.9838676785576524
3124 0.9810537763000297
3123 1.0196685981144158
3122 0.4510215100637308
3126 0.4629490218204253
3127 0.14313388487145573
3128 0.4531849615402398
3129 0.21515788836300023
3130 1.0
3131 1.0141662721307598
3132 0.943319383034948
3133 0.7062336556288278
3134 0.7457290066191369
3135 0.9306107970486293
3136 0.8477402364140191
3137 0.4088020530429841
3139 0.8390589036717623
3138 1.378914292169591
3140 0.8866936174452643
3141 1.0345662919576073
3142 0.8893186224821007
3143 0.8314059180303447
3144 0.671360989826436
3145 0.44040819639976
3146 0.7835793535142883
3148 0.14262849299683242
3147 0.1123446080634565
3150 0.8674094474170505
3149 0.9867195588215257
3151 0.7399988782044853
3152 0.8921293107972244
3153 0.8945409666512855
3154 0.6524949128012036
3155 1.1374280085432802
3156 0.9870514763366544
3157 1.0828504911377623
3158 0.3852253421536004
3160 0.707905437900763
3159 0.8728930778146082
3161 0.9518065691697651
3162 0.8517852976654098
3163 0.9217775932259685
3164 0.8328214430929438
3165 0.8204978153508473
3166 0.6001586051451502
3167 0.9637899300904743
3168 0.9074603858516259
3169 0.0551571281695632
3170 0.7146594440283065
3171 0.5858298741132969
3172 1.3330269446649565
3173 1.3407084072226259
3175 0.8057091548300163
3174 1.1807994200575287
3176 0.2532555038908576
3177 0.973850442224926
3179 0.7358194672409525
3178 0.8596176857301607
3180 1.1242583246080877
3181 1.322456587464127
3182 0.761241356864183
3183 0.0755209776262394
3184 1.6196194326693227
3185 0.946873635118471
3186 1.176831601022097
3187 0.9114283862932405
3188 0.6420164860864643
3189 0.5998998019246182
3190 1.0083182533115118
3191 0.9623144880931718
3192 1.0355733919878078
3193 0.689853266456271
3194 0.7897177303519367
3195 0.6952208184103209
3196 0.591757206867125
3197 0.2959966521217163
3200 0.8066277060940827
3198 0.6202228210573106
3199 1.0012775434401406
3201 0.3994584095534288
3202 0.3169943257622652
3203 0.7419097627852237
3204 0.8507597191933622
3205 0.3255922685127976
3206 0.5183697048177736
3207 0.5271735084595971
3208 0.9366875336239565
3209 0.7161640642707844
3210 0.7708102799747072
3211 0.8776240354618711
3212 0.804738899335339
3214 0.9822289333422355
3213 0.7664836624731378
3216 0.2007226184896839
3215 0.9110802182627821
3217 0.9997676113820196
3218 0.12133514200758315
3219 0.5846911485280268
3220 0.9495108785671361
3221 1.1042029044881814
3222 0.8298456571827495
3223 0.785425084066002
3224 0.03619018136661509
3225 0.6183552527795173
3226 0.8611951282970858
3229 0.6227081502082934
3227 0.5939580964938126
3228 0.2550256633116664
3230 0.34901967008353374
3231 0.9862606935133763
3232 0.9907282453589431
3233 0.22526845733101208
3234 0.8798338417604877
3235 0.43149862938304745
3236 1.0476262271312073
3237 0.8477398363764911
3238 0.7744227140886233
3239 0.6698889689586295
3240 1.1135379866996888
3241 0.3550795720064093
3243 0.7926640370892205
3242 0.44577152273489234
3244 0.042170009475618976
3245 0.4389912749543052
3247 0.5816211850241383
3248 0.7158453485894285
3246 0.6537900379046834
3249 0.9726676522601291
3250 0.8237994892876312
3251 0.47359107978708065
3252 0.4315166212320565
3253 0.9938752621648277
3254 0.5200714637349496
3255 0.8408381067242754
3256 0.3221474801549671
3257 0.3779343593776053
3258 0.6466051340189429
3259 0.7812284734722855
3261 0.9925073794011409
3260 0.8107162255376893
3262 0.8819373627738929
3263 0.2693128361962889
3264 0.8449996952585268
3265 0.9901893885868059
3266 0.9163147730493332
3267 0.9432223714430106
3268 1.0187346894374685
3269 0.2101950881724006
3270 1.0140879930267417
3271 0.9356452085819694
3272 0.5063034659718874
3273 0.8702788278858402
3274 0.5414170430603569
3275 0.8559070023973443
3276 0.7544367557398971
3277 0.5606176878218926
3278 0.8492318467484851
3279 0.46862458719100847
3280 0.4622310984959619
3281 0.8041448392664369
3282 1.0
3283 0.6139685845212098
3284 1.1323473208362929
3285 0.9664708397995557
3286 0.0615832248907624
3287 0.04397897547980697
3288 0.990473764220679
3289 0.9998328425334879
3290 0.892582925947525
3291 0.49972905988194855
3293 0.5474337779911836
3292 0.48799380419397326
3295 0.6708658257651751
3294 0.575430199787669
3296 0.7222586611176284
3297 1.4158094391509684
3298 0.4878857624403542
3299 0.7106389289596649
3300 1.9312503124165248
3301 0.4025893359223657
3302 0.9995185269581971
3303 0.14026323861027543
3304 0.7382968484197054
3305 0.9863096614394121
3306 0.0987093484726997
3307 0.5916878578615279
3308 0.7882039125077787
3309 0.6353498872627785
3310 1.5684870766086911
3311 0.4507689125652691
3312 0.9970566057346879
3313 0.17797094393204654
3314 0.46735095136140853
3315 0.8046337951461735
3316 1.5197877053235314
3317 0.44494755228075417
3318 0.5045020163425313
3320 0.8823821827685607
3319 1.1744091490993294
3321 0.004134775966454669
3322 0.017569599701087055
3323 0.0031227605323534517
3324 0.9010910951678556
3325 0.029528978913188116
3326 0.9284616734563703
3327 0.4623602332323517
3328 0.9970717020894388
3329 0.26576754193292856
3330 0.7997387732246826
3332 0.7755743817526162
3331 0.8127820610016042
3333 0.7457256151112832
3334 0.5132294320430972
3335 0.8343127992723481
3336 0.6134616124554173
3337 0.7957702948016834
3339 0.752975498612299
3338 0.9810822318322974
3340 0.7759790348229544
3341 0.8843717830049882
3342 0.4100921373364241
3343 0.9296781934735613
3344 0.8874738987977456
3345 0.4820470711025883
3346 0.9952253684879073
3347 0.9915429250889912
3348 0.45433055065058797
3349 0.8345944305011446
3350 1.0286108484625125
3351 0.5743569658090745
3352 0.883529015588303
3353 1.0428077773638222
3354 0.6940826568157169
3355 0.12474286912561564
3356 1.0943625284437433
3357 0.7614993772861882
3358 0.7396826896158986
3359 0.18880045250277658
3360 0.3837926008325801
3361 0.42709850089501966
3362 0.7802001094106411
3363 1.2212308614467933
3364 0.09465265383180238
3365 0.6516491007401789
3366 0.9969680186420194
3367 0.9855509206247233
3368 0.22649140275311844
3369 1.4961815241109724
3371 0.9512365609177893
3370 1.0371747385345236
3372 0.9888196749850207
3373 0.9974968346472959
3374 1.1159778639795597
3375 0.043173615330357976
3376 0.972273565848263
3377 0.8014382975885151
3378 0.7352577387657904
3379 0.9879003347856762
3380 0.4136527456158278
3381 0.9536811837547224
3382 0.6004166912468631
3383 1.588700566877998
3384 0.4662083328279475
3385 0.38277208481062563
3386 1.1470175788245307
3387 0.3471409925799844
3388 0.6050680741834248
3389 0.22882229902544313
3390 0.6808279085611405
3391 0.7879740980433335
3392 0.9759822618899413
3393 0.44710332841089334
3394 0.5513520610463
3395 0.45749733867714215
3396 1.2537118425245224
3398 1.2198963570942223
3397 0.6259650891030196
3399 0.897364710742378
3401 0.5216560015615562
3400 0.9759919165765942
3402 0.8329846205288916
3403 0.1364590819785009
3404 0.4090244468613253
3405 0.9187255054414876
3406 0.7275349140818502
3407 0.9597417016347759
3408 0.9647522389016326
3409 0.8808403567830007
3410 0.9908464201643777
3411 0.567865573265491
3412 0.8792741006917459
3413 0.0593212959700777
3414 0.8719636959349958
3415 0.472738889315201
3416 0.8156401084058835
3417 0.9828761973848464
3418 0.9495910285534455
3419 1.0
3420 0.8923348397250482
3421 1.027318873906582
3422 0.9974001032792933
3423 0.5195792241268743
3424 0.1051449124274878
3425 0.40856582846454315
3426 0.4066670853628971
3427 1.1275055794087583
3428 0.6763742032690194
3429 0.8163578618265533
3430 0.608662065728774
3431 0.2890284397160645
3432 1.0662584993943802
3433 0.08361369481672706
3434 0.8757451064624792
3435 0.8247010314277664
3436 1.1772279333046898
3437 0.9266965478204092
3438 0.9674099221125859
3439 0.9257969187476859
3440 0.661206718817321
3441 0.10558551289249746
3442 0.8226803180360374
3443 1.4729690690802484
3444 1.320200263945921
3445 0.14175977246560048
3446 0.8468288676554634
3447 1.4199699942482293
3448 0.9104883124122939
3449 0.8280947817352554
3450 0.9687491299689291
3451 0.19881599237338068
3452 0.9313285826302523
3453 0.6764436783709427
3454 0.7869684236495944
3455 0.7144565341972342
3457 1.3768467876414145
3456 0.700601869975009
3458 1.1636607352284676
3459 0.4758868342387106
3460 0.22264870785126226
3461 1.308446429860816
3462 0.9320626152568987
3463 0.8457863609314397
3464 0.003247664744678051
3465 0.0
3466 0.1119387878092283
3467 0.9111089222349804
3468 0.3804685272769092
3469 0.43243292514576603
3470 0.8725804413825783
3471 1.1552553090969344
3472 0.8544763373896919
3473 0.6190712006630458
3475 0.6405860459795363
3474 0.9431481485186837
3476 0.8096981099307214
3477 0.3393500039118254
3478 0.9930386515448137
3479 0.5609722350043295
3480 1.2531792589019886
3481 0.4126222995673873
3482 0.339105684987419
3483 0.7285828298061717
3484 0.3686168626842425
3485 0.6480411670974225
3486 0.12116956603599673
3487 0.9712588887823224
3488 0.9042189910872162
3489 0.9972584620379598
3490 0.9693599269237981
3491 0.7597793501786463
3492 0.9619729279996392
3493 0.9830395602222292
3494 0.22301184335354446
3495 1.3194868570067293
3496 0.8124180072484338
3497 1.1673669229633095
3499 0.1608487471432472
3498 0.8215551895373805
3500 0.9062999130686515
3501 0.7880865303008528
3502 0.9492536690954505
3503 0.07103515791302889
3504 0.803762518346419
3505 0.11084074963520357
3506 0.6455573445498263
3507 0.9000382611932713
3508 0.418037560396513
3509 0.7244821686047093
3510 1.3343358342110163
3511 0.7136510229544804
3512 0.49533426046634443
3513 0.16746479489826585
3514 0.9791674428744666
3515 0.09556323122636323
3516 0.845687309452019
3517 0.9163421338827824
3518 1.0677086950231367
3519 0.925006252483552
3520 0.5380177394221121
3521 1.3100334611889273
3522 0.9272657913868929
3523 0.778021378410941
3524 0.23009592238178184
3525 0.7394501336042439
3526 1.0246122458201066
3527 0.8755381935437273
3528 0.48971339474427483
3529 0.9862554668634654
3530 0.9481371449215131
3531 1.4730174862830425
3532 0.5325322390161185
3533 0.9529022820006459
3534 0.9614535132994233
3535 0.7302366454682708
3536 0.42903748075951925
3537 0.9788965241436839
3538 0.9889252049086382
3539 0.10482267281712589
3540 0.9912344780991099
3541 1.08250756735679
3542 0.3456687731972488
3543 0.1229260506916979
3544 0.5817358755044536
3545 0.9985463808159424
3546 0.0038018528072482996
3547 1.8693244140590157
3548 0.8605767465572483
3549 0.9831595688677419
3550 1.007977598634038
3551 0.31293665007530896
3552 0.7490621803809102
3553 1.2382891003803265
3554 0.6272518585356127
3555 0.4585269022002543
3556 0.9898203102114999
3558 0.22067199707266108
3557 0.6114645417895719
3559 0.030571805108720665
3560 0.6568913376078683
3561 1.137405565597272
3562 0.8960124864154612
3563 0.05278773993938227
3564 0.15813342510335668
3565 1.2375368153074244
3566 0.7951661839748567
3567 0.8890450713016277
3568 0.9287448508301924
3569 0.0065023478336880556
3570 0.08447282668805549
3571 0.4713115204687722
3572 0.9693249020632243
3573 0.8941381480205345
3574 1.3821658742471665
3575 0.2304202740353576
3576 0.7270466274527555
3578 0.5090103052118149
3577 0.6755714381280002
3579 0.43521291987374555
3580 0.36506710862677605
3581 1.3626499704005846
3582 0.7265156460451097
3583 0.48737128382295863
3585 0.6172581485259477
3584 0.07522199118398813
3587 0.40284040595638404
3591 0.04284235030583124
3595 0.9683642278693404
3596 0.7473255791903
3594 0.7467311944681154
3592 0.22430992396233138
3588 0.5687970628868646
3586 1.0356733904802478
3589 0.8491631789176993
3593 0.9518401736031465
3590 0.8318450650076155
3597 0.17583644569521126
3598 0.9433594901935315
3599 0.1575117952736148
3600 0.671793179810112
3602 0.7451239035776576
3601 0.4413264654633757
3603 0.4667522757492466
3604 0.992328689674517
3605 0.9020001098589048
3606 0.3402100342603619
3607 0.5705723051426445
3608 0.8240789215123281
3609 1.2190759387233305
3610 0.7278521221372195
3611 0.9216469499056434
3612 0.6595243300418338
3613 0.3954214675801026
3615 0.9372744564892239
3614 0.844381438927674
3616 0.8619750551329763
3617 0.6837118908098735
3618 1.3178794601401653
3620 0.5443971381565085
3619 0.40178628591927373
3621 0.35227592579605205
3623 0.8130913541723493
3622 0.49090567218152864
3624 0.698791481433398
3625 0.40537163258695075
3627 0.4749514099288686
3626 0.6846060821003096
3628 0.7563984026814978
3629 0.33781547191454725
3630 0.3107845
3632 0.8206740258386498
3631 0.9952978657679112
3633 0.15364591931733493
3634 0.8945807484429522
3635 0.5722577285041733
3636 1.1225627570688936
3638 0.9939886903717029
3637 0.5459858709173215
3639 0.7973969150601299
3640 0.08498166989804777
3641 0.9131302071119034
3642 0.9849588894796485
3643 0.548277491290523
3645 0.8194597532507297
3644 0.7918981261042236
3646 0.6407211852145906
3647 0.865724802299585
3649 0.9802584695652392
3648 0.7447079086771259
3651 0.6462324846724002
3650 0.6573600501338188
3653 1.159458114779983
3652 1.3364194287954483
3654 0.9131849667152253
3655 0.3110470758955653
3656 0.7222549894943273
3657 0.6481731327876357
3658 0.8073445203456403
3659 0.716828150411957
3660 1.0076449213718484
3661 1.0076882549161008
3662 0.9452250943767707
3663 0.8457482831325462
3664 0.6093680590926527
3665 0.24146057651001826
3668 0.8179668019297504
3666 0.7673087809559083
3667 0.2745517534770887
3669 0.7459945439325335
3670 0.504439556002087
3671 0.8940961101176123
3672 0.8602576560426645
3673 0.43846766787619856
3674 0.6365637763251488
3675 0.9853253943045195
3676 0.93169504020921
3677 0.988324393205862
3678 0.9886277718106045
3679 0.5627172180143482
3682 0.5440645588593321
3683 0.023979016767398335
3680 0.0011340906274678066
3681 1.440774855684562
3684 1.2519692503482227
3685 1.0240632958999356
3686 0.31255152753596477
3687 0.9662118543861002
3688 0.8887549774231865
3690 0.8880376520973915
3689 0.6439627813225121
3691 0.6944354051360582
3692 0.9171836520333637
3695 0.7852437044282802
3693 0.0019823973867908614
3694 0.9965136198559064
3696 1.4448622253353265
3697 0.45710256662983884
3698 0.5393142556484082
3699 0.5454014619452685
3700 0.925109279975065
3701 0.9252140896213235
3702 0.5844500760545954
3703 0.7270931244870016
3704 0.6161402162116548
3705 0.6454062285558064
3706 0.8987661530733221
3707 0.5595126272166
3708 0.624922225135009
3709 0.6944106363525596
3710 0.11835399881342457
3711 0.704058139084049
3712 0.9490373594976528
3714 0.0
3713 0.9843327774156596
3715 0.8595542986925349
3716 0.7586412197687895
3717 0.9301786479972667
3718 0.6151275078579921
3719 0.8139901559954906
3720 0.8240019744067869
3721 0.4149845472265406
3722 0.6350214243693624
3723 0.5203073209066752
3725 0.25374688171580223
3724 0.6810044777511292
3726 0.6435935729957897
3727 0.4171193234279126
3728 0.17686720527081565
3729 1.0483349733075604
3730 0.9301318008228221
3731 0.6999832841495638
3732 0.8329796426857508
3733 1.0809636634108049
3734 0.45208597796396616
3735 0.2556959142395304
3736 0.9924869882948538
3737 0.22772030012161185
3738 0.1654613798593392
3739 1.1999151935664232
3740 1.0846026022085977
3741 0.4511726556617349
3742 0.7548451468333573
3744 0.2373611973083201
3743 0.11225101780525805
3746 1.4791224679727555
3745 0.7819963866331261
3747 0.8390718721029533
3748 0.8853035450193038
3749 0.9947747602612721
3751 0.5761380812447469
3750 3.351286378997579
3752 0.19784698736746975
3753 0.7555125671968271
3754 0.4409739847405328
3755 1.6727618665020623
3756 0.3344733154416523
3757 1.1152480167778254
3758 0.9501003946467501
3759 0.8419921657143324
3760 1.4197887998239724
3761 0.9071742115893813
3762 0.9991308552175036
3763 0.8405629581144597
3764 0.19391103259637016
3765 0.06524857648408633
3766 1.4961815241109724
3767 0.6955111061559882
3768 0.8839670065371371
3769 0.9625608216965663
3770 0.8394255615944978
3772 0.8399107746954668
3775 0.5388431138051889
3773 0.8944039704147546
3774 0.5444605801838706
3771 0.8622196719908425
3776 0.9284936782530555
3777 0.00954267406931701
3778 1.614078788455753
3779 0.8370643160043424
3780 0.734597653319137
3781 0.9353283310814532
3782 1.038657556284072
3783 0.2146766359830015
3785 0.7962333722398985
3784 0.7787126395335447
3787 0.3989106402327175
3786 0.9900312667916858
3788 0.8963987724641161
3789 0.7427968026007085
3790 0.486013186729423
3791 1.1077042336148804
3792 0.6028879014402541
3793 0.3544887666170527
3794 0.8730264664902162
3795 0.9296910463704253
3797 0.8375524461565521
3796 0.07955650714358817
3798 0.7881283241202657
3799 0.7606749094140804
3800 0.6700791959681209
3801 0.25329923837550256
3802 0.6817415166701488
3803 0.849183154100891
3804 0.6658173903443451
3805 0.856600980340581