1 1.0276057936060146
2 1.3148935846092638
3 0.32789866210627255
4 0.8085548336461701
5 0.5788878939658524
6 1.3179972368266912
7 1.0374723546218938
8 0.2603972797258034
9 0.7942419764919426
10 0.47352900000000003
11 0.9602869041230121
13 0.9699002857796385
12 0.5809500110731487
14 0.5776670837709609
15 0.5962952354796359
16 0.7577864447253633
17 0.8091904965724451
18 1.1861218317889455
19 0.1613897370381457
20 0.6795617643828317
21 1.1481522540179838
22 0.3063946584095154
23 0.5219852433841761
24 0.673896733891018
25 0.5905541205029411
26 1.2212307928099833
28 1.0194074976449674
27 0.5293144443430718
29 0.972222337301428
30 0.9308218309576285
31 1.2632527564893365
32 0.6230271634655633
33 0.763594348227134
34 0.28994765761374025
35 0.7468193191830016
36 0.4121119925202104
38 0.9182489499874342
37 0.49968412563058523
40 0.8657597210763639
39 0.21886568531371514
41 0.11717961432077868
42 0.5625328409498889
43 0.9452428135614348
44 0.7323181711655216
45 0.5653831861080693
46 0.3393909950655639
47 0.2946780547524201
48 0.6606589746082103
49 0.5567979606649205
50 0.659919552840891
51 0.02340920770961081
52 0.9568910287553026
53 0.7494767890791032
54 0.6189833854663217
55 0.33593988760266996
56 0.969445132647245
57 0.8659602722283709
58 0.7523044590189294
59 0.016296178351056203
60 0.5609781532871962
61 0.6245025683566482
62 0.9954054849731798
63 0.9823537880878164
64 0.53740864548656
65 0.5654248998539392
67 0.6987296924867642
66 0.45732635165545626
68 0.036392505819224985
69 0.5962074698783473
70 1.0047897172370515
71 0.8507329646284614
72 0.9184341810329723
73 0.7685173214017441
74 0.5699613048721486
75 0.8891446379097874
77 0.8035469458440851
76 0.6020964768382091
78 0.9023284699747489
79 0.7677284077600961
80 0.9109052019258936
81 0.21613610056532187
82 0.9724159171853991
83 0.5867285513080466
84 0.872077552311005
85 0.6572496278594032
86 0.971237295612332
87 1.6905086452796116
88 0.7472463832606874
89 0.8077182050588857
90 1.402931500003175
92 0.46119613498895734
91 0.477979634643463
93 1.1523534376707028
94 0.9353788632909305
95 2.399997081302544
96 0.4163320851880943
97 1.7132467214875748
99 1.5891547610206154
98 0.9045424821060911
100 2.0914917669458855
101 0.7232031377580334
102 0.2563264012280526
103 0.3871246302725009
104 0.8427239202544741
105 0.9852470913243296
107 0.9648918429641187
106 0.09884203707215186
108 0.7814750178471851
109 0.7497997582592758
110 0.8679663765537768
111 0.9558876043142394
112 0.8590761149025887
113 0.5707897618334432
114 0.8337479849326112
115 0.9874001364060826
116 0.7966730986064212
118 0.9091864551638106
117 0.7475198210452317
119 0.6785931596715365
120 0.9078692293949359
121 0.7392148493704657
122 0.6922329260728962
123 0.6944366743737739
124 0.8437569676079709
125 0.6296345891412682
126 0.6459494373229028
127 0.5034333626288426
128 0.4564433411193082
129 0.8147089849788411
130 0.8393507895824477
131 0.9671476370495589
132 0.8570926095825712
133 0.5916499677291297
134 1.0672116165223413
135 0.4020799454747277
136 0.729613665901659
137 0.7209372063738073
138 0.7873921186638512
139 0.9178798803347907
140 0.42606872190474504
141 0.8109930993898514
142 0.8576676736497055
143 0.8121002769761075
144 0.2908453567845488
145 0.6502037113342801
146 1.2372899190870934
147 0.6892716641601877
148 0.9384066216340622
149 0.6360001484940976
150 0.41697389596925805
151 0.35356679892575477
152 0.98215512996119
153 0.420249873520228
154 0.6462208589303483
155 0.2606729464863121
156 0.28785941604428145
157 0.6346816179995952
158 0.24479832525293516
160 0.5216997652909467
159 0.7475932920894581
161 1.2211383027786684
162 0.8664034193081717
163 0.8077150057117205
164 1.1532735117574164
165 0.8232826315346761
166 0.44100856714769804
167 1.1230211552464238
168 0.627925514491846
169 0.9617276411263905
170 0.9212149132857084
171 0.8357087801654929
172 0.5931603417158672
173 0.594656137577007
174 0.9553738140064025
175 0.7810106381329481
176 0.6952647067621077
177 0.6447963218095987
178 0.4665512672753009
179 0.5392899743667184
180 0.7217033659720916
181 0.827202197499382
182 1.0589759677884458
183 0.6039378189340017
184 0.5859302518772653
185 0.3636076286022738
186 0.6914224400880558
187 0.1370180860739809
188 0.831951299689002
189 1.0091456727374073
190 0.5865617087463547
191 0.6901566279865748
192 0.7305713199159529
193 0.17627119547091724
194 0.039783074631920504
195 0.6664904294533419
196 0.09066736298554152
198 0.22425622088890412
197 0.006333325750426766
200 0.8367188639691024
199 1.489592181752722
201 0.68706931323322
202 1.0048052302802217
203 0.5761119963906206
204 0.7310194766712815
205 0.9976121935089388
206 0.9447138940383405
207 1.0027981605978087
208 0.7190442669007643
209 1.2170128168101089
210 0.03753335322917704
211 0.2923639103504517
212 0.14615231386046496
213 0.7734403156360072
215 0.9805392148552653
214 1.0872113336762999
216 0.9892441919778472
217 1.1894507870357784
218 0.21126662553710013
219 1.072507650646772
220 0.8585901755279487
221 0.43747712597352195
222 0.6206330376651639
224 0.9659240465219827
223 0.6082581715010031
225 0.2418752775426959
226 1.8511946993029211
227 0.45591206474613716
228 1.0554610641564532
229 0.8936187364855539
230 0.659547148163235
231 0.5628655671239369
233 0.7316762700018623
232 0.19413898336634489
234 0.9777127279331562
236 1.1214307386072588
235 0.6095562265265796
237 0.8963802344339962
238 0.7439530369372547
239 0.9569575396264234
240 0.9897961575391719
242 0.16367453923228517
241 0.9996238749165334
243 0.5109350179460307
244 0.053146372655068545
245 0.6720967338721752
246 0.942614478456901
247 1.0031734814950546
248 0.7068537401803596
249 0.7560848572743264
250 0.8536922674334145
251 0.4480196506097129
252 0.9999828700686944
253 0.09272133514565642
254 0.035048813054349634
255 0.5815441111775366
256 0.9999706576651543
257 0.8432146808073879
258 1.4434102499074286
259 1.1037218651732505
260 1.5901618690402473
261 1.1829340390518184
262 0.2694691190229705
263 0.6929622988221498
264 0.8876845148767444
265 0.4001197619457545
266 0.572877014169911
267 0.36955857790644
268 0.4155949780200675
269 0.9006307045769403
270 0.7734489609719054
271 1.0669074280991753
272 1.2228189778625773
273 0.7373118325183342
274 0.8076835197232982
275 0.7962642820848903
276 0.48884650541128044
277 0.32927375340873544
278 0.9032167414132709
279 0.46066263948261754
281 0.20354650043513142
280 0.9409982062627433
282 0.9303518005370238
283 0.40776048456990943
284 0.6405523566870562
285 0.31091377029711065
286 0.9051975917219314
287 0.07939608252564931
288 0.35796047957790234
289 0.7783008512757172
290 0.9068998439863558
291 1.3670490115573763
292 0.7243270411140474
293 0.48160074007806275
294 0.7903522348505487
295 0.7958759423302688
296 0.6293459050569251
297 0.5281980921215172
298 0.9098121767700708
299 0.9505929329238401
300 0.9539488035829875
301 0.7621511252856873
302 0.7022146557650093
303 0.5570253347381333
304 0.7102273701655216
305 0.271959194614458
306 0.6073595506868994
307 0.9345921769431819
308 0.8226361897943116
309 0.8206888208976296
310 0.8575997555438974
311 0.8741827286780037
312 0.9757629757448733
313 0.7758120731197012
314 0.7784006737584661
315 0.6142531557704123
316 0.9682022816935719
317 0.9212214414391635
318 0.85690050976022
319 0.9290245224733722
320 0.7207100233754783
321 0.6437746702265981
322 0.7817279191602463
323 0.5315369461490242
324 0.463812800831147
325 0.9695196816421457
326 0.5797587251357755
327 0.9104588954333724
328 0.838122944694945
329 0.8205264572671882
330 0.7138614990970354
331 0.26559196589930945
333 0.707652826197882
332 0.9748293126176824
334 0.8009218529055422
335 0.07487536201428648
336 0.6858444159758208
337 0.7857862876164546
338 0.9346350546305223
339 0.27940723129464184
340 0.7682254645844817
341 0.6645720438879288
342 0.6577634131064305
343 0.5144958697599039
345 0.43468649453152547
344 0.8206065715253625
346 0.9356835687420044
347 0.7835561640454167
348 0.18323040460318418
349 0.5291137537315478
350 0.6918016489295309
351 0.6414640901733477
353 0.9097455075919204
352 0.8104509733184264
355 0.8494886841544728
354 0.4460799125382158
356 0.8403466426395099
357 0.23294390906697116
358 0.5368720351808394
359 0.8521696268310598
360 0.9337718104501781
364 0.27862184254275496
363 0.9607363265947451
362 0.716340310998087
366 0.8998388367048057
361 0.9928086155809943
365 0.619783508715871
367 0.017721584185061316
368 0.3784017067882155
369 0.537909597823001
370 0.8303907235672325
371 0.18289746899578527
372 0.5521008612288968
373 0.6909948525515446
374 0.9012307873166886
375 0.6633740400892907
376 0.5130332870721407
378 0.40964976105886225
377 0.4716619938498099
379 0.5757183210951723
380 0.19457920182480243
381 0.5275643292777253
382 0.419239742680682
383 0.6571983877126228
384 0.4065200773842768
385 0.7328035308128257
386 0.7541425010807128
387 0.2979237870912404
388 0.6903206853350512
390 0.11720619763301478
392 0.9307142523537447
391 1.1332492694840481
393 1.9306630876162802
389 1.200843933729332
394 0.9993797199371666
395 0.8653079511228119
396 0.9272304398070106
397 0.6532083998406083
398 0.8367382913743914
399 1.344339940314624
400 0.5265661556966265
401 0.747097340924329
402 0.6252135618558866
403 1.0331690334953705
405 0.9031463736179004
404 0.6650553977164712
406 0.7176315012720158
407 0.4828178508435259
408 0.6278884875927903
409 0.05657244228911281
410 0.7875212523478052
411 0.8533990121422022
412 1.0766667144748685
413 0.44286354927229016
414 0.8157328464131968
415 0.6270046171257139
416 0.8691176043379824
417 0.13870139080824423
418 0.9384737381069705
419 0.4162063498257621
420 0.7393715525340244
421 0.8381065602503226
422 0.8013933089507699
423 0.9522444538024267
424 0.5793646765826499
425 1.0437003845494055
426 0.5565482131078472
427 0.9588904591810892
428 0.9011754717914113
430 0.5587500615127331
429 0.8618949649335831
431 0.9943338281243143
432 0.7758740144271672
434 0.596973166716806
433 0.9630217779305217
435 0.25732006662875634
436 0.8315602654871828
437 0.5769375102096646
438 0.8235128917442843
439 0.29098745870861475
440 0.9939003268565836
441 0.7887458447572501
442 0.4240746995015135
445 0.2376617583254524
443 0.759895647804079
444 0.5916754293723441
447 0.8787441366182089
446 0.9295130933506736
449 2.3928243165874443
448 0.8233407075944169
450 0.2673299622118817
451 0.6097292446256128
452 0.5474864545443988
453 0.6331533112059872
454 0.4008677732866533
455 0.48876577889594924
456 0.5245326697223688
457 0.977472762227925
458 0.5559134271403118
459 0.9440785914516546
460 1.1494986377394822
461 0.25232275551413297
462 0.5942247118164533
463 0.9003748863516081
464 0.9424243186494254
465 0.9710322304730942
466 0.7959147756979502
467 0.14441711821939476
468 0.9919208897542349
469 0.9680044607757017
470 0.12111910793164218
471 0.8443649194220862
472 0.9544012660832732
474 0.9888720091558617
473 0.2185221606262883
475 0.751173259025988
476 0.8753711171356618
477 1.2775910443112646
478 0.937584882784932
479 1.3493788857231532
480 0.9257114507269999
481 0.26774893276750045
482 1.0284430061400391
483 0.5718437770428512
484 1.6159328829810558
485 1.3588400695444414
486 0.9901929935417438
487 0.9687441488604587
488 0.42337455787890305
489 0.40864538979573545
490 1.4900194261642874
491 0.9876023339491524
492 0.9310114205440305
493 0.7714691766243954
494 0.9483703167542173
495 0.8517164353676929
496 0.4185838193845495
497 0.8850826489928786
498 0.9185681114954057
499 0.4367451111346951
500 0.9857743991194422
501 1.0124005108952205
502 0.4000540116203576
503 0.7855139775342718
504 0.624712722919346
505 1.1544705578975376
506 0.9321859079474628
507 0.9693853006331765
508 0.24202039129136133
509 0.829272163919638
510 0.48140396025559273
511 0.49491820906090606
512 1.2451050647237951
513 0.8860433894895194
514 0.10375605818715013
515 0.7556008727104865
516 0.06656804780872144
517 0.5387684447877559
519 0.6314221664679773
518 0.21106811775095155
520 0.6871112751842842
521 0.6051432706749311
522 0.4132651717205476
523 0.6535217640293419
524 0.8979664322590213
525 0.6200630291706013
526 0.9925638382052284
527 0.473035514269916
528 0.9882882531950086
529 0.8897996658210904
530 1.2597690036225517
531 0.6463061156393067
532 0.6493757909710443
533 0.976713177108374
534 0.2307104494513271
535 0.4473402627951597
536 0.7173482700805102
537 0.4162215049747403
538 0.8751874734537423
539 0.6929029768628239
540 0.8354936319198567
541 0.7518007551454666
542 1.015218998853776
543 1.1110846219286106
544 0.8895126107692657
545 0.5631681728312912
547 0.2013846060507584
546 1.1059095610400922
548 0.22456963497959995
549 0.33887105714412463
550 0.09273836958419308
552 0.2784778582610098
553 0.999044513287617
551 0.8470145031602339
554 0.7984749626536518
555 0.9730778520071368
556 0.5217655054084791
557 0.6837404071337263
558 0.9330933481307335
559 0.9958771402438503
560 0.3841553181578915
561 0.4658856378023803
562 0.8880164439602902
563 1.4260646998364017
564 0.1307796737758502
565 0.8631274584227695
566 0.4441636027784
567 0.9427012901622692
568 1.5448916223970321
569 0.742681063913284
570 0.8190963421866753
571 0.6640625693847897
572 0.6718999680736671
573 0.8427922871119393
574 0.4528031293904988
575 0.7124381404307232
576 0.8598473713794138
577 0.32954172314994756
578 0.13323519403469442
579 0.3407341235032072
580 0.8519000956157138
581 1.0963961192579017
582 0.9681943998280488
583 0.9727155245078025
584 0.6042739706209812
585 0.5858416391518207
586 0.16640532680864495
587 0.9510214835607428
588 0.5200687340006699
589 0.6461840679973352
590 0.9869415848709128
591 0.4835957300246075
592 0.9025284953515079
593 0.8286179598035316
594 0.17472905847353873
595 0.5808160189570417
596 0.5836219731342837
597 1.002492447875524
598 0.3616499378505611
599 1.2111667816384342
600 0.7472582069567882
601 0.7750304616302468
602 0.8989792200557232
603 0.6840818287503626
604 0.8870121752916449
606 0.2504720653613588
605 0.6268626608613426
608 0.9488494646807633
607 1.2319780342723574
609 1.0196846966691433
610 1.0409056748300782
611 0.781935504518274
612 0.9687554181230139
613 0.8140404486858903
614 1.011009056337714
615 0.5896895082795661
616 0.29311797434063563
617 0.5245020607940465
620 0.678782820692695
618 0.15534302435210107
619 0.8871273859935804
621 0.20489879818461768
622 0.9946594330899047
623 0.6706324376003217
624 0.13324705552136615
625 0.4814910937881864
626 1.311211371985244
627 0.9293938553505575
628 0.977833301703934
629 0.6313592674040333
630 0.8159054453441051
631 0.6763735858899503
632 0.518921250829632
634 0.7392877035434442
633 0.503813271851668
635 0.5274140765748925
636 0.3683313681043706
637 0.9250268864824348
638 0.9714537979472746
639 0.745278147536968
640 0.9270766249319933
641 0.5559226405303725
642 0.39479630151116335
643 1.057674524567722
644 0.7972378623743012
645 0.761411346846584
646 0.2743376700329548
647 0.35670437107851094
648 0.7415567758458806
649 0.6924245996038576
650 1.0
652 0.581265073011281
651 0.7640140133086897
653 0.8279587273212428
654 0.8199838946973057
655 0.883422859476746
656 0.9260299901275578
657 0.029286745261972412
659 0.4971286846967147
660 0.402215347365967
661 1.1057877289276608
658 0.0564678094886119
662 0.49969369056119073
663 0.9733326060025507
665 0.9614380545052663
664 0.9509335137042996
666 0.6514348018193142
667 0.9120972038980957
668 0.24732272780684456
669 0.6194330287930498
670 0.8606956736942917
671 0.7968344723990133
672 0.5370339538318719
673 0.871598684183278
674 0.7754645249493742
675 0.47687596483162425
676 0.9722334886492369
677 0.8935657100794632
678 0.8065271049016746
679 1.8696733807545998
680 0.8329048482401623
681 0.9983142574633265
682 0.8411653846134104
684 1.0806793018995158
683 1.1304688007462196
685 0.8752017921878479
686 0.9962125510011949
687 0.4991507460225958
688 0.8512740255642113
689 0.9820117709052288
690 0.6520967706629911
691 0.6354915504604435
692 0.0032067597591946863
693 0.8500591675635236
694 0.5939222785642637
695 1.2571422184055203
696 0.7679223147487484
698 0.5123168925856847
697 1.2302730022539807
699 0.6609871559312259
700 0.9153652782446265
701 0.7998649787628237
702 0.08363663107604737
703 0.8769023966592108
704 1.358276547773142
705 0.5200710014106902
706 0.6133949351329019
707 0.8649267801208398
708 0.904580324164434
709 1.2956681405035795
710 0.79420120964837
711 0.792402749164092
712 0.8237321861581438
713 0.8988662121927601
714 0.7002814212646351
716 0.7646833610783272
715 0.7747570572162122
717 0.37855388379710864
718 0.6830193115841402
719 0.999194290926963
720 0.038576810271771386
721 0.67990725180342
722 0.6339409133397745
723 0.9008123119253838
724 0.7012790526066542
725 0.9608744678041489
727 0.7143792370728302
726 0.17285367793854578
728 0.2005939500813986
729 0.5505615080836457
730 0.9689133979169456
731 0.966582838677753
732 0.4797792747319343
733 0.48353729461146305
734 0.7098299754541745
735 0.38591275904726124
736 0.878752568041878
737 0.4820405634363808
738 0.9250643626481904
739 0.37880086522729345
740 1.0319660779697142
741 0.9680599764791131
742 0.9215769358342251
743 1.0618729675929321
744 0.01544316284916436
745 0.9629296031134245
746 0.7405153193723768
747 0.21902404858281127
748 0.8600791626156725
749 4.7998449337589003E-4
750 0.02532955073606562
751 0.9405163217136987
752 0.997829778210657
753 1.6360284660518654
755 0.8140687796117103
754 0.22061241521169356
756 0.7596942436889356
757 0.8313929384516279
758 0.8028684036398102
759 0.580834642523377
760 1.006284457023547
761 2.5074927599315133
762 0.18675641832199
764 0.7664512279532899
763 0.19060225983483386
765 1.6688532523430835
766 0.5315555496525812
767 0.9952814077698118
768 0.8826909835629619
769 0.6897421652499643
770 0.45717400585501616
771 0.28704215174031367
772 0.6675097127611208
773 0.5098333676511966
774 0.8612233226951875
775 0.5185270208652015
776 0.7343175544484591
777 0.7520222400000517
778 0.7089041050579171
779 0.4575420863643804
780 0.9013345090535767
781 0.976096271457195
782 0.9059242201609792
783 0.7696342105897523
784 0.7101610325929105
785 1.000431218609053
786 0.7641855472441452
787 0.7759467708058766
788 0.9568059213663611
789 1.0858067868770185
790 1.3524845983637566
791 0.662396072194416
792 0.8549725494536139
793 0.38008398577971914
794 0.281206465342214
795 0.4975548803183908
796 0.5418653268502207
797 0.9913690690623805
798 0.9453601958470896
799 1.1795695291148525
800 0.8916576860750763
801 0.721854819454931
802 0.2999882433222894
803 0.7632003096132539
804 0.6307874819525743
805 0.5046185508011503
806 0.9041240203859665
807 0.6871710708331513
808 0.9514518546303964
809 1.0047214978609726
810 0.8670045534505103
811 0.72384064424141
812 0.6554139587184851
813 0.8963866976266462
814 0.6445787926455272
815 0.23500360162512
816 0.5432512704219431
817 0.7299960285649119
818 0.997823327320854
820 1.0111545554968615
821 0.7078763129218458
819 0.5743510723511814
822 1.0555053688251086
823 0.8146904275792691
824 0.483329342135584
825 0.013403400769685552
826 0.6697155390565652
827 0.9800090643995458
828 0.44989633746920676
829 0.4949529829928188
830 0.7217360300121387
831 0.757199339164196
832 0.7951833396303953
833 1.0059208161963806
834 0.606507032406219
835 0.6690174700698551
836 0.5235793804271173
837 0.5315921025953481
838 0.9344314497262025
839 0.7023128957665294
840 0.5966738865298811
841 0.18472034968850387
842 1.004899266935825
843 0.748013681809676
844 0.7042728468521569
845 0.4989609809363273
846 0.48113407508636635
847 0.7419888245769339
848 0.592073573993174
849 0.9956309851367382
850 0.7984450833716727
851 0.4648576092623637
852 0.0010125358570809938
853 0.3544291849509043
854 0.35921660556304735
855 0.09905709236272386
856 0.7720490767363896
857 0.6571596249504854
858 0.13231772197204927
859 0.972368373874811
860 0.2849098433766585
861 0.4936408907813095
862 0.01550251379138334
863 0.7959379375894969
864 1.0582409803828772
865 1.5600452251280785
866 0.8125798113986286
867 0.8006307361488032
868 1.2956728211293496
869 0.8497715275591599
870 0.859551557454071
871 0.6283332442096932
872 0.8258383474050821
873 0.8618919495900813
874 0.9644210180077954
875 0.9279917490484474
876 0.4413737970669638
877 0.31657000393551643
878 0.7759867606694675
879 0.9441426370301154
880 0.9768167821273641
881 0.7226603061369579
882 0.7760589401506625
883 0.5848280515898235
884 1.338958366708639
885 0.9225964503547404
887 0.7587896895302207
886 0.19464638337455686
888 0.35755060513945436
889 0.594647594957415
890 0.4900419091187324
891 0.5313366162372933
892 0.3493195030454426
893 0.41931422042646505
894 0.90911080899673
895 0.3306233156130843
896 0.9752710917271311
897 1.350860522570431
898 1.2632578039754232
899 0.8474514009069799
900 0.833309814849792
901 0.9655086792433019
902 0.6567879000263166
903 1.1678698824683507
904 0.6447775233707037
905 0.9841795992002472
906 0.12251852596503812
907 1.0916390311504411
908 0.5158026485126842
909 0.8602427977471526
910 0.4653860634975981
911 0.7241164427761173
912 0.6030321555940288
913 0.5396868520910735
914 1.2783012168840937
915 0.4523403331368966
916 0.5546213035010942
917 0.6987221486392547
919 0.9315337090629257
918 0.8062861767346013
920 0.9721192537519031
921 0.7373165207754239
922 0.679227776749869
923 0.9454288666229661
924 0.8825477451604983
925 0.6401454969618806
926 0.4821235996029649
927 0.4450271479399661
928 0.8805421424723855
929 0.8353618099852305
930 0.7935367008357557
931 0.054503370897371554
932 0.810042034465936
933 0.826084305216055
935 0.43722683710080407
934 0.761325292253231
937 0.9275864557736903
936 0.9894644186505299
938 0.7251763678871155
939 0.0813179711411412
940 1.2331874532004146
941 0.3903464289587118
943 0.44549606504838596
942 0.16250162317508376
944 0.9289595239087811
945 0.7933477818219871
946 1.087009239067825
947 0.6696049174076233
948 0.731149042150177
949 0.6647181407315151
950 0.5951582600864198
951 0.7814790646157739
952 0.9672927767956455
953 0.5758543689001515
954 1.0734316368265775
955 1.4721523477030138
956 0.3669909419850264
957 0.7106493859838708
958 0.5343534446428386
959 1.0740289199498454
960 0.8401923917344668
961 0.2789433185199773
962 1.186498698010746
963 0.695279091486457
964 0.2583741072878012
965 1.3142573268995827
966 1.2580139840138616
967 0.007937525894333651
968 0.4817585020592128
969 2.5612485790213677
970 0.878759574667905
971 0.6574275672748343
972 0.5454232589467619
973 0.43479513084389415
974 0.6295780965717085
975 0.8529138473868599
976 0.6204879402900312
977 0.8436699470844793
978 0.8572195808760719
979 0.012263197908553732
980 0.6941032450745694
981 0.43315179710666896
982 0.8781460701675252
983 0.19812660962213816
985 0.9388212403592697
984 0.8189880853596989
986 0.4934990725813148
987 0.9609032731006072
988 0.8338934323289188
989 0.7061591938894543
990 0.3516954606644146
991 0.040093046847589534
992 1.2489512015307542
993 0.7864844549853262
994 0.5517629761340774
995 0.4192125715985651
996 0.5279306050744722
998 0.5339786036496265
997 0.7964546386810121
999 0.9069069701415935
1000 1.1308869213037764
1001 0.5867136289311001
1002 0.8718809045375948
1003 0.3214323842078275
1004 0.023334690015141678
1005 0.6125589361448153
1006 0.5169712808333863
1008 0.6304591419151684
1007 0.7690064613122323
1009 0.9805224239045521
1010 0.9161178228109538
1011 1.1961566989438013
1012 0.8844473579412809
1013 0.8439697291010827
1014 0.785402096512852
1015 0.8857602888985533
1016 0.23518251672649806
1017 0.889422930932792
1018 0.9345241671474033
1019 0.6849738380822413
1020 0.6659238589785818
1021 0.9125105423898114
1022 0.8303352025497422
1023 0.4708217281542783
1024 0.7664371805446363
1025 0.3446184996130562
1026 2.2859180812410735
1027 0.9222542436359744
1028 0.8030196419707866
1029 0.6953949844093117
1030 0.4418770515968828
1031 0.855065360787294
1033 0.9999999992202773
1032 0.30272293173155657
1035 1.4778177897782698
1034 0.8037178708494189
1036 0.5573670363553388
1037 0.9999886156642821
1038 1.071249493848164
1039 0.8594806279788425
1040 0.28927071106654456
1041 0.5862396588417516
1043 0.6800124855265703
1042 0.1416481855646056
1045 0.6151711111099873
1046 0.9884127940298516
1047 0.482153156977438
1044 0.6269332562024955
1048 0.9792844766893133
1049 0.5030573535812854
1051 0.7386783569092416
1050 1.301843840300565
1052 0.9418900300082852
1053 0.9959139251590572
1055 0.5501412299790692
1054 1.6421978204596874
1056 0.9801946132297789
1057 0.8585592510671254
1058 0.7556855208164488
1059 0.6403734456468211
1060 0.7986271915881374
1061 0.6801165590088201
1064 0.6936986247606791
1062 0.783480300359549
1065 0.5343272622312865
1063 0.7290566881761249
1067 0.571373407960531
1066 0.2470833997054243
1068 0.8596582858039012
1069 0.9809159779250268
1070 1.184376855262429
1072 1.0465083391383143
1071 1.3666674830537828
1073 0.8920479399616206
1074 0.7863894379617589
1075 0.749841799832399
1076 0.9434583843557721
1077 0.3009519565791907
1078 1.035385202632096
1079 0.9428206928218235
1080 0.692200921552984
1081 0.6728744537330686
1083 0.7180388196726746
1082 1.1782319518251683
1084 1.5587034298146887
1085 0.8019520737074463
1086 0.9215394200931346
1087 0.6987939612446364
1088 1.8187529038720278
1089 0.8278851616856894
1090 0.8962530000689157
1091 0.031207190818197023
1092 0.8603652575983164
1093 0.6562559381150371
1094 1.2189728707528693
1095 0.3560945996659831
1096 1.0202941628621516
1097 1.0645795401226987
1098 0.6979505115870418
1099 0.6532817319286793
1100 0.6781375882069544
1101 0.6976783209800667
1103 0.7760613788833609
1102 0.8015921880144001
1104 0.27792225134323123
1105 1.0376975785601543
1106 0.8490432894989127
1107 0.6026213015525715
1108 2.7860105804395223
1109 0.754570914425696
1110 1.065820904663682
1111 0.3039915666116459
1112 1.1580426183412065
1113 0.8583147433080686
1114 0.557508434226445
1115 1.0156831356704001
1116 0.7851549392149669
1117 0.8832876269707868
1118 0.6479887805328101
1120 0.6663283079267924
1119 0.7381085866177671
1122 0.20182701701735267
1121 0.7386398477550533
1123 0.6844849614662987
1124 0.9442972023873714
1125 0.9811069269594295
1126 1.0166330930115322
1127 0.7421036793848378
1128 0.8842537471661427
1129 0.8785267292779536
1130 0.9955423091801477
1132 0.9938129270470398
1131 0.6325132271195089
1134 0.8209572945553162
1133 1.14604515658925
1135 0.5013860326823758
1136 0.5384863108387671
1137 0.6971503418356146
1138 0.5735324644707345
1139 1.3489417517139697
1140 0.708876734429672
1141 0.9503332483739475
1142 0.8555485584812482
1143 1.056775598856099
1144 0.25401712612909094
1145 0.49701798262098734
1146 0.4425054302329984
1148 0.5885995982548107
1147 0.4559810355787426
1149 0.8220158396658759
1150 1.1238934971789907
1151 0.5297745602069608
1152 0.9363401261641953
1153 0.7610046000304684
1154 0.9670498771631143
1155 0.6402779478938286
1156 0.7722535431013748
1157 0.8726378319597382
1158 0.6990324669395904
1159 0.7747028230074317
1160 0.612955565341984
1161 0.662368677908474
1162 0.6612147891310034
1163 0.8894480601571051
1165 0.7415657922341928
1164 0.5416614768894016
1166 0.9914432813243805
1167 0.6194836856069781
1168 0.827820145307814
1169 0.956910070008912
1170 1.031553400568422
1171 0.9040115978295759
1172 0.7854137565831274
1173 0.7669460830769134
1174 1.0025621614315698
1175 0.38396770368593586
1176 0.8357456646309416
1177 1.0635957007448789
1178 0.4984206066563606
1179 1.0290873227156987
1180 0.9984387024116694
1181 1.152090714077688
1182 0.9903069353500534
1183 0.875385924888328
1184 0.07681733130100371
1185 0.8708889715310656
1186 0.5853344820394374
1187 0.3806938029675635
1188 0.874008099425993
1189 0.3221334983220078
1190 0.8639920169960009
1191 0.6234965253828817
1193 0.27863181876127885
1192 0.8439025539879296
1194 0.3795561742702334
1195 0.19295106278516796
1196 0.6414147556873556
1197 0.677610464647484
1198 0.6888409497191827
1199 0.2095695425383393
1200 0.6368315992524932
1201 0.990831988933161
1202 1.49691236678722
1203 1.0051744261034032
1204 0.9928768500824096
1205 0.8943109323843887
1206 0.7690506907509502
1207 0.7316562529246188
1208 0.9809720963583564
1209 0.33854879243577796
1210 0.46820388118790524
1211 0.927792657084542
1212 0.7832956755339172
1213 0.6440054152793756
1214 0.9830711998548084
1215 0.380486967429154
1216 0.3076460841255559
1217 0.8042027779474372
1218 0.7042034888532045
1219 0.8654920083318814
1220 1.0189404993348927
1221 0.8201112295471085
1222 0.8127288427475524
1223 0.9725464634503571
1224 0.7550536654899367
1225 0.9998843961375282
1226 0.9328947726453038
1227 0.9039166102327438
1228 0.9999840656171884
1229 0.7961303653638848
1230 1.1335925071302098
1231 0.677525112166805
1232 1.1137051594421847
1233 0.8316698893323669
1234 0.8250365796401685
1235 0.5313457580833322
1236 1.2784932573631584
1237 0.7965196419939726
1238 0.9518742505267858
1239 0.7780673562663725
1241 0.7558162209234379
1240 0.49917259085217425
1242 0.8974418890701148
1243 0.6280434559925433
1244 0.6256347967106253
1245 0.08507647446312971
1246 0.9533905308569762
1247 0.30534004271808546
1248 0.5558770295028511
1249 0.09485635242263411
1251 1.4637683763558007
1250 1.4974116529153978
1252 0.5836134794073679
1253 0.8180272697985606
1254 0.8599683337575249
1255 1.291824236510525
1256 0.6815372535146214
1257 0.9478980986593402
1258 0.9043986777612326
1259 0.48841356779751516
1260 0.5569190882282625
1261 0.5769962622240282
1263 0.8881962808107525
1262 0.9753589395940675
1264 0.8543994751500098
1265 0.32172900490318057
1266 0.5951186443952424
1267 3.0698067469264517E-4
1268 0.8571324104534371
1269 0.33580203979924983
1270 0.5084044572338149
1271 0.21951822016268815
1272 0.9975210463595457
1273 0.9997045283618541
1274 0.6541708834736372
1277 0.3741452325589162
1275 0.9547628000245755
1276 0.6518329457215738
1278 0.9154160733558486
1279 0.9747442121472437
1280 1.247352437253563
1281 0.34680969769236575
1282 0.5544547168339959
1283 0.9359435686697384
1284 0.9873520370840623
1285 0.5810341524617546
1286 0.7897622273696702
1287 0.7378327304725025
1288 0.9686872153725392
1289 0.3649375609243637
1290 0.7956188744769112
1291 0.8086910708775789
1292 0.7101711060198871
1293 1.5596098974999322
1294 0.8533403136099563
1295 0.583395463167558
1296 0.6659401512037396
1297 0.893382488204521
1298 0.9718790853440863
1299 0.9184055345994341
1300 0.7763342517786909
1301 0.8045838517823951
1302 0.9737420701555206
1303 1.0452277922026203
1304 0.7142084934585382
1305 0.5523872043543439
1306 0.8980835733013779
1308 0.44580522472656353
1307 0.49509967062378846
1309 0.9432637755223287
1310 0.7054202480661289
1311 0.7874055980741657
1312 0.6074226510700057
1313 0.15789555077201942
1314 0.9096250564927659
1315 0.4826926474278643
1316 0.9366118376634017
1319 0.5587925303912237
1317 0.7393665783719903
1318 0.9662480029296099
1320 0.05909294433068879
1323 0.4028754281626352
1321 0.2803274555859438
1322 0.9023992238293541
1324 0.6409540387802937
1325 0.9635316291629626
1326 0.8041484648397165
1327 0.8136890508065703
1328 0.1211691733719297
1329 0.8424600054090675
1330 0.37673428223956656
1331 0.9427638771059658
1332 1.1802953008427595
1333 0.8999975199808368
1334 0.9581879468849134
1335 0.4898315565658993
1336 0.2855602946116464
1337 0.5550383196810545
1338 0.8034498763924965
1339 1.0749007526338863
1340 0.36974850642315815
1342 0.14728114819618632
1341 1.331887154916105
1343 0.6899485890805528
1344 0.4480050472933446
1345 0.946101803851643
1346 1.0614072770309115
1347 0.22942010737003365
1348 0.07341064704882651
1349 0.8669468776699041
1351 0.7340972494188831
1350 0.5437216958750022
1352 0.12272063238471789
1353 0.5916369198999955
1354 0.48192359905895715
1356 1.1460765833760482
1355 0.843078247385817
1357 0.7266609172349421
1358 0.43257164733563536
1359 0.8278112342476154
1360 0.6000010544051897
1361 2.84887473829241
1362 1.5674378564477274
1363 0.37030599968841194
1364 1.3405742832854366
1366 1.0
1365 0.9570197111525226
1367 1.186201893901771
1368 2.391355692428614
1369 0.5253856061592909
1370 0.7990308013725991
1371 0.6278626952645768
1372 0.827473868647532
1373 1.0694358593643798
1374 0.8297145414807621
1375 0.21990920552979293
1376 0.8361272058951188
1377 0.8238817022089155
1378 0.27461430710079804
1379 0.0028591825052480986
1380 0.7483725736951173
1381 0.3987532589095759
1382 0.5753460528524671
1383 1.823324646984957
1384 0.5939870287958039
1385 0.8010985223400303
1386 0.9356889638840968
1387 0.8149257023865685
1388 0.821325758987546
1389 1.2558109221660672
1390 0.5106923009593954
1391 0.440965868987687
1392 0.6773420231880232
1393 0.7316700494839136
1394 0.7103601660433978
1396 0.4596091537592906
1395 0.6590031026686116
1397 0.9690721751949447
1398 0.9826874644134977
1399 0.9355424358152904
1400 0.7507972967298442
1401 0.6337120008439471
1402 0.8527766975388875
1403 0.38432460810078267
1404 0.970715622531876
1405 0.8064232921422199
1406 0.9447893230881679
1407 0.11618201011328723
1408 0.28061901553497454
1409 0.7781067164863747
1411 0.7899015377246205
1410 0.6696336197397925
1412 0.6041928898451375
1413 1.111617601966729
1414 0.7569994708470016
1415 0.8126704916343797
1416 0.7652526874182156
1417 1.2161814047294908
1418 1.0448434338299402
1419 0.832623453434532
1420 0.7534314822826434
1421 0.5997312975407797
1422 0.9129515856283713
1423 0.09017237680296379
1425 1.2226921669956765
1424 0.8891082825151417
1426 0.6417508046270054
1427 0.606296021047503
1428 0.5452212433113317
1429 0.7153651462201606
1430 0.6875497635012299
1431 1.1836132424809707
1432 0.9345799802477563
1433 0.9998735396261877
1434 0.8429065391183301
1435 0.8374373318420599
1436 0.6098984510455528
1437 0.9721689337262298
1438 0.9680321917896171
1439 0.7298091370596756
1440 0.9305829978173369
1441 0.6788727878910086
1442 0.6673944092392431
1443 0.71446031271213
1444 0.9176953573933826
1445 0.17629161325667006
1446 0.5142213218171291
1447 0.8954356853656686
1448 0.973041365626524
1449 0.47088184107608233
1450 0.7373387470262809
1451 0.9692697769723431
1452 0.617290040960916
1453 0.8778542517910529
1454 0.8884807920155373
1455 0.6912842227588464
1456 0.9467115287493365
1457 0.9159805762521293
1458 0.588638256343343
1459 0.6146720792382081
1460 0.8437847516745425
1461 1.366512573251994
1462 0.7426020768100501
1463 0.8961679818094075
1465 0.4096892178971492
1464 0.778910627009892
1466 2.327136510499891
1467 0.612672981502193
1468 0.17250919033278336
1469 1.021487142151195
1470 1.2632477986902135
1471 0.5372202979912266
1472 0.8073426438457305
1473 0.79236811391553
1474 0.7059368421742676
1475 0.9666128637100607
1476 1.0575784111744215
1477 1.044913409254566
1478 0.9424034770939116
1479 0.12141928197663611
1480 0.9492650315763149
1482 0.33709142026242894
1481 0.026084375873823902
1483 0.6250912906643847
1485 0.0595369512058753
1484 0.9851330301873094
1486 0.9605412720132481
1487 0.9850066454531962
1488 0.40460706759741677
1489 0.43837751755600934
1490 0.3782117738236151
1491 1.0717670555490684
1492 0.8934454472552471
1493 1.0050234869558508
1494 0.6188534126569386
1496 0.9881391339686848
1497 0.2826042587539375
1495 0.24111076015664418
1498 0.9840580956240116
1499 0.8671364586641814
1500 0.398437049754995
1501 0.44429393886239266
1502 0.6818157176393256
1503 0.9254511938604607
1504 1.0036211513825803
1505 0.9706803856539046
1506 0.6870559222077435
1507 0.6986162612366844
1508 1.181009616094871
1509 0.8213641458568361
1510 0.8952010019433385
1511 0.6489016179380659
1512 0.9962775619485079
1513 0.850150246928324
1514 0.559578943538972
1515 0.742938226435724
1516 1.1568534249172777
1517 0.8549513048930016
1518 0.9773195682123553
1519 0.46335697688736593
1520 0.9278920630364467
1521 0.3651280151529601
1522 1.1434981218217157
1523 1.0304108401601741
1524 0.13370520941862896
1525 0.7020066879387743
1526 0.8682802176198535
1527 0.9098635508999315
1528 0.8158686442413322
1529 0.9924558937038431
1530 0.7762109283570101
1531 1.083676767828437
1532 1.0136764016882451
1533 0.49438801441596775
1534 0.8949818946015349
1536 0.9861899874239185
1535 0.75084133599354
1537 0.7019838701568041
1538 0.993434086060537
1540 1.1333938571070366
1539 0.6529565062456015
1541 2.2913549751766396
1542 0.015365533741866198
1543 0.5905199661231503
1544 0.33084565863887766
1545 0.3262612843462319
1546 0.18402142755985132
1547 0.7222003254119114
1548 0.2742432878156956
1549 0.7362998940674143
1552 0.46710404210407275
1550 0.3093349727702306
1551 1.1947639438226763
1553 0.25131167995291714
1554 0.008945727061823814
1555 0.8363622661596525
1556 0.6799013694167002
1557 1.01559237851741
1558 0.1936967583888825
1560 0.938119880905036
1559 0.005920625795712784
1561 0.9591814358740386
1562 0.00731883758449862
1563 0.7992953213020727
1564 1.2706647134244269
1565 0.5666710715386419
1566 0.13529316003029504
1567 4.4659699784992216E-4
1568 0.6433705642298458
1569 0.5514551991039409
1570 0.5304899890511017
1571 0.8030145387179143
1572 0.7801624589099907
1573 0.974316645317657
1574 0.7546049820658167
1575 0.40419675134985816
1576 0.9473323373521543
1577 0.7780886596739492
1578 0.7013779017097643
1579 0.6150571323492005
1580 0.5713948861825451
1581 0.5253227467571217
1582 0.8682551780657053
1583 0.5684098950098874
1584 0.98033215478043
1585 0.816231458736326
1586 0.5448380591985647
1587 0.860034139965511
1588 0.03798299805481822
1589 0.11725163032290109
1590 0.8581417595640456
1591 0.4436772497118155
1592 0.35371790071927733
1593 1.3102309669986885
1594 1.2005711673034511
1595 0.5455600251130563
1596 1.0026110964412365
1597 0.4694217158286031
1598 0.7964254006312973
1599 0.6439798164967127
1600 0.010696498121912715
1601 0.3661732402907762
1602 0.8441896809865909
1603 0.001538556706635974
1604 0.8409853428076721
1605 0.7178158593815386
1606 0.9618563648807277
1607 0.47361516997293307
1608 0.9871408535307322
1609 7.241677540095458E-4
1610 0.9889265353081654
1611 0.0015104372226806577
1612 0.33620214185068353
1613 0.6015455998863183
1614 0.9885126324788838
1615 0.6785649045911516
1616 0.2030807847753701
1617 0.03484998521025071
1618 0.8895757930213309
1619 0.7515271369774246
1620 0.22428852642665087
1621 0.4252252270543537
1622 0.9303607214681995
1623 0.4832136447222092
1624 0.7058924698839487
1625 0.610079479502808
1626 0.6969891031312618
1627 0.4564978773989029
1628 0.26015742862081165
1629 0.9725718623976534
1630 0.2727534654398059
1631 0.48167183191891216
1632 0.8623764941341993
1633 0.6115832020577101
1634 0.9142059938476408
1635 1.2557442689318066
1636 0.5943646568311184
1637 0.631869426323854
1638 0.749000756719941
1639 0.9721021404357294
1640 0.9234780464023079
1641 0.9594086808808672
1642 0.6839299701965392
1643 0.7732644548804225
1644 0.6462068018063885
1645 1.0356842128903558
1647 1.3989719541856551
1646 0.6674576332208804
1648 0.6626788384422259
1649 0.9943159488518111
1651 0.2505942799771954
1650 0.6730065398897762
1652 0.7108469254021739
1653 0.30918119994109733
1654 1.1429017118903273
1655 0.7704364902762781
1656 0.9682207010766242
1657 0.12485193047430186
1658 0.9652598081661842
1659 0.8848361230305777
1660 0.4253317143531676
1661 0.848895684375594
1662 0.9719668075982613
1663 0.5387449076814715
1665 0.9959287653229465
1664 0.9977606540163118
1666 0.1818738392830558
1668 0.2455276736808735
1667 0.5942582362472106
1669 1.1451170765914849
1670 0.15648380727122255
1671 0.9606634013558875
1672 0.58258446567407
1673 0.7746397454618023
1674 0.7127009819279205
1675 0.9454307205623302
1676 0.603414224920836
1677 1.076096163505633
1678 0.8780226636632475
1679 0.5126753462376368
1680 0.9065597168874996
1681 0.9822965729936939
1682 0.739210010411733
1683 0.5456200917216881
1684 0.5472212421564094
1685 1.9956062506983052
1686 0.8056150845365345
1688 0.6111029032814463
1687 0.5813368751569763
1689 0.39280710388791573
1690 0.7401515667750467
1691 0.6317523570003138
1692 0.8122542082955149
1693 1.0760804213982906
1694 1.3037305676182998
1695 0.7355377356174873
1696 0.8445287282579528
1697 0.7402609027256608
1698 0.5789416734669631
1699 0.8986533301263466
1700 0.305095382719702
1701 1.0173815188299562
1702 1.0475563368307763
1703 0.21720692881189585
1704 0.8976509231050808
1705 0.5781158292343059
1706 0.9414888184961179
1707 0.8065050308285772
1708 0.28290761220583993
1709 0.274566130874527
1710 0.9370363018197142
1711 0.5582292088904278
1712 0.7560078248539224
1713 0.8020512893073272
1714 1.2505016169254535
1715 0.8789875828397844
1716 0.525474393675591
1717 0.8380557898229268
1718 1.0025500417828295
1719 0.9293839954992632
1720 0.8317114427529774
1721 0.8323426283225962
1722 0.642468990397201
1723 0.2367191971555065
1724 0.6883435738874828
1725 0.8449077684925347
1726 0.4839306904500713
1727 0.975779960207241
1728 0.9034799063834481
1729 1.2108975338802088
1730 1.2186642796982285
1731 0.22166018701102155
1732 0.017869087093734713
1733 0.44381845545365867
1734 1.116001650537286
1735 0.2671368246058086
1737 1.0280363271131925
1736 1.0541503387815168
1738 0.5337356504976315
1739 0.5279349197646491
1741 0.3751807458945676
1740 0.705551564621895
1742 0.6520408471128096
1743 0.9666491353346167
1744 0.2993289931500716
1745 0.11203690718490682
1746 0.9250961843748653
1747 0.7319695988112815
1748 0.8755766672084047
1749 0.9094565721167699
1750 0.08804337935996867
1751 0.506694138155016
1752 0.6947005710588358
1753 0.3842160679638477
1754 0.33862829320195564
1755 0.6547536962395046
1756 0.12283225344661289
1757 0.9216942092626035
1758 0.624629054131477
1759 0.6926555274110658
1760 0.2852944035671016
1761 0.22089609229280144
1762 0.43785145030746603
1763 0.16471426239826156
1764 0.7737787363160195
1765 0.22049924629806025
1766 0.4140125923441003
1767 1.8392958493434355
1768 0.9825400951665884
1769 0.6057590659766413
1770 0.9156101601017567
1771 0.13432233759465761
1772 0.9773509764565826
1773 0.9316316701789515
1774 0.2526440953064557
1775 0.452941
1776 0.7261654334626663
1777 0.948752227100026
1778 0.9433547877630837
1779 1.2508370294055269
1780 0.963890333540739
1781 1.0205595181452216
1782 1.140844861151851
1783 0.21454651466850208
1784 0.6911136354743949
1785 1.6259489598470285
1786 0.9742018762884457
1788 0.36507293686585557
1787 0.8072660014511788
1789 0.7022157397806132
1790 0.859081578293616
1791 1.1451006111526993
1792 3.675745411346091E-6
1793 1.301809739365036
1794 0.1267335631230819
1795 0.9999028125223561
1796 0.9664145565805975
1797 0.7577919596433635
1799 0.2000554303953904
1798 0.8797906145728129
1800 0.36918260611952525
1801 0.324170335114067
1802 1.4077964506870475
1803 0.7056664253037461
1804 0.8428629683717983
1805 0.8861563508143485
1806 0.9612578578147883
1807 0.3544232862263988
1808 1.2101184197917345
1812 0.6890752850636136
1810 0.3944754376370202
1813 0.9820770898470305
1809 1.3395737785081547
1815 0.6575951939347866
1811 0.6623846357870641
1814 0.9032977409222631
1816 0.7529671813418749
1817 1.6187772832883582
1818 0.9388494600632965
1819 1.1218414613412944
1820 0.9780412682747686
1821 0.8772737453520303
1822 0.9171231973726283
1823 1.2025357448316856
1824 0.3354515694746979
1825 1.2901698726688167
1826 1.0192749504080985
1827 0.11798628795273619
1828 0.46000014699011776
1829 0.6228345582338405
1831 0.44245688870516087
1830 0.7161100941761149
1832 0.18606870826568972
1833 0.9451867402881217
1834 0.05119977377984117
1835 0.3787873524887559
1836 0.7569506659328147
1837 0.6744605012102278
1838 0.9184957800796677
1839 0.863411860011616
1840 0.350759
1841 0.9805367912692576
1842 0.9575849088874298
1844 0.23405478657746484
1843 0.8330621837186897
1845 0.4233598689659373
1846 0.07239144748224219
1847 0.24204740612375494
1848 0.1237981772041045
1849 0.7793201086901451
1850 1.0671762291327818
1851 0.9028438671917092
1852 1.1396074262879048
1853 0.7327685651061286
1854 0.851397162698728
1855 0.07315876154623058
1856 0.8298029522154422
1857 0.46725199810964185
1858 0.8057434326455771
1859 1.2663499784613694
1860 1.4471124804819397
1861 0.5333106031180758
1862 0.5801039562328233
1863 0.9050284801568137
1864 0.9788271729126182
1865 0.47611827393107625
1866 0.7203496179770172
1867 0.7863823106926044
1868 1.1289165094450588
1869 0.6050370989329069
1870 1.059930675270553
1871 0.7242967655496706
1872 0.7159883818713709
1873 3.1864963866546145
1874 1.411410850965175
1876 0.03357663091414541
1875 0.8370259003448367
1877 0.009953605612560399
1878 0.8396949512615097
1879 0.6943672061521872
1880 0.8414704948294558
1881 1.1799036572807344
1882 0.8181543402389371
1883 0.7310646116870322
1884 0.7956044101795108
1885 0.7425456021675525
1886 0.5826723724214878
1887 0.9283223894620215
1888 1.1753402847745178
1889 0.3816670684829807
1890 0.9970505705120916
1891 0.7561474792202475
1892 0.12976688864376523
1893 0.5800183250871555
1894 0.5966161246269667
1895 0.988692820680636
1896 0.9088454608700447
1897 0.43851265798181216
1898 0.5265388017966027
1899 0.6149207107387552
1900 0.2922129368574137
1902 0.6107107080050105
1903 0.8335492026168002
1901 0.6718440669625934
1904 0.6664452874180617
1905 1.79145207383083
1906 0.39340330596367223
1907 0.4280916295029963
1908 1.6878935447121506
1909 0.9450634008790028
1910 0.8609867205642163
1911 2.251614231595797
1912 0.00603820382466423
1913 0.9739790587232677
1914 0.934890558825442
1916 0.40143940742022455
1915 0.632419036356155
1917 0.7535594408793134
1918 0.5172309083638257
1919 1.1538662645593059
1921 0.7356786084566875
1920 0.965084805648396
1922 1.0063099102902986
1923 0.8884198301253257
1924 1.1709168175413993
1925 0.6093557013742633
1926 0.9884045903838061
1927 0.7161671124442408
1928 0.9685039725946593
1929 0.9938896184966505
1930 0.6081649977478816
1931 0.46906115111170443
1932 1.0389484933476112
1933 1.0177269080785691
1934 0.44040282074739
1935 0.3617831616357553
1936 0.6255567329529872
1937 0.9777720885485072
1938 0.8453543571160936
1939 0.7505634488788282
1940 1.0111875152961898
1941 0.5195756868039876
1942 0.8227667010906468
1943 0.5242038590409666
1944 1.0059154061907924
1945 0.8435412986230036
1946 0.5898947869979886
1947 1.2318595390676903
1948 0.1302123357485962
1949 0.7860793961738538
1950 0.5577996829032037
1951 0.5033722708531422
1952 0.3353105413047208
1953 0.8760901432832758
1954 0.9784562144549278
1955 0.5826442444129623
1956 0.574517259006286
1957 1.1333533386611234
1958 0.5858986822917017
1959 0.16381392919683857
1960 0.9848460525278372
1961 0.8419719388409156
1962 0.788410634805954
1963 0.6942232902003631
1964 0.6650397646124229
1965 0.9222023712885927
1966 0.6515443938279866
1967 0.7877523423947098
1968 0.27418774034338994
1969 0.3294077890246878
1970 0.8230936072283112
1971 0.57478041706712
1972 0.8183056282699406
1973 0.8133087100064684
1974 0.8112721425460222
1975 0.6217538276186468
1977 0.6085690587741904
1976 0.1533643594846285
1978 0.350643998027264
1979 0.833813773640714
1980 1.0465776859470561
1981 0.6200952300317673
1982 0.5879628753169662
1983 0.6057576039898095
1984 0.6790415807272001
1985 1.240813323157261
1986 0.669394531779375
1987 0.8019529277748093
1989 0.7777002800987286
1988 0.9738725427314581
1990 0.6384083560804873
1991 0.5359300324321629
1992 1.3868165598233557
1993 0.5359370627018625
1995 1.0110758268348237
1994 0.7313436136219773
1996 0.12360015107616043
1997 1.1728974789343045
1998 0.8999280555870103
1999 1.2805962956243813
2000 0.9087454718716726
2001 0.2852073837252987
2002 0.7058995143923964
2003 0.9925566100041127
2004 0.688100187361885
2005 1.1808463532316562
2006 0.5602117814615079
2007 1.585914541187668
2008 1.5839122226707667
2009 0.7121869462942223
2010 0.8455494046331885
2011 1.233541165295048
2012 0.6998601622078167
2013 0.39027753888100014
2014 0.9855303268303716
2015 0.1894081587962467
2016 0.42488446858492357
2017 0.9979999864406641
2018 0.753722517431999
2019 0.913569871170084
2020 0.6605366881291674
2021 0.7991184278490205
2022 0.9350232996952129
2023 1.1955210814097141
2025 0.547433262308221
2024 0.06334638760329048
2026 0.8087032514980435
2027 0.9545644558949802
2028 0.8268270586893935
2029 0.6568268743890419
2030 0.8236300811098666
2031 0.9717830726643661
2033 0.6694473088341699
2032 0.8628637429587817
2034 0.7777465462734817
2035 0.3082279672602324
2037 0.6432703968420634
2036 0.40186596054439155
2038 0.9049985418031656
2039 0.8271920467610878
2040 0.8088736717010983
2041 0.5033593662939291
2042 0.4015595302912238
2043 0.6354088508508677
2044 0.840245931603589
2045 0.6784629539990237
2046 0.5712236176663326
2047 0.4496279755927854
2048 0.6253501848937552
2049 0.7954193010836058
2050 0.40100928764294735
2051 0.6878916937129272
2052 0.5391805570531154
2053 0.7534705350714074
2054 0.5923120424469269
2055 0.09065168955075105
2056 0.8517135989557233
2057 0.7921737314820022
2058 0.8538926572507928
2059 0.6345781919979541
2060 0.3950388606392303
2061 0.4748240711247211
2062 0.5384446656768771
2063 0.6107186783072246
2064 0.961117189850208
2065 0.8414397637802573
2066 0.8810479448675901
2067 0.22277011431329055
2068 1.629296560807171
2069 0.9125028073930286
2070 0.9233175814898291
2072 0.24379074930710293
2071 0.23114581423016814
2073 0.8329848010564176
2074 0.6758313771054635
2075 0.6745545604814276
2076 0.6115296813020132
2077 0.6589763074205067
2078 1.0034214304620785
2079 0.4144764009671489
2080 0.9011355266650038
2081 0.4290487007766418
2082 0.7721464779925961
2083 0.8680391118357998
2084 0.8784170723746663
2085 0.6551146043143798
2086 0.5118003025040958
2087 0.8549820908996443
2088 0.38315906462710253
2089 0.971270286256471
2090 0.5343650251474479
2091 0.9920510621308186
2092 0.20032262277680002
2093 0.261786212533967
2094 0.5828028573343818
2095 0.650703320447547
2096 0.7833782603957362
2098 0.7160757850333266
2097 0.4846572646007449
2099 0.7372445721294602
2100 0.8560331310684093
2101 0.29921131717740534
2102 0.7288504364372406
2103 0.067170695884109
2104 1.3375785533533793
2105 0.9561963532683324
2106 0.6935407526293055
2107 0.8789447670971515
2108 0.7565188754898269
2109 0.5727396461946277
2110 0.831726685227283
2111 0.5950055975663785
2112 0.5352476096724584
2113 0.48270252165461536
2114 0.8387026131857837
2115 1.3571349890648565
2116 0.6912893077453672
2117 0.3434501589802577
2118 1.2451575517906128
2119 1.104475424534329
2120 0.37690495771847765
2121 1.0438788554483482
2123 0.8516519965037214
2122 1.2659144702066911
2124 0.9880187993457878
2125 0.9128512857274452
2126 0.6446252846873506
2128 1.00079360008849
2127 0.7981984727565685
2129 0.2385458119104818
2130 1.388705091996746
2131 0.5258732128977966
2132 1.0240708456594714
2134 0.5370992367399318
2135 1.37908467310349
2133 0.9802911923473668
2136 0.7088551455454453
2137 0.7034068295556151
2138 0.8329921786977292
2139 0.9468434692358014
2140 0.5287981238717532
2141 0.2709951557942992
2142 0.30656415468688597
2143 0.8848521129594662
2144 0.8306919037685222
2145 0.7884899544890686
2147 0.05753088610220987
2146 0.962971907177601
2148 0.5986488779449959
2149 0.9474534252834282
2150 0.5360860299087155
2151 1.3680346801931909
2152 0.9992799273751671
2153 0.03590968879889426
2154 1.1869550070196233
2155 0.5289664404732937
2156 0.9807460442702399
2157 0.7521254823421619
2158 7.3849310581097E-5
2159 0.8264199186946611
2160 0.9615253902752241
2161 0.9619123714372864
2162 0.11528938283916318
2163 0.621754605188167
2164 0.3574844295287455
2165 0.20793164378478635
2166 0.8942055981658616
2167 0.0027041825250052752
2168 0.48659198455580255
2169 0.4934429499907781
2170 0.7079335646516938
2171 0.9992080719802429
2172 0.9628120654852915
2173 0.9970200174096959
2174 0.9984554862115042
2175 0.3116472455241498
2176 0.8971121125249382
2177 0.08892881437758604
2178 0.7711632555518877
2179 0.408544287351347
2180 0.968075966762769
2181 1.184614207085944
2182 0.7133553614767449
2183 0.8537958168744819
2184 0.8076706860624181
2185 0.45735727299915185
2186 1.0953996604979928
2187 0.8315507317932272
2188 0.9604925811997482
2190 0.5253288462666901
2189 0.5548715697385814
2191 1.1520757496151457
2192 0.6630617205637961
2193 0.9867961114825848
2194 0.5240061692440722
2195 1.017164659328064
2196 0.4584740327630278
2197 0.3476628434090111
2198 0.47611159449067575
2199 0.1664038305470473
2200 0.4973264431069209
2201 0.833982124488704
2202 0.6939582305227451
2203 0.5056384344105198
2204 0.7739522498120449
2205 0.09765033211611766
2206 0.721753513542939
2208 0.6922299603901182
2207 0.43349500495961535
2209 0.6999988280916024
2210 1.2493504898862215
2211 1.1461801735073485
2212 0.8631227113595853
2213 0.8249179390240013
2214 0.8183460349567112
2215 0.5876704169016568
2216 0.6991129729135455
2217 1.0955543812651605
2218 0.022230402485291477
2219 0.6116141130998134
2220 0.757062615649373
2221 0.6256471794151212
2222 0.7427944428932717
2223 0.6355119232000624
2224 0.7354062895692891
2225 0.8279915418751896
2226 0.7786970721598381
2227 0.8954817273248163
2228 0.16894458576210414
2229 0.5802397951198149
2230 0.7711262048263762
2231 0.22045165368221104
2232 0.16215468088063062
2233 0.896522854861677
2234 0.6666532248112912
2235 0.9431068901296515
2237 0.08495673716530647
2236 0.5690319532679337
2238 1.0061561465875863
2239 0.2466605103969465
2240 0.9612139308650995
2241 0.7142221512007231
2242 1.1065743893676216
2243 0.3219050223056996
2244 0.706305946573256
2245 0.4319687831230862
2246 0.7230274889030243
2247 0.6876600864839819
2249 0.33832161281146605
2248 0.7302248947173092
2250 0.5956393883159785
2251 0.44353058898229847
2252 0.5819317179245359
2253 0.9632832667901352
2254 1.1631999473344385
2255 0.8642063262038353
2256 0.6483532523539164
2257 0.9534375092584034
2259 0.87182252688159
2258 0.8358452584207458
2260 0.930445555637559
2261 0.7138496102761182
2262 0.8692089699583325
2263 0.9897250746501393
2264 0.7152480300231019
2265 1.0286546802396968
2266 0.5240726275001254
2267 0.8825640626950215
2268 0.34781853822187464
2269 0.8871707005600239
2270 0.6064614577876629
2271 0.8825578459653248
2272 0.01917384357996031
2273 0.9967216070408853
2275 0.9978920818232208
2274 0.920696909562234
2276 1.3518209958913467
2277 1.271249276590223
2278 0.06450843798910998
2279 0.24302389281944312
2280 0.12743691377752614
2281 0.9176862544007474
2282 0.26769911224668086
2283 0.48345254970573026
2284 0.908177934665599
2285 0.8158585668392176
2286 0.8221126631186746
2287 0.5146822775474537
2288 0.8139803525064192
2289 0.22244763185899433
2290 0.3097557983656836
2291 1.0171302910357976
2292 0.3490984833945822
2293 0.44864425525170554
2294 0.6223710468248347
2295 0.7018240029156936
2296 1.0118434235049727
2297 0.8140821461775914
2298 0.499827002359434
2299 0.5845862178522853
2300 1.3961643221448772
2301 0.9053785620574396
2302 0.6697787742584345
2303 0.6217921726791521
2304 0.30575636383452387
2305 0.8582735960671589
2306 0.026037192246680836
2307 0.8269381310989257
2308 0.9084547951736658
2309 0.6790692995505355
2310 0.64268127861295
2311 0.01205355253271723
2312 0.4552976592010425
2314 0.65426311550775
2313 0.6542712618869424
2315 0.9453418397665819
2316 0.8595122705024563
2317 0.956946598614343
2319 0.12602288778066947
2318 0.7820976474571035
2320 0.8836985791844996
2321 1.3887888583898476
2322 0.6183583805429984
2323 0.26431372806311204
2324 0.5502597149444647
2325 0.386926538429207
2326 1.2651888847802328
2327 0.7834066353440797
2328 0.2808054311080896
2329 0.5619366513635738
2330 0.6696102442191636
2331 0.36166856854289725
2332 0.9262158753926308
2333 0.924558079828165
2334 0.9094239788516321
2335 0.0976879555233048
2336 0.594049024879884
2337 1.337203085352222
2338 0.42458546516197543
2339 0.8435512994683421
2340 0.7711507902887793
2341 0.6686860848483452
2342 0.919694576662194
2343 0.7137751747316564
2344 0.7147902166434533
2345 0.7667271924161321
2346 0.24489483682558785
2347 0.9894416142100005
2348 1.276039814829002
2349 0.5442884510658733
2350 0.9617358491773
2351 0.8906921476194416
2352 0.6864258222342446
2353 0.9704065110764731
2354 0.5858384070051301
2355 0.926170309075644
2356 0.8214968931364725
2357 0.6555823760097247
2358 0.9101726202775681
2359 4.257564433035878E-9
2360 0.8002947694524297
2361 0.8955539765721173
2363 0.817116032302225
2362 0.839258234264806
2364 0.8696100202589647
2365 1.0366899110336556
2366 0.9678906526571383
2367 0.9678583198348095
2368 0.4897893817528666
2369 1.3473470279545023
2370 1.477515267445032
2371 0.690307234607414
2372 0.9318399763002032
2373 0.9431589156225014
2374 0.669131413757239
2375 0.530006996144248
2376 0.45724865429448797
2377 0.8540031972940564
2378 0.5569920111541614
2379 0.48877915577959036
2380 0.9304984408554045
2381 0.4285295294320252
2382 0.9169548509779278
2383 0.6350961015146032
2384 1.038968213750616
2385 0.7693521341959345
2386 1.179800435145489
2387 0.8411211280242895
2388 0.7735251324080187
2389 0.8331282448132096
2390 0.9452938865381503
2391 0.7097644716543448
2392 0.9093252267064043
2394 0.8774419730883931
2393 0.9067983679915432
2395 0.25996346308560353
2396 0.8203055133230231
2397 0.959467459789769
2398 0.7184445359077809
2399 0.5561412041251176
2400 0.24102877177016505
2401 0.8487348099848251
2402 0.8722248160875596
2403 1.2110173734933287
2404 0.0074134680864215464
2405 0.4137918923574706
2406 0.7270413462125349
2407 1.0814076411967302
2408 1.0458677687469562
2409 1.0305310747781666
2410 0.737029567104614
2411 0.49403191100088223
2412 1.073898876420826
2413 0.7887831903762891
2414 0.9578755674500651
2415 0.9732783458192783
2416 0.17538010239811025
2417 0.48861133033474136
2418 0.9796765003870075
2419 0.11731930442326692
2420 1.2536409123934056
2421 1.1701209645431854
2422 0.92691537132998
2423 0.9033828639356022
2424 0.4678767969287569
2426 0.33877747425733346
2425 0.9412723887147642
2427 0.3986408285755831
2428 1.0636481169660814
2430 0.07465800090082374
2429 0.913521674694345
2431 0.8587442934366488
2432 0.6039959567495611
2433 0.736815629917168
2434 1.0901719793458347
2435 1.1832825001008536
2436 0.904591129087348
2438 0.32246000657585017
2439 0.9621831964823244
2437 1.00689817161676
2440 0.9634919207930324
2441 0.7854774984253474
2442 1.0842874735983947
2443 0.2967641004280402
2444 0.4075257687258135
2445 0.8687458344661667
2446 0.7239793397556846
2447 0.8388137347970139
2449 1.133337749521825
2448 0.7987712549845878
2450 0.48273165471579627
2451 0.6730128766486198
2452 0.9976830001552877
2453 0.10745652733478146
2454 0.901484094928264
2455 0.7739094460627609
2456 0.4030193514686761
2457 0.6074310533071982
2458 0.853669154417686
2459 0.6945854123019063
2460 0.6843271355772585
2461 0.2609701942420832
2464 0.6850554730515253
2463 0.6075342528943138
2462 0.5838549242251848
2465 0.6012864799142786
2466 0.015126864323267345
2467 1.0187649963476433
2468 0.7268081356552799
2469 0.6194020536688679
2470 0.8116547325972072
2471 0.9139961477569437
2472 0.9014989492321908
2473 1.0221447865696407
2474 0.4705430055808229
2475 0.9968237930897453
2476 0.8449803153121924
2477 0.5563021794318469
2478 0.8170317110253624
2480 0.3139388102312981
2479 0.8600865952214659
2481 0.4827445600979551
2482 0.3216882116553653
2483 0.6792985406427776
2484 0.6073112141384998
2485 0.9545795885254696
2486 0.9114093809303488
2487 0.6422425869420976
2488 0.3229492858023047
2489 0.8545773398211388
2490 0.969689560364396
2491 0.8581653663358952
2492 0.5831619559684309
2493 0.9933460808371003
2494 0.08306857831627858
2495 0.9882848165261374
2496 0.42943787902858677
2497 0.5110669682915403
2498 0.30085999832085936
2500 0.766589445162255
2499 0.933797177047026
2501 1.0560456991529912
2503 0.8544982859120283
2502 0.5936042080547521
2505 0.7317858194402682
2506 0.5000408115888664
2507 0.3433217525321089
2508 0.5727258914676475
2504 0.7218386715202475
2509 0.8861067405623476
2511 0.6746401033508176
2510 0.6692995397118708
2512 0.2149424648311734
2514 0.3947749287755566
2517 0.7743436245215832
2513 0.45153325470868444
2516 0.7017966985859613
2515 0.7990649645418408
2519 0.539040766290753
2518 0.8890365714346362
2521 0.31142272077615757
2522 0.051429815071835555
2520 1.413201353120615
2526 0.9555677845628205
2523 0.8489777616369649
2524 0.9334369347353558
2525 0.18184621940208448
2527 0.12065106572489528
2528 0.24219001292644846
2529 0.8206733866682491
2530 0.8646929456995953
2531 1.1222023158604504
2532 0.7292770764116366
2533 0.03152114418215342
2535 0.0965861262760498
2534 0.19880358778321194
2536 0.6437247975224616
2537 1.6486037707048125
2538 0.44554281760756526
2539 0.7213059767971969
2540 0.6060645939557743
2541 0.30197500649263775
2542 0.041029800423080236
2543 0.8402908120630721
2544 0.18851947503697408
2545 0.805021002712151
2546 0.7913695158860328
2547 0.9977002443714699
2548 0.9616750996804017
2549 0.7560062238883857
2550 0.353080194858859
2551 0.9933924660828646
2553 0.48090560813256217
2552 1.7997187800281846
2554 0.814683344411143
2555 0.3067263895216683
2556 0.5961980421104927
2558 0.2893729638644099
2557 0.7219305470133441
2559 0.9913914654007483
2560 0.9982601392478085
2562 0.9321705830845253
2563 0.38688100218963156
2561 0.5981517356473388
2564 0.6598207773516617
2565 0.9387623902155173
2566 0.6442908107920942
2568 0.8936569645725065
2567 0.8030181972845483
2569 0.8677690548393978
2570 0.9476990646795712
2571 0.32116188042487237
2572 0.8204450122943384
2573 0.7925859388041627
2574 0.2500700708748583
2575 0.9506624125551244
2577 0.25161130823389816
2576 0.8205300129366645
2578 1.1884550360536323
2579 0.9144053509349619
2580 0.5124200613511553
2581 0.9767688801686596
2582 0.7535264123206658
2583 1.1529787941075993
2585 0.6703680771301678
2584 0.8137619909446817
2586 0.6562898679613262
2587 0.0679962285656863
2588 0.6395663851146004
2589 0.2650638061543283
2590 0.8724635550964313
2591 0.7940368994504601
2592 0.6083884653224845
2593 0.34665547152086107
2594 0.9972343410201288
2595 0.2090567170509692
2596 1.4834733362420331
2597 0.03263339222063945
2598 1.4417500837987136
2599 0.6478495311573874
2600 1.0266494611494617
2601 0.6822198329777195
2603 0.9592618705594528
2602 1.0607413954894294
2604 0.600612219669629
2605 0.19019661224264317
2606 0.940267572093328
2607 0.09710342282571673
2608 0.9998778693445349
2609 1.0433890015663416
2610 0.7368237426805924
2611 0.7325772599547107
2612 0.6964700988878137
2613 0.6830347433172123
2615 0.9659892305418009
2616 0.42582403239132144
2614 0.7735023925532268
2617 0.5832887035167842
2618 0.2704413678526314
2619 0.42523187133856494
2620 0.6689893162707283
2621 0.2232490895438928
2622 0.8524121101571819
2623 0.14161897898890735
2624 0.6992717373279493
2625 0.9880343329638825
2626 0.39787249586423995
2627 0.9615274054676313
2628 0.33115014526298026
2629 0.32469368406402394
2630 0.9947921518986266
2631 0.16667899968373073
2632 0.610618471905363
2634 0.7457380395547863
2633 0.21995021371954365
2635 0.22202491651351627
2636 0.3431169658770447
2637 0.9831303579793971
2638 0.8917723659617265
2640 0.7861856856090188
2639 0.4377418563198013
2641 0.47095050131548677
2642 0.8638870631502482
2644 0.17324636642393182
2643 0.7681952174898347
2645 0.42300383973916994
2646 0.42812487730087306
2647 0.7837336408745348
2648 0.704874632615268
2649 0.6388049468995673
2650 0.6619191593313528
2651 0.031065916601935358
2652 1.1789011751195957
2653 0.8944061850992934
2654 0.48613187985676193
2655 0.9013155982115786
2656 0.6960895226152831
2657 0.2658029020679063
2658 0.40222905296742656
2659 1.1966996432554409
2660 0.2901046198467581
2661 0.7373680710912779
2662 0.6305154314622794
2663 0.7963881201677125
2664 0.7020338144702516
2665 1.0686622219814648
2666 0.9001510289016154
2667 0.9348142861132285
2668 0.7495652500592687
2669 0.7860076418790498
2670 0.5287278855399599
2671 1.4193273623560978
2672 0.4618275748592733
2673 1.8578851762712016
2674 1.6845908054142453
2675 0.14875936627282782
2676 0.7794103589504281
2677 0.8998392527546868
2678 0.9192011058353718
2679 0.8111462178837966
2680 0.11466306850192946
2681 0.8198310479330463
2682 0.992329409587124
2683 0.9536341645866834
2684 0.6837941190116983
2685 0.7441138355081751
2686 0.8474886536753549
2687 0.6885598909506905
2688 1.5039451912169874
2689 0.2019932381290547
2690 0.6245897093051449
2691 0.7614275483032962
2692 0.27228592849945343
2693 0.23293211878255096
2694 0.8472062716945961
2695 0.8332194506639864
2696 0.6001617215274782
2697 0.6729943599798703
2698 0.5894484287948758
2699 0.5788884803162196
2700 0.4983463535393356
2701 0.0792845032221541
2702 0.8235653189472839
2703 0.8843702249472101
2704 0.9380507832603584
2705 0.46275663417508256
2706 0.7861109762385506
2707 0.6383903651707455
2708 0.6363205125218674
2709 0.7676615324772155
2710 1.2623851696239532
2711 0.7488518432815229
2712 0.34902965458248075
2713 0.7258918358523491
2714 0.9477731949857403
2715 0.31201771643566406
2716 1.0463940533096716
2717 1.1544700803261794
2718 1.0104313349296667
2719 0.3494810523531304
2720 0.38805479613528426
2721 0.20622526320639395
2722 1.5046722131947834
2723 0.21937957111353154
2724 0.8966669658288248
2725 1.0127453506322317
2726 0.8738235164176044
2727 0.9900734428564428
2729 0.5193361056208207
2728 0.6757193678995164
2730 1.18328895777716
2731 0.621353812543169
2732 0.1811067084313293
2733 0.9960257500412626
2734 0.7686748925928428
2735 1.201577975999458
2736 0.42710751693993676
2737 0.3101522451835045
2738 1.7400394980361598
2739 0.6309155625319407
2740 0.11020559407989149
2741 1.1350118728338865
2743 0.5669098550512579
2742 0.5620024432819293
2744 0.7196160931995538
2745 0.7580500893744686
2746 0.533761572817259
2747 0.6852065246418022
2748 0.6464608958938187
2749 0.9512984143253015
2750 0.650132317624833
2751 0.5046720261344863
2752 0.3208534430298515
2753 0.6090037077585075
2754 1.341089289207396
2755 1.1024944653548066
2757 1.0594503497710415
2756 0.8244876639547312
2759 0.8282151151199753
2758 0.5605685133554915
2760 0.03871688935105425
2761 1.1103657961035813
2762 0.13604450839731097
2763 1.3256325751401807
2764 1.266246823191415
2765 0.8359511437591355
2766 0.7695857452156285
2767 0.9801011545130147
2768 0.5354809372036808
2769 0.9377476901018418
2770 0.7010425604679402
2771 0.7732790049391
2772 0.5645438386228643
2773 0.8392294806494556
2774 0.24546222682063876
2775 0.3610271948950914
2776 1.1080707531603657
2778 0.6130380545856303
2777 0.7320110448928894
2779 0.8923409003678764
2780 0.4694477092294806
2781 0.7668829255988326
2782 0.7151461877403592
2783 0.825375811413101
2784 0.8892605578315204
2785 0.9395486836172036
2786 1.044526159315122
2787 0.6135499451509727
2788 0.9603190827555125
2789 0.8848598608139832
2790 0.7323186338460412
2791 0.9874957615482696
2792 0.07201834555097987
2793 0.30427445033364275
2794 0.6700948864251255
2795 0.11771020521042042
2798 0.12018211755576826
2796 0.9524619031036
2797 0.8820026833682194
2799 0.9961365539532803
2800 0.9462652894205957
2801 0.9812695792687388
2802 0.7691352466165575
2803 0.6928028709825317
2804 0.8114803379806695
2805 0.8998261027020944
2806 0.9293733759416268
2807 0.8818806008916606
2808 0.5550731122048819
2810 0.45702144120139987
2809 0.08662696466885754
2811 0.43673820252406736
2812 0.4393987239186056
2814 0.822799626052393
2813 0.010463605116851526
2815 0.9970088780682271
2816 0.22600333160462382
2817 1.1563561175995076
2818 0.594152716168915
2819 1.0224310746070697
2820 0.9099051973387099
2821 0.15689324511255984
2823 0.6875676136105731
2822 0.47086747811476587
2824 0.5539157883340378
2825 0.9889556406099222
2826 0.9216716622098591
2827 0.8246218995788046
2828 0.7412705556563759
2829 0.2836594354552317
2830 0.8599057152085287
2831 0.6019110443926288
2833 0.3012121836140849
2832 0.6996799957714084
2835 0.6521813284042883
2836 0.9986598052709933
2834 0.9241776270830503
2837 0.7787050712792287
2839 0.6996473715140207
2838 0.5117547147821938
2840 0.6103513751326977
2841 0.9270500255270206
2842 0.5470993401547839
2843 0.9165487173659647
2844 0.32763620288140355
2845 0.651704863308398
2846 0.1848164888509347
2848 0.783708341075988
2847 0.8793433455436818
2849 0.3905550327185685
2850 0.8936610194825467
2851 1.1915853910791283
2852 0.6230988674201922
2853 0.978856618216492
2854 0.011322221647586434
2855 0.9468769191129838
2856 0.9504431653163712
2857 0.21361526837059733
2858 1.0021359947732826
2859 0.5181294112067002
2860 0.7009041642724952
2861 0.20852119203970895
2862 0.984517593399785
2863 0.038464714826549076
2864 0.8533404643072365
2865 0.8256559742420392
2866 0.9308495736704526
2867 1.018871027379854
2868 0.9906355230415876
2870 0.7331170425379316
2869 0.14870583401840468
2871 0.7124862844978488
2872 0.7523749407099081
2873 0.013766861621932169
2875 0.8202908191260089
2874 0.7572586270900226
2876 0.09131835119734676
2877 0.8932645796092856
2878 0.8924755671274981
2879 0.9282505893785815
2880 0.7039120850325583
2881 1.3178651592238155
2882 1.1008474388242089
2883 0.494361012797831
2884 0.9694724327388093
2885 1.427302045121094
2886 0.9126552068112653
2887 1.0554923597407122
2888 0.71090502889899
2889 0.36497416760186213
2890 0.7209004223935884
2891 0.9806808652397762
2892 0.5662850576733279
2893 2.0644436473497363
2894 0.6936059810117247
2895 0.8056263275481746
2896 1.7718846592654367
2897 0.8900556555954616
2898 0.6870111274684494
2899 0.8509227581354337
2900 0.7385890706796371
2901 0.08882879565986877
2902 1.104566292990312
2904 0.3520841916352767
2903 0.6357338260696562
2905 0.6589517190777685
2906 0.5174875438516344
2907 0.6791666241391848
2908 0.5716912805441959
2909 0.6509468768930119
2910 0.6109054352665346
2911 0.802127426075413
2912 0.82643340887607
2913 0.7819488439800523
2914 1.7586047747119864
2915 0.31672533472434883
2916 0.5079871159317182
2917 0.7727995340635567
2918 0.9727792514296745
2919 0.4781225017826093
2920 0.8105535023286271
2921 0.10424884923682219
2922 0.7659719520703611
2923 0.5826048029056806
2924 0.9101470438851045
2925 0.5271833185365706
2926 0.6335759165870963
2927 0.7484725954100471
2928 0.32993450764208926
2929 0.5275966914444329
2930 0.9524292841552461
2931 0.035382967849974106
2932 0.7887953574774108
2933 0.6744115179757254
2934 0.9259523432091396
2935 0.4761167926566038
2936 0.9501472033257805
2937 0.6512676184775866
2938 0.9041862596409965
2939 0.8956940251143262
2940 0.1512555691052199
2941 0.6875708235066859
2943 1.2035616511210323
2942 0.8374393789044711
2944 0.6661295859533656
2945 0.4161993629965343
2946 0.7129791065859858
2948 0.5509786913457894
2947 0.997447710001325
2949 0.6738141296639498
2950 0.9061752546459773
2951 0.4530500556140649
2952 0.5980326591616261
2953 0.6327435389642981
2954 0.5241439915214795
2955 0.9039071383807922
2956 0.7366014938312354
2957 0.2916905717451914
2958 0.16136940693096608
2959 0.7177507949463319
2960 0.83401599991758
2961 0.7248985870103583
2962 0.17212159694788945
2963 0.9041857228705527
2964 0.539196806043325
2965 0.6288297659356353
2966 0.8682913187965535
2967 1.363685523362557
2968 0.7064208270106248
2969 0.8126010698261521
2970 1.132109075451723
2971 0.43948689165195837
2972 0.3095727289120569
2973 1.0601643889740908
2974 0.6399664053137122
2975 1.4007452864378056
2976 1.085698423880054
2977 0.9278524880176483
2978 1.4156125875979966
2979 0.8218609187561787
2980 0.7740647646640161
2982 0.6822332196702617
2981 0.9980813412910016
2983 0.9987768906876349
2984 0.8052686446625356
2985 0.9654162078436707
2986 0.575331302415429
2987 1.007864256852547
2988 1.2633798890239056
2989 1.3312053402240838
2990 0.4781900807545396
2991 0.7278733556549424
2992 0.931373
2993 0.6244197729702149
2994 0.7535936911352784
2995 0.06786924224193017
2996 0.6341175596575777
2997 0.7867812893997782
2998 0.9659938322089171
2999 0.608105128207887
3000 0.5745774960722049
3001 0.6984502290892478
3002 0.70425760280873
3003 0.5886496093009396
3004 0.7400575653317615
3005 0.9215271709318773
3006 0.7511119513511556
3007 0.9844838613438932
3008 0.0719207258330724
3009 0.7256841009011482
3010 0.34303927574661275
3011 0.17129467842081506
3012 1.265637757290731
3013 0.9424165577094898
3014 2.058371989735457
3015 1.016617043156538
3016 1.2001805042133213
3017 0.49299247807585017
3018 0.6713360342425821
3019 0.930085419252638
3020 0.8186590531968626
3021 0.7644562747466422
3022 0.6983161219979906
3023 0.9708412616396127
3024 0.9871784936059079
3025 0.4897781228591224
3026 0.9042575420620853
3027 0.8759377782615235
3028 0.7788278345026165
3029 1.4039954044699101
3030 0.8547399544758546
3031 0.9693488574241825
3032 0.8453702810797573
3033 1.3949340545794306
3034 1.1869519789269036
3035 0.8568871049905474
3036 0.4698344136347617
3037 0.9109952602633214
3038 2.62320645668039
3039 0.7444753688375918
3040 0.7106544422818744
3041 0.31771309273492093
3044 0.08414554224617912
3043 0.5887709941416581
3042 0.9681097568458022
3045 0.72415709474666
3046 0.7490778172794718
3047 0.6902742403256533
3048 1.3287311890528892
3050 0.7706690249225981
3049 0.9257704073839866
3051 0.7955590106429893
3052 0.5275759197262352
3053 1.7754005169269638
3054 0.5830308447023388
3055 1.6992156549122723
3056 0.698649641329473
3057 0.5660629482547974
3058 0.9837103384319442
3059 0.15273767928366755
3060 0.9358071996472626
3061 0.4414854261066982
3062 0.35173112318624694
3063 0.761729019875189
3064 0.8490999153488555
3065 0.3166068125773115
3066 0.9718900469527998
3067 0.9784541904375414
3068 0.3485866886715236
3069 0.6370030016801367
3070 1.1920396103826598
3071 0.13763177926246564
3073 0.7351206666896289
3072 0.46191365018326086
3074 0.13100187760929946
3075 0.2224672963470118
3076 0.4399248790250534
3077 0.5753637395952841
3078 0.06278878921980939
3079 0.7577686126524686
3080 0.7115418889966465
3081 0.9291180651577419
3083 0.10111138616083186
3082 0.8468362968304228
3084 0.6861872367466801
3085 0.5060080606002213
3086 1.1682467439699014
3087 0.2860258140162405
3088 0.6855749751046206
3089 0.8918791992762153
3090 0.058897727308345776
3091 0.3640945623736773
3092 1.2253135891940183
3093 1.6703136561085583
3095 0.9466461999517298
3094 0.8891236100194018
3096 0.728061620030599
3097 0.9953873034516562
3098 0.9889119997433248
3099 0.8070204394682263
3100 0.9010783222904108
3101 0.5253385975844179
3102 0.9820002328099575
3103 0.5327159677457118
3104 0.9981300473462198
3107 0.6257605029395374
3105 0.8323385323733676
3106 0.8359226185220829
3108 0.7743922350863032
3109 0.6378002024827985
3110 0.7175249137174591
3111 1.05094259912481
3112 0.8046359976689339
3113 0.744682614758464
3114 0.6237029984781473
3115 0.6583047705559846
3116 1.0651224135735253
3117 0.5793775166319676
3118 0.9101370953518846
3119 0.07529458576442578
3120 0.7593788443454255
3121 0.47562944997330087
3122 0.6206891183648794
3123 0.8343039986280144
3124 0.682198261485453
3125 0.7371820694650415
3126 0.7648305162296668
3127 0.6273217496693326
3128 0.5715354001991845
3129 0.5231760012349875
3130 0.6716472468529008
3131 0.44874200422031857
3132 0.4489577333255532
3133 0.5419289042273683
3134 0.576245627362465
3135 0.5005373462427327
3136 0.7061607881126085
3137 1.298195620424777
3138 1.3075471614050325
3139 1.0666088955515403
3140 1.1181829837700175
3141 0.9849038043520162
3142 0.09652722130983202
3143 0.2611127775868473
3144 0.8035214479629952
3145 0.27745897567769207
3146 0.7013095689227402
3147 0.5113101429562685
3148 0.6369725249290875
3149 0.3957825429050473
3150 0.571425123637812
3151 1.2542284288371757
3152 0.5844685257910096
3153 1.6351303564556552
3154 0.6098294181309311
3155 0.6310655675193628
3156 1.0365092259572495
3157 0.8114436653554549
3158 0.5477206799858425
3159 0.09458094567793321
3160 0.8846963665841739
3161 0.8839490658501993
3162 0.831739136963774
3163 0.4329621855233275
3164 0.5825128751119766
3165 0.511955808956124
3166 0.008293235328562713
3167 0.6645159154430912
3168 0.4825552551993104
3169 0.9562333179477099
3170 0.8771924846008831
3171 0.9253694224890759
3172 0.9013386221027372
3173 0.0423537744431525
3174 0.9090372908468454
3175 0.45379317655371304
3176 0.5376438432257706
3178 0.8161019205573239
3177 1.0040442701010914
3179 0.2647166214990828
3180 0.5333308087096061
3181 0.15459342924024982
3182 1.03190512111763
3183 0.8515688771634903
3184 0.7620111200180901
3185 0.3269544365359611
3186 1.506728933749905E-4
3187 0.6033314853405806
3188 0.9302066688846996
3189 0.7755574504446316
3190 0.9960224092011398
3192 0.5757688188942685
3191 0.661159673273222
3193 0.8080378584658142
3194 0.9618012375181275
3195 0.00504459890858762
3196 0.8699998379239763
3197 0.9999553271366649
3198 0.5344291964873064
3199 0.7414062899750942
3200 0.9786484308464465
3201 0.8585721695091533
3202 1.3086334748979682
3203 1.5331733481273868
3204 1.5316582903461544
3206 1.466799649177699
3205 0.6670704192224814
3207 0.6193346207885425
3208 0.9651786349709524
3209 0.5766322956397368
3210 0.7651781186265072
3211 0.6958554251672555
3212 0.28581018750236514
3213 0.12192683447746136
3214 0.9422561865551581
3215 1.1689048336769408
3216 1.0895101589956315
3217 0.9761862172257306
3218 0.44666683996826956
3219 1.005945756311045
3220 0.7907516407535098
3221 0.6578469758076907
3222 0.049951331365494726
3223 0.23984013826986772
3224 0.9934053972449081
3225 0.9050010679027493
3226 0.2553390200276098
3227 0.7163876352318858
3228 0.5418629049213974
3229 0.763150865797313
3230 0.6440525617611954
3231 0.9845041518273768
3232 0.8688276335233935
3233 0.7303680694767378
3234 1.0650124970099624
3236 0.5978570803039223
3235 0.9006055445323341
3237 0.003858272270338838
3238 0.8192969346461288
3239 0.38197735729022647
3240 0.6288477149385225
3241 0.9969081758132208
3242 0.9418835327296191
3243 0.7245343002217806
3244 1.3164086745655292
3245 0.5157719445041444
3246 0.5308050535047238
3247 0.7705949004204505
3248 0.780133580837381
3249 0.012876304978378265
3250 0.9339941581694842
3251 0.8982279352391808
3252 0.36658413407954493
3253 0.8598271795004915
3254 0.9983798042167104
3256 0.8377253684951981
3255 1.0
3257 0.7787764854371807
3258 0.385725729340686
3259 0.713853158918148
3260 0.5224865191212373
3261 0.7814778051790834
3262 0.8649971200352743
3263 0.4927324083562818
3264 0.9229072523766911
3265 0.6816576227502906
3266 1.3455655451081077
3267 0.9004930490261462
3268 0.04398705962475559
3269 0.9378178655520218
3270 0.4536912470477374
3271 0.6210835578063897
3272 0.7129031165662332
3273 0.6362208077215277
3274 0.42432924188707616
3275 0.8758817806853093
3276 0.25628185755638894
3277 0.8702014870439294
3278 0.5570696420326658
3281 0.81227411808615
3279 0.6223659599501495
3280 0.8264110564023666
3282 0.7577573504395385
3283 0.8122692698995261
3288 0.5186799701755631
3285 0.9896218998203968
3286 0.9100302753615318
3287 0.8328597016588211
3290 1.8532738630139867
3284 1.0448853881238598
3289 0.7988588197907758
3295 0.7841917915162626
3292 0.6574212827204196
3293 0.11343694183854587
3294 0.4542731680248935
3291 0.875138679199732
3297 0.7219331989348423
3296 0.9999661227112189
3300 1.559539908218146
3298 0.9851982935506881
3299 1.1008670528221707
3301 0.17977727343776895
3302 0.0676803902247524
3303 0.8167754787309458
3304 1.0213217242067194
3305 0.9998012495498652
3306 0.5972344305699555
3308 1.0043558350261712
3307 0.7470701271205286
3309 0.7754752852798502
3310 0.6155667412491821
3311 0.55940005615565
3312 0.8823159802824471
3313 0.8593137429977848
3314 0.559326694867384
3315 1.3491998642559249
3316 1.1665266520635325
3317 0.7513964920355253
3318 0.862566251447079
3319 0.7291539698950442
3320 0.936352270555143
3321 0.6122639569794986
3322 0.23369145709924932
3323 0.29923385850899664
3324 0.6519841048820197
3325 0.8983149294098135
3326 1.1646847848189075
3327 0.770821789098577
3328 0.9432394996718919
3329 1.0011048830991411
3330 0.8004368118698172
3331 1.0436904974230576
3332 0.5289069033208335
3333 0.7519910982499083
3334 0.36547562712505205
3335 0.6717770322751933
3336 0.8973421685184508
3337 0.7962106375209982
3338 0.6015590640024926
3339 0.767693116761275
3340 0.8293096200624945
3341 0.9029316919846971
3342 0.685347666951425
3343 1.7170586899785647
3344 0.7047638357342022
3345 0.900245769003913
3346 0.6995155495817533
3347 0.7875985781904428
3350 0.9388383350361059
3348 0.9998968817158753
3349 1.3818173540268115
3352 0.6790446709397242
3351 0.8861879578212732
3353 0.997197698247526
3354 0.6499180221721055
3355 1.000009440689256
3356 0.4668337517953177
3357 0.6404202118058658
3358 0.6229881476197505
3359 0.40042743483174864
3360 0.0441109181199332
3361 0.21803761061191543
3362 0.47046220319316284
3363 2.2393708871710887
3364 0.4664804105114032
3365 0.6266105945518882
3366 0.6891956156389086
3367 1.0195147656585268
3368 0.7571423466231617
3370 1.9686356803914624
3369 0.9469041217155
3371 0.9105583365783725
3373 0.7321299733849873
3372 0.6014401354365855
3374 1.4167189788059587
3375 0.05922148609085647
3376 0.498954401545229
3377 0.8024664805289492
3378 1.2403939610828456
3380 0.7916392647408514
3379 0.11195001983406806
3381 0.8995883201032222
3382 0.6668233741958123
3383 0.9043629597208899
3384 1.2741618448371732
3385 0.9973300215232158
3386 0.9714638199531312
3388 0.7577174245710663
3387 0.7640792844951567
3389 0.9440372262814252
3390 0.13802188533788626
3391 0.5299655960639922
3392 0.6277678769524638
3393 0.2281026465274243
3394 0.9088408666022648
3396 0.9887626322079094
3395 0.9415293991825653
3398 0.8238170829816901
3397 0.3975504441496612
3399 0.662088085417072
3400 0.6692984172788876
3401 0.765155814819412
3402 0.874033182235839
3403 0.6233404293815856
3404 0.9794085849351587
3405 0.3207699970371673
3406 0.5325878515221535
3407 0.8260786497392745
3409 0.664911725187382
3408 0.43778481331006064
3410 0.6262449277632257
3411 0.5157620609759005
3412 0.8296958194092598
3413 0.5558294861941201
3414 0.7896615940321995
3415 0.22892007688823168
3416 0.9579513108332169
3417 0.7204108758684736
3418 0.71071204393443
3419 0.6021254453876648
3420 0.9391092184924913
3421 0.12496418618832306
3422 0.6221793784615592
3423 0.779084443838317
3424 0.6683473803262887
3425 0.6357347936390411
3426 0.327813740727507
3427 0.7835125116110262
3428 1.5573331498270653
3429 0.8752437473081606
3430 0.6037757130613297
3431 0.6012864799142786
3432 0.9977525695744912
3433 0.8106188838199673
3434 1.0490237572979262
3435 0.6109292460037231
3436 0.8848148321067083
3437 0.6542839601133995
3438 0.8146238338428475
3439 0.2169825459459206
3440 0.9540951739513841
3441 0.08024418125501916
3442 0.8809416995528372
3443 0.6840757156390842
3444 0.8936162367338087
3445 0.9227638065628184
3446 0.6920069907893389
3448 0.6849498305168921
3447 1.0397783620907266
3449 0.7258569292842459
3450 0.8415727601758817
3451 0.9657218544749585
3452 0.4895531297075196
3453 0.7482379352787408
3454 0.5536378988930531
3455 0.27833883757278444
3456 0.305643635548824
3457 0.6056045633534916
3459 0.8614013773851992
3458 1.0892630081176067
3460 0.868749579719688
3461 0.7475758352956695
3463 0.4973492831862776
3462 0.1441126120455272
3464 0.8863018801147846
3465 0.9386212954235807
3466 0.39028857646431464
3467 0.9541390141805015
3468 0.66117424326197
3469 0.8769646932931765
3470 0.9652404548456853
3471 0.726723779378409
3472 0.6547979514265418
3474 1.9145827273398246
3473 0.9946588091321074
3475 0.43643194424322596
3476 0.638762315752199
3477 0.6346789153186201
3478 0.6202506203781665
3479 0.3526963320093735
3480 0.21339797859232076
3481 0.39507947983385594
3482 0.9034390632754742
3483 0.8738744282080656
3484 0.5183003239932111
3485 0.49491820906090606
3486 0.46150398389717845
3487 1.0256886051643135
3488 0.8857092685059071
3489 0.023385348806406282
3490 1.2310765366939966
3491 2.5271313703035614
3493 0.7295385842264516
3492 0.2248303381649673
3494 0.056712023656684867
3495 0.005298175778175788
3496 0.42918986617149063
3497 0.9199359531946045
3498 0.5074189425558882
3499 2.0597926337969605
3500 1.5591668192196022
3501 0.9755158268407219
3502 0.804741541328288
3503 1.0736766989692648
3504 0.7039739976048879
3505 0.42854070504797626
3506 0.020632166092966482
3507 0.13317507083108596
3508 0.5182382252640504
3509 1.0881274612969638
3510 0.47581116555492553
3511 0.8876445010567827
3512 0.2739177560585602
3513 0.881095220975392
3514 0.9802238058420821
3515 0.9459635268575326
3516 0.733900842518035
3518 0.5451711774883672
3517 0.9956841749524311
3519 0.7714604857821814
3520 0.4646167485104459
3521 0.9094450251532968
3522 0.9722152995234312
3523 1.8503138472475251
3524 0.5781633825556983
3525 0.8346283813682899
3527 0.8323274582182291
3526 0.5041194923095803
3528 0.7133808354877945
3529 0.0933809538252508
3530 0.40185783092538996
3531 0.9461565230114383
3532 0.9100294640821204
3533 0.5875329725567398
3534 0.6384014820501772
3535 0.20528216568462718
3536 0.35522574938875423
3537 0.8264095257222553
3539 0.5590824051879081
3538 0.3828110042144316
3540 0.399032856189729
3541 0.9816084468274227
3542 0.9829650488304935
3543 0.5885456449963848
3544 1.084160753739763
3545 0.5749441202322476
3546 1.074622785749064
3547 1.1765711661466125
3548 0.48033210802926574
3549 0.8189618866972251
3550 1.9358349944182753
3551 1.4351787227380308
3554 0.7802501417674083
3552 0.7275728873406561
3553 0.7191589539594516
3555 0.628170072654607
3556 0.716476884388344
3557 0.9852744394633608
3558 2.9368385600657376
3559 0.7344593189475473
3560 0.7706664409208834
3561 0.9304007125401929
3562 0.8825875548562089
3563 0.8909754910648567
3564 0.7351486766420698
3565 0.7329471005860472
3566 1.0086288306743845
3567 0.9181596559961338
3568 0.25107353608289035
3569 0.5777463683142299
3570 0.9455282472879359
3571 0.3684504028909996
3572 0.3517651123958211
3573 0.9683618776335674
3574 0.04406678498286161
3575 0.8803742812760192
3576 0.5549220162219265
3577 0.8226829095455025
3578 0.342725825406141
3579 0.8737070788126229
3580 0.9965671424992366
3581 0.32088925441285193
3582 0.10889586301650034
3583 0.997347286921785
3584 0.7367537409816328
3585 0.05784515555337005
3586 0.8410339368410215
3587 0.6246635516871075
3588 0.49780316506960315
3589 0.18246474721860795
3590 0.37555351411085336
3591 1.078110537861605
3593 0.8042219170507022
3592 0.11430507226143553
3594 1.0049146079124365
3595 0.14216586684594698
3596 0.6429055846328731
3597 0.6141649546045502
3598 0.5450619672302297
3599 0.6282760147322412
3600 0.3799077857244305
3601 0.39967652644985335
3602 0.6972894459235116
3603 1.0160553385120346
3604 0.8940181428538638
3605 0.839996043664656
3606 0.5273781205948697
3607 0.924376895754166
3608 0.20601787766843263
3609 0.9295375271182095
3610 0.9974877201725866
3611 0.5713504184055581
3612 0.5865135306874231
3613 0.6553438624359985
3614 0.9195139299290006
3615 0.8448730874097982
3616 0.9320461203784901
3617 0.9050089704380507
3618 0.6220475967313244
3620 0.9277232426092966
3619 0.48507063672543094
3621 0.20995541533225967
3622 0.4976028394840441
3623 1.1346418322736378
3624 0.6351396886633689
3625 0.15094712717984768
3626 0.7933269489508055
3627 0.4749514099288686
3628 1.1929446532450763
3629 0.5830748995501761
3630 0.7378856649809207
3631 0.30107537077565333
3632 0.9885435069366846
3633 0.6852925244333269
3634 0.7219662467037072
3635 0.5381921642609105
3636 0.5189349981934179
3637 0.8822401509657865
3638 0.40677955957685097
3639 0.6591041776483624
3640 0.9320053952117993
3641 0.3701874082734226
3642 0.3628901901407825
3643 0.9781663690288225
3644 0.4533530990240443
3645 0.7448987399058238
3646 0.3915973630434949
3647 0.823857861535185
3648 0.6249770956950521
3649 0.731752506342067
3650 1.0787099890628555
3651 0.03317547929764389
3652 0.971862368393013
3653 0.3802307909995626
3654 0.648727684825152
3655 0.9533999252569492
3656 0.6332792594074168
3657 0.8282353194603895
3658 0.802756428622083
3660 0.6450328764145491
3659 0.22167231551379898
3661 0.7065505672017169
3662 0.7153076020423937
3663 0.5851898208802984
3664 0.965372285453563
3665 1.0424397213149719
3666 0.7266270809012451
3667 0.825035624835192
3668 1.8987064153499231
3669 0.9706669139417102
3670 0.938135653440843
3671 0.7107229769607635
3673 0.5723203773664758
3672 0.7876217806074886
3674 0.8617220466703256
3675 0.13157758862760446
3676 0.5214872101384868
3677 0.599546654162799
3678 0.9522047741670461
3680 0.9755221887795094
3679 0.43385251638898514
3681 0.5750873213320058
3682 0.7854637702275467
3683 0.7548548517073559
3684 0.7653402040018564
3685 0.38150374551771676
3686 0.8329238214848794
3687 0.7477973961163581
3688 0.7970129879307576
3689 0.756894391709979
3690 0.487363888980383
3691 0.7685918025766181
3692 0.996022400451611
3693 0.6757748839813039
3694 0.6862240669572641
3695 1.037143885693509
3696 0.5623429286909473
3697 0.31701510619700696
3698 0.5888751119995267
3699 0.6467631785553977
3701 0.9613027330156224
3700 0.9057086080520126
3702 0.07459999901321832
3703 0.6807510220267545
3704 0.7535755382400814
3705 0.6027224033298677
3706 0.7644227151910947
3707 0.3188315717538616
3708 0.9318697169605292
3709 0.30466166907928577
3710 0.6657123892921463
3711 0.48414392981169324
3712 0.732988550745139
3713 0.9359074781991525
3714 0.9107051127172804
3715 0.862727261315877
3716 0.7697383307970729
3717 1.2616565313018975
3718 0.9320514724141696
3719 1.0588673685570102
3720 0.6548507156571732
3723 0.8978315942022396
3721 0.9659585680807756
3722 0.3142297375873892
3724 1.0554947863754005
3726 0.8432832654319468
3725 0.8099480208643424
3727 0.3189077876871717
3728 0.4540183106240543
3729 1.622737745194959
3730 0.7775169840005459
3731 0.7805700972556657
3732 1.2364028147034085
3733 0.7087271741244129
3734 1.0292784613854105
3735 0.785473689878797
3736 0.6470230240428364
3737 0.16828360083115057
3738 0.6176022078294542
3739 0.4178648567643667
3740 0.9494801756348583
3741 1.090728108457937
3742 0.3304329365012531
3743 0.10491582492969068
3744 0.7429785287594122
3745 0.8425811817394987
3746 0.9614539412726691
3747 1.2487211756490142
3748 3.725217306479172
3749 1.2922053888876206
3750 0.41239510806481106
3751 0.6671592943487346
3752 0.6242125392848198
3753 0.6403546199921242
3754 0.7366964865351443
3755 0.2835900952016031
3756 1.2473248741133274
3757 0.842803547796159
3758 0.09685938245958976
3759 0.937252106219169
3760 1.3047783161171889
3761 0.5122024120256342
3762 0.05343682851875668
3763 0.998265663398712
3765 0.21544762915326635
3764 1.5325114829030215
3766 1.1464971263710688
3767 0.9971615005767147
3768 1.4804784212032416
3769 0.406316993052456
3770 0.8286878810277044
3771 1.0306842385655248
3772 1.224252149184456E-5
3773 0.9998716138225815
3774 2.160351051003275
3775 0.21696441447791467
3776 0.8756193294353808
3778 0.8553746215819982
3777 0.7761004527239234
3779 1.381495980866101
3780 1.191643272976454
3781 0.5537157339683786
3782 0.7975344707950989
3783 0.1374305367633217
3784 2.022942702659806
3785 0.9986362915695989
3786 0.5678747626078657
3787 1.4009110051575704
3789 0.9722840809237658
3788 0.4735009923741316
3790 0.9112261311124658
3791 0.3537120901051251
3792 0.004058532704749669
3793 0.3252930383156391
3794 0.9726244559146229
3795 1.3946709212798274
3796 1.0238297316621738
3797 0.3293631881933028
3799 0.8624320007534264
3798 0.7722565934802195
3800 0.15903188682