1 0.8316266494810001
2 0.7135320258626556
6 0.36764700000000006
3 0.251554530258
4 0.5474511602857165
7 0.8215720651289999
5 0.9204039865205438
9 0.021509893557489113
8 0.8291739508204674
10 0.7649813998991942
11 0.9107840000000003
12 0.1484711332616191
13 0.4751382748652626
14 0.9424600000000001
15 0.2867167765265578
16 0.7179095506250001
18 0.5799070000000002
17 0.017400328450326796
19 0.2931375
20 0.5201072762649982
23 0.1218859901265994
21 0.8680053129654111
22 0.03822100000000006
24 0.20897855525739018
25 0.6220468678908513
26 0.6997806885325513
27 0.6865011963008828
28 0.24947410340684623
29 0.49776894905686764
30 0.06777100000000003
31 0.151961
33 0.4853513750292832
32 0.9403754159803805
34 0.9088321602151612
35 0.6482024306436605
36 0.9365511629534053
37 0.23826288261218959
38 0.554213918416
40 0.3133268558593638
41 0.6655988561854949
39 0.43612488826521173
42 0.436854901115
43 0.41264191397440014
44 0.6808041833819276
45 0.7752560000000001
46 0.3004481882293843
47 0.9373405705366158
48 0.399029359731391
49 0.4250423429371616
50 0.6427322425461959
51 0.28794808010247164
52 0.40881368756099995
53 0.49615520961873716
54 0.911841675125
55 0.9227196430420705
56 0.17744347128397236
57 0.5179271613977469
58 0.9389591904568904
59 0.01450494063099994
60 0.4237390493604476
61 0.556667617856091
62 0.9300083820839999
63 0.523261382084
64 0.573685527818635
65 0.921224659208
66 0.6888349023013265
68 0.5565888713008416
67 0.628920437169
70 0.4060138555341935
69 0.6840533202019203
71 0.618636472329
72 0.801443937166693
73 0.7984171386998553
74 0.47727210979517365
75 0.6642542345067568
76 0.4754892269090059
77 0.7178239338954779
78 0.05644428576967564
79 0.67425692948806
80 0.5779472945368229
81 0.335770231050311
82 0.41852641768610505
83 0.5107566956160055
84 0.3573242664359999
85 0.48359431947266684
87 0.31849274010000017
86 0.9150475945621882
88 0.5085306993457557
89 1.2069287302158223
90 0.44374740145321545
91 0.5531251379469999
92 0.8325822043463589
93 0.6340099780767613
94 0.8136308160504012
95 0.11628922529800012
96 0.36564554785465747
99 1.314131935025
97 0.8463650811254445
98 0.9220531233634477
100 0.7206262615868926
101 0.9068237381437338
102 0.7919944749704992
103 0.3633593421302683
104 0.30356401520099996
105 0.0169052564210308
106 0.40873609365195085
107 0.624881
108 0.94097457001874
110 0.6068278138410002
109 0.344587
111 0.724395129151458
112 0.864801093814923
113 0.23700141522500018
114 0.7998293011919999
115 0.37657200000000013
116 1.1347569999999998
117 0.20686300000000002
118 0.4628368626362928
119 0.16862700000000008
120 0.3063432664360002
122 0.7389403071528312
121 0.9053188408514026
123 0.6824079933530763
124 0.155883
125 0.9137274912438627
126 0.47512140163472544
127 0.14641100000000007
128 0.42725634947047453
129 0.5480400000000001
130 0.8940822138409998
131 0.7863916888553844
132 0.8496511276011204
133 0.2758226166118918
134 0.7943635570247916
135 0.6270641072968348
136 0.7622251195888867
137 0.8036264237594456
138 0.22550593502500016
139 0.639795375625
141 0.7083297004302443
140 0.742171935025
142 0.8005224340456695
143 0.04928599999999994
144 0.6257391503609999
145 0.17424799999999996
146 0.26992728675374145
147 0.6399608002458341
148 0.042565776509436715
149 0.5788063780124144
150 0.8165644430836436
152 0.5226624481956667
151 0.24336453638302996
153 0.901954125045197
154 0.6916694115326658
155 0.43984762232254204
156 0.5553645664263749
157 0.28606844055001884
158 0.3014866699392687
159 0.2682406989169577
160 0.28924221263798
161 0.8676465
162 0.38968100000000017
163 0.7357002512457116
164 0.7196438729088838
165 0.7539210000000001
166 0.2524491991212677
167 0.802188499030339
168 0.014854520674105531
169 0.4412384279920473
170 0.4193059432505414
171 0.4013506961242914
172 0.3855350050641906
173 0.2167558816005
174 0.5042642248404089
175 0.7433578744489999
176 0.12721372043324408
177 0.08556393233845472
178 0.5354085747081111
179 0.1808050673129126
180 0.9389678224619107
181 0.888962268482089
183 0.72548303837
182 0.40367463204100007
184 0.6771654044535432
186 0.7123492289890001
185 0.02326258303967288
187 0.563131434385
188 0.3505049610724853
189 0.1589012102449556
190 0.43839151418700006
191 0.1282484231971195
192 0.23515894912510005
193 0.8623237076125
194 0.7477014397868698
195 1.0184250000000001
196 0.8755804707650434
197 0.8813656822354379
198 0.7324269140860487
199 0.8008223222985715
200 0.6435769003845
201 0.6532504710401427
202 0.8322158244832488
203 0.8317206810116147
204 0.768352
205 0.9019600000000001
206 0.15401896922469835
208 0.9423360682065312
207 0.5447318700500001
209 0.10098099999999999
210 0.8480489342990473
211 0.8510646377288578
212 0.4232909325690002
213 0.8315621790843477
214 0.3822962111172781
215 0.8960796067094264
216 0.7458008844446669
217 0.04372111301238546
218 0.600043512649
219 0.316047294656
221 0.020619500000000013
220 0.5617650000000001
222 0.2815481133845521
223 0.7148690043121515
224 0.10970727802899999
225 0.7819319832362297
226 0.7047757305710984
227 0.8157024988896665
228 0.675090375625
229 0.10089952072319797
230 0.8182193177532491
231 0.36004208382448777
233 0.0819236716475864
232 0.504234465744
234 0.09606976632803049
235 0.934241007347611
236 0.6244215
237 0.18533895031310252
238 0.4607385077898122
239 0.5349353010310747
240 0.269277312649
241 0.12257999999999991
242 0.456863
243 0.945022
244 0.843795066436
245 0.6860566641356011
247 0.7670264410147632
248 0.3439267870776668
246 0.15240674913631702
249 0.7910742329684266
250 0.14988054129521777
251 0.33787323678230596
252 0.6819514296039999
253 0.1588225000000001
254 0.07429325635777237
255 0.48822402025166667
256 0.863726
257 0.7731028242446998
258 0.838488549481
259 0.9439849474832493
260 0.6258856236989915
261 0.7753620000000001
262 0.01414800000000005
263 0.6464991015651305
264 0.16938844587408486
265 0.8455840803251764
266 0.5180869003845
267 0.1572020481430101
268 0.8407343995368748
269 0.6778257717478136
271 0.5104669753880533
270 0.900001
272 0.3344300937925301
273 0.849626143696
274 1.5662858631737553E-4
275 0.6709504901412533
276 0.49531795047885585
277 0.6905787722067865
278 0.7313947357128421
279 0.6346118830654479
281 0.12884292765165273
280 0.09440626991524415
282 0.2516959679898558
283 0.13043464464315838
284 0.1908418971419096
285 0.155367629604
286 0.158597094656
287 0.203098713418
288 0.098478865129
289 0.6657330928627005
290 0.04133550000000008
291 0.6690389494810001
292 0.675129816609
293 0.12948198579788905
294 0.9138578555341935
295 0.5675939217610001
298 0.5206017314885281
297 0.478087459208
296 0.4665704889
299 0.6275100929190882
300 0.47945649465600004
301 0.32363739223399995
303 0.933803021761
302 0.4282634242196105
304 0.3189537264287459
305 0.005476346753656491
307 0.746632613841
308 0.721518244488
306 0.6321492209756817
309 0.34887361467003064
310 0.809219
311 0.6634465138410001
312 0.330776375625
313 0.07941200000000004
314 0.33149561826425633
315 0.2121533984
316 0.532201
317 0.15324258647562333
318 0.30822700000000003
319 0.4449736977400968
320 0.4705855244901994
321 0.5933304496751721
322 0.129964027405701
323 0.1982880192498373
324 0.7588225
325 0.6502666778205
326 0.6686136780870382
327 0.25784300000000004
328 0.20711783728662447
329 0.8372684888890001
330 0.8103526790576928
331 0.8417181430872571
332 0.4449584032181175
333 0.7264705
334 0.682092265009
335 0.02596258869943391
336 0.4792158518398977
337 0.47729900000000014
338 0.18884788766566674
339 0.427027894656
341 0.869103189754173
340 0.44620048020000014
342 0.6660628509232243
343 0.12843526512900016
344 0.5660299363852532
345 0.6607107158475656
346 0.760784
347 0.7985120072053791
348 0.448476582084
349 0.541711398001
350 0.02058800000000005
352 0.194576994161
351 0.5234158711202102
353 0.5905311328720002
354 0.6525910421404821
355 0.6638062862871128
356 0.6903444492761207
357 0.9275425656792118
358 0.005197545513501267
359 0.5235162939999947
360 0.934470513795892
361 0.18401016511149493
362 0.015440666436000061
363 0.004144200554308863
364 0.7804650217610001
365 0.7012209927244999
366 0.4592876203740545
367 0.9027379852093333
368 0.13785942832781228
369 0.10063145524266681
370 0.20872420076900022
371 0.24117600000000006
372 0.1359319604
375 0.22610814010903435
374 1.1752497765274035
373 0.13214141357671472
376 0.43974560087800785
377 0.6638592464130224
378 0.45528548251195744
379 0.7352771969052491
380 0.23413142669838582
381 0.2994991202674407
382 0.8720400437748723
383 0.1157242149083686
385 0.421142709621464
384 0.212163582084
386 0.2934914432613288
387 1.2964529999999999
388 0.07065200000000016
389 0.7018295016638038
390 0.22162535966368968
391 0.350324304175335
392 0.622656816193
393 0.48456005059600005
394 0.6045725419425713
395 0.8427280607839984
396 0.9450552893572732
397 0.40142282314499994
398 0.053922000000000025
399 0.08264531841600009
400 0.8088235
401 0.661764
402 0.14498250000000001
403 0.9140137494628022
404 1.1104100000000001
405 0.26216964544782884
406 1.1186280000000004
407 0.442156
408 0.5943211198412066
409 0.786935484506
410 0.6123251571958146
411 0.435848
412 0.8293212062077944
413 0.8217456424367033
414 0.6170100000000001
415 0.34411800000000015
416 0.46693661514798107
417 0.7473814870165
418 0.5396265987600035
419 0.16291406296735866
420 0.152941
421 0.25436103157036904
423 0.8978931191949387
422 0.04850442960400003
424 0.9271886532580595
425 0.4545038007690001
426 0.11318117610095713
427 0.026128650596000114
428 0.7889239663034193
429 0.3813942916551168
430 0.550784
431 0.7912547528720831
432 0.534375712649
433 1.0833911516391972
434 0.5020366879181835
435 0.8600909999999999
437 0.38214900000000007
436 0.746216415225
438 0.3755918273987948
439 0.6371521885374419
440 0.13555544749437232
441 0.21614172930046735
442 0.6725835979239999
443 0.599481266436
444 0.49019599999999997
445 0.478431
446 0.9057672317935676
448 0.27470127039125636
447 0.5961185
449 0.393141565129
450 0.477128273664
451 0.7815064854829414
452 0.8688360420061032
453 0.937255
454 0.7900827008450679
455 0.3825112715406923
456 0.08966551206455348
457 0.46418006678754004
458 0.531837429604
459 0.23822004519033327
461 0.7961649244320331
460 0.23701217795396623
462 0.7766750986415785
464 0.05383246405811039
463 0.5497893649000001
465 0.8212615957206844
466 0.7187940490094027
467 0.38506874462537133
468 0.6569549004525723
469 0.461765
470 0.7915424750778044
471 0.49148602417469656
472 0.24345966297599997
473 0.3022135806088351
474 0.3558858858144586
475 1.3322960499905545
476 1.0990210000000002
477 0.6617650000000002
478 0.36807299792400006
479 0.03896783818400007
480 0.01858708709560697
481 0.14803900000000003
482 1.2225880454552656
484 0.8068630000000001
485 0.4254905
486 0.6320336476542683
483 0.46426576282116816
487 0.937323653379609
488 0.13133482086805204
489 0.23108174948100002
490 0.3276580341120239
491 1.0384205234922557
492 0.2040104866417325
493 0.6459868439040001
494 0.9377097129978089
495 0.884331785786
496 0.08920686231644992
497 0.5015096570675462
498 0.2711191572294205
499 0.27287533322807134
500 0.042368935025000054
501 0.22743126080256393
502 0.2661580000000001
503 0.548038
504 0.6338341629759999
505 0.8973005000000001
506 0.6626978563245001
507 0.608212754530131
508 0.7847386041798469
510 0.8025400791531991
509 0.46520688555907097
511 0.20129753578963228
512 0.503494613841
513 0.21651934545742124
514 1.0308802166089999
515 0.2870298629760002
516 0.7206231979240001
517 0.15040572090663784
518 0.3255239999999999
519 0.7077552401378666
520 0.36366141912375105
521 0.784387229604
522 0.04893902628422697
523 0.729883421761
524 0.5539257651289999
526 0.6724860335083866
525 0.609404875625
527 0.6049010000000001
528 0.7274051184720001
529 0.45847076479671167
530 0.18394763950833348
531 0.36386101535412796
532 0.7480592550559999
533 0.8131043157335269
534 1.0362978016482745
535 1.1407640000000001
536 0.7596058993403964
537 0.9294332093792077
539 0.45912724009999994
540 0.43567030438376025
538 0.36764700000000006
541 0.614706
542 0.3282087162989893
543 0.794101539485
544 0.3759009964721961
545 0.6518175333761309
546 0.8018079270832607
547 0.5125437905274556
548 0.18717856967832555
549 0.35129512865524537
550 0.28200830038450003
551 0.2626496686747651
552 0.39303499999999997
553 0.3461587796315042
554 0.21260657297841357
555 0.11451731849300001
556 0.548866201288814
557 0.20727036702963386
558 0.034155140362525094
559 0.3829214217733567
560 0.21078400000000008
561 1.6076740180560518
562 0.31305616590406626
563 0.24250669358368637
565 0.8535392637286869
564 0.20142465979535706
567 0.16305556243877084
566 1.46733201005
568 0.4608026891043664
569 0.00976347133894473
570 0.8118198915999999
571 0.20114726886475953
572 0.9359437400999999
573 0.5342642338275807
574 0.7402345291920404
575 0.7906208133777579
576 0.3254739282649006
577 0.7980389999999999
578 0.09481849625474625
579 0.466927980841
580 0.11589080305300001
581 0.3137383069205
582 0.3850242596761062
583 0.7408877666152269
584 0.8557043595697491
585 0.8565433552344068
586 0.624698636832
587 0.386274
588 0.38009590850912556
589 0.688674
590 0.1708840074397595
591 0.9029445
592 0.01990591841600009
593 0.8270342733265186
594 0.922119
595 0.47745100000000007
596 0.8188729604
597 0.8710045675045
598 0.8662510141768771
599 0.5752935941164836
600 0.5445790255786188
601 0.7051050000000001
602 0.7843686664359999
604 0.5842796608999999
603 0.9020825708735001
605 0.8266658240449429
606 0.02954699999999999
607 0.725462405152
608 0.87876
609 0.8316065000000001
610 0.794512106961
611 0.0734983724410001
612 0.6600784304239649
613 0.1759572259904497
614 0.7214001488495818
616 0.489602556902735
615 0.4404751486167313
617 0.6150469201686015
618 0.8247338959187518
619 0.267065610654847
620 0.5388234142025113
622 0.20378633111245797
621 0.94902
623 0.2962460174165
624 0.5982213968442455
625 0.04324064519766413
626 0.3362749999999999
627 0.15837333287200006
628 0.09044325360386085
629 0.7236339622888497
630 0.43248591557099997
631 0.8403357042789654
632 0.44220618519754484
633 0.6159463699690381
634 0.500414755633065
635 0.24725910547103913
636 0.5529419999999999
637 0.5990195
638 0.33743396054888536
639 0.8432923993936932
641 0.8701074662941406
640 0.5848163864114994
642 0.5158795680941182
644 0.348814124173
643 0.13529400000000003
645 0.544247665129
646 0.40738001588845485
647 0.7754900000000002
648 0.6508721544103719
649 0.07663231708800788
650 0.05583452416188028
651 0.9260989583060473
652 0.8623675073621765
653 0.7795855074494222
655 0.329694616609
654 0.05883544513912464
656 0.711916978235
657 0.36421274072647924
658 0.4480621545002201
659 0.8306981380308628
660 0.22595500000000013
661 0.5087934706484301
663 0.666739229604
662 0.4843070957621126
664 0.877673728782197
665 0.5934551162847435
666 0.9411600217610001
667 0.3202527328556122
668 0.47170741522500004
670 0.9192571679374105
669 0.06574067910310988
671 0.7615780830098551
672 0.41555679823492275
673 0.2918688290660001
676 0.6116050258952594
674 0.9036737565329712
675 0.9447011073728134
678 0.656428412415206
677 0.9054638275139999
679 0.2359600158837012
680 0.353122717401
682 0.7413349221363281
683 0.7647384122763514
681 0.7702868215849952
684 0.27989706054551333
685 0.8826051069724109
687 0.6935597330577996
686 0.422250375625
688 0.5241381548605
690 0.8087115214348002
689 1.0238369409315278
691 0.5301339287806159
692 0.8965705390461984
693 0.7229925966606846
694 0.7190684505960003
695 0.33184893497997536
696 0.7417671991789663
697 0.8669373543589192
698 0.3323530000000001
699 0.5754900000000001
700 0.9323585746334698
701 0.8823390387700691
702 0.24986567176496055
703 0.37861299999999987
704 0.5152051925103376
705 0.054982935056124616
706 0.04537153315600018
707 0.4410309350249999
708 0.42474491729593367
709 0.5866101016596816
710 0.44409419254479976
711 0.935148
712 0.02729179168803797
713 0.30567600000000006
714 0.5475900003190557
715 0.883938577583955
716 0.25728765915106755
717 0.538857555205204
718 0.16372600000000004
719 0.06409912301762821
721 0.31456400000000007
720 0.9005287539985443
722 0.948577265129
723 0.8075602780800685
724 0.06536928887181537
725 0.3324170957567014
726 0.6937625090643333
727 0.457034857476
728 0.414278613841
729 0.5828128507681645
730 0.653841628439944
731 0.379748496386
732 0.6836241410049376
733 0.28209895744
734 0.43356474484366664
735 0.15003501775709283
736 0.36995735025
737 1.0488298056225869
739 0.833303
738 0.30479458472297183
740 0.06611871023787219
742 0.4930168703675115
741 0.671169073664
743 0.19941112941200023
744 0.4917912637450004
745 0.8248010520825929
746 0.10784349999999998
747 0.6873157401
748 0.1406202830680081
749 0.7755455483109077
750 0.8401959999999999
751 0.1265514657440001
752 0.07877793583520572
753 0.04868898060111326
754 0.31512704170099837
755 0.539458
756 0.3007692356863241
757 0.11666700000000008
758 0.6907269585601317
759 0.9139184640723708
760 0.2684778145579876
761 1.593303
762 0.749264850596
763 0.07637069096100002
764 1.7068619999999999
765 0.6559357821799447
766 0.5705040105247281
767 1.436933875563198
768 0.7749100877800001
769 0.6762405279485162
770 0.8165839494810001
771 0.15450520153800018
772 0.019111333319393853
773 0.6722553235295001
774 0.6357968491999565
775 0.6629689216114526
776 0.5709252151845372
777 0.750499980751
778 0.511810526782458
779 0.03968661398200046
780 0.3278721984684886
781 0.503887539389057
782 0.09417914978599162
783 0.06624448596437382
784 0.517648
785 0.46337021913949805
786 0.9106838986788588
787 0.6378685436055608
789 0.1527481080781945
788 0.8074730874878103
790 0.668627
791 0.7359738594101009
793 0.6078006765096601
792 0.7171235580559381
795 0.3071796783494296
794 0.8533727769360365
796 0.538785540869
797 0.4421856395846607
798 0.8430030000000001
799 0.501110908497
800 0.09932940323165829
801 0.17649293414526146
802 0.878544471503032
803 1.3225489999999998
805 0.44466399999999995
804 0.27385300772082155
806 0.4769258343564904
807 0.797539971367059
808 0.5398077192238016
809 0.883153474225
810 0.26082908180771724
811 0.35248203067332073
812 0.9254652827209064
813 0.468400557401
814 0.7356600138410001
815 0.21751700400751495
816 0.06522700000000015
817 0.6107762925126691
818 0.21078500000000022
819 0.453746
820 0.758312
822 0.5388818259520001
821 0.833119618958311
823 0.8581096871045062
824 0.3182446046488434
825 0.2774095548206667
826 0.1383329376564572
827 0.63256768718523
828 0.2596217581822057
829 0.8750359999999999
830 0.03173349465600006
831 0.5195383541607196
832 0.8108653635028429
833 0.8331096757726375
834 0.26313225584400013
835 0.6430317245770987
836 0.01491658208400004
837 0.895100558137718
838 0.021615518123004884
839 0.7148365
840 0.576564902213686
842 0.9206715063788209
841 0.94902
843 0.5761289604
844 0.274915535794
845 0.764706
846 0.7304200000000001
847 0.5487135763440886
848 0.49967500743399335
849 0.6329042248405
850 0.393527845521
851 0.48342992012050007
852 0.8978355159680003
853 0.3442672827651485
855 0.7209325
854 0.8436387912127332
856 0.5324609431985832
857 0.14963506777067287
858 0.5543549999999999
859 0.275407402392267
861 0.03012376976336303
860 0.19929744897957513
862 0.6070372815901719
863 0.937243753861481
864 0.16717958803437916
865 0.22377596040000003
867 0.22557926380112142
866 0.19215650000000006
868 0.683760997924
869 0.6399485808640002
871 0.49343874472029325
872 0.5990957994828511
870 0.32652525004236943
874 0.7259468158413028
873 0.4534221085789999
875 0.28023842622100004
876 0.4948156264258555
877 0.6444103184159999
878 0.7083643338460001
879 0.6695761391521409
880 0.02148917865709854
881 0.7266831682964121
882 0.7603049304519732
883 0.13571567816941088
885 0.4028080316363334
884 0.1734721552392784
886 0.761210997924
887 0.497741236832
888 0.6892155
889 0.7490039251610345
890 0.5012530221634253
891 0.34409062252999995
892 0.6081144738982327
893 0.5461448106920291
894 0.75155
896 0.027507500000000018
895 0.16372600000000004
897 0.47752382176100006
898 0.43438582176100016
899 0.8525684804522704
900 0.5969157898210257
901 0.9304403137286668
902 0.5047075227605
903 0.32238803321800025
904 0.5530132810315427
905 0.2709670642770079
906 0.7582207103999999
907 0.5652572980004976
908 0.5214355296674982
909 0.8612388554803126
910 0.660326488889
911 0.03610466259457068
912 0.002942
913 0.504444288889
914 0.8209410147359999
916 0.8330557340839999
915 0.5554946029000054
917 0.903187050596
918 0.2028900305733976
919 0.801964265129
920 0.804732229604
921 0.79723099957057
922 0.11253068209666672
923 0.6434563369779122
924 0.5146363994642056
925 0.31850744346229476
926 0.45434734697800006
927 0.1928983188721618
928 0.55745
929 1.6807913410263537
930 0.1907546676015679
931 0.7290930703289682
932 0.2035260338457785
933 0.640292118416
934 0.7838275205442864
935 0.8499526853626507
936 0.8121635319403256
937 0.22292567491665927
938 0.3546655116110684
939 0.2925207045061968
941 0.033652169985471936
942 0.8515784013049015
940 0.8528610734411444
943 0.10540444191467313
944 1.1829910000000001
945 0.5441179999999999
946 0.707494064878004
948 0.849584424119
947 0.8761424669806622
949 0.46306549582916673
950 0.31463368652697454
952 0.32159405840374283
951 0.746078
953 0.43137250000000016
954 0.20613781560428174
955 0.2447709868866046
956 0.92894
957 0.03852600000000006
958 0.486487438025
959 0.8743090686118611
960 0.035964502642249596
961 0.12575121623659125
962 0.29047693312495637
963 0.9201910000000002
964 0.26903600000000005
965 0.365089375625
966 0.3620762166089999
967 0.24361035947614595
968 0.9343139999999999
969 0.35777921491599995
970 0.7909825227605
971 0.6257208704368034
972 0.7612465960952781
973 0.44610970848620757
974 0.03206837616461611
975 0.8022162584390423
976 0.07845999999999997
977 1.1186270000000003
978 0.18521862791363097
979 0.47241019561026243
980 0.3824828199582264
981 0.7149101494810001
982 0.6666317629759999
983 0.8700412854126515
984 0.8069925
985 0.04160337899004818
986 0.05392100000000011
987 0.39865101834015326
990 0.3090729439261667
988 0.27129724668106103
989 0.3088240850489589
991 0.6711132326566516
992 0.6905636696800599
993 0.27505470260579346
994 0.264413
995 0.8914966718256666
996 0.3362740000000002
997 0.45805273917764544
998 0.0034602629759999948
999 0.6743134582132455
1001 0.793860875132594
1000 0.6204746654711445
1002 0.621586098962
1003 0.593098421761
1004 0.7882183569546128
1005 0.897119666436
1006 0.5143688372287311
1007 0.20742369818900008
1008 0.298270397924
1009 0.5149603838150307
1010 0.7508483336027244
1011 0.892034535404532
1013 0.22197176061554091
1012 0.6269612936512214
1014 0.7886030880625381
1015 0.1174256690886668
1016 0.8171111792500001
1017 0.6961857993875936
1018 0.39473612594362956
1019 0.5230903081677698
1020 0.882989
1021 0.682420159076
1022 0.009462804848156647
1023 0.907769
1024 0.7278187117986473
1025 0.3737901338438945
1026 0.6460920655007679
1027 0.45559823079294426
1028 0.47193563508879754
1029 0.0961590000000001
1030 0.6194328364132545
1031 0.30098
1032 0.6205845512302097
1033 0.4486970136060313
1034 0.3488374797391723
1035 0.34216928751668035
1036 0.5085313738779151
1037 0.852714557401
1038 1.2664530773770404
1039 0.11668698891317208
1040 0.7385968177542975
1041 0.7327862232805262
1042 0.8399236756756167
1043 0.49078900000000014
1044 0.747783694162
1045 0.15438642960400006
1046 0.4106866826259783
1047 0.5027110057206258
1048 0.24228099999999997
1049 0.6414005376681023
1050 0.481560375625
1051 0.46764366622904335
1052 0.868807915634249
1053 0.4142077607374676
1054 0.793275415225
1055 0.3245100000000001
1056 0.6990793120667843
1057 0.38117599999999996
1058 0.669133
1059 0.21666419650188784
1060 0.41595780002527455
1061 0.8638951294306219
1062 0.8031146497935001
1063 0.7435919462422823
1064 0.6269391378943141
1065 0.24672332595200008
1066 0.14951596214407892
1067 0.655572747328
1068 0.4646783819356124
1069 0.861714859208
1070 0.7661790739638266
1071 0.8539346904370685
1072 0.4166670000000001
1073 0.7021790000000001
1074 0.44752026643600007
1075 0.40340900000000013
1076 0.46967443993966684
1077 0.9714206814525239
1078 0.8257791808063624
1079 0.5739582836116697
1080 0.7128716159170001
1081 0.17604466025511267
1082 0.9274849569024652
1083 0.4707920910419998
1085 0.5142770000000001
1084 0.16481371095533337
1086 0.7311929521061622
1087 0.8301266313769999
1088 0.7536022352734053
1089 0.42910000000000004
1090 0.0019610000000001016
1091 0.8388314375192139
1092 0.6622986223777878
1093 0.8373260719533829
1094 0.6417338946560001
1095 0.807116549481
1096 0.008823000000000025
1097 0.7154468093465136
1098 0.40951225041527467
1099 0.681745475407
1100 0.4853155052092807
1101 0.18921600000000005
1102 0.54792807752281
1103 0.8791828993659399
1104 0.522872662976
1105 0.231155
1106 0.888400061453255
1107 0.6107850000000001
1108 0.23824582176099995
1110 0.1447269172804877
1109 0.3502612001279999
1111 0.5730958993926125
1112 0.622860216609
1113 0.097059
1114 0.5101895580485158
1115 0.5402960794302729
1116 0.6964445545960001
1117 0.8245090000000002
1118 0.0071887209959999865
1119 0.8822357377645064
1120 0.03397096040000003
1121 0.2561153148020001
1122 0.39352387921028886
1123 0.8569735526404056
1124 1.3864922401091764
1125 0.4570149071969003
1126 1.190460687569
1127 1.3430212041993441
1128 0.7689737049250001
1129 0.24137545258689386
1130 0.9410392677848494
1131 0.8744859999999999
1132 0.7102808763756473
1133 0.11993553867784867
1134 1.032424157401
1135 1.05664937870931
1136 0.9424297002710664
1138 0.12466824503437857
1137 0.4469604382863823
1139 0.3168377105236362
1140 0.21735234214764532
1141 0.8750540000000002
1142 0.832776048369749
1143 0.18417711294997408
1144 0.6927109970173333
1145 0.843481117998077
1146 0.1127450000000001
1147 0.43228826352833827
1148 0.7104610664359999
1149 0.453555599412246
1150 0.04705900000000007
1151 0.1345805105921245
1152 0.6587175770810001
1153 0.914245262976
1154 0.7251754089981061
1155 0.627877997924
1156 0.32647099999999996
1157 0.6889894122480864
1158 0.2739221171695229
1159 0.15114974188293723
1160 0.39705900000000005
1161 0.28126265853909294
1162 0.26756049269729043
1163 0.5433299478360096
1165 0.7384185705319635
1164 0.23898506029033484
1166 0.3275075352570282
1167 0.4051731657746087
1168 0.1488927698445
1169 0.6087492612317633
1170 0.5401960000000001
1171 0.020094567337914482
1172 0.03540203276623188
1173 0.12901505644049993
1174 0.9871401048123924
1175 0.6767023000936667
1176 0.7995961942558936
1177 0.8655269206523633
1179 0.9283062797168453
1178 0.10660690645648763
1180 0.9387503565481194
1181 0.4470571503771015
1182 0.257965886736
1184 0.8419148577283013
1183 0.08024184107033361
1186 0.3369812725883332
1185 0.9108561790215914
1187 0.08322931637084885
1188 0.5395192827191375
1189 0.1302000337164737
1190 0.9420879684477548
1191 0.3351435323850003
1193 0.9009805000000001
1192 0.9492086047953439
1194 0.7764032450387032
1195 0.6868294766715085
1196 0.8941673979714858
1197 0.545457503268
1198 0.9247535081518816
1199 0.5974730000000001
1200 0.6378299675125001
1202 0.4575996500330572
1201 0.9443382252980002
1203 0.528124334075895
1204 0.20389549889834302
1205 0.762625120681353
1206 0.8959638827710122
1207 0.3784581561824949
1208 0.6256931471426637
1210 0.818990186888
1209 0.5769822050167399
1211 0.856928051626507
1212 1.6972880000000001
1213 0.6858814098309278
1214 0.23527739028417072
1215 0.7259254332179998
1216 0.09528737562500011
1217 0.6783161447756038
1218 1.2833340000000002
1219 0.06227216537529534
1220 0.7615983425986383
1221 0.2045221831325731
1222 0.763173581603567
1224 0.1828513791451667
1223 0.10914055571704129
1225 0.610592645521
1226 0.23235350000000002
1228 0.5265270203182818
1227 0.304902
1229 0.419883776213253
1231 0.5667277400999999
1230 0.31949799284900005
1232 0.4466760000000001
1233 0.15093874352337466
1234 0.5997512556568689
1235 0.5626037304619047
1236 0.855259
1237 0.8248819350250001
1238 0.1833340000000001
1239 0.010964344634095458
1241 0.28868057505716666
1240 0.7813846547359999
1242 0.165686
1243 0.941176
1244 0.935511
1245 0.754704596812614
1246 0.24151888845199998
1247 0.45953521082322274
1249 0.6096459466098982
1248 0.22723081381809887
1250 0.5051984261570002
1251 1.1858429326486355
1252 0.6089351874837996
1253 0.787593155220183
1254 0.8524418432518737
1256 0.6075127401
1255 1.0354564468700913
1257 0.7106492064465502
1258 0.933351998971
1259 0.8950989999999999
1260 0.5076764608351272
1262 0.605493050596
1261 0.607594431368
1263 0.044904203482695415
1264 0.6414030637284873
1265 0.6779856574189564
1266 0.4591615334739616
1267 0.641002420033921
1269 0.06875932677766672
1268 0.7037494629530482
1270 0.30098275529067275
1271 0.899062856887419
1272 0.3996816851242215
1273 0.817051375625
1274 0.8626246745207156
1275 0.9133270319342435
1276 0.5891760215434909
1277 0.4502195231587576
1279 0.07529399999999997
1278 0.610275418191814
1280 0.11852550000000006
1281 0.27142786361550564
1282 0.7886537598878438
1283 0.4166160000000001
1284 0.2915310000000002
1285 0.18725500000000017
1286 0.777388662329
1287 0.16617140755242943
1288 0.05419883045000007
1289 0.6991982343389069
1290 0.7574971376294409
1292 0.1376710000000001
1291 0.9169353477459576
1293 0.585843594569
1294 0.4061158488608244
1295 0.7209571952832435
1296 0.5831067770089999
1297 0.49998312621296886
1298 0.5787439008855613
1299 0.8726097401000001
1300 0.48137200000000013
1301 0.827687392401
1302 0.2553414026109422
1304 0.008366488889000046
1303 0.8441175
1305 0.2895931176399943
1308 0.4686269999999999
1309 0.08076111330135238
1306 0.572955836986
1310 0.545803
1307 0.5525801681521858
1311 0.5713007715769093
1315 0.775686611421607
1312 0.728007894656
1313 0.4685136470518507
1314 0.5015500000000002
1316 0.7759239030161015
1317 0.6123872645906666
1318 0.8763375834004383
1319 0.49724767366400013
1320 0.4865221704515611
1321 0.684394465744
1322 0.5892612732109836
1323 0.4816948059162833
1324 0.687501050596
1326 0.7852945
1325 0.917647
1327 0.8945922571176828
1328 0.6492364172662481
1330 0.3615368738523362
1329 0.7372663492695617
1331 0.4188384517102639
1332 0.3860978657440002
1333 0.12628021384099997
1334 0.21078400000000008
1335 0.8032305381484904
1336 0.44160299999999997
1337 0.742716606049
1338 0.33861075124999984
1339 0.647482
1340 0.17440817293217603
1341 0.7127391963087943
1342 0.8152980455209999
1343 0.7613862121
1344 0.38492974010000003
1345 0.8300095323643834
1346 0.8725355028125001
1347 0.901707415225
1348 0.04500763599910629
1349 0.7517165
1350 0.6617991556388017
1351 0.20056724767399992
1352 0.9307336280358007
1353 0.04471993965736776
1354 0.7304290353439999
1356 0.7212066136724835
1355 0.016303217181954377
1357 0.8495507253073474
1358 0.8182967400999999
1359 0.3489435715721545
1361 1.222100568945007
1362 0.10554075059600021
1360 0.49476597424962987
1363 0.6389823990415222
1366 0.6739062809594254
1365 0.5284241902616439
1364 0.43829234948100004
1367 0.48373303499490006
1368 0.3099860000000001
1369 0.16169553829133876
1370 0.3536524472294469
1371 0.7747526686853612
1372 0.6431213651172396
1373 0.9479745504665545
1374 0.03216802584496259
1375 0.0243051250530264
1376 0.8414381487851895
1377 0.5608037445895816
1378 0.580666382084
1379 0.36618210880433333
1380 0.6711674152802454
1381 0.8213370959625033
1382 0.12156849999999997
1383 0.67334075945
1384 0.18091257162547825
1385 0.52704505768
1386 0.3714879994596667
1388 0.24056348135780614
1387 0.8133468013032568
1389 0.4749500000000002
1390 0.44577379606615203
1391 0.856609415225
1392 0.858823
1393 0.6880701376612528
1394 0.026838682778111966
1395 0.3099370459000732
1396 0.804198618855081
1397 0.03949896205842984
1398 0.6033047531176666
1399 0.5593522616171703
1400 0.6934206188503456
1401 0.5979151339300212
1402 0.4153336571603333
1403 0.33142841188816663
1404 0.379773294656
1405 0.12771249542499996
1406 0.2903058023576797
1407 0.6541108779360438
1408 0.8411971925606733
1409 0.7264182599770002
1410 1.1901322704955775
1411 0.35980400000000023
1412 0.8543438529
1413 0.9276449574442054
1414 0.5708800183414924
1415 0.9365997801370849
1416 0.5816290690323319
1417 0.8011898166089999
1418 0.005413387918000168
1419 0.817934788774236
1420 0.5777120965201303
1421 0.3323530000000001
1422 0.677451
1423 0.25449256422622524
1424 0.12911300378065182
1425 0.5160225489697687
1426 0.24499899999999997
1428 0.6419915061148023
1427 0.743667179931
1429 0.38046783565327924
1430 0.5007365410748131
1431 0.7497077185337461
1432 0.589277512649
1433 0.586924312649
1434 0.8804708225951654
1435 0.48955553345947966
1436 0.49503131031666664
1437 0.545071663439062
1438 0.21977666588455264
1439 0.9087966020224227
1440 0.29866787005
1441 0.5860529999999999
1442 0.677807498962
1443 0.5676831148020001
1444 0.7473570530870338
1445 0.3807566248050194
1446 0.276762558736
1447 0.14664290727617257
1448 0.15386991226466668
1449 0.34443546111206413
1450 0.34200944494545854
1451 0.117856526544
1452 0.611764
1453 0.14949946640614378
1454 0.4696075
1455 0.41075773093446066
1456 0.37827724255901685
1457 1.2471537686981293
1458 0.40067760968901944
1459 0.27867407226102053
1460 0.7970590000000002
1461 0.6300047686151291
1462 0.3947092455210002
1463 1.0223259999999998
1464 0.3279353807731562
1465 0.7716493178636811
1466 0.38688748019999997
1467 0.6510939914781216
1468 0.587532473664
1469 0.752139252274566
1470 0.20782167444565447
1471 1.228432
1472 0.018838582084000022
1473 0.8245095
1474 0.546347933011602
1476 0.90098
1475 0.25103600000000004
1477 0.5579781100746188
1478 0.28457814664819153
1479 0.2515855162775997
1480 0.8739329510972701
1481 0.568097197924
1482 0.766429
1483 0.40479127871823967
1484 0.780392
1486 0.217063964746
1487 0.20179384724610805
1485 0.17461538221700001
1488 0.15052833752642109
1489 0.15513700000000008
1490 0.37118700000000016
1491 0.11232838425358849
1492 0.9097200584695857
1493 0.5447360000000001
1494 0.502001332872
1495 0.7330749999999999
1496 0.862745
1497 0.11768287727472693
1498 0.22875597861353492
1499 0.09304037081672838
1500 0.8475523689626767
1501 0.31952532992621396
1502 0.579549415225
1505 0.3743007086306864
1504 0.4097129443340287
1503 0.42326141553
1506 0.1300316342483201
1507 0.08451077796791129
1508 0.6915045794318889
1509 0.799126557401
1510 0.18892592224567273
1511 0.44552327426150495
1512 0.6895596011239999
1513 0.6198842296039999
1514 0.37365101541000006
1515 0.871000587352019
1517 0.27153166517255994
1516 0.638135800769
1518 0.7525464393129202
1519 0.191176
1520 0.605962465744
1521 0.03313923256450013
1522 0.839836785978
1523 0.8586460837430228
1524 0.5665668974522278
1525 0.49642547873148124
1526 0.07883368050430994
1527 0.821572265129
1528 0.6933507984131912
1529 0.46739817675090944
1530 0.7201455164837297
1531 0.44173234444450005
1532 0.5389909197655834
1533 0.3869670189301761
1534 0.5611486523596985
1535 0.8046744882708647
1536 0.20905078351373074
1537 0.4217062128529989
1538 0.9295707910938757
1539 0.09671470038449992
1540 0.41220883156099997
1543 0.18594474010000006
1541 0.18047363992100007
1542 0.8347105010212754
1544 1.389886409978
1545 0.5754900000000001
1547 0.3346187731976953
1546 0.5981441093860002
1548 0.0646726470902308
1549 0.30490293272269
1550 0.5040530888890002
1551 0.26124182132229756
1553 0.3992993560186038
1552 0.2935070000000002
1555 0.82647
1554 0.3584933126490002
1556 0.10049831012716637
1557 0.6391068001294278
1558 0.3221652073958754
1559 0.10590800000000011
1560 0.742915415225
1561 0.6317856029507354
1562 0.9857786562548034
1563 0.5060050474861095
1564 0.7665749555909264
1565 0.510272645521
1566 0.6206104561981574
1567 0.2260822455210001
1568 0.8136815898262624
1569 0.47653249580953827
1570 0.4281851693066394
1571 0.7230040000000002
1572 0.03050213616799169
1573 0.2794110000000001
1574 0.11581263938193209
1575 0.5013212081137317
1576 0.211957338793
1577 0.4023413576190773
1578 0.6736674152250001
1579 0.037117724356213855
1580 0.772546
1581 0.18152772467824402
1582 0.6410858586206434
1583 0.2464392091752304
1584 0.6635184689904956
1585 0.7617930650010001
1586 0.5742554152249999
1587 0.934590258046652
1588 0.13652177922989917
1589 0.43480104262407315
1590 0.1470585000000002
1591 0.30862028412166653
1592 0.37718661480037485
1593 0.008274696333441689
1594 0.8718906629759999
1595 0.10095898605739295
1596 0.8072966019116709
1597 0.04607900000000009
1598 0.09744003470466667
1599 0.8929255
1600 0.11666500000000002
1601 0.016412415225000032
1602 0.6242143725578375
1603 0.3413285635118171
1604 0.28186330865089126
1605 0.8821402431134385
1606 0.15468441513737896
1607 0.15877210848382517
1608 0.295280418842067
1610 0.4763496018769508
1609 0.564173914956
1611 0.8241418634244825
1612 0.7386613939724658
1613 0.352941
1614 0.9163341727054478
1615 0.44617641073768155
1616 0.09674865260643095
1617 0.3802388288594629
1618 0.37498300000000007
1620 0.5036301338468074
1619 0.8079198257756424
1622 0.6647703008892469
1621 0.7684127014665176
1623 0.744897462822412
1624 0.9142761858490001
1625 0.6709104091545477
1626 0.7254385577704128
1627 0.575066894656
1628 0.13423594417438678
1629 0.685244429604
1630 0.799034276136759
1631 0.834675494656
1632 0.7822331061162826
1633 0.4656870000000002
1634 0.5151961593750312
1635 0.097059
1636 0.844934385957785
1637 0.4139052089620001
1638 0.5265269990713951
1639 0.15769669537505648
1640 0.599961540869
1641 0.8810246149955945
1642 0.5680460950406667
1643 0.1617190716435164
1644 0.6160278422698973
1645 0.5699136670100897
1646 0.5509618404268734
1647 0.7203536564008048
1648 0.680855818102751
1649 0.2488193352964443
1650 0.761765
1651 0.31846619180223956
1652 0.6398454708410002
1653 0.024792939120169222
1654 0.4236817091289416
1655 0.7339992921796666
1656 0.8824079372371885
1657 0.15119220554300017
1658 0.8426541402061366
1659 0.026471000000000133
1660 0.19039285029101616
1661 0.331405455518668
1662 0.8041091230293957
1663 0.31078400000000017
1664 0.19016500000000014
1665 1.230378164697308
1666 0.4070270036511985
1667 1.027077588359685
1668 0.3208069267047997
1669 0.807270182084
1670 0.3455592664359999
1671 0.653315800769
1672 0.8008631680203959
1673 0.22020655617100027
1674 0.7119214741267613
1675 0.7751265857011573
1676 0.8250097917256317
1677 0.7688252493893779
1678 0.46670634403388955
1679 0.9350651444445
1680 0.793137
1681 0.09869393411993177
1682 0.916539006976
1683 0.7649051561228053
1684 0.9135876022925415
1685 0.043568549481000085
1686 0.5615934802
1687 0.6692938077869971
1688 0.6977751503768367
1689 0.7356794823895434
1690 0.04818366064900004
1691 0.52489973990219
1692 0.6632847603486667
1693 0.750753557401
1694 0.286134033009
1695 0.04607900000000009
1696 0.7242177778137433
1697 0.015384456164521332
1698 0.384918
1700 0.024053154892946783
1699 0.04109559083596204
1701 0.7972353701785877
1702 0.16053416231039402
1703 0.702941
1704 0.025700320888744632
1705 0.3018570431728417
1706 0.4607936677651503
1707 0.5910592931603312
1708 0.4257966226529002
1709 0.611641867482215
1710 0.550537795839486
1711 0.6776121335920479
1713 0.19141433272634223
1714 0.6259284321666981
1712 0.9161192579690756
1715 0.7739370720061792
1716 0.4431434539693959
1718 0.013263858535331186
1717 0.9571269119455943
1719 0.7028864271336033
1720 0.19197300000000017
1721 0.6381849834541128
1722 0.5917098813301439
1723 0.40034633218000004
1724 0.868402089622069
1725 0.8589367541019428
1726 0.48762548322466676
1727 0.2664961398666509
1728 0.3078775516354313
1729 0.7717401727415001
1730 0.8395727314880002
1731 0.04040565486577874
1732 0.6274880989294528
1733 0.04825084861105511
1734 0.6924017939186381
1735 0.29602534032375316
1736 0.022760935025000095
1737 0.4873288865697704
1738 0.945098
1739 0.29238087964099074
1740 0.7074086603413263
1741 0.839216
1742 0.4018388287452273
1743 0.007144963498358692
1744 0.571269374856
1745 0.7950463064186634
1746 0.551983025298
1747 0.8519008755325126
1748 0.4927818333082674
1749 0.4251288532170021
1750 0.49011501660900003
1751 0.8403760589228897
1752 0.40466750970997956
1753 0.3730573415866667
1754 0.15025731204002993
1755 0.1638525984040767
1756 0.5097196292851961
1757 0.06601835968157643
1758 0.22148450072659828
1759 0.19208400426218294
1760 0.15876624529966668
1761 0.5912071779534193
1762 0.8177594167952843
1763 0.07759963047566676
1764 0.1624147401
1765 0.2822064503396666
1766 0.012363460558506345
1767 0.4896932179139023
1768 0.2738296078044684
1769 0.8284920007112053
1770 0.619827949481
1771 0.13927053813952361
1772 0.18852791841600003
1773 0.41479549542851424
1774 0.3685388034054994
1775 0.9336366074352968
1776 1.0716599999999998
1777 0.838236
1778 0.48765352008971163
1779 0.9177208280462938
1780 0.13259441161100005
1781 0.22790310118902313
1782 0.7333339999999999
1783 0.8351071846499829
1784 1.134313
1785 0.2516224225285002
1786 0.6404937173764043
1787 0.125037464397042
1788 0.3146620377645557
1789 0.3642295
1790 0.36951055063419247
1791 0.934315
1792 0.33733022742415586
1793 0.4254323024881763
1794 0.20665771681062306
1795 0.8626064932249999
1796 0.5741877966966651
1797 0.850709525835602
1798 0.072810205229
1799 0.9182397751326093
1800 0.531196844289
1801 0.33463686297600004
1802 0.543852
1803 0.8434020560147394
1804 0.5235948198046666
1805 0.788225
1806 0.8283537149396722
1807 0.38137200000000004
1808 0.14974566136560674
1809 0.11450672110687843
1811 0.40499618781250013
1810 0.5237377747210601
1812 0.6559781184160001
1813 0.7714660098716044
1814 0.11920773983735278
1815 0.29215750000000007
1816 0.18429982601746997
1818 0.9213865517689177
1817 0.5563900706436749
1819 0.5483330723357527
1820 0.26381999999999994
1821 0.6959869711314594
1823 0.9387957605971
1822 0.431143798057702
1824 0.601445221761
1825 0.14313750000000014
1826 0.06853123910900005
1827 0.6076399015382363
1828 0.15903596054363112
1829 0.7013653229632029
1830 0.2911750000000002
1831 0.6210727902170001
1832 0.808362262976
1833 0.564836188889
1835 0.7352465810586667
1834 0.41274500000000014
1836 0.4147055
1837 0.918025
1838 0.642057873288
1839 0.9846999755207759
1840 0.8415539839146898
1841 0.335294
1842 0.2281759368009999
1844 0.29282586574400016
1843 0.15491539506403984
1845 0.6966108461732123
1846 0.9349247683423926
1847 0.5372141200695
1848 0.7983363093026667
1849 0.17773327074126088
1850 0.7470124931954014
1851 0.613369579008523
1852 0.508401408968
1853 0.899515812969
1854 0.5516474681750001
1855 0.00505164783366685
1856 0.7727714540889556
1858 0.010980131488000033
1857 0.007154857108333301
1859 0.13984099999999988
1860 0.69599018291271
1861 0.15575644619977647
1862 0.3326725709511342
1863 0.691414901742682
1864 0.8698007095202311
1865 0.04264454586700006
1866 0.6594191000739891
1867 0.864237160801
1868 0.16735941628937034
1869 0.41582698867704626
1870 0.6831735000000001
1872 0.937927
1871 0.029089758755854178
1873 1.6202410000000003
1875 0.27027601363200016
1874 0.22891204651200003
1876 0.6331184225216713
1877 0.5094386866212135
1878 0.7752279494809999
1879 0.025490500000000083
1880 1.1601199813210001
1881 0.8584601683680797
1882 0.863257557124
1883 0.936193
1884 0.13158786573771208
1885 0.7135867631905256
1886 0.746823033218
1887 0.7946510791409735
1889 0.45690914774957064
1888 0.002890342600999962
1890 0.2315563541206911
1891 0.8404420505960001
1892 0.7959731996300647
1893 0.39524768874629923
1894 0.5357574647076572
1895 0.392180119509812
1897 0.47142994948100003
1896 0.7764910370102185
1898 0.4154269779599147
1900 0.26241465197599445
1899 0.873529
1902 0.8443756756514935
1901 0.6783220052714595
1903 0.6490156363312589
1904 0.233420722658
1905 0.558062102079597
1906 0.3744330015596451
1907 0.143194650596
1908 0.039339065128999984
1909 0.9226898002354179
1910 0.45106957428336547
1911 0.10284322979323224
1912 0.6314174775576118
1913 0.21264680259645474
1914 0.42707418682168974
1915 0.7539045525556931
1916 0.653110940177
1917 0.8973235460239809
1918 0.802942
1919 0.18781457614823416
1920 0.2256791887343761
1921 1.0441179999999999
1922 0.10594324107385988
1923 0.673529
1924 0.028421999999999947
1925 1.029411
1926 0.708938816609
1927 0.347705325952
1928 0.21175451654793065
1929 0.7018158871716097
1930 0.9239911980741289
1931 0.787508549481
1932 0.6225279527045309
1933 0.5487287452675074
1934 0.028140498669455782
1935 0.8532354362654432
1936 0.32871362964841944
1937 0.13052174618436774
1938 0.9370714895686683
1939 0.16626998800400017
1940 0.6907179322692544
1941 0.33431706512899995
1943 1.007050375625
1942 0.744152600356
1944 0.22027813520516015
1945 0.372441
1946 0.537450636794
1947 0.43442471867181554
1948 0.6068620000000002
1949 0.8919110206299885
1950 0.46727144416152666
1951 0.5082052946560001
1952 0.9353781522740001
1953 0.3034500316960853
1954 0.0674761929377834
1955 0.11608320854920162
1956 0.8939327413110001
1957 0.3620873690156483
1958 0.6118540671221855
1959 0.895715
1960 0.902868868996
1961 0.547703666436
1962 0.4966299136288162
1963 0.13541271239197772
1964 0.09914541829154
1965 0.5790521309619999
1966 0.751259
1967 0.9554982812165849
1968 0.6895570183251539
1969 0.1287505510752429
1970 0.634314
1971 0.644042
1972 0.17786430890000005
1973 0.2569380000000001
1974 0.8722215352809961
1975 0.3620175257705258
1977 0.47363109293488415
1976 0.43811500000000003
1978 0.08832779491720077
1981 0.030872496264242377
1982 0.2743165104818506
1983 0.4315704621634587
1984 0.25588199999999994
1979 0.9370660461885263
1985 0.5019036555272225
1980 0.026402519828694127
1986 0.09607850000000018
1987 0.7772168883545171
1988 1.3228551858826865
1989 0.19525127975004786
1990 0.34538960076900005
1993 0.9497178011664009
1992 0.23344881660900008
1991 0.2889038657440002
1994 0.401235
1995 0.22651824649125207
1996 0.12098544490000007
1997 0.2397314815679154
1998 0.7127896086348815
1999 0.6869668328521817
2000 0.5508193486701354
2001 0.0913967246585885
2002 0.3417166920270249
2003 0.052941499999999975
2004 0.7178939603999999
2006 0.5531669127538164
2005 0.49234637562500017
2007 0.8929057024585466
2008 0.54505013185717
2009 0.42794945902866655
2010 0.7894007346694015
2011 0.2772910000000002
2012 0.8273332741945317
2013 0.7226972514731067
2014 0.8238311189606666
2016 0.8760051835933532
2015 0.7441296789937017
2018 0.2304745473280001
2017 0.019333247061230296
2019 1.0626700226592194
2020 0.44488262645842025
2021 0.5775720000000002
2022 0.9452543464310001
2023 0.6744265
2024 0.16122498016306408
2025 0.049020000000000064
2026 1.2951380031191866
2027 0.8004108614391875
2028 0.9227423184160001
2030 0.638543001409
2029 0.04190862762731917
2031 0.38675300153799985
2032 0.5474658574589728
2033 0.7241882715495
2034 0.7671775595417358
2035 0.7005321922993042
2036 0.48333399999999993
2037 0.9173530000000001
2039 0.42158609896200006
2038 0.23982123068849998
2040 0.6415995462222362
2041 0.2384881068781819
2042 0.5987532587128152
2043 0.5854752140369288
2044 0.1117888154951124
2045 0.7934488170578378
2046 0.20111270990500002
2047 0.593079016609
2048 0.513725
2049 0.933885088889
2050 0.3703091025612779
2051 0.409288429604
2052 0.7331469236630617
2053 0.3470268944420418
2054 0.8907882455210001
2055 0.30960942659833557
2056 1.6941886598201956
2057 1.1527202523549132
2058 0.21392747803648882
2059 0.9495482987849267
2060 0.872053982765283
2062 0.4575102915298477
2061 0.3870597344085
2063 0.4048847058683289
2064 0.24042861088050005
2066 0.8243336077393726
2065 1.0319663800187435
2067 0.10750235686639154
2069 0.7839058478895222
2068 0.22625102581850004
2070 0.47494920036242766
2071 0.667647
2072 0.6480395
2073 0.5818054430819923
2074 0.2575436207613333
2075 0.777466382084
2076 0.7524933854175315
2078 0.6713358406604208
2077 0.737043
2079 0.5999516470822915
2080 0.677451
2081 0.916365293722757
2082 0.881596029604
2083 0.054902000000000006
2084 0.32360437631355565
2086 0.8104873450605
2085 0.9168990007689999
2087 0.745574421761
2088 0.5255062386596667
2089 0.609208473664
2090 0.5736417311776694
2091 0.07180480385374044
2092 0.46033726500471245
2093 0.628446935025
2094 0.4446867664367463
2095 0.7492545010122706
2096 0.680336
2097 0.6465903301770424
2099 0.8341351830884733
2098 0.41164371822450585
2100 0.7230724888890001
2102 0.686569857290134
2101 0.6044342713225955
2103 0.12983962500745716
2104 0.594794284071861
2105 0.4872891924778104
2106 0.776428
2107 0.7637579627820806
2108 0.7981637038823148
2109 0.18294994948100002
2110 0.2642244005896667
2111 0.6466091391138143
2112 0.9455636217610001
2114 0.504072081893834
2115 0.6482757339022962
2113 0.45204005540001013
2116 0.6732480975617612
2118 0.14006148823607045
2117 0.161292
2119 0.9350620959625033
2120 0.07745100000000016
2121 0.4548186379354169
2122 0.22675395475975169
2123 0.6483154551820175
2124 0.4131167816460718
2125 0.6848432493406444
2126 0.396996493461928
2127 0.7916725558953481
2128 0.2652197375938767
2129 0.2804891380240002
2130 0.14553843344100015
2131 1.1696069999999998
2132 0.2260824651290001
2133 0.6167285126490001
2134 0.08137299999999992
2135 0.29366401374541784
2136 0.1545479999999999
2137 0.8946517798752225
2138 0.22730686244399156
2139 0.3057818007690001
2140 0.47555151264900003
2141 0.5802399366914189
2142 0.841644915917108
2143 0.907923665744
2144 0.5615354607918551
2145 0.877451
2146 0.28810273148800003
2147 0.4023222946560001
2148 0.12342249999999999
2149 0.040156318851604755
2150 0.08742382253000014
2151 0.7111923603999573
2152 0.615476058576
2153 0.3274784581991317
2154 0.37056739941129524
2155 0.851227103989743
2156 0.32450900000000016
2157 0.5535763003845
2158 1.1863357400999999
2159 0.7753808288950725
2160 1.1323162179476645
2162 0.8642806120346964
2161 1.120546396504824
2163 0.09926479145261391
2164 1.0304496409005213
2165 0.5355035525060001
2166 0.9299580678970001
2167 0.2557477401000001
2168 0.14313750000000014
2171 0.719004196196
2169 0.4320108455210001
2170 0.16966530789340029
2172 0.03814415380517022
2173 0.6766483999989004
2174 0.3438555171130002
2175 0.3698796703555878
2176 0.6834926550214859
2177 0.920803650848798
2178 0.1516010000000001
2179 0.7736955462137861
2180 0.15756107982533485
2181 0.6244792051927768
2182 0.06613742697612501
2183 0.03957500000000014
2184 0.15724602089870113
2185 0.10685219712250477
2186 0.8605557736246738
2187 0.4223311829995151
2188 0.3099073599907029
2189 0.572549
2190 0.3071537397933133
2191 0.591352246724
2192 0.387211635556
2194 0.4807844275206511
2193 0.9084813509280532
2196 0.6190168025536839
2195 0.36960899999999985
2197 0.5305233501695839
2199 0.5233847918026142
2198 0.759611373274
2200 0.010784000000000127
2201 0.905882
2202 0.382875488889
2203 0.7404644217610001
2204 0.299334795675
2205 0.6803774503945772
2207 0.5644444547225137
2206 0.42702809727033353
2208 0.44380603045000006
2209 0.24973148020000013
2210 0.819513143572
2211 0.35918380764769586
2212 0.8642786138410001
2213 0.678814382084
2214 0.005551000000000084
2215 0.9063273721776957
2216 0.5588540753732323
2217 0.022233976106175612
2218 0.49565405917679417
2219 0.575349
2221 0.4303513083045
2220 0.13277167848020444
2222 0.5537178638277191
2223 0.8640086629057898
2224 0.4093196368776667
2226 0.7691452131621055
2228 0.5397654118100002
2227 0.03826378366368344
2225 0.6713456969736666
2229 0.09411750000000008
2230 1.045855
2232 0.8810097747405
2231 0.39117599999999997
2233 0.809827043865555
2234 0.7133209999999999
2235 0.8065730308856667
2236 0.40111229755324174
2237 0.05644337421151868
2238 0.3180992026488394
2239 0.14850167744099996
2240 0.6609111259467146
2241 0.797331675125
2242 0.8026973409853051
2244 0.9296138371197912
2243 0.679873266436
2245 0.003904106920500028
2246 0.9464625459332441
2247 0.5549136193166806
2249 0.36469842179632583
2248 0.5873210589182931
2250 0.7665839129415519
2251 0.3830667215194312
2252 0.714189251916775
2253 0.1379408365666026
2254 0.013141281371572222
2255 0.8022217980756318
2256 0.5924056026865723
2257 0.7612046436963152
2258 0.3388849126489999
2259 0.3448110000000002
2260 1.2166659999999998
2261 0.2764000916927851
2262 0.08130312391272487
2263 0.6910974672863851
2264 0.6678810301511214
2265 0.401274530854
2266 0.841445529604
2267 0.15607114555306123
2268 0.3483478463138003
2269 1.1961170000000003
2270 0.562635192849
2271 0.729411
2272 0.05066637562500009
2273 0.00939606180869923
2274 0.7617789387789828
2275 0.7977915824208844
2276 0.7449691140132833
2277 0.23876668914959853
2278 0.5839664737260792
2279 0.18529913123722896
2280 0.7698841254860727
2281 0.833483
2282 0.3144966660249999
2283 0.4249384671833518
2284 0.21242542054949776
2285 0.8931375
2286 0.17201045059600006
2287 0.9241135191850001
2288 0.07893448173130801
2289 0.7658944929179266
2290 0.04018125358635649
2291 0.891523635405101
2292 0.5099917231193223
2293 0.191626303364
2294 0.01237893065129092
2295 0.881823264801
2296 0.3284307952866658
2297 0.8285895222195108
2298 0.6375368375496666
2299 0.8132986138410001
2300 0.786539666436
2301 0.7313607218452516
2302 0.10144104888820493
2303 0.7578421576219962
2304 0.8532256555248885
2305 0.47907205053280755
2306 0.8981099497033187
2307 0.19699179507469178
2308 0.034525569355260854
2309 0.810071707580635
2310 0.9187584083263834
2311 0.7315719945444914
2312 0.38698968173264436
2313 0.6401970000000001
2314 0.788235
2315 0.4145173262144493
2316 0.7233668462403005
2317 0.627451
2318 0.9217467702467281
2319 0.8419470017928794
2320 0.8200154756463334
2321 0.9265820910420001
2322 0.38091528888899995
2323 0.32333729465600003
2324 0.613957714802
2325 0.27214151445288715
2326 0.6734007250454355
2327 0.7430227446550577
2328 0.9161627368213723
2329 0.3830278928517796
2330 0.491177
2331 0.1401022112943322
2332 0.9011805125523653
2333 0.7333260822125348
2334 0.7664201090413301
2335 0.7664322837903335
2336 0.5196120651289999
2337 0.296696489658
2338 0.8445873972145692
2339 0.860784
2340 0.38633536743271396
2341 0.9575539050710427
2342 0.7362132095478318
2343 0.8636130000000002
2345 0.937981099087229
2344 0.06745099999999993
2346 0.5434316962579278
2347 0.06444717936700006
2348 0.258542
2349 0.7295307404362837
2350 0.7712179164170001
2351 0.19681781091544637
2352 0.08603942430132455
2353 0.5469769749999356
2354 0.5305359902194986
2355 0.12342971841600003
2356 0.4920149279885566
2357 0.26842697777799995
2358 0.8766255342224079
2360 0.44418118318121236
2359 0.9195153417576758
2361 0.0028415184159999995
2362 0.327024955916012
2363 0.8326198636656666
2364 0.11666700000000008
2365 0.28529400000000016
2366 0.5698529604
2367 1.4872540000000003
2368 0.8170971884734248
2369 0.1911666948788333
2370 0.5454813756250001
2371 0.7020512361209446
2372 0.7895872764758984
2373 0.28060750230797926
2374 0.9313551069204999
2375 0.9002616427965
2376 0.8454292650569478
2377 0.7002414894598118
2378 0.4656870000000002
2379 1.1679210199805559
2380 0.8631403008650083
2381 0.20239511641699992
2383 0.402194610856653
2382 0.8683951899674391
2384 0.5481933444535791
2385 0.9353411533457129
2386 0.7746958546923498
2387 0.2660920000000002
2388 0.554904413475
2389 0.5451684291721545
2390 0.650480609029116
2391 0.6239099522880294
2392 0.6874073098424999
2393 0.7786053729725673
2394 0.7444583752366665
2395 0.45
2396 0.593198512649
2397 0.8037725340981975
2398 0.6985882569206381
2399 0.601622888274
2400 0.704655817609078
2401 0.23740825059600001
2402 0.7868307796242142
2403 1.1548586426291918
2404 0.3871275942715
2405 0.19676590154497475
2406 0.5513561798924164
2407 0.7422296624759677
2408 0.09164142960400001
2409 0.3355288243700485
2410 0.11564411843419165
2411 0.3799911501967388
2412 0.7612364489347961
2413 0.8064942792099148
2414 0.06813979711344875
2415 0.6197839565195536
2416 0.03813144985177974
2417 0.5662969019812121
2418 0.7715690000000002
2419 0.9033048607864502
2420 1.072415935707481
2422 0.42400400000000005
2421 0.5209020000000002
2423 0.4687835867482456
2424 1.126739628177816
2425 0.7271274158758457
2426 0.8468848496614314
2427 0.38424900000000006
2428 0.4351678198826272
2429 0.736617267291382
2430 0.5915754532090001
2431 0.44689101852900004
2432 0.48180148576400006
2433 0.3257816007690002
2434 0.19273566793499786
2435 0.6574008465506336
2436 0.7855498111129343
2437 0.34411800000000015
2438 0.5047418044718186
2439 0.2190791571521531
2440 0.09297619023450787
2441 0.7778597635777833
2442 0.41447616928741354
2443 1.000685003781624
2444 0.11053730737096609
2445 0.2006585809406749
2446 0.0029410000000000824
2447 0.9204226975009999
2449 0.036428000000000016
2448 0.16504279365151286
2450 0.12865513646248516
2451 0.4537893047319001
2452 0.07748099999999991
2453 0.9363875665128893
2454 0.482934790875891
2455 0.728066165012348
2456 0.9150641963008828
2457 0.839216
2458 0.4949171040235006
2459 0.21976706362950005
2460 0.5036699851690064
2461 0.2191822023062974
2462 0.4937384403504588
2463 0.6318643700092117
2464 0.25289033335547306
2465 0.4916808060763983
2466 0.9143345
2467 0.8515788248366667
2468 0.90250675309765
2469 0.801534613841
2470 0.9112368923657805
2471 0.602034
2472 0.9191449382003452
2473 0.34031934276724496
2474 0.14188341477891986
2475 0.612745
2476 0.513519247089
2477 0.3781142590861884
2478 0.5117455222189999
2479 0.7539119184159999
2480 0.3456813896104417
2481 0.31081881382005716
2482 0.9432546081914438
2483 0.6095316122942076
2485 0.579412
2484 0.5090615616711045
2486 0.5845073499848302
2488 0.36974342176100006
2487 0.7436229994882297
2489 0.3129879966251343
2490 0.552942
2491 0.09988604881515672
2492 0.3002762059671012
2493 0.633267
2494 0.870588
2495 0.09509700000000021
2497 0.8998520494730051
2496 0.29856153098712357
2498 0.857892910511162
2499 0.9029404999999999
2500 0.12397185637336561
2501 0.5865566316626668
2502 0.504688782750172
2503 0.5069797522778399
2504 0.7124225386628689
2505 0.48955156453910176
2506 0.5213669317940001
2507 0.5183813596716358
2508 0.7445580545954547
2509 0.45841615378449696
2510 0.5434228676
2511 0.7662094888890001
2512 0.4322224967497882
2513 0.7081290897862378
2514 0.44215700000000013
2515 0.09901749997885312
2516 0.33846761088050004
2517 0.4225946156245
2518 0.8317946329808599
2519 0.395428935025
2520 0.24764555657532017
2521 0.35928546297600006
2522 0.7104394611667133
2523 0.2823530000000001
2524 0.2652354157450001
2525 0.047058500000000114
2526 0.6764857835677165
2528 0.1153717004924395
2527 1.667648
2529 0.7276874851231667
2530 1.156214395823423
2531 1.4724436258209421
2532 0.8385609710717814
2533 0.8269028776230309
2534 1.2125792106745912
2535 0.028663810880499963
2536 1.0330718779966017
2537 0.005495286890820017
2539 0.6330845483248795
2538 0.7707571973645
2540 0.5286559401141653
2541 0.308824
2542 0.645438026494838
2543 0.34351872404100003
2545 0.3782460000000001
2544 0.7924437704615248
2546 0.6315623931557561
2547 0.10809847617094565
2548 1.945290012242
2549 0.6934186602784431
2551 0.1547112357477085
2552 0.9857582217610001
2550 0.7398084045719032
2553 1.61048135025
2554 0.655916850737254
2555 0.3295189874123541
2556 0.5156469253380329
2557 0.5472957839274069
2558 0.5700765681734516
2559 0.888461413316
2560 0.4377460729903213
2561 0.8391717795606293
2562 0.253352
2563 0.7726958732193169
2564 0.798119665744
2565 0.5722069604
2566 0.6007662296040002
2567 0.179084403745
2568 0.3904407353586805
2569 0.6107796688661573
2570 0.24336873008833332
2571 0.15762739774566664
2572 0.45793524172046784
2575 0.681803801507
2573 0.0891483293097377
2574 0.422332493002213
2576 0.5196080000000001
2577 0.8912036022449562
2578 0.6425820147928216
2579 0.16768269008400005
2580 0.6524112192691826
2581 0.8182176028125
2582 0.6883452542882658
2583 0.407978766164823
2584 0.15070958078815533
2585 0.7393733851701711
2587 0.48046450673554
2586 0.5046204449001116
2588 0.407945
2589 0.5955034750802201
2590 0.5954630728242389
2591 0.455896599698
2592 0.4552963227605
2593 0.038437414670256964
2594 0.4699338323488276
2595 0.39677716045399997
2596 0.05247549322705014
2597 0.12964700000000007
2598 0.4890404247773333
2599 0.25262428159999994
2601 0.044964177242541536
2600 0.19069897685273274
2602 0.2120275406335972
2603 0.615686
2605 0.6068625000000001
2604 0.7471049848326594
2606 0.439928399561
2607 0.23648429896200002
2608 0.5966508873206031
2609 0.3030439640335654
2611 0.6761720539689999
2610 0.6462291787120864
2612 0.8397487145327593
2613 0.863898
2614 0.3543661376426962
2616 0.5247417193807652
2615 0.754588
2619 0.701961
2617 0.21578772031649998
2618 0.706723
2620 0.0034910789128508313
2621 0.3080550787005
2622 0.11641090791316669
2623 0.690898
2624 0.140405663067
2625 0.02881554166285527
2626 0.415363466436
2627 0.4068530553777405
2628 0.4277344472934838
2629 0.9226766987485
2630 0.4644354102529733
2631 0.8406562606631615
2632 0.14803999999999995
2633 0.36436007958499994
2634 0.3308950258413914
2635 0.33911293065112214
2637 0.815686
2636 0.676090537140525
2639 0.5629011083044999
2638 0.6885747533840361
2640 0.7453970372171851
2641 1.0371455851631608
2643 0.6099836602445496
2642 0.7970233108138497
2644 1.3939988217609998
2645 0.7545175494048786
2647 0.1252897536049591
2646 0.1753575581290001
2648 0.677122489943699
2649 0.31245900865800613
2651 0.04856026035731498
2652 0.8246813964403195
2650 0.266805848805888
2653 0.7447262383125064
2656 0.4327163728551353
2655 0.4093568712758977
2657 0.25784300000000004
2654 0.13961462908588262
2659 0.07596156244624308
2658 1.116169
2660 0.0789982992360001
2661 0.933273983737781
2662 0.14696683582861447
2663 0.11320677345330865
2664 0.8926179782837054
2665 0.657882473664
2666 0.45043533842712113
2667 0.53491162366003
2668 0.9135106937032725
2670 0.4738323658055106
2671 0.6394695494809999
2672 0.8846130000000001
2669 0.25960863201470596
2673 0.837520666436
2674 0.5262047490593755
2675 0.9328812787245961
2676 0.25314929225917804
2677 0.02989603637504079
2678 0.7689619999999999
2679 0.915372164402
2680 0.4142233595696828
2681 0.07896750000000008
2682 0.8173661979240001
2683 0.4612668976996148
2684 0.686274
2686 0.5740744131262783
2685 0.709804
2687 0.7815343779029297
2688 0.5867191442103787
2689 0.31751871161331247
2690 0.12043907900033357
2691 0.5168552308342453
2692 0.813631358761
2693 0.4404760000000001
2694 0.21165900000000004
2695 0.7584414792838658
2696 0.6620903857364999
2697 1.451961
2698 0.48431
2699 0.2430777184066797
2701 0.158466
2700 0.5407150000000001
2702 0.25360266450584734
2703 0.4958826594519514
2704 0.21565428328099998
2705 0.8206610079980711
2706 1.051264863709217
2707 0.4882382384445
2708 0.3811470000000001
2709 0.4042890000000001
2711 0.070695564318074
2710 0.8215461284952755
2712 0.116954
2713 0.1453716667857996
2715 0.8501087350086914
2714 0.7914743194358693
2716 0.5549683932723488
2717 0.5635044652369174
2718 0.6419447233898057
2719 0.4314580651958975
2720 0.36926496040000023
2721 0.12070858547436436
2722 0.780392
2723 0.7442286094872512
2724 0.0012564107164578786
2725 0.7410922424019449
2726 0.905381
2727 0.8381454094606617
2729 0.7359433126489999
2728 0.8318214269603965
2730 0.060946248001000125
2731 0.4895954606214688
2732 0.4092892657592837
2733 0.8581390952079693
2734 0.8381952908149333
2735 0.7025955573702349
2736 0.758288470844351
2737 0.3974498864109828
2738 0.3026671505245935
2739 0.32021962176100005
2740 0.14723084513600004
2741 0.6768564386765674
2742 0.24222982176099994
2743 0.016628405142440683
2744 0.38420936749468626
2745 0.22797811480200014
2746 0.7505125495681821
2747 0.7498711722473878
2748 0.3278381740305111
2749 0.821486681521
2750 0.3552844896878068
2751 0.37796286333166673
2752 0.4883723588028461
2753 0.6385471546670778
2755 0.30878901656300006
2754 1.3860380000000003
2756 1.1310792596962422
2757 0.926854473664
2758 0.8086697161
2759 0.535915206640317
2760 0.447372122826893
2761 0.26433909104200004
2763 0.05711704701202236
2762 0.5417396073405
2764 0.726472
2765 0.04178705026879159
2766 0.4952282598402853
2767 0.206520650596
2768 0.3677896845546136
2769 0.17819832010400005
2770 0.5466066951153764
2771 0.33678129341204466
2772 0.014233935043999946
2773 0.5503232793922836
2774 0.7599008013290001
2775 0.507508041448
2776 0.7623186138410001
2777 0.4763461378532472
2778 0.8847249454027647
2779 0.6304727823308407
2780 0.505008551844
2781 0.7299862183309191
2782 0.435936036135258
2783 0.6882449585533781
2784 0.4812014802
2785 0.25142202314499995
2786 0.05943329185723645
2787 0.21949780160200003
2789 0.7491072495856506
2788 0.6228141664360001
2790 0.33620357576516324
2791 0.3053852767584619
2792 0.7379380787005
2793 0.5827894719103378
2794 0.686274
2795 0.3386243667914148
2796 0.06811242960399988
2797 0.1714337401
2798 0.4624111111490001
2799 0.0033320338027077456
2801 0.45559253071904027
2800 0.6235423123347337
2802 0.537085328795093
2803 1.220152
2804 0.1773510184160001
2805 0.43137249999999994
2806 0.21746601478532912
2807 0.6677752949383875
2808 0.7390943862420952
2809 0.7311780284138629
2810 0.16207156960177396
2811 1.2235945157097012
2812 0.5071720760895
2813 0.642303955414284
2814 0.41078400000000026
2815 0.970358
2817 0.7811533847360093
2816 0.1578295608715461
2818 0.9713421242719804
2819 0.617855264421661
2820 0.7463948921243746
2821 0.14860331841600005
2822 0.6132105
2823 0.3931231049853333
2824 0.3572624653849635
2825 0.08270872561651177
2826 0.362666865681
2827 0.510352
2829 0.208431171364
2828 0.4155403111567243
2830 0.133409256682
2831 0.3935936130934667
2833 0.5490200000000001
2832 0.42844689612388365
2834 0.4299208359838792
2835 0.7720449786037337
2836 0.1458730521544548
2837 0.401058582084
2838 0.4946382106513468
2839 0.7050132628755219
2840 0.25528696124985184
2841 0.176620908651
2842 0.20066776644647139
2843 0.590195
2844 0.06328819660836893
2845 0.09565141384100001
2846 0.234165
2847 0.32219989278523886
2848 0.13245490589000475
2849 0.7239804061166916
2850 0.459951776468911
2851 0.9431696248365544
2852 0.509108893954052
2854 0.9107555499697952
2853 0.2890507689723112
2855 0.9243497840420642
2856 0.187748844130728
2857 0.32998115617530077
2859 0.24480770749057723
2858 0.08137299999999992
2860 0.23492430670540654
2861 0.802253400769
2862 0.5333947401
2863 0.457893734269955
2864 0.15078013879299998
2867 0.892138488889
2865 0.8456015254325491
2866 0.6420304121071183
2868 5.554226829015407E-4
2869 0.82713506387555
2870 0.6351808089517037
2871 0.25638099491062216
2872 0.533088235884087
2873 0.8951970432558536
2874 0.3137100834657675
2875 0.584057934977
2876 0.7971672012625968
2877 0.5263840525548565
2878 0.48333349999999997
2879 0.06789087669516736
2881 0.9896802217610001
2880 0.21666699999999994
2882 0.2933079632601723
2884 0.40103619220883024
2883 0.7614301311340632
2886 0.09624492074085977
2885 0.20678259425941903
2887 0.549115203285713
2888 0.24215699999999996
2889 0.43715085748099997
2890 0.013356059939853004
2891 0.2584058169774788
2892 0.766908848003556
2893 0.484099862498189
2894 0.6457945054247201
2895 0.8213027738561853
2896 0.5399113742044814
2898 0.1880050138410001
2897 0.7307709185153959
2899 0.7643270153815133
2900 0.9049820304499998
2902 0.9207037542734412
2901 0.567566516609
2903 0.79917002137176
2904 0.675540212351166
2905 0.47036451293281734
2906 0.014048502549216746
2907 0.029412500000000064
2908 0.5543021151419243
2909 0.708569227041
2910 0.26344250978672173
2912 0.6917593213891735
2911 0.24607800000000002
2913 0.5888450033550563
2915 0.908695663107511
2914 0.47171700000000016
2916 0.44165691713136535
2917 0.38666927559896946
2918 0.11385232561004188
2920 0.45542448888900006
2919 0.586552947328
2921 0.796079
2922 0.8722608304499999
2923 0.7160629418883869
2924 0.7623716434313625
2925 0.5738945283950672
2927 0.696550922466
2926 0.362230045521
2928 0.7241362749295828
2929 0.839330670890686
2930 0.4426558756250001
2932 0.06628164603178699
2931 0.47098071620508986
2933 0.34621140898709435
2934 0.32691771563051897
2935 0.43233352925800006
2936 0.7917222924843655
2937 0.7194985292604645
2938 0.3265963723220884
2939 0.487255
2940 0.08983241801915631
2941 0.302526281259
2942 0.09867745908786082
2943 0.2617640000000001
2944 0.16113292250600003
2946 0.20686300000000002
2945 0.6084417606320227
2947 0.39024400000000004
2948 0.42071220060049996
2949 0.36648803792
2950 0.7986740154426484
2951 0.6277895193905798
2952 0.4628797662183083
2953 0.3890922664616666
2954 0.8301610138409999
2955 0.482352
2956 0.6464908568505312
2957 0.4315159820009994
2958 0.3213652007576888
2959 0.366413211242
2960 0.3623515
2961 0.9111976672549816
2962 0.9227859692785552
2963 0.7938092526557097
2964 0.2212857363890648
2965 0.6396241820840001
2966 0.9033903087026418
2967 0.692697
2968 0.2790617960214077
2969 0.7657631883750038
2970 0.12941200000000008
2971 0.005930049886255562
2972 0.8477666642047379
2973 0.79759387005
2974 0.3495499767288799
2975 0.21227050000000003
2976 0.7110700808995764
2977 0.8483668575968891
2979 0.14638536324500007
2978 0.08454655740100003
2981 0.4768792890002056
2980 0.6656860000000002
2982 0.2622378384529931
2983 0.21119868285459464
2984 0.11882250000000005
2985 0.23471959210893067
2986 0.6084182199611694
2987 0.27358544472893453
2988 0.366897397924
2989 0.1820330764693836
2990 0.6818037732394867
2992 0.07958207379018489
2993 0.9224218058489999
2991 0.9374826477833069
2994 0.7473889999999999
2995 0.3491456359877054
2996 1.1500000000000001
2997 0.09002060638336129
2998 0.8887538684490001
2999 0.40463303366227554
3000 0.7086111108740225
3001 0.7447108823296666
3002 0.6176579681743333
3005 0.0029410000000000824
3004 0.4311452071243322
3003 0.32864416951894576
3006 0.8274509999999999
3007 0.8205991407865288
3009 0.23823506006654638
3008 0.15194910291089703
3010 0.5641475828329595
3011 0.6683711677273207
3012 0.922353
3013 0.14288319900994728
3014 1.0988582332180001
3015 0.06683910015496841
3016 0.3843273858388334
3017 0.8637662785972202
3018 0.22236618267553188
3019 0.8977158114015275
3020 0.20221700702801604
3022 0.09874174010000014
3021 0.7737576380299938
3023 0.41861837900675325
3024 0.28074151036508543
3025 0.06052878921562499
3026 0.7968884618509616
3027 1.1833410949856666
3028 0.7127450000000002
3030 0.40166795852708104
3029 0.8899700910420001
3031 0.5714922521130406
3032 0.6054413420761714
3034 0.0682237401000001
3033 0.13415249072283686
3035 0.7056243742326427
3036 0.43525308788128525
3037 0.4049648341779999
3038 0.16471546512900015
3039 0.8449250134687069
3040 0.7908366193478895
3041 0.9162145896410001
3042 0.082697687966514
3043 0.29527938680833343
3044 0.18437420705599994
3045 0.4094629999999999
3046 0.9444784737810716
3047 0.06995025222400009
3048 0.42874298698931584
3049 0.023379941870038112
3050 0.02861967366400009
3051 0.8700068385352229
3052 0.1579876419928663
3053 1.0911760000000001
3054 0.8503340884971617
3055 0.8621509311482699
3056 0.416774
3057 0.4982295000000001
3058 0.17651255740100003
3059 0.43037613820800025
3060 0.7271077727773279
3061 0.4762268387852616
3062 0.4172635889565789
3063 0.4832456152616016
3064 0.897059
3066 0.10690218351646918
3065 0.8009810000000002
3067 1.2565487873914092
3068 0.9264699999999999
3069 0.45759739325622756
3070 0.0876243273459556
3071 0.27294850000000004
3072 0.09276485800964474
3073 0.5826385502855187
3074 0.6395823726341026
3075 0.7249578132720373
3076 0.9430441620369959
3077 0.6039502722468247
3078 0.7145649292079953
3079 0.7066678486918665
3080 0.32478251869358554
3081 0.72451
3082 0.8476870000000001
3083 0.15763016679137953
3084 0.5983850993101079
3085 0.5104200903195721
3086 0.836607691695822
3087 0.8889572300626666
3088 0.7245447493656674
3089 0.5579840293412197
3090 0.612608915346295
3092 0.8323908974486055
3091 0.40722536913507107
3093 0.4460780000000002
3094 0.8711983041437081
3095 0.7452441894502764
3096 0.4475324700462554
3097 0.12182562995033352
3098 0.09315261485478521
3099 0.5843130000000001
3101 0.3872203739938853
3100 0.2462664072168023
3102 0.772899512121629
3103 1.277549935025
3104 0.9306843184160001
3105 0.09803899999999999
3106 0.750419126928272
3107 0.9057214025733079
3108 0.945617262976
3109 0.06059164552100005
3110 0.618662697924
3111 0.4968267701215197
3112 0.5393499061996759
3113 0.7833214152250001
3114 0.36863489481683676
3115 0.554900429448
3116 0.5046898651789999
3117 0.9362044731598591
3118 0.5386212759820412
3119 0.6356708779028913
3120 0.6296002330201722
3121 0.1417316782059077
3122 0.10576148210890657
3123 0.3712198019254831
3125 0.5546328782683996
3124 0.48357162999508657
3126 0.08921599999999996
3127 0.5565870166090001
3128 0.07483417510006496
3129 0.6983986421500155
3130 0.7452284524668975
3131 0.722981362420789
3132 0.483348382084
3133 0.7891458914183652
3134 0.8505079940272133
3135 0.8966237102750004
3136 0.706848594947
3137 0.36529629600298796
3138 0.71095063181583
3139 0.9216056761283765
3140 0.251932467133831
3141 0.12330331841599995
3142 0.8164189382607261
3143 0.60441
3144 0.5197963756249999
3145 0.908393325920658
3146 0.5234748505834806
3147 0.417189288889
3148 0.0441180000000001
3149 0.5556325734626724
3150 0.837255
3151 0.6019847184660615
3152 0.14100425005313877
3153 0.7303920000000002
3154 0.6036696737580878
3156 0.8686585634352688
3155 0.0599913756249999
3157 0.3203203986416667
3158 0.6411877727599264
3159 0.205360899948
3160 0.9488308819040691
3161 0.331755398690087
3162 0.15028588998382886
3163 0.792287
3164 0.9278003067268752
3165 0.4813725
3166 0.7823530000000001
3168 0.46104799834625243
3167 0.37958396868001076
3169 0.22317384965603676
3170 0.7132236610253286
3171 0.8676170159510226
3172 0.6047106219560001
3173 0.421698688889
3174 0.4551790533940635
3175 0.2278909003845
3176 0.8063249007250075
3177 1.251179582994783
3178 0.5576713900248406
3179 0.448080179931
3180 0.40706105397826997
3181 0.1218918216223619
3182 1.368113621761
3183 0.5864708403372318
3184 0.428423515124283
3185 0.5781761652770797
3186 0.6652470000000001
3188 0.4162295124683333
3187 0.23886081888240457
3189 0.631372
3190 0.7229962856462346
3192 0.018859732985644327
3191 0.7788927664359999
3193 0.877451
3194 0.09974401085677487
3195 0.6441079173343518
3196 0.31313524055627995
3197 0.29483224526220164
3198 0.368627
3200 0.588052
3199 0.7326883217367297
3201 0.2306933992608402
3202 0.06210761701489487
3205 0.7308370272269342
3203 0.26274450000000016
3204 0.3903480204686669
3206 0.18487444915541418
3207 0.5132711184171941
3208 0.14256212505273913
3209 0.3817639510812143
3210 0.8985388393045
3211 0.9467820636680001
3212 0.7229784616046667
3213 0.06428647897418571
3214 0.6464641742435013
3215 0.3564398946559999
3216 0.34019599999999994
3217 0.6057437507156271
3218 0.8071659297151135
3219 0.3205920000000002
3221 0.5265327401
3220 0.6601357291151835
3222 0.258251275320744
3223 0.24942937428385276
3224 0.7788299169106694
3226 0.36676391515221324
3225 0.18565692634881503
3227 0.353921
3228 0.256507
3230 0.13455741938010712
3229 0.360784
3231 0.612744
3233 0.15163796643599992
3234 0.3032365289
3232 0.576896997924
3235 0.869328370993308
3236 0.7484485995919824
3237 0.595099
3238 0.4393279508831702
3239 0.6879211202460744
3241 0.914706
3240 0.1504817910801015
3242 0.8720610985169679
3243 0.5056672929771728
3244 0.2706922985236551
3246 0.41539679820600006
3245 0.7131613026829061
3247 0.8852267994828511
3248 0.4404030000000001
3249 0.5588160000000002
3250 0.8532843280872134
3252 0.03214199327817058
3251 0.677451
3253 0.930701
3254 0.6407538946560001
3255 0.020912125573778972
3256 0.24759732960449088
3257 0.24038350364995353
3258 0.363250182084
3259 0.7602494270500475
3260 0.6138094888635636
3262 0.39396600000000004
3261 0.15612099999999995
3263 1.1449985184160003
3264 0.925949312649
3265 0.29686873140970427
3266 0.3062207211783956
3267 0.2051015489285788
3268 0.40912288276279085
3269 0.9493293853252804
3270 0.5627604350250001
3271 0.21078400000000008
3272 0.346384347801
3273 0.7233280647083629
3274 0.6414689315863401
3275 0.5867896862618049
3276 0.664894375625
3277 0.2519610000000001
3278 0.06568700000000005
3279 0.6398313523879555
3280 0.663726
3281 0.4405433280349642
3282 0.7156520923250127
3283 0.15242177120284794
3284 0.36343066615901387
3286 0.6310828437533027
3287 0.12365927898266671
3288 0.8992423060273841
3285 0.3020958421898461
3289 0.8027510208485698
3290 1.036309597924
3291 1.1127008444140303
3292 0.7181915596574158
3293 0.097059
3294 0.17040017636824545
3296 0.15581219792399992
3295 0.5872240000000002
3299 1.38189904713974
3297 0.45490019252550373
3300 0.907843
3298 0.6677431184160001
3301 0.20989728923131445
3302 0.22309690830450002
3303 0.5855976806250001
3304 0.07033434385382464
3305 0.578815473664
3306 0.436672699654
3307 0.4663140000000001
3308 0.5870412280404127
3309 1.411921356986103
3310 0.30031727366808547
3311 0.04746438139495801
3312 0.6242479999999999
3313 0.49107862745100006
3314 0.5127366802520823
3315 0.20196100000000006
3316 0.6773443436902014
3317 0.6732940000000001
3318 0.6885747425174529
3319 0.4234770706329962
3320 0.6177431184159999
3321 0.7674546455210001
3322 0.2186999999999999
3323 0.8430155
3324 0.594467587659523
3325 0.969069709264297
3326 0.0745664531751754
3327 0.14556111683305673
3328 0.667647
3329 0.7599312949383874
3331 0.25021058208399993
3330 0.37675412070780534
3332 0.6146349751219999
3333 0.8798155126489999
3334 0.6750686643819785
3335 0.17055693355436152
3336 0.7935214736639999
3339 0.3893188228337627
3337 0.6695950367823209
3338 0.48768090631199995
3340 0.245301119776
3341 0.6488847401
3342 0.33899259675449633
3343 0.27734342371282666
3344 0.541178
3345 0.742910094656
3346 0.7388336340607433
3347 0.1680583243370002
3348 1.0412680111816666
3349 0.579936315571
3350 0.723598195848
3351 0.6280687384949417
3352 0.2854386767216426
3353 0.8940030184626667
3354 0.3842946521678232
3355 0.25462581660899997
3357 0.16584922180801143
3356 0.732582475845293
3358 0.8659410000000001
3359 0.3531775950282652
3360 0.37246340845833337
3361 0.7010729405788422
3362 0.6965007458670001
3364 0.3632486133857795
3363 0.6467089433658085
3365 0.5292253333038683
3366 0.5158607387962519
3367 0.8099295411157466
3369 0.40915691229527185
3368 0.2920880116438791
3370 0.05939399999999995
3371 0.77815287909
3372 1.2541002822675893
3373 0.8802515575697243
3374 0.04614241599520241
3375 0.10494691586040665
3376 0.2318663020380083
3377 0.703165290427
3378 0.5917377777637789
3379 0.6547217728803333
3380 0.3285619011034354
3381 0.558723300769
3382 0.35054435666485584
3383 0.18026492921309273
3384 0.558904465744
3385 0.291272500769
3386 0.3840657659203999
3387 0.199421054979
3388 0.662746
3389 0.390541084322603
3390 0.14545929465600002
3391 0.636135512896
3392 0.9283724940656192
3393 0.41607037562500016
3394 0.3408572211534162
3395 0.41355663711055235
3396 0.39689127464738716
3397 0.06865110778329941
3398 0.876288438220032
3399 0.7974323313146181
3400 0.887270382084
3401 0.834517266436
3402 0.6743661637846243
3404 0.6871801208449484
3403 0.705539273664
3405 0.41539979406052585
3406 0.49614808927638615
3407 0.35588200000000003
3408 0.7629854106165771
3409 0.18299096040000018
3410 0.18222257924567214
3411 0.14920628275600012
3412 0.23431400000000013
3413 0.9908822419581222
3414 0.2344792269387912
3415 0.7793761878125
3416 0.49073170248099995
3417 0.3444999004742756
3418 0.10616966990896581
3419 0.7064354402846644
3420 0.2318287014920315
3421 0.35410074809700004
3422 0.28123888787934315
3423 0.22200169238766665
3424 0.49621641522499993
3425 0.34196099999999996
3426 0.06439720047695485
3427 0.9338905504112871
3428 0.7128727949383874
3429 0.1470919723640487
3430 0.6635997399106568
3431 0.1789122024630479
3432 0.796840504570121
3433 0.32326724628899983
3434 0.48079083229108643
3435 0.27098020580526216
3436 0.030508114755720128
3437 0.7056331608521486
3438 0.05155776830891212
3439 0.590604182084
3440 0.20605405331430715
3441 0.8531190000000002
3442 1.542156
3443 0.9412296363182409
3444 0.7400706488519173
3445 0.7098260551419044
3446 0.8100838376217249
3447 0.2785041024841557
3448 0.39320940814400007
3449 0.09019650000000001
3450 0.304902
3451 0.46351509959461645
3452 0.4612403625442203
3454 0.002891438016000003
3456 0.913106494656
3453 0.20294100000000004
3455 0.7357646780505639
3457 0.9745453710090002
3458 0.3177908720348661
3459 0.1581259599440994
3460 0.07385225330257983
3461 0.03288923504135233
3462 0.6143037451156165
3463 0.1794463244942447
3464 1.100026
3465 0.574467598969
3466 0.4730999982958014
3467 0.38967389997304247
3468 0.6136963565846306
3469 0.7527006871730639
3470 0.7824855544089999
3471 0.24964392179068295
3472 0.26738820502279537
3473 0.22783454849236295
3474 0.9042531229099493
3475 0.22883900000000001
3476 0.006302271838658169
3477 0.8317622243318682
3478 0.026743890962057648
3479 0.4719586491498816
3480 0.735011260864
3482 0.255431924290096
3481 0.813986771603961
3484 0.8250897098669999
3483 0.550320678509559
3485 0.44262254035699994
3486 0.4673786938170388
3487 0.35178299999999996
3488 0.05365301993035443
3489 0.9138124347790413
3490 0.010910512336594014
3491 0.5200787842876979
3492 0.5809736367966685
3493 0.6000045433662846
3494 0.7322606936438788
3495 0.369852655296
3497 1.2480399999999998
3496 0.8911991668450001
3498 0.48387000000000024
3499 0.9227809604000001
3500 0.9457052576
3501 0.9516485634321137
3502 0.8558116369091
3503 0.4425284950059298
3504 0.12156800000000012
3505 0.08001656041100014
3506 0.38905773065258
3507 0.9383734152250001
3508 0.25460635116315444
3511 0.12101786910116404
3509 0.29611699073100795
3510 0.3558437322162096
3512 0.7700420000000001
3513 0.4560373568640817
3514 0.5969720000000001
3515 0.39901999999999993
3516 0.4973067538103888
3518 0.80202
3517 0.16233148526084168
3519 0.20882400000000012
3520 0.19610918965624655
3522 0.889265223145
3523 0.2998898372334893
3524 0.648753458944
3521 0.036316936976666714
3527 0.26886477532837016
3526 0.05941700000000005
3525 0.34641128745840033
3528 0.295241891049
3529 0.608728924326398
3531 0.7578196344168247
3532 0.3342971248909928
3530 0.3505965579692749
3534 0.32254475619600004
3535 0.0844517035030583
3533 0.43952999156261824
3536 0.5677890810322939
3538 1.6244440891199903
3539 0.9391259480496772
3540 0.6225644521539285
3541 0.11237937108783336
3537 0.8476342783337844
3542 0.8775912684698879
3543 0.43560900000000013
3544 0.8287378615124581
3545 0.6774506905549833
3546 0.6675462206501142
3547 0.532448
3548 0.877138
3549 0.06084084956448832
3550 0.509433853694299
3552 0.5429001815536241
3551 0.29241407115817775
3553 0.039724038214282165
3554 0.2610408655680001
3555 0.40470761894738216
3556 0.6256922526663562
3557 1.0393355037716208
3558 0.06497442176099999
3559 0.16180400000000006
3560 0.1948661874096682
3561 0.1732226189001816
3562 0.7400035
3563 0.20508724146499385
3564 0.6170005953922285
3565 3.1500625000013827E-5
3566 0.1269510140759993
3567 0.24508342971813368
3568 0.03518885516443593
3569 0.30670592276049996
3570 0.35174865721097764
3571 0.572906205192