1 0.3754899999999999
2 0.6279972099778692
3 0.631427190684966
4 0.3277240000000001
5 0.6844567422977061
6 0.9841680000000002
7 0.1536587857142857
8 0.89097575
9 0.973528
10 0.13272152452016384
11 0.38084133333333337
12 0.43710051516229975
13 0.17277591540600634
14 0.3123260000000001
15 1.299978
16 0.3147057500000001
17 0.41526436611930007
18 0.3841105205169208
20 0.011771882814333279
19 0.4885707500000003
21 0.7258615849895464
22 0.29651399999999994
23 0.27884925560943447
24 0.9386737500000002
25 0.3662364836359999
26 0.10648799999999992
27 0.938337
28 0.850476
29 0.002866666666666684
30 0.5696079999999999
31 0.9324900323134727
33 0.4829700000000001
32 3.266666666666973E-4
34 0.24930416201881078
35 0.695098
37 0.378239
36 0.12176500000000012
38 0.2526010000000001
39 0.7307196666666667
40 0.8013073333333334
41 0.11385668888900002
42 0.5024328209680263
43 0.04411766666666672
44 0.3191316833241618
45 0.44577439061165947
46 0.5123736497107874
47 0.87304920019225
48 0.561304262976
49 0.7000440000000001
50 0.3296988484464103
51 0.7177827103468459
52 0.6777605833333336
53 0.1643265746159781
54 0.403921
55 0.6165328450503333
56 0.6775934657439999
57 0.7222802961731497
58 0.304902
59 0.47623121554830816
60 0.18421800000000021
61 0.37672400000000006
62 0.37509100000000006
63 0.4042744779809395
64 0.8217033015513229
65 0.41503196574400003
66 0.4659325449609999
68 0.6117031006371245
67 0.054053282882841946
69 0.8099140000000002
70 0.8602380000000001
71 0.4513086396179439
73 0.917472799481
74 0.4323234387471172
72 0.7161562331356142
75 0.06981133333333345
76 0.5660642718241179
77 0.0728753333333334
78 0.7941179999999999
79 0.6874801699298339
80 0.611765
81 0.0047802042604614845
82 0.24875052525347408
83 1.6245100000000001
84 0.6080899603999999
85 0.704858
86 0.5327970000000002
87 2.14804
88 0.11124942960399986
89 0.5184031335335024
90 0.5669320247480114
91 0.7892017616459801
92 0.22649637481481277
93 0.09019700000000008
94 0.665964280679265
95 0.7394142542690035
96 0.050000333333333424
97 0.712086
98 1.17989775
99 0.8505492940684041
100 0.458979
101 0.3561745482543941
102 1.4528788994139734
103 0.8004004503471951
104 1.95196
105 0.4504062139645825
106 1.326472
107 0.507846445521
108 0.7076159574009999
109 0.20613271083176898
110 0.850981
111 0.9084585833333334
112 0.14713343189203054
113 0.5196491509332908
114 1.1082759999999998
115 1.4549040000000002
116 0.43108800000000014
117 0.37430275000000024
118 0.1347435273662101
119 0.314290557401
120 0.7722550000000001
121 0.889773336565123
122 0.21156714423329914
123 0.4460051498125796
124 0.29034800000000005
125 0.8142828946560001
126 0.6726404766727375
127 0.9371130000000002
128 0.23859125000000003
129 1.0874860000000004
130 0.4836308216553489
131 0.7566484424572412
132 0.28909874220197795
133 0.54733860380625
134 0.311826487149824
135 0.6686277160085143
136 0.43824799999999997
137 0.19827073808588863
138 0.6519600000000001
139 0.004828333333333434
140 0.44293306594907933
141 0.6166490946049531
142 0.08836924999999995
143 0.3871006236640002
144 0.04863223818738183
145 0.7035931345799331
146 0.9617640000000001
147 0.38529499999999994
148 0.18755383333333353
149 0.37000377049617356
150 0.044558145519144166
151 0.8334029999999999
152 0.76732
154 0.5635583704627455
153 0.90686225
155 0.446440157401
156 0.350001
157 0.7246464529534709
158 0.5333330000000001
159 0.506133304650589
160 0.664706
161 0.8873087815959857
162 0.43536651267894544
163 0.6367974396601839
164 0.2597592102005086
166 0.3617650000000001
165 0.5720495311755536
168 0.728296373664
167 0.08494084050503559
169 0.4610155117186613
170 0.39430777349975055
171 0.525741126889
172 0.886565
173 0.945466209179681
175 0.43201100000000014
174 0.817648
176 0.709506
177 0.453921
178 0.892125653136
180 0.8032041422848708
179 0.37451100000000004
181 0.31274533333333343
182 0.006149221421033246
183 0.9344666472726179
184 0.7434156666666667
185 0.9068630000000002
186 0.3204610000000001
188 0.3071681432250001
187 0.8052432500000001
189 0.03849575000000005
190 0.14549355522398089
191 0.889525032521
192 0.5032198521859919
193 0.47745100000000007
194 0.44092222508004164
195 0.027451000000000003
196 0.5560896666666666
197 0.6060640879995242
198 0.21899950919813183
199 0.32843200000000006
200 1.1754900000000001
201 0.625178368416
202 0.07834204528926603
203 0.1380011507489222
205 0.2226370000000001
204 0.4598618170080584
206 0.7494077574057125
207 0.523041440303039
208 0.623720993053845
209 1.3692006666666667
210 0.7117091310989021
211 0.4996736666666668
212 0.4007553100776916
213 0.3717557167128966
215 0.873938827025
214 0.6226110434679465
216 0.5123910858372576
217 0.27184699999999995
218 0.8090283333333332
219 0.07917408767996958
220 0.7227637794295338
221 0.33746338487122474
222 0.85310325
223 0.5346230000000001
224 0.040521996555127004
225 0.4198980000000001
226 0.7698155758067937
227 0.9411766666666667
228 0.8878071363816782
229 0.6264719999999999
230 0.6201640978815789
231 0.9313719999999999
232 0.9058820000000001
233 0.9213803333333334
234 0.7033674549010418
235 0.04631436530862487
236 0.6604302289930746
237 0.53638933737025
238 0.4900081666666667
239 0.07753146574400005
240 0.273922
241 0.4197281626486435
242 0.007087008514499504
243 0.6972039999999999
244 0.16396066666666664
245 1.2245100000000002
247 0.4203343693395831
246 0.915652
248 0.7232266059283043
249 0.012532988889000007
250 0.12672251574400017
251 0.73631425
252 0.2343916082679367
253 0.7421570000000002
254 0.18039300000000025
255 0.6980623648398583
257 0.711873990651636
256 0.30885859792399994
259 0.8419709999999998
258 0.4850632320608192
260 0.5411592791027084
261 0.6407580000000002
262 0.39448128596178544
263 0.6857124997693334
265 0.5293552558481378
266 0.7300883750653202
264 0.27992080076899994
267 0.8983840000000001
268 0.7724905372718496
269 0.8754759999999999
270 0.03954100000000005
271 0.12451000000000012
272 0.8679370710046785
273 0.4901093943981698
274 0.6254320000000002
275 0.2925468321219913
276 0.5765032587979937
277 0.3994615081295814
279 0.15699048609368627
278 0.415067157401
280 0.8418159166666668
281 0.683007
282 0.45509747081891666
283 0.37711676051484944
284 0.40048975
285 0.4337136097400649
286 0.22556800000000002
287 0.8571614999999999
288 0.33319103620266666
289 0.7192307827028738
291 0.7082082321837393
290 0.5009327500000003
292 0.848039
293 0.7834865000000002
295 0.2990189999999999
294 0.007128000000000245
296 0.38921499999999987
297 0.448002549481
299 0.4301290000000002
298 0.754181046741498
300 0.31701436411386763
302 0.05262228668250435
301 0.5433828248412385
303 0.34435531165806404
304 0.6803803333333334
305 0.31602273508266676
307 0.13758100000000018
306 0.2235259999999999
308 0.8978100974554455
309 0.557219764693835
311 0.527403888569
310 0.39008766297599995
313 0.517255
312 0.6847338394962235
315 0.8477718496
316 0.809805
317 0.4701108827700028
314 0.46050171218766667
322 0.07973290666087074
319 0.060648000000000035
318 0.48614458544899997
321 0.05357092178452305
320 0.18747772147780659
323 0.8173131457639999
326 0.8121929702380952
324 0.08108602458584535
327 0.15359523720614554
328 0.38235299999999994
325 0.12230904552100008
329 0.8934072167064753
330 0.791692666436
331 0.7831003438357158
332 0.7426259350250001
333 0.195098
334 0.459077549481
335 0.64878217845007
336 0.9151347456160255
338 0.0041442804903623065
337 0.7190741388587326
340 0.8641225504149436
339 0.1590475455092819
341 0.1580060000000001
342 0.5000242452238912
343 0.08549983333333344
344 0.20674499727103224
345 0.7398400505867307
346 0.47576425295485814
347 0.7280381390656905
348 0.12394966666666662
350 0.6471100000000001
349 0.04803999999999997
351 0.5408503333333334
352 0.40887400855307254
354 0.8272561115731316
353 0.6962247894388127
355 0.786853
356 0.6336107500000001
357 0.42284450000000007
358 0.6911770000000002
360 0.39440860393813715
359 0.4649507500000001
361 0.7564192500000002
363 0.17916998375625015
362 0.389742
364 0.17057911501675344
365 0.0855672953494302
366 0.003350991618259025
367 0.896078
368 0.8016830154084653
369 0.767647
370 0.12189372266321685
371 0.8034078791013277
372 0.09774122640340965
373 0.30562500000000004
374 0.14815579792400002
375 0.5085312500000001
376 0.13583959606976193
379 0.21714306841600006
380 0.043921887370250046
378 0.8043014248865443
381 0.9417209290089626
377 0.39569206778746113
382 0.5900384090345435
383 0.827451
384 0.4442329887573533
385 0.10795100000000013
386 0.25639378260869594
387 0.4902764549688068
388 0.7735300000000002
389 0.5441371806985723
391 0.056755403114264524
392 0.5661926645400314
393 0.36613600768073223
390 0.27584600000000004
394 0.2120913333333334
396 0.8768183333333333
395 0.42353350482404806
397 0.03518211204689592
398 0.1694247626490002
399 0.6780751578511388
400 0.916384493627034
402 0.04353973454946791
401 0.08544940091193154
403 0.2861359494810001
404 1.0498112636021353
405 0.7282049044007688
406 0.973312
407 1.3382350000000003
408 0.2077429293963553
409 0.09445928089403544
411 0.19216276584763703
410 0.7455370000000001
412 0.6339004233558048
413 0.88341266138025
414 0.8004101631711944
415 1.0697190243276402
416 0.579031830489123
417 0.810126432410667
418 1.147777259664
419 0.36423872413576963
420 0.4905226666666669
421 0.5177571931625469
422 1.0557330000000003
423 0.604902
424 0.29032906186501606
425 0.6001970299043593
426 0.32237991666666654
427 0.9252748528940156
428 0.19981397224943365
429 0.777512512649
430 0.617977
431 0.05882300000000007
433 0.04934566666666673
432 0.15238799999999997
434 0.08482917830791456
435 0.3288689948098462
437 0.949329
436 0.4146160000000001
438 0.2244320000000002
439 0.15163000000000015
441 0.020284999999999997
443 0.24411800000000006
440 0.4713985839873588
442 0.274576
445 0.4372807988655866
444 0.6565972401
446 0.058806328370827554
448 0.030236303852667623
447 0.08469756483137991
450 0.10098099999999999
449 0.152034
451 0.41059025000000005
452 0.4369305844879061
454 0.5637508333333334
453 0.6391095005440001
455 0.8078430000000001
456 0.6108
457 0.8657499144037202
458 0.18284250000000002
459 0.3543027869382678
460 0.14880175025331166
461 0.6620627337562501
462 0.32657800000000003
463 0.34134925000000016
464 0.917693
465 1.463173
466 1.575464
467 1.6437814166666669
468 0.17331284813527414
469 1.2298229999999999
470 0.03476376583116214
471 0.8095596217173453
473 0.797058
472 0.38564333215407687
474 0.7318790000000002
475 0.3467313333333333
476 0.47407100000000013
477 0.1586475180334781
478 0.768666850969262
479 0.346170866609
480 0.2889766666666669
481 1.1044845
482 1.57467225
484 1.5512000535635397
483 1.0170765000000002
485 0.33813741094264005
486 1.0396630848959174
487 0.3912911483827806
488 1.3320340513683562
489 1.606458666666667
490 0.5610299604
491 1.1101172500000003
492 0.47006216666666667
493 0.9461397401
494 0.6298857821474857
495 0.190219649481
496 0.25147975390661625
497 0.8680247821814053
498 1.265875
499 0.3524504427082411
500 0.784672
501 0.11734399999999989
502 0.0835760000000001
503 0.7392808863398801
504 0.543236
505 0.3085190000000002
506 0.4835805758260005
507 0.8651938770227805
508 0.3039099999999999
509 0.6853650198391834
510 0.854860465744
511 0.45588300000000004
512 0.7499990000000001
513 0.9069645173770844
514 0.4844818033193399
515 0.7684997179957199
517 0.7075120854903372
516 0.3293029382323629
518 0.09749500000000011
519 0.270685275625
520 0.7858869571777878
521 0.21432525000000013
522 0.373529
523 0.3998443333333333
524 0.945462
525 0.38633651264900015
526 0.47941100000000003
527 0.5286166772681504
528 0.49374162103225006
530 0.7565343244976547
531 0.18333299999999997
529 0.0716515151469943
532 0.20294199999999996
533 0.77497955680169
534 0.12843100000000018
535 0.754194019536451
536 0.23050400010000005
537 0.016012666666666675
538 0.6917205663555108
539 0.7410076188099985
540 0.30662100000000025
541 0.08636266666666681
542 0.7599827684604283
543 0.4040055443979834
544 0.6130010543329907
545 0.25350023616303186
546 0.622352565744
547 0.6565676225624794
548 0.7779889166666666
549 0.8856372526584694
550 0.775863
551 0.8501011055722789
552 0.5501374096456961
553 0.31272999999999995
554 0.047893166666666875
555 0.058165862976
556 0.832123
557 0.07561347907714722
559 0.3367164505960003
560 0.22934660179855615
558 0.3516336666666667
561 0.34534202385068125
562 0.6892490877404976
563 0.5879632997263864
565 0.29215402960399994
564 1.4299200000000003
566 0.24779299999999993
567 0.255752
568 0.4178823113802501
569 0.6196034572629052
570 0.281979157401
571 0.559804
572 0.7946306421384977
573 0.003936935025000143
574 7.507928322546542E-4
575 0.43761629465600005
576 0.23124872067388472
577 0.15464502438179029
578 0.7536288333333334
579 0.635041023376
580 0.9317574360116982
581 0.7579053333333334
583 0.3323530000000001
582 0.8729204166666666
584 0.10625225371926872
585 0.2167190000000001
586 1.0659570833333334
587 0.8598329905410396
588 0.6901105196301087
589 0.45338000000000017
590 0.3735950450414671
591 0.21768159792400002
592 0.842122
593 0.7587075000000001
595 0.9343872157440003
594 1.2024929999999998
596 0.8119672074009999
597 0.7847690243962074
598 0.5048440724795478
599 0.713726
600 0.471414
601 0.6586102525577036
602 0.8956026233276213
603 0.007384333333333437
604 0.6406792559950134
605 0.5279018384952343
606 0.5743168570226281
607 0.2635125848715927
608 0.4015376666666668
609 1.1752430000000003
610 0.28190175000000006
611 0.7135111038737156
612 0.876633435025
613 0.8155815018263518
614 0.9412856734683805
615 0.274556
616 0.9401225456832811
617 0.7998183865024446
619 0.45757017359431407
620 0.26784836615169016
618 0.7123083333333333
621 0.7227631782726769
622 0.8296735238595977
623 0.8390969226877021
624 0.3582913117986335
625 0.6874104999999999
626 0.4973678439062501
628 0.16875248191549108
627 0.9766673333333333
629 0.08171841666666668
630 0.09169950000000004
631 0.706177
632 0.5664308111404025
633 0.377451
634 0.36605803950783145
635 0.48128166666666683
636 0.8932279999999999
637 0.814095590784
638 0.576471
639 0.8890186666666667
640 0.572549
641 0.558975
642 0.3681859999999999
643 0.8287366644808591
644 0.2801060000000002
645 0.8690020664359999
646 1.1597330000000003
647 0.25337466666666675
648 0.6222072505960001
649 0.35392200000000007
650 0.6987370000000002
651 0.12521399999999994
652 1.426392
653 0.4129989999999999
654 0.5118460987415983
655 1.5303920000000002
656 0.37704899999999997
657 0.29607800000000006
658 0.652289360287492
659 0.06652794948100005
660 0.7846268271281737
661 0.7456828901464092
662 0.5089693058485179
663 0.4115930000000001
664 0.7297861818554956
665 0.71831
666 0.7957850573750531
667 0.27814098842299995
668 0.15466899999999995
669 0.877756
671 0.194118
670 0.753451366436
672 0.5221178635412503
673 0.821454647029732
674 0.5117167499999999
675 0.19603566752900004
676 0.2693947147769482
677 0.6291439999999999
678 0.40285000000000015
679 1.0060043333333335
680 0.052656266435999965
681 0.3521817273156732
682 0.23823600000000011
683 0.5020628744164498
684 0.5506223333333333
685 0.1127450000000001
686 0.03823600000000005
687 0.7970599999999999
688 0.6711254493512882
689 0.6375354853961344
690 0.29909987772661095
692 1.0531857500000001
691 0.304902
693 0.19606696720400008
694 0.5069699840662794
695 0.6824311981516116
696 0.5061783146749967
697 0.5905868091417035
698 0.887256
699 0.7505730000000002
700 0.8994607552575686
701 1.4631969166666667
702 0.40609872804450264
703 0.19709935680639434
704 0.8189104059719348
706 0.7612282812677666
705 0.3259770000000002
707 0.13942277559830105
708 1.387288
709 0.3323530000000001
710 0.13630216666666684
711 0.1451163061182934
712 0.31803325000000005
713 0.13748500000000008
714 0.6942471765055551
715 0.3347603765672058
716 0.6381924593523156
717 0.6558820000000003
718 0.026376000000000066
719 0.08828396492808577
720 0.2641224528546233
721 1.0018219494810001
722 0.27997018535554674
723 0.9848234577202502
724 0.3244790003760578
725 0.8935474296426666
726 0.6109851625719653
727 0.45610318697728913
728 0.008769999999999945
729 0.943137
730 0.06807314974957679
731 0.90100048375625
732 0.2127460000000001
733 0.19706
735 0.887582
734 0.567613066609
736 0.7896244628719323
737 0.25328991628225017
738 0.17549000000000015
739 0.5596970000000001
740 0.5899250014692206
741 0.43205530806802295
742 0.8976546666666667
743 0.6823760760788644
744 0.12202964552099993
745 0.636795
747 0.5676470000000002
746 0.5578430000000001
748 0.9059490832673838
749 0.6188040000000001
750 1.0049020000000002
752 0.690139815744
751 0.44606655816228485
753 0.15194796040000003
754 2.689216
755 0.4026502632325799
757 1.502941
756 1.6683815
758 1.012086
759 0.5657094975618395
760 0.7950025000000001
761 0.6284310000000002
762 0.07882696037219783
763 0.6990200000000001
764 0.08258039956098595
765 0.5057224517305476
766 0.749690326976
767 0.34902926212237184
768 0.29444500000000007
769 0.7281637034936186
770 1.059492265744
771 0.8887928946560001
772 0.054740011380250087
773 0.18455896039999997
774 0.11790342557506439
775 0.7303818469681735
776 0.09313700000000003
777 0.9346914705185925
778 0.6296542021610468
779 0.7656832966122171
780 0.6077243265491268
781 0.14411799999999997
782 0.8765289222222501
783 0.14549800000000013
784 0.733856309156
785 1.5495350487528745
786 0.028071387881937415
787 0.07432511574400014
788 0.0907389999999999
789 0.3288267796040001
790 0.053255272109350216
791 1.3714338268677297
792 0.7765284883871214
793 0.17293633333333358
794 0.736765125625
795 0.5800276666666666
796 0.24785127648399996
797 0.755824
798 0.5490675736189028
799 0.2941864115396218
800 0.6915530000000001
801 0.8068630000000001
802 1.4547290236640003
803 0.372549
804 0.6153014486011243
805 0.6381187500000001
806 0.004006000000000176
807 0.6589535901647283
808 0.4505043820840001
809 0.9238280886821721
810 0.293092273038962
811 0.706863
812 0.07745133333333332
813 0.8170909603515948
814 0.67769
815 0.1292261807920183
816 0.644117
817 0.9538880000000003
818 0.17858164292110024
819 0.48689972665126624
820 0.16178034224834814
821 0.13251666666666684
822 0.29962104967352454
823 0.7421570000000002
824 0.5327063643747185
825 0.4829548948693333
826 0.9424833333333333
827 0.3147056666666668
828 0.774511
829 0.10362087312454604
830 0.4689653233335954
831 0.9271380493719275
832 0.4694027411236507
833 0.8109787474729584
834 0.8397222242453861
835 0.005597003806250056
836 0.5423504834645613
837 0.60490175
838 0.6375839865015741
839 0.44261324999999996
840 0.740216
841 0.9253533333333333
842 0.6017485001823334
843 0.24544717495314683
844 0.8320198537016792
845 0.42507150000000005
846 0.737255
847 0.872426114149031
848 0.8161015833333333
849 0.9161838484623333
850 0.820208465129
851 0.896079
852 0.6355155833333334
853 0.42191181019805657
854 0.010130333333333352
855 0.050000000000000044
856 0.9052271666666667
858 0.34934233333333337
857 0.6000000000000001
859 0.783974007401
860 0.7789537626835984
861 0.831372
862 0.5063495833333334
863 0.4309875675531327
864 0.653921
865 0.660704519645384
866 0.446631
867 0.5241696666666666
868 0.40681741791279635
869 0.6390456370712264
872 0.8996763534914434
871 0.6566202701894843
870 0.7596080000000001
873 0.05573742089860212
874 0.6009800000000002
875 0.601210864686234
876 0.07072701995682507
877 0.8620863333333333
878 0.46446117718846325
879 0.08075930288100008
881 0.31456405699733336
880 0.769213479604
882 0.8791710000000001
883 0.7466353343652163
884 0.570357334363552
885 0.6718014933905605
886 0.07221874010000007
887 0.7940053333333333
888 0.35558599647908395
889 0.7998846745997761
890 0.02160439376567147
891 0.8169207821989874
892 0.08900272774150286
893 0.8284535978673457
894 0.15505199999999997
895 0.635658442023062
896 0.8572226328125664
897 0.01605614915665743
898 0.6402658353554467
899 1.056369
901 0.6867818030599991
900 0.5081193333333334
902 1.2247602500000003
903 0.5550460605420662
904 0.7890581950795317
905 0.5425267357159003
906 0.3965209894772395
907 0.5277783333333335
909 0.799018
908 0.47780899999999993
910 0.11794340058336394
911 0.30237575000000017
912 1.3166680000000002
913 0.7452770000000002
914 0.7885094060539619
915 0.8176460000000001
916 0.6978380000000002
917 0.6658389073422807
918 0.8387790362368913
919 0.3847400000000001
920 0.2954460000000001
921 9.810000000000096E-4
922 0.675898894656
923 0.6404419172832034
924 0.5639787089583334
925 0.6757762163920921
927 1.01065975
926 0.2874743364793797
928 0.1102781595040001
929 0.5030860109659027
930 0.6061276666666668
931 0.7774390000000002
932 1.1355615521914018
933 0.3939526765584296
934 0.41871446967414805
935 0.3986510000000001
936 0.5696229350250002
937 0.342917400625
939 0.8398960775778093
938 0.9518705000000001
940 0.5855180684160002
941 1.1499759999999999
942 0.7659711090495365
943 0.522489949481
944 0.3304286666666669
945 0.8972802967093817
946 0.34236843502500003
948 0.5308977201390574
947 0.167305650596
949 0.18964499999999984
950 0.2786354026291226
952 0.5794363629570585
951 0.31476072352209444
953 0.008430333333333317
954 0.5539213333333335
955 0.4900091742296074
956 0.8624515354053665
957 0.510785
958 0.712377
959 1.0975470000000003
960 0.7488183703289999
961 0.902730830510976
962 0.48921533333333334
963 0.7252156666666667
964 0.4780938764062499
965 0.8983544430038345
966 0.2510753333333333
967 1.3019900000000002
968 0.6798040000000001
969 0.7354112500000001
970 0.578189
971 0.7783759350250001
972 0.359421
973 0.5390616479219392
974 0.7298923028845112
975 0.39904000000000006
976 0.3351330000000001
977 0.971036
978 0.7887913283622644
979 0.432353
980 0.9180740000000001
981 1.040197
982 0.8287399999999999
983 0.49635000000000007
984 0.5698304386858549
985 0.7303926666666666
986 0.683871360966591
987 0.8264643333333332
988 0.793383050596
989 0.9357563367212315
990 0.6427919136303327
991 0.3090744999999999
992 0.8725849999999999
993 0.724199
994 1.1214685184160003
995 0.8395614473721946
996 1.083334
997 0.5024102898699061
998 0.046598262976000004
999 0.4695763144809999
1000 0.5188569999999999
1001 0.5379824710320992
1002 0.20623928867784969
1003 0.7669926666666667
1004 0.8886183333333333
1005 0.607154
1006 0.5490189999999999
1007 0.5579249855821604
1008 0.7569613783391512
1009 0.7452981487239475
1010 0.8554115879487902
1011 0.6093132499999998
1012 0.403032316978589
1013 0.4147049999999999
1014 0.04702100000000009
1015 0.46769171197477677
1016 0.3473239894034983
1017 0.01624226014743202
1018 0.22815881498127033
1019 0.6867114745096197
1020 0.33576125
1021 0.19307800000000008
1023 0.008149000000000073
1022 0.706524247561
1024 0.8110089828174692
1025 0.16073641522500015
1026 0.8903546373083951
1027 0.9398213333333334
1028 0.16011725380343567
1029 0.5492461850826666
1030 0.7647550000000001
1031 0.39376275000000005
1032 0.9534860000000001
1033 0.810980683180712
1034 0.363532645521
1035 0.3992530000000001
1036 0.3282627873551873
1037 0.626471
1039 0.042893607793841104
1038 0.7719138627767569
1042 0.22321900000000028
1041 0.43003199999999997
1040 0.28901107205042487
1043 0.39290998046532155
1044 0.11511849322626255
1045 1.0177370000000001
1046 0.2344870000000001
1048 0.41825616927734255
1047 0.18872575000000014
1049 0.741695262976
1050 0.2120913333333332
1051 0.6392844402123363
1052 0.5126767296215522
1053 0.06065188498064367
1054 0.28732822960400006
1055 0.254319157401
1056 0.04813335355224435
1057 0.4304296666666667
1058 0.9970600000000001
1059 1.187763750218344
1060 0.5429042085273039
1061 0.908820906254784
1062 0.6598040000000001
1063 1.0199331783774852
1064 0.23969000000000018
1065 0.08040766666666666
1066 0.26291791666666664
1067 0.00716523375625
1068 0.17516819695567598
1069 0.7349443927840391
1070 0.48162695758641205
1071 0.8015391788488703
1072 0.7227349999999999
1073 0.2088740335566983
1074 0.6103333275443722
1075 0.8755566666666665
1076 0.23656660076900016
1077 0.08091033518152435
1078 0.5942941076861474
1079 0.38808913633987996
1080 1.357147
1081 0.37190824999999994
1082 0.3231268784681369
1083 0.4655259999999999
1084 0.893610679604
1085 0.3181702888889999
1086 0.18794887548835337
1088 0.796131096325106
1087 0.11684766095599142
1089 0.8240443110694825
1090 0.6478442500000001
1091 0.3754899999999999
1092 0.38730868536873475
1093 0.8880403333333333
1094 0.6637260000000003
1095 0.05987089694696368
1096 0.45017600000000013
1097 0.7228
1098 0.544795
1099 0.3810983718038843
1100 0.8529899999999999
1101 0.837314
1102 0.06960799999999989
1103 1.1600157972018506
1104 0.729412
1105 0.8535080253291055
1106 0.4044810000000001
1107 0.42897586985178804
1108 0.437874821761
1109 0.8475149999999998
1110 0.21005533333333348
1111 1.0287719788543332
1112 0.2657115939062502
1113 0.4917100000000001
1115 0.3637250000000001
1114 0.34392500000000026
1116 0.26862600000000003
1117 0.36847652734827807
1118 0.27857500000000024
1119 0.5305899583043143
1120 0.9124592969815342
1121 0.12840814398462919
1122 0.8793401314348274
1123 0.5154790766610609
1124 0.7303470000000001
1125 1.2827826666666666
1126 0.6523783422763725
1127 0.550896
1128 1.1039459334543336
1129 1.040195
1130 0.72647
1131 0.33496331264900014
1132 0.5257966509245106
1133 0.05501203342508454
1134 0.22723321567025034
1135 0.6934333558950903
1136 0.052578262113154084
1137 0.23506000000000005
1138 0.784739997924
1139 0.8776196838281621
1140 0.27787622142494794
1141 0.029638688228499577
1142 0.6505643002646069
1144 0.6535166792813414
1143 0.770130488889
1145 0.8714040167527486
1146 0.17650275000000004
1147 0.7683801361580849
1148 0.38162618698280076
1149 0.25435150000000006
1150 0.2284610034602501
1151 1.075489
1152 0.1005370000000001
1153 0.784420749481
1154 0.09809807316940211
1156 0.377451
1155 0.6236125114726072
1158 0.654902
1157 0.30321359870277087
1159 0.598503
1160 0.9123227205816486
1161 0.49411700000000003
1162 0.3701458912901089
1163 0.48886444948100005
1164 0.6005566266855262
1165 0.3492184212252729
1166 0.3431426666666667
1167 0.1608556052738921
1168 0.20275721384099998
1169 0.6911200000000002
1170 1.2027279999999998
1171 0.6388409312216254
1172 0.19855491757030075
1173 0.47548999999999997
1174 0.5429659602048624
1175 0.12256376264900015
1176 0.20612000000000008
1177 0.8177236856007752
1178 0.12177617589923284
1179 0.7134714152250001
1180 0.78148675
1181 0.534126166609
1182 0.054898640330666604
1183 0.3872549999999999
1184 0.659802054670185
1185 0.8274301748009398
1186 0.1486837405755086
1187 0.40555593853182315
1188 0.03032963633862329
1189 0.5336183333333333
1190 0.6720132589792687
1191 0.6349956448135693
1192 0.5441529331754746
1193 0.8296877471148558
1194 0.8652467446030023
1195 0.9412821414321627
1196 1.6654080000000004
1197 0.3247628242285751
1198 0.16269481647538753
1199 0.5739430000000001
1200 1.247697650596
1201 0.3917210000000002
1202 0.7543191352417261
1203 1.3273460000000001
1204 0.270613
1205 0.509913286712226
1206 0.8779163333333331
1207 0.5961895400482604
1208 0.3262459961287265
1209 0.3806050000000001
1210 0.1813720000000001
1211 0.7359304314177831
1212 0.2992152620320303
1213 0.8181405000000002
1214 0.17176300285982915
1215 0.5168407032489999
1216 0.941975
1217 1.0454169999999998
1219 0.21648030963833054
1218 0.726299850114424
1220 0.16127842838822048
1221 0.07724966666666688
1222 0.2144140000000001
1223 0.28085000000000004
1224 0.4414879999999999
1225 0.5229957977268476
1226 0.05485006841600004
1227 0.8434037426241872
1228 0.21637216377659474
1229 0.7414668490723579
1230 0.7079955568585674
1231 0.77353
1232 0.43539400000000006
1233 0.13456096039999998
1234 0.7841990000000001
1235 0.993136
1236 0.3086475204386854
1237 0.0019610000000002126
1238 0.39705900000000005
1239 0.9284086666666667
1240 0.03351758823919404
1241 0.07012314552100007
1242 0.8957064166666666
1243 0.21473912882422885
1244 0.5938486666666667
1245 0.8515951336154264
1246 0.24621070907437434
1247 0.6823396320838915
1249 0.74804
1248 0.7142222083011407
1250 0.41859574999999993
1251 0.20010211265369615
1252 0.8083533457572669
1253 0.5111020472036957
1254 0.2932980000000003
1255 1.0441170000000002
1256 0.5736502788375039
1257 0.47533346643600005
1258 0.9360759671658727
1259 0.19321033333333326
1260 0.5163642500000001
1261 0.33520250000000007
1262 0.38956100000000005
1263 0.4523423333333334
1264 0.12185433345665886
1265 0.427778
1266 1.4732325000000002
1267 0.45297833333333326
1268 0.6726753645680312
1269 0.017135240100000004
1270 0.11468885332615542
1271 0.899769
1272 1.3414332114397134
1273 0.9454095499423332
1274 0.42970052605071474
1275 0.15980400000000006
1276 0.39391733333333323
1277 0.6789805806568138
1278 0.2531336987560866
1279 0.25601000000000007
1280 0.24189319792400021
1281 0.5213570000000001
1283 0.6829255242945718
1282 0.27058899999999997
1284 1.506618166666667
1285 0.7693054833191516
1286 0.683333
1287 0.6303713476702508
1288 0.714707
1289 0.08990430078561973
1290 0.7447646317731151
1291 0.23911671840000004
1292 0.9271974278471783
1293 0.11849277490331778
1295 0.804653311607006
1294 0.052546895751802714
1296 0.389216
1297 0.2225490000000001
1298 1.1069493333333333
1299 0.32494
1300 0.9278076782028607
1301 0.14588200000000007
1302 0.09276179004733294
1303 0.6629995494809999
1304 0.26182404520899993
1305 0.19456800000000007
1307 0.2188457017616534
1306 0.21854929563514336
1308 0.334387
1309 0.6132420000000001
1312 0.44827799999999995
1311 0.5214011461583532
1310 0.11023357392400013
1313 0.6909061170047557
1314 1.095124
1315 0.6504501798325524
1316 0.13333300000000015
1317 0.12320233333333341
1318 0.16372500000000012
1319 0.839532
1320 0.8159301203811216
1321 0.5293969999999999
1322 0.9115720035801576
1323 0.694118
1324 0.4642260771205325
1326 0.8752727003719023
1325 0.5251140000000001
1327 0.007324962400174995
1328 0.4483278878067211
1329 0.28275300000000025
1330 0.8204155833333333
1331 0.898341659071614
1332 0.44741450000000005
1333 0.295589620265188
1334 0.2366857223886032
1335 0.91945885049227
1336 0.179411
1337 0.34299794948100004
1338 0.17313066666666654
1339 0.06769455122500001
1340 0.6942750193331112
1341 0.49262089808184034
1342 0.6871529901
1343 0.07480637816225011
1344 0.364198
1345 1.3210526296040002
1346 0.3323530000000001
1347 0.29693664810403697
1348 0.6362289999999999
1349 0.22256888129750974
1350 0.19427300000000014
1351 0.5931379999999999
1352 0.7833896456943966
1353 0.6972880895388771
1354 1.140197
1355 0.8989601240762349
1356 0.09196464552099992
1357 0.3351549494810002
1358 0.542157
1359 0.12404458090578419
1360 0.94436960197753
1361 0.7786272500000002
1362 0.8823663966976467
1363 1.5088609999999998
1364 0.8437660000000002
1365 0.37345614948100025
1366 1.2733671947135836
1368 0.6281198657440001
1369 1.0266926948954709
1367 0.5192813333333335
1370 0.13865825102322105
1371 0.771837421761
1372 0.26960800000000007
1373 0.8362263196673105
1374 0.30520231793150354
1375 1.55989225
1376 0.21470600000000006
1377 1.3364348955210004
1378 0.7230809275382903
1379 0.6533381249086825
1381 0.21315601474879453
1382 0.898493
1380 0.19881406898719267
1383 0.7011004131666947
1385 0.9053150000000001
1384 0.03229526264900007
1386 0.8882743333333334
1387 0.34477065017119113
1388 0.5632671456601179
1389 0.5355304951922502
1391 1.017974
1390 0.8516332626281963
1392 0.4896459377706666
1393 1.103544
1394 0.9079899978522907
1395 0.7491120492709038
1396 0.6906213333333336
1398 0.5523481270067256
1397 0.48333399999999993
1399 0.734405
1400 0.2127460000000001
1401 0.7918382500000001
1402 0.6978204337569092
1403 0.6176908850549372
1404 0.5536589370610581
1405 0.279686862976
1406 0.479156542047935
1407 0.42058700000000004
1408 0.5821337937357127
1409 0.7043779903306666
1410 0.734645
1411 0.054401000000000144
1412 0.5637784436998776
1413 0.8476217267796796
1414 0.7438485556760734
1415 0.754516
1416 0.15622899999999995
1417 0.050000000000000044
1418 0.4291925558985288
1419 0.9030592832574955
1420 0.5338080000000001
1421 0.9066208167412687
1422 0.858377016609
1423 0.33792502405552427
1424 0.5266754866173511
1425 0.49310263691025
1426 0.5937910574519902
1427 0.1794119999999999
1428 0.6009800000000001
1429 0.36399435054114004
1430 0.893645
1431 0.49929555133328885
1432 0.7725540651289999
1433 0.40168102479573076
1434 0.8502372430737168
1435 0.7501576478565508
1436 0.9162832500000001
1437 0.548333617809
1438 0.8388237233333616
1439 0.08725366574400018
1440 0.001774999999999971
1441 0.62786246817025
1442 0.019331572711159595
1443 0.534795834533103
1444 0.7480757495622499
1445 0.561779935025
1446 0.518525
1447 0.7058588952262719
1448 0.7258093278169726
1449 0.3332218558339263
1450 0.8303649770919176
1451 0.9144678069889292
1452 0.53168525
1453 0.732248
1454 0.21604619388679058
1455 0.650981
1456 0.23215364210802547
1457 1.3742848873702498
1458 0.8979627606399616
1459 0.60928428946709
1460 0.5911760000000001
1461 0.7455984418985913
1462 0.995098
1463 0.7162127170108016
1464 0.3440008905444838
1465 0.030260000000000065
1466 0.5265657500000003
1467 0.20294100000000004
1468 0.9369630000000001
1469 0.9428917114955835
1470 0.8340842704729167
1471 0.46835625000000003
1473 0.5707870000000002
1472 0.3703621167897475
1474 0.6466944752359279
1475 0.10762034142854193
1476 0.22364099999999998
1477 0.6622240946964318
1478 0.7051109712652801
1479 0.01287659881476011
1480 0.8705890000000001
1481 0.7779389999999999
1482 0.6665452324106667
1483 0.3678140945168755
1484 0.18450607725402351
1485 0.835620830092239
1486 0.07745099999999994
1487 0.14368000000000003
1488 0.896048499904111
1489 0.47621999999999987
1490 0.914721382084
1491 0.9279171858333333
1493 0.8189182004035946
1492 0.1401960000000002
1494 0.5055204894987444
1495 0.7939665780469166
1496 0.46635752883616327
1497 0.8221803333333333
1498 0.5840220832931993
1499 0.32082750182635184
1501 0.31366268581528467
1500 0.3934025080958805
1503 0.1525528409654442
1502 0.42585435613274975
1504 0.8473538045543842
1505 0.36349390314733165
1506 0.768700021761
1508 0.8226840387841545
1507 0.7802180834130841
1509 0.7488621449351809
1510 0.12119499999999994
1511 0.356686635442092
1512 0.10019288825801542
1513 0.631140264948644
1514 0.2924220000000002
1515 0.9390494871466379
1517 0.963724
1516 0.4009800000000001
1518 0.3808287450779501
1519 0.35266965472792955
1520 0.5370364990925213
1521 0.42585625000000005
1522 0.06572599999999995
1523 0.4756386895245112
1524 0.30538076138024994
1525 0.6009810000000002
1526 0.4266081147747806
1527 0.4066178599369704
1528 0.10891633333333339
1529 0.588154016609
1530 0.9208848985546919
1531 0.49478709483518857
1532 0.5439949130431462
1533 0.7684853170895833
1534 0.288223604001
1535 0.20860852611428754
1536 0.6903602357989685
1537 0.7964370871395834
1538 0.22499654572022343
1539 0.7658520833333333
1540 0.46040499999999995
1541 0.37089941660900005
1542 1.204347
1543 0.5199849245644529
1544 0.0899642891902317
1545 0.08848115600890849
1546 0.44450029823420034
1547 0.8753587129
1548 1.5413587453769166
1549 0.9087521879917744
1550 0.2940875596771
1551 0.5947772086533374
1552 0.436498
1553 0.8276079605600071
1554 0.6552582621836613
1555 0.686275
1556 0.7872550613332898
1557 0.19879215544025008
1558 0.5446031149961839
1559 0.21857191666666664
1560 0.6908650000000001
1561 0.20677540650527892
1562 0.12877800000000006
1563 0.06626737562500007
1564 0.06173732779301022
1565 0.5585065526193886
1566 0.6667893333333333
1567 0.847998849289
1568 1.2225500000000002
1569 1.0079113333333332
1570 0.9016692391971922
1571 0.8323532205871336
1572 0.8484721204771577
1573 0.6183431628362941
1574 0.7189482229229166
1575 0.6934953514366244
1576 0.335294
1577 0.911042
1578 0.6341064002497725
1579 0.548717
1580 0.6074913665531089
1581 0.3088240000000002
1582 0.5773518955134649
1583 0.3531032950201849
1584 0.1985008708932423
1585 0.8104419999999999
1586 0.8133476319770905
1587 0.9386227609909886
1588 0.7753020411742731
1589 1.2805435721069165
1590 0.7469232500000003
1591 0.375491
1592 0.5832071331956199
1593 1.1538603333333335
1594 0.43202285302766685
1595 0.5088239999999999
1596 0.6577476666666666
1597 0.7784316666666667
1598 0.840195
1600 0.9403447315334856
1599 1.197059
1601 0.619887
1602 0.8818054035202245
1603 0.198129
1604 0.5821746315422252
1605 0.8674261121876667
1606 0.22328991231589687
1608 0.9152389814761476
1607 0.5538327277080386
1609 0.5596933333333335
1610 0.05446631615374553
1611 0.151961
1612 0.28201726578068564
1614 0.667998
1613 0.77353765233606
1616 0.8457898333333334
1615 0.2876369999999999
1617 0.4637260000000001
1618 0.4806412499999999
1619 1.6212890000000002
1620 0.8066162644301996
1621 0.29147472006736996
1622 0.13627500000000015
1623 1.3694244374103606
1624 0.16957754511342182
1625 0.41680382824049933
1626 0.33304898587459575
1627 0.3617649999999999
1628 0.09286216856821983
1629 0.016526145682987714
1630 0.14403379459498056
1631 0.36143391264900004
1632 0.9064675274439562
1633 0.24606099999999986
1634 0.21279976053708616
1635 0.4186270000000001
1636 0.1349676666666666
1637 0.15794000076900017
1639 0.3377182642659087
1638 0.507631167568013
1642 0.14803900000000003
1640 0.6536573732793494
1643 0.5266250806185349
1641 0.4669523572308274
1644 0.6735300000000002
1645 0.4309799319542018
1646 0.03548524537014697
1647 0.23881810408329998
1648 0.28754086270771606
1651 1.331291598824927
1650 0.5866520000000002
1649 0.505711
1654 0.2813730000000001
1652 0.6077008286914345
1655 0.7800043089440001
1656 0.8494979790676667
1657 0.1246830000000001
1653 0.5839168860236787
1659 0.5186270000000001
1658 0.6668812516418381
1660 0.8902920000000001
1661 0.5548985492564704
1662 0.1481070000000002
1663 0.5046520802065757
1664 0.1672840939062501
1665 1.8860240000000001
1666 0.6807146629760001
1667 0.09215915034619648
1668 0.9219335494809999
1669 0.5124922846543314
1671 0.6356663137500318
1670 0.9231474765008533
1672 0.5860112652100083
1673 0.2807689502512283
1674 0.5030797099295661
1675 0.012746000000000035
1676 0.0485394090775122
1677 0.24591172726436095
1678 0.4611930348761586
1679 0.5396339099436933
1680 0.3753413333333333
1681 0.054799684424788664
1682 0.9423500572268828
1683 0.8615503373224619
1684 0.5413458415672586
1685 0.24488161660899999
1686 0.06342888744637132
1687 0.696382112411621
1688 0.031011520761000222
1689 0.377451
1690 0.0991227332097544
1691 0.650892557401
1692 0.49298226886695073
1693 0.06711468700192302
1694 0.16752356137966773
1695 0.22030566666666673
1696 0.12633800000000006
1697 1.512031360000332E-4
1698 0.6256762244552586
1700 0.46495185059600025
1699 0.8017282326809999
1701 0.21274500000000018
1702 0.12123288826602852
1703 0.745098
1704 0.483471
1705 0.6196079999999999
1707 0.38575405111261296
1706 0.008177666666666639
1708 0.39274504987420844
1709 0.21821042051361395
1710 0.032074185025000035
1711 0.010102416666666558
1712 0.29614916924653784
1713 0.904110375625
1715 0.5735665000000001
1714 0.6873535601590004
1716 0.5438247823553828
1717 0.47548999999999997
1718 1.0637260000000002
1719 0.6285327309750233
1720 0.69270925
1721 0.718037
1722 0.4853983217452458
1723 0.04611471640575293
1724 0.7282764148997382
1725 0.15402081463440642
1727 0.7151585983411208
1726 0.15625900000000015
1728 0.05452675000000018
1730 0.4283951072821368
1729 0.4059037952150397
1731 0.5039220000000002
1732 0.7429468933523667
1733 0.09370202367827818
1734 0.807618
1735 0.8578891569900974
1736 0.7195615703286355
1737 0.08167187924927988
1738 0.59671088737025
1739 0.027010916597278944
1740 0.277739239231346
1741 0.3261453312636624
1742 0.6323540000000001
1743 0.5897587450381141
1744 0.730999699347102
1745 0.263644
1746 0.9432942947406902
1747 0.5436780000000001
1748 0.37885155740099996
1749 0.3977430427197452
1750 0.18145766666666674
1751 0.449783560161
1752 0.7832950204729165
1753 0.5892170000000001
1754 0.6070510833333334
1755 0.34068451249925624
1756 0.6767833260001088
1757 0.4362352616044147
1758 0.269692518416
1759 0.7123369395629603
1760 0.611764
1761 0.29675994686878515
1762 0.6627460000000003
1763 0.7576307985525235
1764 0.5018354895091279
1765 0.40830633106225034
1766 0.5240120394806773
1767 0.37156900000000004
1768 0.02970084408730722
1769 0.48444022642832485
1770 1.132354
1772 0.7168970000000001
1771 0.8348979901
1773 0.4943279154173333
1774 0.09113522690994058
1775 0.8353965718416321
1776 0.006413186511636804
1777 0.931338625625
1778 0.15651808706139625
1779 0.7162251694116459
1780 0.27119042176099994
1781 0.3327518492115653
1782 0.6472716666666667
1783 0.19013646264900008
1784 0.1678170000000001
1785 0.3670394393086729
1786 0.3780844987743335
1787 0.843137
1788 0.45601500000000006
1789 0.48572079792400014
1790 0.25708863967961393
1791 0.38127613660624515
1793 0.4382353333333333
1792 0.583334
1794 0.5121372168094201
1795 0.7206340000000002
1796 0.10538092533737298
1797 0.18873723153477995
1798 0.1318804603999999
1799 0.9013472499999999
1800 0.5305821039273257
1801 0.5794130000000002
1802 0.624525382084
1803 0.7640513162109935
1804 0.14032668888900002
1805 0.15312138308366516
1806 0.5686279999999999
1807 0.614933145978388
1808 0.15000000000000013
1809 0.5322905017028554
1810 0.5605804907763419
1811 0.4404681629134952
1812 0.6213047203300097
1813 0.35462212684229977
1814 0.726112807184
1815 1.338069894350735
1816 0.8096158537448181
1817 0.14665654725673588
1818 0.705168
1819 0.22277652039838713
1820 0.42898692669129157
1821 0.5241596666666666
1822 0.49313700000000016
1823 0.917412080176731
1824 1.289219265129
1825 0.7828471096781577
1826 0.46831454793674054
1827 0.874147
1828 0.7578440000000002
1830 0.7812685765217993
1829 0.06567192859194182
1831 0.6305226888890001
1832 0.7093328041599687
1833 0.5258947218039025
1834 0.5461462196768891
1835 0.9127922410646039
1836 0.5672535490880126
1837 0.5464883032271755
1838 0.1547896666666666
1839 0.7448842205864011
1840 0.22627533030056113
1841 0.06698943121420631
1842 0.5833665008694306
1843 0.5273085
1844 0.37400947942812285
1845 0.559804
1846 1.2598050000000003
1847 0.28520100000000004
1848 0.9739039999999999
1849 0.25672696302266673
1850 0.95425
1851 0.817051473664
1852 0.33978085740099995
1853 0.29895925
1854 0.7703713917630962
1855 0.6432817343554879
1856 0.4158756401146019
1857 0.7249510000000001
1858 0.6225340000000001
1859 1.0709980000000001
1860 0.42383266666666675
1861 0.7499291359064801
1862 0.8880771750540797
1863 0.6905582946559999
1864 0.7167016813555646
1865 0.3617650000000001
1866 0.3234202026638766
1867 0.6386872512871258
1868 0.37238421835447044
1870 0.03331723183630986
1869 0.13006999428829014
1871 1.28219625
1872 0.24171754361599995
1873 0.6061839126489998
1874 0.06379121749660423
1875 0.5678302007690001
1876 1.605355
1877 0.7356260046794887
1878 0.13184300000000015
1879 0.33234700000000017
1880 1.3382350000000003
1881 0.14265614948100014
1882 0.0738027857907051
1884 0.8755678651110677
1883 0.867043755641
1885 0.39671596040000007
1886 0.854951787456
1887 0.7134431101815357
1888 0.7905006527784386
1889 0.43925599009999994
1890 0.424326
1891 0.677915429604
1892 0.36234437575790923
1894 0.5342839520497538
1893 0.891509
1895 0.29902000000000006
1896 0.7049659469333334
1897 0.7319930493836371
1898 0.072032118544
1899 0.22337425811718026
1900 0.7051262677455693
1901 0.3567410243947776
1902 0.611765
1903 0.428825
1904 0.840252
1905 0.5507554797536351
1906 0.4869452084073268
1907 0.4192924036266654
1908 0.3281860000000001
1909 0.5867861597919135
1910 0.6788998462186974
1911 0.22536476240530168
1912 0.04159870433109503
1913 0.3594139545721462
1914 1.1126509999999998
1915 1.28722270019225
1916 2.020589
1917 0.6713305
1918 0.47712500000000024
1919 0.4186270000000001
1920 0.9776503937256187
1921 0.4892347820840002
1922 0.8683103023896764
1923 0.3396170741363698
1924 0.4809758333333334
1925 0.8010065223723176
1926 0.9351089158030637
1927 0.5074848542334832
1928 0.34423029552100015
1929 0.9118347114955834
1930 0.1555289154524674
1931 0.42309533333333316
1932 0.5922059690170184
1933 0.830449329934226
1934 0.5815820623141006
1935 0.14374579552099997
1936 0.664018
1937 0.6145671666666666
1938 1.422643
1939 0.4614320500189937
1940 0.7852940000000002
1941 0.4247409698475988
1942 0.3076052741646822
1943 0.43485926293733335
1944 0.7167592443589547
1945 0.09199900000000016
1946 0.025518012103872723
1948 0.33728065882558345
1947 0.9175720000000003
1949 0.423956091225
1950 0.9215679999999999
1951 0.6547390000000002
1953 1.3578430000000001
1952 0.10228766666666655
1954 0.9831603333333334
1955 0.23431400000000013
1956 0.38580559482891674
1957 1.071569
1958 0.8657277500000001
1959 0.33971218254057334
1960 0.8558830000000002
1961 0.7874764137860242
1962 0.8783724888890001
1963 0.7263384941130537
1964 0.31568600000000013
1965 0.941085
1966 0.7399486887781537
1967 0.8575445569746376
1968 0.41575000000000006
1969 0.20754448858119035
1970 0.9297785465126367
1971 0.5807263099049764
1972 0.4845189999999999
1973 0.7759593735537342
1974 0.04649571614766668
1975 0.3417260000000002
1976 0.0383792731525594
1977 0.7395644231810192
1978 0.224483
1979 0.10879610768934067
1980 0.836669
1981 0.5998409999999998
1982 0.5382360000000002
1983 0.8715690000000001
1984 0.8392156666666666
1985 0.7445800000000002
1986 0.6927683538062501
1987 0.440484338339882
1988 0.3309772768822501
1989 0.009334005432916403
1990 0.6751260417722749
1991 0.4395009166666666
1992 0.8090880059419046
1993 0.08795900000000012
1994 0.1819899209731488
1995 0.4210691038062502
1996 0.9497314511814843
1997 0.3149949999999999
1998 0.16660300000000006
1999 0.29116899404197816
2000 0.10036049465600017
2001 1.8922816666666666
2002 0.8169520000000001
2003 1.283333
2004 1.0114666666666665
2005 1.245099
2006 0.3611116666666667
2007 1.3575229999999998
2008 0.7283260004058556
2009 0.8236369126489997
2010 0.9236156666666667
2011 0.47283959207412984
2012 0.5396543011277317
2013 0.36649
2014 0.8539165492072571
2015 0.00589906111358629
2016 0.40932097268358336
2017 0.7510077932834709
2018 0.2112180261492227
2019 0.9902938410189586
2020 0.716979
2021 0.3026687120396734
2023 0.47753908342146967
2022 0.6120091659669066
2024 0.43707596412634886
2025 0.9333088904994074
2026 0.9124147401
2027 0.4894290000000001
2028 0.3098030000000003
2029 0.2240532888890001
2030 1.224509
2031 0.1794119999999999
2032 0.1659637994158163
2033 1.0197
2034 0.2721553502327472
2035 0.10392100000000015
2036 0.7877487020961109
2037 0.47239986976988924
2038 0.8426321684159999
2039 0.792157
2040 0.06094500000000003
2041 0.47077465262968865
2042 0.8844860000000001
2043 0.6642466666666667
2044 0.6648640271070532
2045 0.278119865744
2046 0.7409736666666666
2047 0.06421575000000002
2048 0.21842262091810202
2049 1.7852325129615807
2050 0.7297487689208053
2051 0.655917597924
2052 0.57685575
2053 0.601885
2054 0.6968222936756587
2056 0.7039056666666668
2055 1.4533346666666669
2057 0.4070581454416895
2058 0.39572640167494244
2059 0.11931128445000994
2060 1.769608
2061 1.2676476666666667
2062 0.3401841373280512
2063 1.220588
2064 0.5358675814830471
2065 0.3852482840785816
2066 0.7527473514942741
2067 0.9210951370889999
2068 0.8652243333333334
2069 0.8902951086531559
2070 0.7731909879134535
2071 0.828611581657706
2072 0.5904869062143734
2073 0.7727459999999999
2074 0.35904499999999984
2075 0.09514783333333354
2076 0.328102
2077 0.1835243333333334
2078 0.28706414332821306
2079 1.3245100000000003
2080 0.14154348383209858
2081 0.7049004433029831
2082 1.2125190000000001
2084 0.40016618525948877
2083 0.452704
2085 0.8401970000000001
2086 0.5515646666666667
2087 0.5630580000000001
2088 0.6273972500000002
2089 0.5296320948773122
2090 0.016666999999999987
2091 0.7225490000000001
2092 0.014489083333333319
2093 0.2905184615365666
2094 0.903302294656
2095 0.13886355056095967
2096 0.17352999999999996
2097 0.40034118249517525
2098 0.5106886291226591
2099 0.246116
2100 0.017782194104183358
2101 0.8874679346669168
2102 0.2885302500000002
2103 0.7409079999999999
2104 0.8248979999999999
2105 0.3754280000000001
2106 0.8665691001860786
2107 0.7712246666666667
2108 0.7592601280875557
2109 0.5612520161893522
2110 0.8039223333333333
2111 0.012510000000000021
2112 0.7519806403306666
2113 0.6487152500000002
2114 0.485781
2115 0.118417631994707
2116 0.007262807100491098
2117 0.635142281844
2118 0.13470226996899992
2119 0.3672582455210003
2120 0.038027000000000144
2121 0.7809427936467325
2122 0.004003416666666704
2123 0.9581090000000001
2124 0.2708306717509459
2125 0.4165427407579553
2126 0.8236752325655878
2127 0.11726600000000009
2128 0.7503947673709541
2129 0.8236021295449661
2130 0.880843727373568
2131 0.9058977389215943
2132 0.2212630000000002
2133 0.2142494080578432
2134 0.9052519192937059
2135 0.1641045000000001
2136 0.6128560000000001
2137 0.286088136920699
2138 0.57745
2139 0.5372479056593189
2140 0.8197129999999999
2141 0.4441170000000001
2142 0.5383638463031942
2143 0.759604265129
2144 0.363533645521
2146 0.6163585787491284
2145 0.5637260000000002
2147 1.3339712505960002
2148 0.791828298118342
2149 0.9008905817939586
2150 0.46568600000000004
2151 0.689216
2152 0.9813719999999999
2153 0.42254900000000006
2154 0.7038092938597963
2155 0.6393894565522068
2156 0.02895753610334939
2157 0.05729099999999998
2158 0.9326633504266677
2159 0.8108386244970591
2160 0.7768511652238586
2161 0.7663396666666666
2162 0.6801650000000001
2163 0.08566403580458082
2164 0.940196
2165 0.8388517008496995
2166 0.5796582506250001
2167 1.0369458870566972
2168 0.7796232645906667
2169 1.17246225
2170 1.0139211409425442
2171 1.099872936964
2172 0.25491793502499993
2173 0.41648649312709973
2174 0.5470176062475302
2175 0.3942901855036769
2176 0.7662852626490001
2177 0.37451459210175675
2178 0.9543037126489999
2179 0.8991611605913252
2180 0.747835
2181 0.11693625019225018
2182 0.909482
2183 0.7782454309811857
2184 0.04777033333333347
2185 0.859443315744
2186 0.13861332886944916
2187 0.336276
2188 0.615051
2189 0.43141904623291294
2190 0.34318288294740773
2191 0.6129179788543334
2192 0.77076475
2193 0.08471663626261039
2194 0.12058800000000014
2195 0.9244999999999999
2196 0.8104080498166846
2197 0.8437482288840001
2198 0.9380034166666666
2199 0.6630746666666665
2200 0.2530043148095996
2201 0.8147059999999999
2202 0.6726621872295973
2203 0.9496391259319159
2204 0.8549315833333333
2205 0.841175
2206 0.19183033333333332
2207 0.351734
2208 0.44539040477465086
2209 0.18691265059599993
2210 0.399019
2211 0.7447862088089675
2212 0.1705964569973335
2213 0.2694915000000002
2214 0.053922000000000025
2215 0.842198
2216 0.87425
2217 0.8226616386361554
2218 0.5778066942584723
2219 0.613683824766128
2220 0.2890190000000001
2222 0.4158179924089933
2223 0.12451000000000012
2221 0.6651298607705526
2224 0.654300066609
2225 1.4509795
2226 1.3880583756249998
2227 0.017151730923798514
2228 0.4657260000000001
2229 1.3597327606828065
2230 0.611219
2231 0.3028609604000001
2232 0.9383553096085409
2233 0.8639265
2234 0.23880999999999997
2235 0.6725231153451354
2236 0.2439500000000001
2237 0.43627400000000005
2238 0.25
2239 0.891901482437738
2240 0.03333300000000028
2241 1.2990190000000001
2242 0.37249717527544157
2243 0.1383447699054019
2244 0.63082875
2245 0.7781140000000002
2246 0.35890570578417724
2248 0.1937903333333335
2247 0.35588300000000017
2249 0.07830546993789134
2250 0.72080475
2251 0.8328091863016627
2252 0.15719000000000016
2253 0.10098099999999999
2254 0.389093615577619
2255 0.8941169999999999
2256 0.5229053077324504
2257 0.9460780000000002
2258 0.8355744672956331
2261 0.9476550149382316
2259 0.6448240462706669
2260 0.3463248647630015
2262 0.022587315081000092
2263 0.47353
2264 0.097059
2265 0.30321690019225
2266 1.1933152110987268
2267 0.521310530833955
2268 0.7768361260704524
2269 0.8497260101888955
2270 0.8676470000000001
2271 0.9220341169984996
2272 1.146164
2273 0.8093777035575394
2274 1.4371571162822498
2275 0.4507766600134395
2276 0.18125402393578915
2277 0.6010213881375668
2278 0.9383154667868067
2279 1.1147060000000002
2280 0.19415111396900442
2281 0.5039238432206493
2282 0.6304264039848432
2283 0.10128358022702
2284 1.2205869999999999
2285 0.1846859999999999
2286 0.3715680000000001
2287 0.8511567101866735
2288 1.4844099999999998
2289 1.279412
2290 1.2216670000000003
2291 0.2932869823506665
2292 0.17830837748210238
2293 1.0535990000000004
2294 0.10962634994233356
2295 0.7748540000000002
2296 0.08293199098478365
2297 0.8733449999999999
2298 0.33335199999999987
2299 0.611182042986553
2300 0.9164624004229167
2301 0.713463557401
2302 0.8403383333333334
2304 0.668391882176
2303 0.37459137498522493
2305 0.6872550000000002
2306 0.32393631616155777
2307 0.259332273664
2308 0.2094773333333333
2309 0.23884660821868708
2310 0.6024955363075033
2311 0.5059015170833331
2313 0.6149857337562501
2312 0.4713009166666666
2314 0.8042316666666667
2315 0.48502618872790104
2316 0.5063089979240001
2317 0.055460052094836065
2318 0.07612535130041542
2319 0.8053778969959999
2320 0.1442883151892025
2321 0.3358889014251518
2322 0.46527402102500015
2323 0.49392562450786304
2324 0.793137
2325 0.9931037500000002
2326 0.17438555184351556
2327 0.848763
2328 0.42828
2329 6.013749109712307E-4
2331 0.34687143368355833
2330 0.615325894656
2332 0.694118
2333 0.27016589465599994
2334 0.7384609901207725
2335 0.17255837816225017
2336 0.10038447366400005
2337 0.9931370000000002
2338 0.5390223333333334
2339 0.5995480000000002
2340 0.5683992864585954
2341 0.8901644537578514
2342 0.540049
2343 0.3868852223396355
2344 0.0963385000000001
2345 0.461765
2346 0.2360643994809999
2347 0.8441717567090585
2348 0.7807167623886743
2349 0.22281814306681383
2350 0.3131043376900189
2351 0.07614718517944064
2352 0.11709299792400008
2353 0.31081304109748786
2355 0.27575718372514424
2354 0.707006862261821
2356 0.6087022891325833
2357 0.058979089518974126
2358 0.02254933333333331
2359 0.9028691097444017
2360 0.6082081603453429
2361 0.31986593668434526
2362 0.21665166996119178
2364 0.5962542388912102
2363 0.3790777794293334
2366 1.2872540000000001
2365 0.4112500000000001
2367 0.7592209933740283
2368 0.110784
2370 0.08216711478442096
2369 0.8634200000000001
2371 0.834314
2372 0.735293
2373 0.6445669901
2374 0.5046296666666668
2375 0.8566730586905749
2376 0.43532000000000015
2377 0.75098
2378 0.8090920083216694
2379 0.44999999999999996
2380 0.20290504631013362
2381 0.5359676199466953
2382 0.7596858091475965
2383 0.8493074109677642
2384 0.6372941467509805
2385 1.37353
2386 0.37024900000000005
2387 1.0863807790250004
2388 0.18725500000000017
2390 0.6041404438357728
2389 0.30236683333333336
2391 0.7377260000000001
2393 0.6220464787703834
2392 0.4835574495918664
2394 0.888761
2395 0.780292037505089
2396 0.8704077042321224
2397 0.06688015032573347
2399 0.9070961082209633
2398 0.459805
2400 0.35165813935025003
2403 0.14883302378598512
2402 0.12489553486098814
2404 0.7509290376405462
2401 0.3117572527963786
2406 0.5690216482864776
2407 0.16164800000000024
2405 0.0994947449935133
2409 0.414706
2408 1.252207
2410 0.7766168034602501
2411 0.7049400171237823
2412 0.3270901976682739
2413 0.2648946666666667
2414 0.25014696264900005
2415 0.24763144048182273
2416 0.801813415225
2417 0.5918633333333336
2418 1.087254
2419 0.8258989454870334
2421 0.007843000000000044
2420 0.6220833333333333
2422 0.25902235172099997
2423 1.1329139443506666
2424 0.8285201446282333
2425 0.57998988935025
2426 0.9186829999999999
2427 0.708555815925331
2428 0.7968760000000001
2429 0.14656193502500003
2430 0.7623459220823434
2431 0.6430319336800657
2432 0.461401509587821
2433 0.19607900000000034
2434 0.5544434882722045
2435 0.0660090696734447
2436 0.16623019209599987
2437 0.5228182586496315
2438 0.2822622704729165
2439 0.6909081502308159
2440 0.939101
2441 0.6153603333333333
2442 0.510785
2443 0.5071005177276646
2444 0.22589321081492586
2445 0.7397894232339007
2446 0.5714857404872433
2447 0.864707
2448 0.6943757695133617
2449 0.07255592399055732
2450 0.8921040422916666
2451 0.5306938065016876
2453 0.5241748105340747
2452 0.13640187720780106
2454 0.20425118502500017
2455 0.949992
2456 0.77379
2457 0.6719423274433962
2458 0.23648658208399997
2459 0.4930767853193623
2460 0.8268879132728955
2461 0.27900400000000003
2462 0.585209760804
2463 0.882082
2464 0.006275999999999948
2465 0.8082632774702798
2466 0.09009900000000015
2467 0.2604069053818556
2468 0.17156900000000008
2469 0.8356080000000001
2470 0.607438497225
2471 0.8707848222223333
2472 0.5146883549555998
2473 0.4429276614945434
2474 0.9490190000000001
2475 0.2260581296645321
2476 0.5748559639601689
2477 0.08016041109363803
2478 0.3079617434713264
2479 0.514404
2480 0.8093717605729167
2481 0.02109249999999996
2482 0.517647
2483 0.643237392713544
2484 0.19938625512568287
2485 0.7240452353273706
2486 0.08851058568476886
2488 0.44622930787714954
2487 0.570115045521
2489 0.7440934551738253
2490 0.30559318164440463
2491 0.7536990293564078
2492 0.5794229464399554
2493 0.8463982026437008
2494 0.7519057648524617
2495 0.40068402465052055
2496 0.7120606112553027
2497 0.6981211355431346
2498 0.497058
2499 0.43320233333333324
2500 0.359939849197523
2501 0.6262739999999999
2502 0.32929681574400016
2503 0.9241479339605878
2504 0.04131499999999999
2505 0.7928560888047733
2506 0.5564123471743333
2507 0.6202655761780811
2508 0.6679279453178258
2509 0.3458022801473558
2510 0.19313633333333335
2511 0.8077380000000002
2512 0.3105930000000001
2513 0.621013
2514 0.25642812742295634
2515 0.45152000000000014
2516 0.2985955809293135
2517 0.4463043333333334
2518 0.33496488708353556
2519 0.8856422729343333
2520 0.3380830432586015
2521 0.04929236145249971
2522 0.513822
2523 0.7929965022554544
2524 0.6050221350292768
2525 0.5013018540369167
2526 0.7183423259092846
2527 0.5422897588839999
2528 1.0054480000000001
2529 0.7243982222222223
2530 1.3618166666666667
2531 1.57198564754225
2532 0.7443453333333332
2533 1.407366789179051
2534 0.5400194933438437
2535 1.3628616666666666
2536 0.5805065
2537 0.38770140262198294
2538 0.09970089701728369
2540 0.17436977766628692
2539 0.04910153767338632
2542 0.19117699999999993
2541 0.3282125534995991
2543 0.707292
2544 0.2754364002490002
2545 0.8112004731029125
2546 0.650322566636217
2547 0.4782829668223152
2548 1.536274
2549 0.7110854806731541
2550 0.21109438024889848
2551 0.6333582475287287
2552 0.3265894471547916
2553 0.5872550000000001
2555 1.12647
2554 1.0387655860852962
2556 1.1460780000000004
2558 0.3898990734333334
2557 0.5167842199774946
2559 0.06587155687994506
2560 0.4660770000000001
2561 0.914997918416
2562 0.5888479964094395
2563 0.41762500259381635
2564 0.7892160000000001
2565 0.16947039616899445
2566 0.5216353302026667
2567 0.875983
2568 0.14845876232304894
2569 0.021156904889000003
2570 0.9082014872359163
2571 0.6396439036253023
2572 0.9464049999999999
2573 0.6372033493647684
2574 0.6134326325807555
2575 0.0696070000000002
2576 0.7833340000000002
2577 0.40549452516041606
2580 0.3325406666666668
2578 1.1573909999999998
2582 0.5957576217489619
2579 0.14664745986819705
2581 0.5819155800937764
2583 0.991571250409039
2584 0.18413561841600012
2585 0.7087158256626246
2586 0.07745100000000016
2587 0.6783352279893334
2588 0.22451
2589 0.505574375625
2590 0.737255
2591 0.3607143525468661
2592 0.7541654113802501
2593 0.6715679999999999
2594 0.82163036964025
2595 0.3410458373182501
2597 0.798227375625
2596 0.33852626628225013
2598 0.3460780000000001
2599 0.5077780516462806
2600 0.8965645569973334
2601 0.4825503678022123
2602 0.7222074542464465
2603 0.8652931492928073
2604 0.24674423944082446
2605 0.18931866666666664
2606 0.17158032317093008
2607 1.5911561233800475
2608 0.3096314689704134
2609 0.2570000000000001
2610 0.04027225000000001
2611 0.12997336775963952
2612 0.704205850884
2613 0.8117650000000001
2614 0.0616912296040002
2615 0.826964
2616 0.21599830958516733
2617 0.9178129428684304
2618 0.6503909951110016
2619 0.518249
2620 0.687227613432127
2621 0.110784
2622 0.7005498263073824
2623 0.02260466666666683
2624 0.5892118950252674
2625 0.5717172736639999
2626 0.500461
2627 0.099194
2628 0.9481837184701203
2629 0.33185172931566664
2630 0.8483086238269033
2631 0.9113724899997451
2632 0.4328241388140248
2634 0.6132703611287851
2633 0.7088128864979388
2635 0.17680099047802944
2637 0.3978169863893808
2636 0.09902000000000011
2638 0.5802659529363596
2639 0.800985723664
2640 0.636470663058661
2641 1.1141090000000002
2642 1.054012
2643 0.3439230000000002
2644 0.31428008333333346
2645 0.4085960946559999
2646 0.4201379999999999
2647 0.34442670563194094
2648 1.6862823624154288
2649 0.7154124472613806
2651 1.31078375
2650 0.7814681666090002
2652 0.07309334954342694
2653 0.20834860958381585
2654 0.914305873664
2655 0.24475254815952674
2656 0.6478630000000001
2657 0.4043748136332912
2658 0.7382197260696011
2659 0.28129157835571594
2660 0.8571260377167221
2661 0.24215699999999996
2662 0.17679699999999987
2663 0.49817242838279374
2664 0.62294389486914
2665 0.6800840000000001
2666 0.2862786299894627
2667 0.11299175000000017
2668 0.6719655042923955
2669 0.89240225
2670 0.8340970000000001
2671 0.31008521112427534
2673 0.5067808333333332
2672 0.676567102021005
2674 0.9414462643536697
2675 0.720334415225
2676 1.036011
2677 0.07265193158323036
2678 0.05467212376899999
2679 0.06372346707381316
2680 0.7931380000000001
2681 0.43260644045515695
2682 0.5896537382272387
2683 0.6377231818277405
2684 0.72549
2685 0.7504533333333333
2686 0.5754250767766309
2687 0.9656870000000002
2688 0.1748058062440001
2689 0.11784137030076836
2690 0.5709808333333333
2691 0.12148904768400004
2692 0.9179443756250001
2693 0.4805718236640002
2694 0.018713518732256684
2695 1.577210166666667
2696 0.007912694219765704
2697 0.6741799169574377
2698 0.7992267288592749
2699 0.928431
2700 0.24607800000000002
2701 0.5784320000000003
2702 0.8305038862726009
2703 0.0497722411249244
2704 0.5304780000000002
2705 0.6257590000000002
2706 1.04804
2707 0.3278643507846668
2708 0.37333154361013743
2709 0.19303070844900017
2710 0.16290986643600003
2711 0.08920367566357906
2712 0.8968747512336449
2715 0.5439250000000002
2714 0.04602382808693517
2716 0.7125579593785841
2713 0.3992134999999999
2717 0.6728017778686399
2718 0.60118603373792
2719 0.5658683626367489
2720 0.03518778501894074
2721 0.06722611811841255
2722 0.02692795135286674
2723 0.755278565680144
2724 0.9383978333333334
2725 0.8513539999999999
2727 0.09180484035138337
2726 0.7587060066934113
2728 0.700220672326952
2729 0.5107329999999999
2730 0.5915102750368613
2732 0.31557500000000016
2733 0.7061662086335746
2731 0.16503233333333345
2734 0.5659605177433611
2735 0.23039199999999993
2736 0.2987160363917745
2737 0.6319007976454104
2738 0.23976075316099998
2739 0.9218511671040367
2740 0.8865239999999999
2741 1.357924
2742 0.8886874166666667
2743 0.6359189022760116
2744 0.7852949999999999
2745 0.436685
2746 0.46225859160766847
2747 0.13149428562095222
2748 0.22612865059600007
2749 0.08167893477641575
2750 0.7431370000000002
2751 0.8914346814671443
2752 1.0484778829228334
2753 0.05604941313696421
2754 0.719255932831935
2755 0.822956182084
2757 0.38005
2756 0.3226950551040002
2758 0.44738100000000025
2759 0.4261650000000001
2760 0.20980300000000018
2761 0.73897675
2762 0.5055492651290001
2763 0.06404108333333336
2765 0.6534483327267664
2766 0.6744696481121335
2764 0.047806666666666775
2767 0.1839665745062502
2769 0.411613
2768 0.645309935025
2771 0.1820084772992101
2770 0.0037830842239515716
2772 0.7570785172208632
2773 0.8513547190401172
2774 0.6453482670760586
2775 0.4519599999999999
2776 0.17842575000000016
2777 0.07746000000000008
2779 0.8823529999999999
2778 0.2519610000000001
2780 0.20014100000000012
2781 0.6333552288833626
2782 0.31759100214112324
2783 0.5887976831791792
2784 0.11910798324307859
2785 0.5962799999999999
2786 0.36960800000000016
2787 0.5459011878080745
2788 0.9274545254317459
2789 0.3699950000000001
2790 0.5653736505411651
2791 0.36492716930616226
2792 0.9857076223287813
2793 0.7437906666666667
2794 0.0770540170952847
2795 0.9340674554690562
2796 0.671610353591785
2797 0.23531337231426122
2798 0.580407
2799 0.831373
2800 0.41320500000000004
2801 0.9407308502445746
2802 0.47308855346025
2804 0.24017228021688308
2803 0.5991101255059862
2805 0.6304584666090001
2806 0.5977945
2807 0.07058900000000023
2808 1.2736501206309259
2809 1.42587
2810 0.9343130000000002
2811 0.29303051219213017
2812 0.5570007857142858
2813 0.37352900000000017
2814 0.9484154306560001
2816 0.0018555501216288572
2815 0.42766617071562263
2817 0.08604002688086965
2818 0.7668376260050496
2819 1.0221440449968198
2821 0.5164583330156365
2820 0.616465
2822 0.7412460351592292
2823 0.4585680000000001
2824 0.1578440000000001
2825 0.514998318416
2826 0.45400146574400013
2827 0.8224426666666667
2829 0.577914
2828 0.545454
2830 0.7764707500000001
2831 0.1944755818820869
2832 0.365148450596
2833 0.050000000000000044
2834 0.373764
2835 0.7758116666666667
2836 0.35965565806513583
2837 0.5679553681299498
2838 0.3886821135491161
2839 0.4262863136436753
2841 0.5389431850249999
2842 0.25098
2840 0.6613405833333333
2843 0.43320400000000003
2844 0.480392
2845 0.8123345854927213
2846 0.407843
2847 0.541176
2849 0.5797296208189167
2848 0.37191508333333334
2850 0.5724777746380763
2852 0.17037542847067066
2851 0.564706
2854 0.8235293333333333
2853 1.1091510219663572
2855 0.026474666666666757
2856 0.22304989948099996
2857 0.1986240030198161
2858 0.5743356666666667
2859 0.11754712450840166
2860 0.539215
2861 0.01843727398842787
2862 0.5598040000000002
2863 0.305067
2864 0.932644918416
2865 0.214291
2866 0.5520239520997217
2868 0.815548265129
2867 0.882122381573003
2871 0.2617777624902502
2869 0.8140506664360001
2872 0.06586599999999998
2873 0.06424849999999993
2870 0.014706000000000108
2874 0.3410582245632232
2876 0.7532986666666666
2875 0.727529661948834
2877 0.134865
2878 0.7542690000000001
2879 0.2815687185225908
2880 0.8803920000000001
2881 0.8487169619440775
2882 0.9080699279553706
2883 0.7061534052512617
2884 0.8358222604035319
2885 0.23988065884403875
2886 1.3485217401
2888 0.5822366854597198
2887 0.8933266270156413
2889 0.33590813829558813
2890 0.00611183895230738
2892 0.18260933802353785
2891 0.5419521664360001
2894 0.7423795
2893 0.33871179892192904
2895 1.055975559690386
2897 0.7648930939062502
2896 0.8727652962928885
2898 0.044455535880398744
2899 0.47405783157922665
2900 1.252512
2901 0.3042747855082797
2902 0.03140822366400009
2903 0.6084123180784611
2904 0.6748352849225355
2905 0.12382131841599997
2906 0.814821066609
2908 0.7512337804368451
2907 0.367217613841
2909 0.9137253333333334
2910 0.1464080000000001
2911 0.7445793610520506
2912 0.6774520000000002
2913 0.8384881732619234
2914 0.47352899999999987
2915 0.0028492698530675487
2916 0.6935930812666844
2917 0.5940553505025443
2918 0.2473223972473575
2919 0.6000874573401874
2920 0.42450999999999994
2921 0.6564096896809999
2922 0.5232509999999999
2923 0.10705816666666679
2925 0.12086065800267476
2924 0.8161961058438791
2926 0.49171460169166664
2927 1.054438229923058
2928 0.6971341065089067
2929 0.8858158333333334
2930 0.10247044820548568
2931 0.24818832343333352
2932 0.08985577290414182
2933 0.8284309999999999
2934 0.4791894736640001
2935 0.1749247306322499
2936 0.5481206657440001
2937 0.177354
2938 0.40882300000000016
2939 0.5264709999999999
2940 0.18529400000000007
2941 0.1606512978254162
2942 0.8446030680840577
2943 0.718628
2944 0.760142432110811
2946 0.8856029999999999
2945 0.908896956641333
2947 0.7314749999999999
2948 0.04888687388358337
2949 0.8334727500000001
2950 0.3705884271355818
2951 0.7581296661476666
2952 0.8904169254465255
2953 0.619057
2954 0.30131639650048136
2955 0.5918794788543333
2956 0.538775
2957 0.532998
2958 0.42295693502500004
2959 0.3815010055555834
2960 0.17667064489264286
2961 1.523908110916237
2962 0.7766480273585081
2963 0.8149872455388407
2964 0.36361652907424236
2965 0.12198848304871629
2966 0.3836484736790158
2967 0.1553421383055198
2968 0.2905620000000002
2969 0.2933020000000002
2970 0.953921
2971 0.11163086968858327
2972 0.34006710380624994
2973 0.34697291522500007
2974 0.45133100000000015
2975 1.4598030000000002
2976 0.09230739433084456
2977 0.810784
2978 0.6830914834490671
2979 1.219201805622162
2980 0.6535393206012434
2981 0.4488968273542969
2982 0.3732725831142212
2983 1.608823
2984 0.08267825000000006
2985 0.8999715943078764
2986 0.15185709861347552
2987 0.9889059999999998
2988 0.20568399999999998
2989 0.7759499263121941
2990 0.3823823333333334
2991 0.5549052917418036
2992 0.2225490000000001
2993 0.8094108333712526
2994 0.21269168865599997
2995 0.7225490000000001
2996 0.39936799999999995
2997 0.22141286327442478
2998 0.14577300000000015
2999 0.655883
3000 0.9374957363171019
3001 0.36535964103138974
3002 0.6939668589583333
3003 0.5764933707233872
3004 0.02310313587267121
3005 0.722111456797938
3006 0.795297
3007 0.11666600000000016
3008 0.847059
3009 0.8915570683807665
3010 0.4989206666666668
3011 0.5598496850249999
3012 0.5699205074009999
3013 0.6258090000000001
3014 0.503909323664
3015 0.9087593037115353
3016 0.8855290637283011
3017 0.1141447499999999
3018 0.6125698148114527
3019 0.39946470213931096
3020 0.32530105410898824
3021 0.6534066217610001
3022 0.2752420000000002
3023 0.26569
3024 0.30882300000000007
3026 0.3305520915851812
3025 1.55
3027 0.8574215357832217
3028 0.8200364999999998
3029 0.21603093166328602
3030 1.2724620000000002
3031 0.9106880000000002
3032 0.16194999999999982
3033 0.7827295416951953
3034 0.7490224028053266
3035 0.37941099999999994
3036 0.057335770512325634
3037 0.9314455820503538
3039 0.6779486303594506
3038 0.16758800000000007
3040 0.12263333333333337
3042 0.8713960000000001
3041 1.4794120000000002
3043 0.5438685409941175
3044 0.5045606422911673
3045 0.617748
3046 0.3510548491573833
3047 0.4204733333333335
3048 0.49149623045114565
3049 0.9778
3050 1.0756692368871084
3052 0.3474932500000001
3051 0.3285024999999999
3053 0.2024022051933796
3055 1.4872560000000001
3054 0.8406639961960001
3056 0.8729153727025326
3057 0.842490202090658
3058 1.5512629999999998
3059 0.8331616666666666
3060 0.07866286461356209
3061 0.34092432856711646
3062 0.3147863333333334
3063 0.6350036054402499
3064 0.9253468757476284
3065 0.15418424500410421
3066 0.20776902670440767
3067 0.2808586666666668
3069 0.2832433333333333
3068 1.0978785105729167
3070 0.025345803373048037
3072 0.150053
3071 0.5408453126490003
3073 0.503922
3074 1.1147060000000002
3075 0.7036330000000001
3076 0.22349976138025007
3077 0.6229640438240174
3078 0.6213235000000001
3082 0.4127440000000002
3080 0.2622554771391936
3081 0.4527620000000001
3079 0.6294052079085025
3083 0.7108977399207437
3084 0.2793366042946166
3085 0.8863373333333333
3086 0.418536017536
3087 0.3715680000000001
3088 0.792157
3089 0.3245100000000001
3090 0.8708787897166592
3093 0.1427210000000001
3092 0.7790063262428101
3091 0.4292016113802499
3094 0.511364
3095 0.4229248354583326
3096 0.09857098375625006
3097 0.785675120271601
3098 0.3169256247877835
3099 0.029641333333333297
3100 0.2700938539567752
3101 0.8284310000000001
3102 0.05497608333333326
3103 1.161456
3104 0.8762664545544137
3105 0.14901900000000023
3106 0.5527440074010002
3107 0.39835194473314695
3108 1.0715679999999999
3109 1.0216459999999998
3110 0.6323529999999999
3111 0.5986116666666668
3112 0.7803926666666666
3113 0.30037643237970557
3114 0.371324
3115 0.1488092822730646
3116 0.8716603708189166
3117 0.553922
3118 0.42041883755249876
3119 0.7954252868633198
3120 0.729622935025
3121 0.5248897265207597
3122 0.488903429604
3123 0.7745090000000001
3124 0.07884449619440059
3126 0.12852700076900003
3125 0.13918248679358336
3127 0.027232666666666683
3128 0.34704899999999994
3129 0.6137971171717275
3130 0.6238934087506185
3131 0.4775610000000001
3132 0.40882300000000016
3133 0.814304549481
3134 0.5182887697944741
3135 0.317191790241076
3136 0.8148676850250001
3137 0.810914688889
3138 0.9333097721364736
3139 0.5904510340257905
3140 0.009476999999999958
3141 0.5638522906770427
3142 0.6253615858617505
3143 0.8240552766156777
3144 0.46781958279155517
3145 0.008240000000000025
3146 0.8547069346743152
3147 0.7787597597471887
3148 0.23310325799963438
3149 0.32254894440000004
3150 0.6327636362485609
3151 0.5577181583560757
3152 0.8955572863268493
3153 0.34634866666666686
3154 0.9158005
3155 0.8346280000000001
3156 0.175779043395633
3157 0.55488261768156
3158 0.357842
3159 0.870588
3160 0.6818949999999999
3161 0.6147060000000002
3163 0.8276813224999999
3162 0.8355684541522499
3164 0.919608
3165 0.1794119999999999
3166 0.0166670000000001
3167 0.09403018263486906
3168 0.746839
3169 0.8313180000000002
3170 0.4203740225877517
3171 0.596078
3172 0.7342746422044422
3173 0.38493955884531217
3174 0.8062910833333333
3175 0.6339991246127561
3176 0.5699245941709787
3177 0.62549
3178 0.643137
3179 0.01441901348937591
3180 0.09313700000000003
3181 0.8365740980923291
3182 0.35740108114239955
3183 0.6972501499423333
3184 0.03823600000000005
3185 0.3245100000000001
3186 0.05683597338019619
3187 0.4886853439679164
3188 0.4913395081985856
3189 0.891177828232206
3190 0.20914586297600002
3191 0.14905199999999996
3192 0.04215600000000008
3193 0.6825756568391932
3194 0.43574409377242596
3195 0.154086317225
3196 0.9017618289515978
3197 0.7771862277369394
3198 0.6555723685181452
3200 0.7239496924118061
3199 0.4860596691750903
3201 0.9100955006087839
3203 0.24290070452955348
3202 0.5899137399257559
3204 0.6057790000000001
3205 1.3666219999999998
3206 0.56089019743163
3207 0.8362740000000002
3208 0.6118620985039666
3209 0.26172137998000344
3210 0.964386
3211 0.895882
3212 0.6828859132371949
3213 0.9472007804890001
3214 0.7032650859022819
3215 0.7183046639773791
3216 0.5285497399000528
3217 0.610530415225
3218 0.30032841666666665
3219 0.872919901056
3220 0.4431641423546253
3221 0.6224014085807562
3222 0.7490906200959999
3223 0.9484346957149372
3224 0.7249795651290001
3225 0.7586652369
3226 0.892646591345511
3227 0.335348
3229 0.6062645510642448
3228 0.1217954278522424
3230 0.7010439171108522
3231 0.8640526666666666
3232 0.016648681687436495
3233 0.0824689999999999
3234 0.7865700288999999
3235 0.7795903410752523
3236 1.3305533333333333
3237 0.5730782480313249
3238 0.07182198403440654
3239 0.691176
3240 0.767123983212928
3241 0.4766073414933346
3242 0.42862766666666663
3243 0.16259508241618192
3244 0.581511415225
3245 0.4289965123911048
3246 0.7220165950240001
3247 0.007933091560894601
3248 0.18415822525785663
3249 0.334241
3250 0.70880994227344
3251 0.562243
3253 0.6029420000000001
3254 0.25336275659952556
3255 0.9009262301870148
3252 0.5812386341578928
3256 0.6470565664582033
3257 0.641468600769
3258 0.3421153229535834
3259 1.56206
3260 0.4029019876875284
3261 0.9307755013518434
3262 0.388264510584667
3264 0.3480390000000002
3266 0.6098049999999999
3265 0.23112700000000008
3263 0.26523245799247497
3268 0.8941818205368203
3267 0.5631205978841984
3269 0.4088963817869533
3270 0.4526209292872426
3271 0.04333627616283019
3273 0.4898454204998927
3272 0.38137200000000004
3274 0.08837441522500011
3275 0.466053
3276 0.5091414496352699
3277 0.23832048513545057
3278 0.389216
3279 0.09030500000000008
3280 0.5587880000000001
3281 0.6224926411657401
3283 0.865686
3282 0.3426792425480105
3285 0.6397145388332068
3287 0.9219608333333333
3286 0.824511
3284 1.334843893680069
3288 0.15639205076899998
3289 0.912974124059154
3290 0.14868426562500003
3291 0.22531650000000014
3292 1.738236
3293 0.5450840000000003
3294 0.007776080426610599
3296 0.18749998092844344
3295 0.6147060000000002
3297 0.8129567148724659
3298 0.2168203705182954
3299 0.661764
3300 0.26774400076899996
3301 0.9112223015495591
3302 0.5466498938298847
3304 0.10160184203122413
3303 0.6922229878873031
3305 0.720588
3306 0.8766638643095791
3307 0.52451
3308 0.47775999999999996
3309 0.8356941735069521
3310 0.689524
3311 0.21862800000000004
3312 0.27010849020048644
3314 0.8270004987129368
3313 0.8502460000000001
3315 1.0856199999999998
3316 0.4001933078559998
3317 0.8019000000000001
3318 0.9074396666666666
3319 0.41539196159180486
3320 0.1789942499999999
3321 0.400968
3322 0.23697644110400007
3323 0.16836700000000016
3324 0.28512347617089406
3327 0.8094829744667129
3325 0.581387382084
3326 0.5089557141897791
3328 0.75726927532962
3329 0.5323530000000001
3330 0.7544289666668926
3331 0.6428204638768704
3332 0.16568906512899995
3333 0.2501084293699456
3334 0.7685464217610001
3335 0.02387533333333347
3336 0.4637260000000001
3337 0.553922
3338 0.89143
3339 0.23572827047291667
3341 0.5717625833333333
3340 0.20748316643599996
3342 0.381164664644
3343 0.2811070000000002
3344 0.437255
3345 0.880930072632885
3346 0.377451
3347 0.5047683839082777
3348 1.1617650000000002
3349 0.34110600000000013
3350 1.197433
3351 0.30840246391156967
3353 0.3539962992011392
3352 0.74627644530025
3354 0.005949951862320724
3355 0.1123169902735896
3356 0.2135800000000001
3357 0.1130225644753371
3358 0.608898021761
3359 0.2828528758901887
3360 0.4460226412603854
3361 0.6048720000000001
3362 0.47978196392179473
3363 0.10363728863730776
3364 0.4056896455210002
3365 2.0323539999999998
3366 0.5912836695158197
3368 0.467455096281
3367 0.38475660391407396
3369 0.324774153937762
3370 0.734315
3371 0.555882
3372 0.1763042152318317
3373 0.4905528629647231
3374 0.143138
3375 0.2856895213992352
3376 0.0367090000000001
3377 0.456162428383726
3378 0.8057753667690998
3379 0.5425011725463933
3380 0.6610266118255834
3381 0.8030421716264625
3382 0.5892169999999999
3383 0.7469695513584315
3384 0.020361855440250043
3385 0.5541676832756667
3386 0.3210037459823334
3387 0.7247023333333333
3388 0.7288820833333334
3389 0.506927
3390 0.3838452276172272
3391 0.8598647401
3392 0.75294125
3393 0.5603940000000001
3394 0.18619600000000003
3395 0.7788362530416106
3396 1.2943680000000002
3397 0.2515829999999999
3398 0.6203102832756667
3399 0.14340602960400006
3400 0.6545278626575981
3401 0.17356533815360775
3402 0.9194375614269003
3403 0.8790056007669685
3404 0.22048331103411356
3406 0.2124941507389193
3405 0.044770666666666736
3407 0.44889975000000004
3408 0.7534069010096651
3409 0.24574848771117463
3410 1.3107850000000003
3411 0.316384
3412 0.06049052454738679
3413 0.06666700000000003
3414 0.640078624601
3415 0.896343666436
3416 0.7656881102149562
3417 0.10098000000000007
3418 0.3183797500000001
3419 0.9198316426563178
3420 0.03477233125459278
3421 0.4896885968692444
3422 0.36960800000000016
3423 0.279304368447284
3424 0.605023066025
3425 0.3527880000000001
3426 1.3320049999999999
3427 0.44804344552100006
3428 0.8043415725401831
3429 0.5446243010338672
3431 0.6378074632278513
3430 0.4704994190081584
3432 0.24560795622051462
3433 0.6729760391485412
3434 0.7315256507602685
3435 0.697635
3436 0.5093630000000002
3437 0.6744698349558507
3438 0.7984885745903514
3439 0.687916
3440 0.22374566666666662
3441 1.0124090953372262
3442 1.6284320000000003
3444 0.32428029465600017
3443 0.7265716666666668
3445 0.8354427466610993
3446 0.4285146822916668
3447 0.0646650000000002
3448 0.33308403490000016
3449 1.1725126666666668
3450 0.7669509999999999
3451 0.4056556443308448
3453 0.5038091154554254
3452 0.7252880000000002
3454 1.071569
3456 0.3977193902245457
3457 0.4990958061133963
3455 0.5833330000000001
3458 0.7577234476750728
3459 0.6198907892063372
3460 0.5083780000000002
3461 0.7693436294558058
3462 0.012757133809938703
3463 0.5382360000000002
3464 0.23321524999999999
3465 0.5965990000000001
3466 0.2106218969136291
3468 0.10522874999999998
3467 0.968909
3469 0.5334820000000002
3470 0.6425999445339126
3471 0.3529596666666668
3472 0.7993457461349865
3473 0.7532076738492947
3474 0.6539210000000002
3475 0.42120989021590804
3476 0.47685932538274334
3477 0.24012233333333355
3478 0.23048785380625003
3479 0.4975234296040001
3480 0.02927533333333332
3481 0.16707402281197845
3482 0.053921333333333266
3483 0.5823406666666667
3484 0.405882
3485 0.3813720000000001
3486 0.8312364808625388
3487 0.9735717434293325
3488 0.8673233042826667
3489 0.802515413841
3490 0.6940500833333336
3491 1.209985194916
3492 0.7180812348451984
3493 0.8590860833333336
3494 0.7371716166795901
3495 0.571655964380612
3496 0.23553857318157756
3497 0.45396684851971536
3498 0.26205935957631454
3499 0.372408870128299
3500 1.0707994166666668
3501 0.8706854333394838
3502 0.1710325960752439
3503 0.792670632958337
3504 0.5407670779174931
3505 1.4737640000000003
3506 0.10157556333688222
3507 0.3595380629760001
3508 0.835294
3509 0.9341534235033637
3510 0.46002333333333345
3512 0.7214579999999999
3511 0.42250126734813614
3513 0.585090240256
3514 0.714411392196
3515 0.07121599999999995
3516 0.470661821761
3517 0.6238269976490078
3518 0.7161663589897624
3519 0.7741963333333333
3521 0.014029394199445377
3520 0.18401990454239892
3524 0.6932448910283795
3522 0.07037406325701664
3523 0.9033564826170741
3525 0.3054044233558047
3527 0.3181262191878334
3526 0.08267933333333333
3528 0.4451244166666668
3529 0.393699
3531 0.8691000292238114
3530 0.31862800000000013
3532 0.562057318416
3533 0.7393903145184183
3534 0.46122974009999995
3535 0.39050073046529454
3536 0.6329683333333334
3537 1.1035605791977303
3538 0.20220086527776582
3539 0.44999999999999996
3541 0.8328422433244574
3540 1.0973285939062498
3543 0.10895400000000022
3542 0.43594656586849534
3544 0.8836440000000001
3545 0.7722369999999998
3546 0.25800925501139993
3547 0.6078620291929824
3548 0.17962139597587046
3549 0.6941180000000002
3550 0.6874944249796039
3551 0.7110754145290001
3552 0.5892160000000002
3553 0.8983634253419197
3555 0.903921
3554 0.8617802687417562
3556 0.48063225
3557 0.7832371706980736
3558 0.2333320000000001
3559 0.5076207586560002
3560 0.6012085851000314
3561 0.17897699999999994
3562 1.3970579999999997
3563 0.6166670000000001
3564 0.18594766666666662
3565 0.007006923229293305
3566 0.8635966870065661
3567 0.6896431714917617
3568 0.028896429603999962
3569 0.064709845521
3570 0.7970389166666667
3571 0.09694560708945166
3572 0.5026319877075281
3573 0.7715539681267534
3574 0.8543855396399622
3575 0.14917800000000003
3576 0.46837228171675604
3577 0.46325185125834767
3578 0.2982753113802501
3579 0.8574249004170102
3580 0.2604356308672726
3583 0.4920965022061248
3581 0.2984473333333335
3582 0.05898900000000018
3584 0.34454202419650204
3585 0.08627400000000018
3586 0.8413504763427742
3587 0.22170500000000004
3588 0.16024545059600004
3590 0.2735210000000001
3591 0.16729400000000005
3589 0.5447899720135618
3592 0.612744
3593 0.941119702492316
3594 0.8661808748473437
3595 0.9019563333333334
3596 0.42450999999999994
3597 0.40116666666666667
3598 0.6175096083094438
3599 0.7770907540876346
3600 0.5739315575307617
3601 0.12949633333333344
3602 0.6049009999999999
3603 0.5264710000000001
3604 0.6138253756250001
3605 