1 2.194407095337226
2 0.9445178353894284
3 0.7616609236351359
4 0.9578430000000002
5 0.4784569999999999
6 0.030452804126607558
7 0.35717038260917766
8 0.5199975907905695
9 0.9523441875440024
11 0.45966424584693555
10 0.6159435429641769
12 0.7489160100775594
13 0.9033187459824121
14 0.06952659510823178
15 2.92255
16 0.7223107231267689
17 0.7852856885574624
18 0.0222313028751705
19 1.2411649999999999
20 0.930531522235454
21 0.6999460211004973
22 0.6476047324902001
23 2.2976934547434267
24 0.32050553317781927
25 0.5856786681113233
26 0.6519619999999999
27 0.8156641326497
28 0.3874633911783064
29 0.4598303630140206
30 0.35808506259769035
31 0.6478893236820229
32 1.4693669299571088
33 1.119020127652637
34 0.5080262044620723
36 0.1662183798809016
35 0.9202255632172607
37 0.00817428224984651
38 0.35898384993628163
39 0.38679750471289537
40 0.5341082643701778
41 0.43475909904012866
42 0.8113506379388944
43 0.5271092066550328
44 0.27797366004306234
46 0.7093572496869985
45 0.4902936580211309
47 0.7888982397705
48 0.8208501963953831
49 1.1470093554306022
50 0.317298653260468
51 0.6132144826514303
52 0.8042735000000001
53 0.18091595125049809
54 0.9168396166988224
55 0.16457535793053735
56 1.185294
57 0.7536765114890697
58 0.9010142986972097
59 0.8214266773209854
60 0.28392329973116204
61 0.7828124455117922
62 0.7931359999999998
63 1.3965209922318775
64 0.14952060108538268
65 1.9598040000000003
66 0.42313342804400444
67 0.2970757794925334
68 0.9302372692903673
69 0.3597044660520716
70 0.3391942973267609
71 0.7323109042620496
72 0.643861614549897
73 0.644135
74 0.28576731854144133
75 0.8263207466090963
76 0.07953800000000011
77 0.7036629999999999
78 0.43146949999999995
79 0.9063668288690548
80 0.7436182261767581
81 0.7538956296018058
82 0.786275
83 0.7882359999999999
84 0.719354
85 0.01711445892096941
86 0.4799035503555307
87 1.881372
88 0.586275
89 0.4958359177872793
90 1.320090870022528
91 0.03405865212422554
92 0.8848468406333594
93 0.6911769999999999
94 0.6401969999999999
95 0.37247217642543395
96 0.35698300000000005
97 1.020871912207559
98 1.123454
99 1.5578532259651292
100 2.072588105331981
101 0.8874918752779712
102 1.7899697020768797
104 0.6863680000000001
103 0.6448905789073596
105 0.896050158414901
106 0.9294988573692897
107 0.624881
108 0.779412
109 0.026939999999999964
111 0.3807830806642276
110 0.5786679266094688
112 0.5301697659137468
113 0.8118802179800075
114 0.7150456849091524
115 2.3039240000000003
116 0.16414398494335303
118 1.5986998744806782
117 0.4580318625959843
120 0.39181774916792955
119 0.5278657362331147
121 0.9825173588527953
122 0.24011179888055056
123 0.317678887760648
124 0.19639416194340198
125 0.5494998504556701
126 0.9432854271505712
127 0.12013423003437862
128 0.5034819344702001
129 0.8677724051143358
130 0.6106083936274891
131 0.28087631236664223
132 0.402941
133 0.7779995
134 0.5561974248467763
135 0.1031251710703256
136 1.4057280017068818
137 0.40317564685864493
138 0.668868
140 0.21766489596819816
139 0.7061367442234192
141 0.6234594999999999
142 0.22397897065943462
143 0.28464792894047686
144 0.891625101602306
145 1.5667060000000002
146 0.182125485823873
147 0.2774509999999999
148 1.126752289452684
149 0.752942
150 0.24320817560810926
151 0.676555059216847
152 0.0719458081632316
153 0.3897461977247755
154 0.13039299999999998
156 0.493476
155 0.397347141416031
157 0.35871455914359535
158 0.0024892355023822255
159 0.5288725487916357
160 0.29395594358703003
161 0.3674176234520219
162 0.8718980000000001
163 0.5482335407294576
164 1.7940621635126528
165 0.3936278156760593
166 0.11862799999999996
167 0.6585414760709627
168 0.04326123720665631
169 0.8118184576639295
170 0.611576
171 0.7752455973674102
172 0.703320450935861
173 0.21922175594700288
175 0.49265124378746705
174 0.5123283555310995
176 0.7005415697959511
177 0.42442900000000017
178 0.5305319073880574
180 0.685613366327803
179 1.114719092581972
181 0.6882355
182 0.369225635859767
183 0.8921690000000002
185 0.672707152093318
184 0.12402242927780516
186 0.7539214999999999
187 1.4348733966729383
189 0.7040180000000003
188 0.061781821698161155
190 0.4918661778885911
191 0.02218277584609707
192 0.6159972686838583
193 1.275353137224305
194 0.24372497911411095
195 0.851334460670232
196 0.6456492584741398
197 0.08134076013023739
198 0.321909
200 0.03431300000000004
199 0.6672118133753828
201 0.6663929763010339
203 0.23165670981122188
202 0.5073030000000001
204 0.6678123347532251
205 0.509426
206 1.51238872159743
207 0.35554554197690735
208 0.5264700000000002
209 0.16388457352210573
210 0.9790950000000003
211 0.39555802641331206
212 2.2845285119866574
213 0.6764024011640857
214 0.57312675961524
215 1.016150416596913
216 0.5026318534469276
217 0.766505381952598
218 0.483333
219 0.8246061088996699
221 0.20527023130173228
220 0.09189099999999994
222 0.546079
223 0.8284309999999999
224 0.8872843167063305
225 0.4411745
226 0.5265958896801586
227 1.9886140000000003
228 0.7457088717846483
229 0.5005809684518847
230 0.438600197453738
231 0.643137
232 0.780961
233 0.8174896215995212
234 0.48029609894425884
235 0.0035985001833487296
237 0.07533032450870625
236 0.511538
238 0.7875430981472011
239 0.9098040000000001
240 0.427451
241 0.5485861148747198
242 2.7472863785354873
243 0.7981419634724706
244 0.6078860207037654
245 0.2215530000000001
246 0.8628795471189155
247 0.10821810897597328
248 0.713750866833264
249 0.49739
250 0.061268207143179376
251 0.21369953791506302
252 0.31297300000000017
253 0.9229202653860733
254 0.3159958389248232
255 0.4431346928571613
256 0.7153775
257 2.9305203412577923
258 0.34993200000000013
259 0.9494423810516208
260 0.7895202978219158
261 0.7811160000000001
262 0.482395201767206
263 0.03381639094417088
264 1.7575550000000002
265 0.559032976628461
266 0.259182
267 0.941176
268 0.5444975033109567
269 0.7646263218575324
270 0.5147055
271 0.7384853336095357
272 0.8798500573951551
273 0.8463445972978856
274 0.8606332131447929
275 0.5011788792155689
276 0.18026988860614002
277 0.03939263893181355
278 0.559411985264948
279 0.3992295
280 0.7697484336776113
281 0.6422987142857143
282 0.18501668328068255
283 0.2983138897884978
285 0.4696231479100841
286 0.4132716766145615
284 0.2648597499627946
287 0.5231084130272419
288 0.928596350542671
289 0.45862255776523214
290 0.11950762668694304
291 0.6205880000000001
292 0.3462861703890818
293 0.6774440000000002
294 0.933774
295 0.7206136295015316
296 1.5039210000000003
297 0.1582745632440743
298 0.9484198566206015
299 0.7195002996664468
300 0.7288701619680221
301 0.08395547187443286
302 0.5127445
303 0.762596
304 0.0911820000000001
305 0.2582354491565966
306 1.2140704494336634
307 0.3348626996834016
308 0.919122
309 0.8425842582011766
310 0.8288971331839254
311 0.9146846710442704
312 0.44608000000000003
313 0.4774782985444911
314 0.5640627173313705
315 0.23100799999999988
316 0.4399959435914278
317 0.3245946752096229
318 0.5435345
319 0.9453739674893837
320 0.40863597594099443
321 0.28289031945504317
322 1.15656544236205
323 1.1437217072818824
324 1.0126952187829248
325 0.2808577473238454
326 0.2748302160582605
327 0.23089927994873638
328 0.6825981426930804
329 0.23961504140338108
330 0.3893645000000001
331 0.4049020000000001
332 0.9072996302840652
333 0.6314985
334 0.5928892606120424
335 0.3707640000000001
336 0.18750024496342355
337 1.1530273475812851
338 0.39901999999999993
339 0.558084216966837
340 0.5087204887948691
341 0.7711519183783755
342 0.8476494930159523
343 0.806862
345 0.8576619446081268
344 0.72549
346 0.6931303687535936
347 0.15659203010984046
348 0.36157029991504325
349 0.07888238033399841
350 0.5882350000000001
351 0.21333178679860976
352 0.48933798330831574
353 0.444144616131936
354 0.5211751521788
355 0.706863
356 2.243969
357 0.8740465
358 0.3267247333560319
359 0.33562972420328974
360 0.040246000000000115
361 0.8827788127041349
362 0.477655868192234
363 0.19684183389203636
364 0.04381802952485725
365 0.03823600000000005
366 1.3234494589769004
367 0.8622258738566804
368 0.2142671142821777
369 0.7493243337551705
370 0.21387720915678554
371 0.5608759652358181
372 0.8413897160126078
374 0.30980399999999997
373 0.5423420000000001
375 0.20979104003276183
377 0.6038456930614884
376 0.9200474311813958
382 0.2603244990881799
381 0.009328706573397239
380 0.10698267648699056
379 0.19198251869439753
383 0.21425379112657783
378 0.11198543609297107
384 0.08654594742224408
385 1.017876172690258
386 0.3813797786916091
387 1.0223485406598116
388 1.134313
389 0.004878351706240069
390 0.9644550558001459
391 1.0444416962563545
392 0.8246013718342597
393 0.7010302224992409
394 0.24332620263245874
395 0.7660744346363751
396 0.10098000000000007
397 0.007187757004289086
398 0.9423189178264832
399 1.7486540000000004
400 0.6838329170960695
401 0.9259375672924564
402 1.3646430000000003
404 0.07437885868734928
403 0.7904368626209335
405 0.9167957520565798
406 0.43033669001542507
407 1.059804
408 0.22607647026601874
409 0.41981151738788336
410 0.21792552304026946
411 0.4131185729515552
412 0.23445180311400904
413 0.039860920931689026
414 0.27920902191263774
416 0.1572265296700397
415 0.8366659306466415
417 0.32165850105416616
418 1.90751
419 0.5560386230554462
420 1.2985001880903184
421 0.5025571266569768
422 0.6221077605862944
423 0.08083469315900516
424 0.7890265409222921
425 0.14789000000000008
426 0.785584750557282
427 1.7589669811666344
428 0.5458130489642903
429 0.5751450595555294
430 0.17606798768564524
431 0.7176322194553851
432 0.22450900000000007
433 0.8252395979428013
434 0.14704959594105738
435 0.4425809280782631
436 0.9068625
437 0.11322731067957781
438 0.9543330615508061
439 1.3525647354602996
440 0.9575650263136508
441 1.1760899836416032
442 0.38387486155214634
443 0.274509
444 0.5690468008204855
445 0.8576166666328503
446 0.85678
447 0.8829464779100725
448 0.1283684439892021
449 0.029412000000000105
450 0.8636512149046203
451 0.05182427208782725
452 0.4357497268445263
453 0.4891946553865021
454 0.5174577546245447
455 0.6763205811005254
456 1.8393444254741473
457 0.6071806686409692
458 0.3808034913811278
459 0.17764704089310812
460 0.4373893177629731
461 0.715515
462 0.35786000000000007
463 0.296533405299342
464 0.7091062313090999
465 0.3694919839275672
466 1.620588
467 0.7411403889161592
468 0.837575
469 0.18374500000000005
470 0.9190010000000002
471 0.7304280036831168
472 0.7284994085976793
473 0.2296728732240425
474 0.5717512923673553
475 0.019135794528265748
476 0.10861532618918379
477 3.0553095542527853
478 0.6248834766404932
479 0.08377066057178806
480 1.5424200000000001
481 1.1946070226442835
482 0.30314268842867453
483 0.9425855
484 0.928974113661202
485 0.020552905068168537
486 0.6169773948549906
488 0.5122912131299255
487 3.1708671563775193
489 0.2993109556533573
490 0.541177
491 0.7774443152582093
493 0.23543490765297403
492 0.07759453403532524
495 2.3198980000000002
494 0.3470296054139814
497 0.45927685860271095
496 0.017938855334465154
498 1.069304586369283
499 0.15273989262923693
500 0.7200941227637891
501 0.8528821542909484
502 0.9151713994610924
503 0.03542550223650953
505 0.3700551192112711
504 0.905789053033174
506 1.7516689481206853
507 0.16236690464800918
509 0.2656860000000001
510 0.7191201434174378
508 0.4530360289998574
511 0.4881220317023647
512 0.07784571765275605
514 0.891176
513 0.6706647049767704
515 0.42254900000000006
516 0.27504426316622865
517 0.754268996331859
519 1.7166660000000002
520 0.4182934736510113
518 0.41687979932849994
521 0.534314
522 0.539704672669839
523 0.052809644742353834
524 0.05852026983489256
526 0.32976056095928263
525 0.46290378217989314
528 0.5539210000000001
527 0.7796108710077201
529 1.8640341856810714
530 0.6905235392064476
531 0.5070500000000002
532 1.522915
533 0.015488775620428052
535 0.23294410712991698
537 0.6980389999999999
536 0.8469397866857695
534 1.1158054242765167
538 0.2097435101890721
539 0.482399
540 0.8057858613120337
541 0.22091183489328037
542 0.115765609559352
543 0.9098040000000001
544 0.26675670468567314
545 0.9199893928904708
546 0.5439706563625694
547 0.42795167991505983
548 2.67941
549 0.2872610000000002
551 1.1382619999999999
552 0.36006697955233125
550 0.21274499999999996
553 0.7104718092035295
554 0.6506740000000001
556 1.3834076655201641
557 0.21635085604507864
558 0.4875069318230112
555 0.7658045227018642
559 0.738235
560 0.7854337236996823
561 0.8626556675389025
562 0.4695067613535526
563 1.0
565 0.9725490000000001
564 0.9099096466238425
566 0.563725
567 2.7431355
568 0.9526636374490642
569 0.35705224149249615
570 0.406863
571 1.4826872511923856
572 0.19690555456229397
573 0.44929782986029365
574 1.4597187412187929
575 0.2478808205480285
576 0.7071081212559014
577 0.6637580344820087
578 0.258233033817749
579 1.306862
580 0.3794120000000001
582 0.6372629458155386
581 0.49497199999999997
583 0.26764699999999997
584 1.4654330000000002
585 0.6120219545221243
586 0.2688807874826933
587 0.14859228068496977
588 0.6698053209972625
589 0.7522373885524727
590 0.07549099999999997
591 0.6163714446836566
593 1.440196
594 0.22765862627391575
592 0.2582394502377354
595 0.3079887918119393
596 0.41837100000000005
597 1.053918562474278
598 0.5115754828823338
600 0.20843433766884334
599 0.7303919999999999
601 1.5975191460725877
602 0.5658585814899684
603 0.9410874551295507
604 1.310559809738148
605 0.822001
606 0.4345840000000001
608 1.2129248744659196
607 0.8506891819430447
610 1.0659630000000002
609 1.4374611873832113
611 0.008457337574359292
612 0.41410175006336725
613 0.8188435133520544
614 0.7331922395926709
615 0.10203657171308134
616 0.8689641638593124
617 0.4484880954649143
618 0.43988282428069536
619 0.9231755658106515
620 0.34411297775029803
622 0.871569
621 1.3702495857062955
623 0.918156
624 0.18579430248979345
625 0.17629121054943608
626 0.26364231453587017
627 0.8199213046632801
628 0.9827522897839798
629 0.15980400000000006
630 0.5590512381456396
631 0.06598990020820383
632 0.97157
633 0.4756524774429063
634 0.3370440000000001
636 0.7823724189419008
637 0.48241200000000006
635 0.5852945
638 0.4108454617383467
639 0.020852733684150415
640 0.3130250000000001
641 0.5087379252258095
642 1.2715689999999997
643 0.1529019285472999
644 1.1421091725580046
645 0.7671447168159031
646 0.5714180928970019
647 1.472125
648 0.8641205403656749
649 0.599019
650 0.6596069390389447
651 1.2474989670374577
652 0.6146963390154254
653 0.9617650000000002
654 0.6120597015139841
655 0.6858361920571595
657 0.8697381895799952
656 0.19616474427599995
658 0.9259220000000001
659 0.6288038873489474
660 0.8381168767134457
661 0.41426876498445053
662 0.6102380984892306
663 0.44227136382571075
664 0.3497580440613073
665 1.5004114037541572
666 0.14463866660603308
667 0.6880176393339725
668 0.7686737548791585
669 0.3757008415824008
670 0.015320878608845012
671 0.9488021815439722
672 0.34000959952139775
673 0.17450999999999994
674 0.07431195955583836
675 0.3781893887535792
676 0.469608
678 1.1647625457241684
677 1.2794110000000003
679 0.8546449242817948
680 0.3724949886783735
681 0.034769778482035885
682 0.7320249231848197
683 0.7918074904216008
684 0.9143470594483727
685 1.0009810000000001
686 0.9115607576119767
687 0.2390376635140754
688 0.3647055000000001
690 0.36748522542426865
689 2.1462176022959714
692 0.20774049466687816
691 0.4080654105014425
693 0.34928469505350646
694 0.009998430537393466
695 0.27419499999999997
696 0.8686017910677284
697 0.3418331602231963
698 0.8852935
699 0.5443689999999999
700 0.5252735256148207
701 0.7799550586019146
702 0.7802525992497078
703 0.4736478548021017
704 0.268881633620232
705 2.216686702090855
706 0.8456806150026166
707 2.3409048418648233
708 0.05793748790532649
709 0.1957770000000001
711 0.889822116687546
710 0.27517265666080837
712 0.7419671817721265
713 0.34565608766070444
714 0.8705879999999999
715 0.738235
716 0.24255216820704306
717 0.7471575333946736
718 0.8839929640222945
719 0.11125335471570486
720 0.3781240000000001
721 0.3420150000000002
722 1.239766208489016
723 0.9134276023410617
724 0.6466681489698834
725 0.15845838670579848
726 0.756838
727 0.23477375088566066
728 0.24509700000000012
730 0.9358695438863502
731 0.47388137440334166
732 0.841176
729 0.9528920000000001
733 0.9056924416430749
734 0.746406
735 0.20950371645777066
736 0.46344317406802005
737 0.7302101929356744
738 0.7480390000000001
739 1.086643082062834
740 0.15106514919805095
741 0.476364
742 0.12118477412422085
744 0.8272481032960168
743 0.4558820000000001
745 0.03198999594488239
746 0.2747500310612767
747 0.37543085750688077
748 0.41422163326888883
749 0.35810975955696256
750 0.7661326780540996
751 0.7619120360508129
752 0.9435871794292865
753 0.2441240504964184
754 0.916666
755 0.925165393819338
756 0.8437435
757 0.4545713126553841
758 0.8207720000000001
759 0.3606686254129017
760 1.8343140000000002
761 1.9069376416247288
763 0.11933452578164538
762 0.8596061081667566
764 0.3068494798843371
765 1.630325233038486
766 0.9018070517460584
767 0.20588622975861703
768 0.265687
769 0.610784
770 0.5380342945834584
771 0.7212717194431494
772 0.304902
773 0.835961
774 0.6133459099095482
775 0.03525846412224598
776 0.9387922311054886
778 0.84128
777 0.02363152784014988
779 0.5685840000000002
780 0.9537145557857067
781 0.5140635897324308
782 0.567031882313693
783 0.48118899999999987
785 0.9473205968208218
784 0.827805908353362
786 0.800952
787 0.5644386701057864
788 0.4217860489113032
789 0.9240416220680858
790 0.951771424929085
791 0.850196
792 1.5549755685888964
793 0.496078
794 1.4764830000000002
796 0.012270889837774579
795 1.270917079014225
797 0.1378672811788928
798 0.39283122118036545
799 0.1263970000000001
800 1.1188312349965732
801 0.02453921850968266
802 0.010781929726270012
804 0.7994908232019872
803 0.8825432977498247
805 0.6422195651049496
807 0.8223691386057941
806 0.22122529915318356
809 0.5013741514433374
810 1.0970579999999999
808 0.5567407113675227
811 0.11111998961111591
814 0.7526263504640827
813 0.3555482030109607
812 0.019240592402187673
816 1.4305160000000001
815 0.5499439649164586
817 0.23751184152336746
818 0.7839016393685706
819 0.30658320569257236
820 0.4153846127658994
821 0.3839196111353249
822 0.7520053333333333
823 0.5646308011231136
824 0.573529
825 0.6526162077754862
826 0.7081173588203145
827 0.055226703788461284
828 0.900428023077841
829 0.10613324968212146
830 1.0243521100937851
831 0.638235
832 0.7202457209558784
833 0.4310101385698937
834 0.21109838488022015
835 1.0588844358810057
836 0.21365199999999995
837 0.19218480177025077
839 0.7023009649593646
838 0.2643009999999999
840 0.01380844306475415
841 0.10096194991413188
842 0.5186280000000001
843 0.5741633397149266
844 0.5885980552203603
845 0.49948351703783483
846 1.2114983199524911
847 0.6346414382603216
848 0.11792182025598197
849 0.67584
850 1.6527673072655877
851 0.12752932857622779
852 0.2758329583271946
853 0.3578275826477441
854 0.6519620000000002
855 0.383900567215816
856 1.429937591190727
857 0.725445
858 0.0735300000000001
859 0.26785403735845587
860 0.3419223284286741
861 1.3052018725072572
862 0.5105707394216561
863 0.464705
864 0.5878084099404224
865 1.3252366156514623
866 1.158383
867 0.023543650982673858
868 0.22647099999999987
869 1.1726455823904203
871 0.6416541144967954
870 0.35158627236394335
872 0.2931331882816932
873 0.7160078832913432
874 0.6402212424909799
875 0.03823600000000005
876 0.3330414239797851
877 0.8209017009086709
878 0.5662413393223704
879 0.27770401717362136
880 0.8059227732414381
881 0.9371191764671893
882 0.897259
883 0.18959992659058789
884 0.3448373846599688
885 0.4489313562237138
886 0.26573099999999994
887 1.010784
888 0.17272612473074012
890 0.32647099999999996
889 0.7872545
892 0.022968481771735716
891 0.22883574889029745
893 1.3959138687342032
894 0.772161371618312
895 0.6836072628291845
896 0.7968788560896651
897 0.6704706856130638
898 1.2480390000000001
899 0.1371595000000001
900 0.7694380667486992
901 0.48376121389418025
902 0.2004549829264506
903 0.39834567709818325
904 0.10530764330140152
905 1.5271499993615867
906 0.6610356083199374
907 0.019535999999999998
908 0.36352217580581897
909 0.6653934704446262
910 0.7286418337969727
911 0.6605606137669507
912 0.8761043278924135
913 0.005883000000000083
915 0.6146492709462958
914 0.5491876247311158
916 0.21129339818223314
917 0.914768
918 0.6878889594229824
919 1.3394269195545598
920 0.6303634137281704
921 0.2245109999999999
922 0.799255
923 0.9472093550568221
924 0.6483128738296433
925 0.4577451316878326
926 0.7246972308787394
927 1.621823576604988
928 0.7732420534272423
929 2.4205870000000003
930 1.1445429999999999
931 0.8402350000000001
932 1.302942
933 0.47904724442977575
934 0.005126114338061871
935 0.7577765
936 1.347723
937 1.8333415810831604
938 0.1457076110378741
939 0.31201632851577554
940 0.36164386136812765
941 0.600573715964511
942 0.5003768091628509
943 0.5504555744728468
944 1.0401975233361693
945 0.6573677620232579
946 1.141313827584457
947 0.7984119701120962
948 2.1011939138821916
949 0.8661135066788053
950 0.5793711830103557
951 0.8772154999999999
952 0.6022700000000001
953 0.5345550000000001
954 0.7649763488757021
955 0.13645875389239204
956 0.308449
957 0.16045274863448777
958 0.030878544742435565
959 0.7766083168664564
960 0.042953199716057266
961 0.7003742770498294
962 0.7024032595705194
963 1.3499999999999999
964 0.9296336141370682
965 0.9978110515824146
966 0.5713688408379568
967 0.9167994326805129
968 0.046587216975899626
969 0.20862682516199382
970 0.25993651096190495
971 0.8068793391675351
972 0.3476246885164398
973 0.8490147467552742
974 1.575143
975 0.1476662021841928
976 0.7272648503940178
977 0.08196459481347218
978 0.8896533344333526
979 0.8541634404610461
980 0.3784160000000001
981 0.10534004676775321
982 0.7754047738557472
983 0.791036
984 0.27133342498635227
985 0.6781611369805032
986 0.9233461182795182
987 0.6575688657741603
989 0.5951318866652043
988 0.5735743949289576
990 0.582352
991 0.6823901774653096
992 0.030671671339577822
993 2.185501480025608
994 2.089731607255179
995 0.8845419999999999
997 0.9355909302142031
996 0.5363440576831104
998 0.924212
999 0.04657760985977122
1000 0.7814345926757628
1001 0.8754123047159972
1002 0.4346104601632239
1004 0.7725489999999999
1003 0.9035389004742217
1005 0.8859001100922624
1006 0.7590248227110231
1007 1.0646276923457443
1008 0.8804286135655068
1009 1.2773040000000002
1010 0.35783608620427976
1011 0.7086158641364446
1012 0.45532004772010093
1013 1.0394265
1015 0.2892703259478602
1014 0.8915439079537394
1016 0.04448099999999999
1017 1.7830033347907241
1018 0.9362592219397287
1019 0.3056310029203777
1020 0.8939267708705534
1021 0.05707999706176503
1022 0.8282433137130977
1023 0.8944231876678488
1024 0.7025535
1025 1.4009083757429652
1026 1.3456410000000003
1027 0.66624380447787
1028 1.5318955687737674
1029 0.7791061090421756
1030 1.3050968180468001
1031 0.2701720154984224
1032 0.432353
1033 0.33606208613967214
1034 0.8852945
1035 0.47800531503434596
1036 0.8761752806546197
1037 0.5639780000000001
1038 0.5037460823561544
1039 0.8530033367564449
1040 0.40345155605652355
1041 0.11160496144653309
1042 0.6430594267165007
1043 0.3077226027424238
1044 0.12352950000000007
1045 0.7294425107388418
1046 0.435971799536776
1047 1.4813719999999997
1048 0.667070707461367
1049 0.565685
1050 0.5765394724351522
1051 0.781515824364734
1053 0.9101250000000001
1052 0.5514163721332348
1054 0.06568600000000013
1055 0.712966814367137
1056 0.8567385
1057 0.22642655473563633
1058 0.5402911056759618
1059 0.31274599999999997
1060 1.586025260693028
1061 0.5639192754809332
1062 0.5536323603381617
1063 0.19901900000000006
1064 1.3327809727216382
1065 0.7913944850204158
1066 1.7393477641821622
1067 1.4514417492801794
1068 0.4353716543268151
1069 0.7217154187716681
1070 0.5225073200560169
1071 0.09215700000000004
1072 1.8105300000000002
1073 0.2069534228536638
1074 0.9329864264813834
1075 1.3133901519508335
1076 0.15875684116429656
1077 0.4517938111537976
1078 0.7297255442472026
1079 0.44850379601130697
1080 0.3329740000000001
1081 1.0573679623944712
1082 0.6660030000000001
1083 0.4395973038168528
1084 1.5692091262127994
1085 0.8939030000000001
1086 0.3925485632998986
1087 0.934942817582578
1088 0.14276866204193706
1089 1.1245606603117768
1090 1.2147059999999998
1091 2.588228281166816
1092 0.645935418978492
1093 0.9325671397737956
1094 0.5732820000000001
1095 0.6802415272497038
1096 0.46576727176849175
1097 0.819976620482141
1098 0.5246495
1099 0.004010999999999987
1100 0.1794939462893519
1101 0.3859580720921722
1102 0.5598035
1103 0.11425831823046573
1104 0.7549009999999999
1105 0.8147059999999999
1106 1.1286079797145006
1107 0.9048098877391151
1108 1.7070985823653924
1109 1.187038239832263
1110 0.1437653732947639
1111 0.8595978220150367
1113 0.46896382528498215
1112 0.304902
1114 0.88944
1115 0.5124743703090697
1116 0.8796127144542233
1117 0.47548900000000005
1118 0.4585825000000001
1119 0.7072821975330779
1120 0.8719621758544815
1122 0.23372236679881553
1121 0.8873423666294284
1123 0.6945483663139942
1125 2.2673620000000003
1124 0.751706600575208
1126 1.1665210000000001
1127 0.9008643983007554
1128 0.5165473493225158
1129 0.6910426998937713
1130 0.46414727746251416
1131 2.4106899999999998
1132 1.003426176183994
1133 0.02021047887945926
1134 2.530483677281719
1135 1.3679794855632814
1136 0.8951377454156542
1137 0.9835186630708532
1138 0.5202199999999999
1139 0.9374095500864627
1140 0.8496329632247643
1141 0.6536039727627536
1142 0.7323393180267501
1144 1.107976850809924
1145 0.2957630904246298
1143 0.05784300000000009
1146 0.45284490503972075
1147 0.35221161057093897
1149 0.20784350000000007
1148 0.7501939527534096
1151 0.8153093243449641
1150 0.6558819999999999
1152 0.8896459976301607
1153 0.8431867669739643
1154 0.862746
1155 0.8072850723384521
1156 0.277234148470231
1157 0.7688378439045125
1158 0.8653835
1159 0.6219490960290285
1160 0.833334
1161 0.9511685661060689
1162 0.763622
1163 0.7558212827404464
1164 0.6305721253679024
1165 0.2985355
1166 0.2719533082676767
1167 0.8656870000000001
1168 0.282254
1170 0.25774693186622266
1169 0.5528850000000001
1172 1.300982
1171 0.8666492006232738
1175 0.8056704389647276
1173 0.8
1174 0.7476884628558114
1176 0.4067822971960635
1177 0.8794120000000001
1178 1.0214197998618926
1179 0.8930458450714134
1180 0.09104400000000012
1181 0.7656922410355063
1182 0.22139634767338423
1183 0.14411799999999997
1184 0.9236766743699341
1185 0.9686265000000001
1187 0.8136085327087553
1186 1.45196
1188 2.323202327977004
1189 1.2532208044582431
1190 0.5649635038032141
1191 0.505841
1192 0.6541312069577905
1193 0.5871946595886884
1194 0.8507405322380794
1195 1.6627445000000003
1196 2.7009800000000004
1197 0.31666700000000003
1199 0.3954904952391767
1198 0.2996188129893118
1200 0.21375127393876658
1201 0.017875756633269235
1202 0.06236358270491427
1203 0.6302749999999999
1204 1.6245100000000001
1205 0.6190241296074082
1206 0.5138896621190736
1207 0.314705
1208 0.21893369479989766
1209 0.7684286667221505
1211 1.542323879369438
1210 0.19128900000000004
1213 0.6531539851749293
1212 0.8934177027063614
1214 0.25304668381850504
1215 0.7802960314181198
1216 0.6109055529191505
1217 1.852877195616134
1218 0.1596900857335639
1219 0.7082220282916818
1220 0.16078400000000004
1221 0.641108174880326
1222 0.25683649373486456
1223 0.6723533194603897
1224 1.943564
1225 0.24544900000000003
1226 0.28035472759065594
1228 0.07465252485980667
1227 1.1853929885868835
1229 0.44092659408348234
1230 0.1843790665030125
1231 0.11673099999999992
1232 0.9931369999999999
1234 2.187486
1233 0.6949575435137763
1235 0.44758779731343057
1236 0.6557369593178459
1237 0.4826078428033107
1238 0.4124100175235792
1239 0.892389918866975
1240 0.5887353955667299
1241 0.6249639805907741
1242 0.8392160000000001
1244 0.4754910000000001
1243 0.06960799999999989
1246 0.835294
1245 0.6217410899210917
1247 0.715443928095781
1248 0.15182168451217382
1249 1.2867315639480539
1250 1.351459
1251 1.2897972647156666
1252 0.9322976173005155
1253 1.1897574203587122
1254 0.7718519985720127
1255 0.081372
1256 0.8535818735381986
1257 1.663886
1258 0.8288358645981835
1259 0.3365235713496102
1260 0.4452618150202662
1261 1.2679760000000002
1262 0.022132410419010595
1263 0.30503016233768654
1264 0.42002791163166464
1265 0.025123999726433976
1266 0.7698449172710411
1267 1.722549
1268 0.8535728365930817
1269 0.05636577412453847
1271 0.8885169489302471
1270 0.4363045872839184
1272 0.40734314064487176
1273 0.6049329809307218
1274 0.7133561330374673
1275 0.09212152058382994
1276 0.38211007976023725
1277 0.49313700000000016
1278 0.45672930660822975
1279 1.202001541884566
1281 1.4976812603572152
1282 2.865346076250229
1280 0.11697132950584233
1283 0.09607850000000018
1284 0.012118999999999991
1285 2.4950970000000003
1286 0.28137199999999996
1287 0.26478541064594685
1288 0.7661089910945228
1289 0.07493311283925852
1290 0.7303910000000002
1291 0.5635543937007536
1292 0.14601598627923806
1293 0.7235305000000001
1294 0.11689628000969754
1295 2.401211483820302
1296 0.338236
1297 0.36692020191457053
1298 0.8321911240797082
1299 0.5579385887500585
1300 0.44705949999999994
1301 0.5370721367868778
1302 0.688361297228955
1303 0.8059710877135738
1304 0.1972217772861875
1305 0.75868
1306 1.7426170663415317
1307 1.5445071943187945
1308 0.04180133656139995
1309 0.8268740231663141
1310 0.7565109999999999
1311 0.41394702773953074
1312 0.2687457061935443
1313 1.4736550214259305
1314 1.2473709661545305
1315 0.8902157964664865
1316 0.4033355777138658
1317 0.8607843333333334
1318 0.91283072200365
1319 0.5441602189507512
1320 0.360279709443067
1321 1.6281907205785429
1322 0.602505802117461
1323 0.6558806248313479
1324 1.7660824006576445
1325 0.7447908970482195
1326 0.4637260000000001
1327 1.364606358702073
1328 0.901779
1329 0.29411750000000003
1330 0.6182750000000001
1331 0.9149836163282307
1332 1.2957203842187848
1333 0.4318183936929467
1334 0.8200935180886935
1335 0.3126279055216712
1336 0.7015724566353935
1337 0.16596787770574406
1338 1.5792659999999998
1339 0.4361472093504963
1340 0.4765796955989818
1341 0.4476245102907239
1342 0.03442045452984144
1343 0.42077396944098133
1344 0.0357122146576041
1345 0.9175299552497558
1346 0.4775727652712949
1347 0.46404675708033305
1348 1.4180361282873688
1349 1.019400777029525
1350 1.3690749999999998
1351 0.7066567693450541
1352 0.21400023737466412
1353 0.8585039988222076
1354 0.6140714102527987
1355 0.312365020602823
1356 0.05043372548489611
1357 0.014586139481507887
1358 0.17241400000000007
1359 0.5416806467120883
1360 1.112744
1361 0.6122988174138067
1362 0.9116815935726088
1363 0.3880603813216854
1364 0.681373
1365 0.9294300000000002
1366 0.44414767295697577
1367 0.36211248323631984
1368 0.46925719203704697
1369 1.1466217085073025
1370 1.0004436079336618
1371 0.9935309606365237
1372 0.07181669776001964
1373 0.9359928940231117
1374 0.2912090853070819
1375 0.6067017144664184
1376 0.752089
1377 1.5656869999999998
1378 1.088086913134348
1379 1.1125990000000001
1380 0.32607257480483187
1381 0.8757936302759303
1382 0.24348312127006166
1383 1.1425355911427133
1384 0.734313
1385 1.2717760000000002
1386 0.8009800000000002
1387 0.2727055815400923
1388 1.0904662514592711
1389 0.35529106262929533
1390 0.110784
1391 0.05305044588502428
1392 1.0008380000000001
1393 0.49790073797682255
1394 0.7394458195709218
1395 0.557892
1396 0.6898540974044904
1397 0.6406824479032853
1398 0.5288819769756758
1399 0.6092903942275991
1400 0.165686
1401 0.06764700000000001
1403 0.5027122550230463
1402 0.8817757588942405
1404 0.851961
1405 0.48428807409768626
1406 0.6875028026323149
1408 0.17258666880124118
1407 0.69184
1409 0.6888626315883093
1410 2.7500722308087555
1411 0.0068630000000000635
1412 0.6990200000000002
1413 0.7282061980685746
1414 0.5385819463525512
1415 0.24295900000000015
1416 0.2109393496461205
1417 0.723167
1418 0.0741644625674609
1419 1.9097217393886392
1420 0.830615047568813
1421 0.7790144209667771
1422 0.09509900000000004
1423 1.0911770000000003
1424 0.8832112824096503
1425 0.8295772984403099
1426 0.536241451301797
1428 0.3245100000000001
1427 0.23905584763173482
1429 0.35434008541749606
1430 0.2017111185987106
1431 0.624404564675054
1432 0.1421123818697021
1433 0.04950878009782178
1434 0.08857046425884962
1435 0.850991
1436 0.41217060799843735
1437 0.7138744251780234
1438 0.458823
1439 0.5696070000000002
1440 0.07231568046377745
1441 0.5610390549373806
1442 0.04445831867452599
1443 0.7976973189734862
1444 0.804299390706985
1445 0.004011962349676823
1446 0.4469037627886794
1447 0.5473683862101058
1448 0.5309353217065504
1449 0.4725022513397521
1450 0.36037484044301354
1451 0.283549477277416
1453 0.4170443448115991
1454 0.11929226541990512
1455 0.630391
1452 0.5582947880904001
1456 1.3276283449815682
1457 0.10786689665507376
1458 0.9674189793724224
1459 1.538235
1460 0.7599880285561404
1461 0.504901
1462 1.6753844380840193
1463 0.2314237055738284
1464 0.8920958039874254
1467 0.6613300398399511
1466 0.6832546201441212
1468 0.4140228854325734
1465 1.015171460085589
1469 0.30149707187948016
1470 0.6467320000000001
1471 0.682323
1472 0.19741275936730696
1473 0.8303351379130385
1474 0.9125775394054239
1475 0.391047022230967
1476 0.7189590199844726
1477 0.702942
1478 0.2690725028234262
1479 1.3473460000000002
1480 0.7081924466745622
1481 0.12763684399995312
1483 0.5230967292309048
1482 0.7607064976434681
1484 0.06655100000000003
1485 0.1904225923499947
1486 0.02058800000000005
1487 0.40118895351719863
1488 0.7079945824407377
1489 0.7772379999999999
1490 1.933667455095794
1491 0.2382359999999999
1492 0.20766202461443406
1493 0.9468988641178654
1494 0.35787151576519327
1495 0.8213714589183154
1496 0.03421941463518974
1497 0.686464
1498 0.031410467075528414
1499 0.4149292454813517
1500 0.27563477138760417
1501 0.5654490160471571
1502 0.6257169832519223
1503 0.760501633129449
1504 0.5523205047669728
1505 0.9142100313251561
1506 0.5370321657264296
1507 0.6976982992674252
1508 0.2774509999999999
1509 0.035136000000000056
1510 0.014174441880257849
1511 0.2225515042451962
1512 0.12434500000000015
1513 0.01862699999999995
1514 0.24447423915695363
1515 0.94902
1516 0.18892205844635912
1517 0.39705900000000005
1518 0.2588440000000001
1520 0.11745967943137359
1519 0.1805293553008498
1522 0.5003753421067751
1521 0.38774189690534316
1523 0.7518035248135824
1524 0.5995968145229136
1525 0.2478582367338833
1526 1.7648820000000003
1527 0.5537372456708335
1528 0.8990190000000002
1529 0.07398146929459548
1530 0.4253213601768795
1531 0.9351274287644679
1532 0.8701989907135805
1533 0.31348
1534 0.053035832957716744
1535 0.6441190000000001
1536 0.475336
1537 1.6680378541633096
1538 1.2584030000000002
1539 0.6997400042173674
1540 0.8582138980799805
1541 0.22276667724750565
1542 1.5523707217712526
1543 1.0598029999999998
1544 0.34743199999999996
1545 0.77635483628282
1546 0.8583890628872831
1547 0.6358869029834255
1548 1.3861158633129558
1549 0.6348792773286369
1550 0.232334745794345
1551 0.5235295000000002
1552 0.670849
1553 0.38842891408203034
1554 0.5079184624306874
1555 0.8587697501550021
1557 0.37209693835431024
1556 0.4786258082714349
1558 0.3802103091935811
1559 0.39191868946962916
1560 0.9436344793697249
1561 0.835977656582837
1562 0.706867
1563 0.9261153567222044
1564 0.2849370030108036
1565 0.39641400000000004
1566 1.3869719797718656
1567 0.10422473974360065
1568 0.6281891592969373
1570 1.1171004232162727
1569 0.8811094628513367
1571 0.3337074333630756
1572 1.7956930037534342
1573 0.5634069819406675
1574 0.77647
1576 0.708375
1575 0.47607463200655675
1577 0.5056857229894474
1578 0.5457197521247081
1579 0.8762178260757858
1580 0.9231477290371468
1582 0.8225086374921482
1581 0.443137
1583 0.727038466017458
1584 0.4813725
1585 0.8011366981581588
1586 0.5049020000000002
1587 0.8377370500874671
1588 0.20751786815961837
1589 0.583334
1590 0.6233114292634159
1591 0.44086774011612584
1592 0.34002737480056155
1593 1.5967740000000001
1594 0.67417873094127
1595 0.7174674408967694
1596 1.9267459999999998
1597 0.09725521454140962
1598 0.26764699999999997
1599 0.5886199999999999
1600 0.9854691375310829
1601 1.6823951321634263
1602 0.20309175471811547
1603 0.5578430000000001
1604 0.2225490000000001
1606 0.1347618321671309
1605 0.34599500000000005
1607 0.32843100000000003
1608 0.6099469601309975
1609 0.4145611635945061
1610 0.1366545384826437
1611 0.39784322586240206
1612 0.41217148332013004
1613 0.69804
1614 0.6128499832193854
1615 0.753927
1616 1.193459293047643
1617 0.5357318224521384
1618 0.5835888018430833
1619 0.3164662478172129
1620 0.8182
1621 0.453921
1622 0.6570415979130194
1623 0.5805260876919475
1624 0.08481446744051246
1625 0.6215475048651802
1626 0.8104447442749281
1627 0.5955934803434304
1628 0.6259271113778666
1630 0.7702894514254386
1629 0.25307226431768526
1631 0.7994712842818132
1632 0.4648733972120212
1633 1.0937366412726506
1634 0.7814413206442461
1635 0.41648899611749157
1636 0.31005000000000016
1637 1.230392
1638 0.781374
1639 1.1775360178652685
1640 0.6586818876703011
1641 0.20013370771849393
1642 0.714874316068485
1643 0.7938881047016298
1644 0.5516743858372626
1645 0.5735300000000001
1646 0.6441033835367047
1647 0.04324899952660921
1648 0.9141430583293901
1649 2.0696079999999997
1650 0.3402785537259938
1651 1.036271
1652 0.01905123340428161
1654 0.16951291635664378
1653 1.8565665228332116
1655 0.05088374450984534
1656 0.4584005
1658 0.930216
1657 0.28559137438371685
1659 0.9128696809041792
1660 0.4012146348216894
1661 0.666667
1662 0.09617696175789625
1663 1.957844
1664 0.45980350000000003
1665 1.1562470000000002
1666 0.863626989759825
1667 0.6975458231359157
1668 0.03701213824179006
1669 0.8018556762803186
1671 1.6657686525804907
1670 0.1456090000000001
1672 0.6361082118073078
1673 0.576065119640538
1674 0.7214985
1675 0.9143560000000002
1676 0.29622000000000015
1677 0.5914664690455079
1678 0.7628499000483171
1679 0.799856707188064
1680 0.38745758890422555
1681 1.6101431883449695
1682 0.4500709981177853
1683 0.31145420705803706
1684 0.49583793707130597
1685 0.3575950000000001
1686 1.199737628358912
1687 0.6408739999999999
1688 0.5747403796744297
1689 0.6225087428494146
1690 1.057844
1691 0.6273315897686915
1692 0.5616999499205562
1693 0.3591546614992347
1694 0.829328674956609
1695 0.5481173554753239
1696 0.9245099999999999
1697 1.4162495496016796
1698 0.24527552285410548
1699 0.8027863927380123
1700 0.8500083230775133
1701 0.43766493189506483
1702 0.04019600000000012
1703 1.0522271059315396
1704 0.116668
1705 0.7256156037585366
1706 0.8697455792458999
1707 0.43340915959746895
1708 0.17993599999999987
1709 0.013638419433763094
1710 0.8678290000000002
1711 0.8833330000000001
1712 0.4442736226949384
1713 0.49719106747546515
1714 0.7710639826571328
1715 0.3729424257051632
1716 2.348705928903808
1717 0.7256300740447078
1719 0.34044192250237915
1718 1.242857420976988
1720 0.31078400000000017
1721 0.9122925798085043
1722 0.2497691955402921
1724 0.8576200544209327
1723 0.09909580957417341
1726 0.0552495740606318
1725 1.7029410000000003
1727 1.3813912927967726
1728 0.6244565278895562
1729 0.45776045699529777
1730 1.175898660583693
1731 0.24989638203403586
1732 0.35086026406121884
1733 0.619702940623337
1735 0.1950051221133402
1734 0.7813317941606109
1736 0.7229873643859639
1737 0.12592123182829273
1738 0.5384980302312261
1739 0.22801268032410582
1740 0.7322119988990358
1741 0.2926460000000002
1742 0.5238968871304458
1743 0.28465771720404076
1745 0.5772818441210994
1744 0.45815576483281517
1746 0.048474640564378446
1747 0.9203592505532299
1748 0.42101334221635217
1749 0.19345403548520435
1750 0.3893073557346578
1751 1.16875948057085
1752 0.7082533765851218
1753 0.6580312422302221
1754 0.09162200000000009
1755 0.5756082209640766
1756 0.509803
1757 0.4804593184711001
1758 0.37682062738285943
1759 0.8003367983485541
1761 1.4598039999999999
1760 0.26820315014217466
1762 0.6388546855608492
1763 0.7757583413298705
1764 0.03267839075894985
1765 0.9641376165705224
1766 0.37221446886700016
1767 0.07647099999999996
1768 0.8754905
1769 1.792219
1770 0.9399780757508449
1771 0.8687469273187958
1772 0.022602186187913764
1773 0.892301
1775 0.7303930000000001
1774 0.5975062002810863
1776 0.5649524917909237
1777 1.381025807141577
1778 1.0744300392412767
1779 0.8094890065301283
1780 0.9009150000000001
1781 0.39934993489053994
1782 0.29286989829645327
1783 0.054370540123641176
1784 0.15588200000000008
1785 0.021480410480994028
1786 0.485916124637644
1787 1.2020220000000001
1788 0.14092782515734692
1789 0.6228339999999999
1790 0.9072610984292155
1793 0.8047433397219521
1791 0.43149026704816285
1792 0.8367712823272108
1794 0.49696783540096706
1795 0.9919083430009346
1797 0.8765038861376364
1796 0.4146333393555277
1799 0.5239046767158244
1800 0.756848
1798 0.8627716755835864
1801 0.45240262908084744
1802 1.0558820000000002
1803 0.5853840779045056
1804 0.1835245000000001
1805 0.8121484649794688
1806 0.7025295508936059
1807 0.36568500000000004
1808 0.29591809417472525
1809 0.7265296032041466
1810 0.8162310408095634
1811 0.7989679906605451
1812 0.9925353438070732
1813 0.3736591891763392
1814 0.9434114202461434
1815 0.45396335523329956
1816 0.561692613278717
1817 0.38029460246486446
1818 0.6956233852273801
1819 2.2624265448248506
1820 1.8401960000000004
1821 0.4039383393695797
1822 0.6317561308930555
1823 0.7898753271443413
1824 0.7917988687081543
1825 0.559803
1827 0.388587
1826 1.795098
1828 0.18725500000000017
1829 0.5823354716694904
1830 0.3315773047396835
1831 0.6317926914700078
1832 0.7186269999999999
1833 0.21564504480971158
1834 0.8225485
1835 0.3638075778312344
1836 0.39995007666574955
1837 0.6898220328624932
1838 0.600981
1839 0.5988360368780309
1840 0.24783646257183523
1842 0.4413928636130422
1841 0.20586943273547864
1843 2.4245080000000003
1844 0.0740478172465806
1845 0.9567680186653316
1847 0.06386271890326212
1846 0.7037814403899842
1848 0.2892150000000002
1849 1.158811444963044
1850 0.8583701519378693
1851 0.2583023015788821
1852 0.8175265
1854 0.9056289874030528
1853 1.0455530119145593
1855 0.6394344765911362
1856 0.7945892121469407
1858 0.16313654210397233
1857 3.115661455196343
1859 0.6908080492114279
1860 1.2396519999999998
1861 0.7107844999999999
1862 0.9428429732121149
1863 0.2407360916771235
1864 0.5625686597370595
1866 0.11918022639518755
1867 0.26765700000000003
1865 1.09724
1868 0.20294100000000004
1871 0.2007730000000001
1870 0.9161126243948979
1869 0.028398545006174114
1872 0.0895760000000001
1873 0.2923291013766369
1874 0.43655196561540377
1875 1.3556830218324512
1876 0.2615745108610532
1877 1.3601116919630065
1878 1.3846756275318326
1879 1.238409
1880 0.3805286824751848
1881 0.8184548187677692
1882 1.3505541126837295
1883 0.47434188320628223
1884 0.7126505485692396
1885 0.41462572079270044
1886 1.0020199307895286
1887 0.21635821418485768
1888 0.06480729747865066
1889 1.2217188895915572
1891 0.7367863957854137
1890 1.0284320000000002
1892 0.760418346425926
1893 0.842348508264698
1894 0.18429034763754637
1895 0.48099822229956823
1896 0.65
1897 0.655019410745757
1898 0.4917652287086438
1899 0.8626106564951231
1900 0.043527273569989755
1901 0.012745999999999924
1902 0.16525458262964565
1903 0.7960701476844312
1904 0.7535989999999999
1905 0.012538312978986887
1906 1.930392
1907 0.3705885
1908 0.6878381358626842
1909 0.5183360338285556
1911 0.24887649192303907
1910 0.716666
1912 0.6826748085564058
1913 0.6999605311977806
1914 1.1595632599298222
1915 0.002941320394015401
1916 0.7315276814220526
1917 0.4505204364782333
1918 0.644653
1919 1.3353377575385632
1920 0.9110732291171113
1921 0.5441981826360998
1922 0.5961234419356074
1923 0.1508194818870272
1924 0.2342049335222398
1925 0.79220987662541
1926 0.2432554114188894
1927 0.653945
1928 0.2893669677485248
1929 0.9129672215943208
1930 0.029666082349776968
1931 0.4440029997173698
1932 0.4598040000000001
1933 0.14623000000000008
1934 0.407304951934904
1936 0.8272089830333395
1935 0.33823400000000015
1937 0.6967802464904693
1938 0.6217316026798758
1939 0.7203855622114774
1940 0.5652557978220185
1941 0.20392200000000016
1942 0.8866191993186433
1943 1.283955632147464
1944 0.35644699999999996
1945 0.179951174436477
1946 0.938962982869167
1947 0.7186270000000001
1948 0.19651466264676754
1949 0.3715680000000001
1950 0.4609584492733108
1951 0.4970589999999999
1952 0.8156295998673615
1953 0.254567
1954 0.1095211070248503
1955 0.5342097113578761
1956 0.045448415746424664
1957 0.03728138506074541
1958 0.9004044441250405
1959 0.8245090000000002
1960 0.6057871783616902
1961 0.13838770061341532
1962 0.3729237808537882
1964 0.27130202698584754
1963 0.48930587248685026
1965 0.8399006164598652
1966 0.6363013372265733
1967 0.7485826496919437
1969 1.3821547423647524
1968 0.5024621258053761
1970 0.4000270487771631
1971 0.7319025158692032
1972 1.3668665598046472
1973 1.4794120000000002
1974 0.5421580000000001
1975 0.18773332137861343
1976 0.9209674174114924
1977 0.5690678477128335
1978 2.2908357024294768
1979 0.48247012196989947
1980 0.2527966011675886
1981 0.3316024554639281
1982 0.48766861074552836
1983 1.9856976497650318
1984 0.47582328822857506
1985 0.4366749215820611
1986 3.2990199999999996
1987 0.3206485216675661
1988 0.6488357541229388
1989 0.06660321778121658
1990 0.014656002988775452
1991 1.1396059918725403
1992 1.0427803001375688
1993 0.1876008956422952
1994 0.3534760000000001
1995 0.7818171870665487
1996 0.7480115
1997 0.924177
1998 1.344671162279406
1999 0.4391304444066168
2001 0.6462038316144902
2000 1.7807500486090142
2002 0.6754900000000001
2003 0.6941728466400297
2004 0.6500000000000001
2005 3.2882375
2006 1.3198952545141587
2007 1.0118355656407954
2008 0.5604881278102452
2009 0.925349311262722
2010 0.2858611168127523
2011 0.7214559727473515
2012 0.8824884411691689
2013 0.6284559450770473
2014 0.6735300000000002
2015 0.09215700000000004
2016 0.871569
2017 0.050312000000000134
2018 0.28048186719438895
2019 0.909804
2021 1.6089110605519397
2020 1.2941042254917952
2022 0.844063299805607
2023 0.7294423938846565
2024 1.3338775379903949
2025 0.3960488484975728
2026 1.361355724471179
2027 0.08098488685854943
2028 0.23039200000000015
2030 0.9391738982641515
2029 0.27168313567156255
2032 0.855774
2031 0.7084700372551707
2033 0.3754899999999999
2034 0.17549000000000015
2035 0.36259051780076
2036 0.5504765096874296
2037 0.9201195685654237
2038 0.7143536625385443
2039 0.636274
2040 0.6316708707915656
2041 0.19412720524254068
2042 0.3493018267304763
2044 0.3663460385671684
2045 0.7020110442269307
2043 0.41391322744681847
2046 0.23950459661460055
2047 0.6147055
2048 0.37682309588825535
2049 0.02690901506853205
2050 1.1133800570115129
2051 1.7511453140079583
2052 0.12002978808161724
2053 0.5951139999999999
2055 1.943694974377132
2056 0.577237348335254
2054 0.8453497873502538
2057 1.4801102877150394
2058 0.5826013525614284
2059 0.017903588719052288
2060 0.396316555520304
2061 0.5820981970019512
2062 0.2624591637697187
2063 0.5270127438354593
2064 1.6692684543586858
2065 2.612558
2066 0.7735300000000003
2067 2.9186250000000005
2068 0.6558318038684587
2069 0.7403440242660404
2070 0.2757571651254409
2071 0.09917120057442808
2072 0.05956960554880841
2073 0.17305700000000002
2074 0.7774510000000001
2075 0.30098
2076 0.64869
2077 0.6859895783778147
2078 0.3190067247237629
2079 0.401803
2080 0.2833305231003165
2081 0.1967697121467562
2082 0.40469200000000005
2083 0.9120906283698174
2085 0.9107845
2084 0.8551632187531844
2086 0.03112173632527071
2087 0.22939373614755199
2088 0.5213177363876068
2089 0.7772862378132115
2090 0.37322329447394753
2091 0.20434317196361262
2092 0.40882299999999994
2093 0.9098647327099254
2094 0.768628
2096 0.8599456326302318
2097 0.47103086643518655
2098 0.853245
2095 0.47028084175586193
2099 0.6913196137489691
2100 1.2569000000000001
2101 0.9156778658623206
2102 0.44335050191448
2103 0.4742857270018419
2104 0.530392
2105 0.5334729601806147
2106 0.7717371071895183
2107 0.216561
2111 0.7472074190925824
2109 0.06738700000000009
2110 0.29040004946452247
2108 0.5774818507526518
2112 0.49032614502713495
2113 0.3230559266083035
2114 0.034183483802912806
2115 1.4519620000000002
2116 1.1569208538877211
2117 0.7848248723772686
2118 2.65707870302624
2119 0.3288667411913391
2121 0.8755437377793007
2120 0.8076016955609442
2122 0.3323530000000001
2123 0.13342914050602617
2124 0.9539220000000002
2125 0.6967342666844967
2126 0.14412366128330012
2127 0.849019
2128 0.2818396466942683
2130 0.8286692296564475
2129 0.9013015839620535
2131 0.3375786583464009
2132 0.816325600277932
2133 0.13583735047744816
2134 1.1116375679778792
2135 0.7135898533034936
2136 0.0643608495268897
2137 0.5547972208619326
2138 0.010068850654892936
2139 0.0022997777719433454
2140 0.878431
2141 0.3951744517697975
2142 0.6185592583317325
2143 0.874223857393453
2144 0.746839273234353
2145 1.0474966731233755
2146 0.9220355952182138
2147 1.2017117883514656
2148 0.8246476730200502
2149 1.890115369270646
2150 2.1309100346090686
2151 0.6177923146604598
2152 0.5559718401530203
2153 0.644466202442511
2154 0.17149476594860102
2155 0.8784305000000001
2156 0.6444198418192604
2157 0.4421775989378174
2158 1.157843
2159 0.6486333999976484
2160 0.9052487936911908
2161 1.1005824562559463
2162 1.8676480000000002
2163 0.3606138208481664
2164 0.32381638492813924
2165 1.3065430972536214
2166 0.9029491756218981
2167 0.06726303787312249
2168 0.9080270367152462
2169 0.1923179970763058
2170 0.20867685942772507
2171 1.844931
2172 0.8342854276099858
2174 0.1294115
2173 0.6660357418361526
2175 0.9463436746401233
2176 1.004275674621921
2177 1.5778660994927207
2178 0.2549867176012528
2179 0.02048418663470475
2180 0.29401600000000006
2181 0.036198642745487786
2182 0.6287901464126187
2183 1.3502623575752535
2184 0.15241132737606766
2185 0.20490199999999992
2186 0.22717170312438226
2187 0.5657524686940383
2189 0.3156486906780209
2188 0.47720955539926735
2190 0.4766285406054676
2191 0.5432507069635695
2192 0.9393077200417859
2193 0.09695127529285119
2194 0.8637240000000002
2195 0.2669857437585905
2196 0.6501344795724985
2197 0.5232791985768259
2198 0.8247489661744241
2199 0.39732426274177524
2200 0.17663335716095196
2201 0.5426264303854789
2202 1.2550522292152466
2203 0.5263457561939268
2204 0.09972823529955566
2205 0.069181735195049
2206 0.7236038541484322
2207 1.1345842120552183
2208 0.4695481982506643
2209 0.42316299999999996
2210 1.0493726332704574
2211 0.5869632181137543
2212 0.06897773562753495
2213 0.8023377004035508
2215 0.35366999999999993
2214 0.644118
2216 0.044807693958483163
2217 0.6674370000000001
2218 0.035915810028276374
2219 0.17882339680981452
2220 0.29252720879368277
2221 0.12451000000000012
2222 0.3328023313218002
2223 0.7336617636074205
2224 0.8846533709328726
2225 0.833563622888414
2226 0.4059112254899131
2227 0.758824
2228 0.1496390421544913
2229 0.41674666194358534
2230 0.5114880210867441
2231 0.9970589999999999
2232 0.36389929345971717
2233 0.9354923758308525
2234 0.014947133766617604
2235 0.5801411358428246
2237 0.8322638257811963
2236 0.7641609766911135
2238 0.9330051483717514
2239 0.17667231059326993
2240 0.7915772313002863
2241 0.9407182940459691
2242 0.46568600000000004
2243 0.7917467580645161
2244 0.6794933251985549
2245 0.3027055117640476
2246 0.4509805
2247 1.7554530754820494
2248 1.659336
2249 0.13904947264105938
2250 0.31609997106927756
2251 0.3024852834456977
2252 0.9171444609778736
2253 0.9496698390021961
2254 0.5426249880876558
2255 0.844117
2256 1.5107830000000002
2257 0.8589177382933884
2258 0.6678294795429498
2259 0.8229770000000001
2260 0.29231901985328634
2261 0.776471
2262 0.36421800647633584
2263 0.7851903421240809
2264 0.5361330000000002
2265 0.6293918311149262
2266 0.7608132714572184
2267 0.8590109993049743
2268 0.6552644057207795
2269 0.5418272970317708
2270 0.37294032313294534
2271 1.5982210174677165
2272 0.4988360476712959
2273 1.483934322653092
2274 1.180931619431442
2275 0.2215689999999999
2276 1.2872956268602411
2277 0.33678137556438936
2278 0.8264172135785506
2279 0.23874102168852107
2280 0.5249312789851268
2281 0.15244909522284655
2282 0.563725
2283 0.7982706958959811
2284 0.234313
2285 2.229874547693817
2286 0.5825937553504397
2287 0.32811059258578035
2288 0.6223975675973145
2289 1.333479042873176
2290 0.7751258918088906
2291 0.17749194077783348
2292 0.6330924313745439
2293 0.35588200000000003
2294 1.0730540000000002
2295 0.003645966387157751
2296 0.06695889628228202
2297 0.822588
2298 0.43171753120832124
2299 0.9327965579824986
2300 0.45588000000000006
2301 0.765389662925825
2302 0.0865773575976696
2303 0.9931370000000002
2305 2.3774489999999995
2304 0.6315793682514155
2306 0.7382340000000001
2307 0.8444594740847509
2308 0.4980395000000002
2309 0.3324063506304933
2310 0.19901900000000006
2311 1.1813374878945402
2312 0.7549021289791342
2313 0.444118
2314 0.963724
2315 0.3656870000000001
2316 0.610784
2318 0.7981951724988215
2317 0.8470580000000001
2319 0.19369999999999998
2320 0.4028936706606785
2321 0.944811294758749
2322 0.956932416183869
2323 0.658277238846511
2324 0.31666700000000003
2325 0.14691564482219488
2326 2.162162221704979
2327 1.0794110000000001
2328 0.6799223827975629
2329 0.899715
2331 0.8627038938495941
2330 0.7632435910610093
2333 1.6967400000000004
2332 0.02856134414787348
2334 0.01049000000000011
2335 0.6342640625859697
2336 0.8585472755783385
2337 0.2562850000000001
2338 1.2152799837567996
2339 0.4477616110125985
2340 0.016150624159434357
2341 0.08697430001070416
2342 0.6492934022175527
2343 0.1914695553830561
2344 0.302941
2345 0.4667827868138916
2346 0.5563245308592334
2347 0.13230100000000022
2348 0.5544516257828265
2349 0.6538693580775357
2350 0.6392579561595295
2351 0.34880793200102267
2352 0.9319561552698918
2353 0.447059
2354 1.2634955
2355 0.023530000000000002
2356 0.22264979351886563
2357 0.27191939528316134
2358 1.1303910000000001
2359 0.273731
2360 0.12058799999999992
2361 0.6615933355647668
2362 0.5027305
2363 0.26055098988422576
2364 0.4502342130487925
2365 0.7255510000000001
2366 0.380392
2367 0.10883456930674562
2368 0.30978618565340743
2369 0.673529
2370 0.6065625689710048
2371 0.854979543353181
2372 1.4939621491589208
2373 0.562298
2374 0.866021579822054
2375 0.8390356850477936
2376 0.23849782603326752
2377 0.25784300000000004
2380 0.15182344697099204
2378 0.09945489427304666
2379 0.5927745850492312
2382 0.34478267706714605
2381 0.6835664893486076
2383 1.1466684313950506
2384 1.161764
2385 0.542157
2386 0.9465704715185173
2387 2.179796834969288
2388 1.9617639999999998
2389 0.37324900000000016
2390 0.505067513747067
2391 0.10544768578346875
2392 0.0647065
2393 0.5267462134192944
2394 0.760785
2395 0.8732078427384278
2397 0.001753690796370333
2396 3.241552485069299E-4
2398 0.5432595
2399 0.6298773290432835
2400 0.23062127942740998
2401 2.1768706267269513
2402 0.023363916830663523
2404 0.258823
2403 0.65655019580749
2405 0.42703599999999997
2406 0.179732889511244
2407 1.1247614790241884
2409 0.34236936665719003
2408 2.3596178970245623
2410 0.5270515791403663
2411 0.8830802580965738
2412 1.0083820000000001
2413 1.7657299999999998
2414 0.997058
2415 0.5910714315782739
2416 1.0932111475363653
2417 0.8822342178498701
2418 1.4204617486834328
2419 1.2310671021554558
2421 0.599496000303466
2420 1.0419158694003503
2423 0.7149600236790467
2424 0.2777508911879545
2425 0.5887609350985011
2422 2.7852939999999995
2426 0.755541
2427 0.8247981624262242
2428 1.0264589064567515
2429 0.5509815358087653
2430 0.872852033458878
2431 0.4735290000000001
2433 1.0409037058866797
2432 0.37071426593983126
2435 2.1037849267494124
2437 1.375323
2434 0.29494693086588875
2436 0.9463800648580585
2438 0.9168360051591302
2439 0.9269376801046245
2440 0.40110821686171794
2441 0.40107943512431565
2442 0.48515031164702727
2443 0.642826971663556
2444 0.6689208956834671
2445 0.2440640646141543
2446 0.36899383069081626
2447 0.6135105432466685
2448 0.749646
2449 0.9362572562563632
2451 0.3452859769129004
2450 0.8970585
2452 0.07767176414176458
2453 0.840195
2454 0.6230350536518985
2455 0.4081115985796755
2456 0.4879283201630793
2459 0.7852945
2458 0.8655416093661941
2460 0.830471
2457 0.6038050000000001
2462 0.02746599999999999
2461 0.042406962213151767
2463 0.10612792731534237
2464 0.6239220000000001
2465 0.33040898076686065
2466 0.6088698916444208
2467 0.10461547129218585
2468 1.05196
2470 0.6070393983591792
2469 0.3572213945291143
2471 0.5275834613873946
2472 0.643475
2473 0.074198528336757
2474 0.20098099999999985
2475 0.041896059973509536
2476 0.642032765690199
2477 0.9391153506179509
2478 0.12889973419700773
2479 0.27608637185380513
2480 0.04480689927307324
2481 0.310484253806361
2482 0.37757898220428254
2483 0.8964714115429062
2484 0.4178312124019365
2485 0.9685407744227055
2486 0.9749625610079733
2487 0.6299646290935934
2488 0.75545
2489 0.660784
2490 0.0786709071754601
2491 0.286275
2492 0.892157
2493 0.5094826838631414
2495 0.6517122162711064
2494 0.6593856619248302
2497 0.47964501499424705
2498 0.998449478413489
2496 0.12298659395025822
2499 1.7524582223798835
2500 0.4337080470689372
2501 0.6763209132831955
2502 0.67157
2503 0.30948331901527726
2504 0.27228597280104516
2505 0.2125346387683411
2507 0.6435126231512002
2506 0.4603185438178625
2508 0.5758118307632751
2510 0.6760432138410626
2511 0.08921600000000018
2509 0.4248743171803997
2512 0.8537108886173714
2513 0.457843
2514 1.244118
2515 0.4926214449145998
2516 1.5215959180826124
2517 0.24960772393767772
2518 1.892774
2519 1.7239080110901834
2520 0.6328180000000001
2521 0.792157
2522 0.8362749999999999
2523 1.000262845896789
2524 0.8087466267774062
2525 0.756129
2526 0.0706804776811285
2527 0.8160296908871185
2528 0.5983670676978241
2529 0.9230910000000001
2530 0.8867033017770471
2531 1.4922283655594477
2532 0.2607197071562124
2533 0.8359358758543051
2534 1.157843
2535 0.4291336367538283
2536 0.8150448284643951
2537 2.6911750000000003
2538 0.0924901338490638
2539 0.45508816706602473
2541 0.2549020000000002
2540 0.8129276813508297
2542 0.8441180000000001
2544 0.04481257683543105
2543 0.005072137968011425
2545 0.21457649999999995
2546 1.6136025355637547
2547 1.1363845261459706
2548 0.6005606746352116
2549 1.516265348076056
2550 1.9656870000000002
2551 0.18333299999999997
2552 0.8779684690362135
2553 0.9099475458615062
2554 3.163485481228914
2555 0.13784999422826716
2556 0.24662044792555093
2557 1.4699622620854205
2558 0.3853903182396696
2559 0.8758296031294891
2560 1.684999016152229
2561 0.20686199999999988
2562 0.007244762525250303
2563 0.4572469061542428
2564 0.6461726265302561
2565 1.0176986592157344
2566 0.13538386366277866
2567 0.380392
2568 0.80392
2569 0.8905659399074117
2570 0.804291923304209
2571 0.3742317074163617
2572 0.9039220000000001
2573 0.7077666565388998
2574 0.793582
2575 0.7036112296887962
2576 0.14813286963104644
2577 1.7872560000000004
2578 0.5664885484929765
2579 0.040870185699892314
2580 1.1118945266816838
2581 0.7478784443196344
2582 0.5519972492077818
2583 0.050000000000000044
2584 0.009734215011218739
2585 0.5465703802419429
2586 0.3500000000000001
2587 0.45880713924830563
2588 0.7490783410662023
2589 0.10603895318824907
2590 0.3858652160209659
2591 0.7225490000000001
2592 0.9467639999999999
2593 0.45850156847006107
2594 0.8281245838553177
2595 0.4255025411803153
2596 0.6530555007894858
2597 0.9423504039328402
2598 0.389216
2599 0.7808125141633521
2600 0.7666888872708032
2601 0.8573602927853494
2602 0.20071517632142977
2603 0.6283018764397954
2604 0.8307268161148793
2605 0.4024421524096652
2606 0.5607945510446402
2607 0.845097
2608 0.27869350000000004
2609 0.3449160219295171
2610 0.9105485901842608
2611 0.12582850000000012
2612 0.023698106303927435
2613 0.9050634120063124
2614 0.5055274163330261
2615 0.9030254908761486
2616 0.13598942769906075
2617 0.61090496279427
2618 0.5872675559118263
2619 0.20885062638241414
2621 0.631373
2620 0.16852036919444635
2622 0.8841554912922089
2624 0.12623234843401704
2623 0.6240693851607733
2625 0.384314
2626 0.575951
2627 0.17089416518998068
2628 0.2157627728625413
2629 0.45613000000000015
2630 0.08733060486363153
2631 0.3953737089090772
2632 0.41602913613493225
2633 0.363083
2634 0.2030050000000001
2635 0.7843640000000001
2636 0.22713397204598046
2637 0.34740940090180006
2638 0.9234361569487948
2639 0.46274499999999996
2640 0.08040814988752983
2641 3.7029429999999994
2642 0.21150899999999995
2644 0.18910399999999994
2643 0.16041553873913417
2645 0.2120181665312042
2646 1.2142336072723483
2647 0.369770462500834
2648 1.918626
2649 0.11190328465372867
2650 1.1740620000000004
2651 1.051969
2652 0.6955182215491817
2653 1.3519911479359432
2654 0.3192343183956119
2655 1.0525079999999998
2656 0.926471
2657 1.3593279999999999
2658 0.18215728095476003
2659 0.8362135306103065
2660 0.8915476293009881
2661 0.629729
2662 0.26601302389576453
2663 0.27058800000000005
2664 0.1370770739520486
2665 0.014879052477922539
2666 0.2139593264541777
2667 0.8409115
2668 0.8048967174784414
2669 0.21404256188122206
2670 0.4079076456366569
2671 1.8637270000000001
2672 0.0305980306609126
2673 2.2790465188152345
2674 1.1656860000000002
2675 0.840467204022721
2676 0.5349495730703577
2677 0.6188729354538811
2678 1.910785
2679 0.1312163278019698
2680 0.2839153999909765
2681 0.8031669167728124
2682 0.932231
2683 0.3886105000000002
2684 0.4580700054262896
2685 0.4869121459313053
2687 1.9381710322991161
2686 0.06129094691684789
2688 0.64902
2689 0.8381663350220825
2690 0.04600070919629706
2691 3.6990209999999992
2692 0.8655734118278962
2693 0.7149642929706408
2694 1.150981
2695 1.0049020000000002
2697 0.626394
2696 1.3352950000000001
2698 1.9839944414188075
2699 0.056614044257290885
2700 0.27110750000000006
2701 0.35433669700108983
2702 0.009002300993237178
2703 0.6882344978079653
2704 0.7488935
2705 0.854902
2706 1.2841241207502307
2707 1.0532232578641347
2708 0.41484326338612854
2709 1.0507610000000003
2710 0.6986540584094401
2711 0.042231246882865614
2713 0.5830691346864376
2712 0.42018979407598334
2714 0.6166562687177776
2715 0.9255633710660506
2716 0.8716226322353611
2717 0.8550391642984956
2718 0.04923569756237245
2719 0.9216759999999999
2720 0.35705248178579696
2721 0.0462464471670867
2723 0.9252697140554021
2722 1.0788836312005727
2724 0.8384246483656188
2725 0.38769750792863067
2726 0.3340914994359505
2727 0.6338779886395551
2728 0.2264100262889459
2729 0.3129711281548484
2731 0.19488248977237155
2730 0.2877177344281525
2732 0.5576371874701487
2733 0.8519604999999999
2735 0.5559278705539383
2734 1.4669088024058967
2737 0.9030236701438608
2736 0.9073585429666446
2738 0.5245925498394213
2739 1.1363213224495687
2740 0.09303417211518128
2741 1.494854450082917
2742 0.03463700000000003
2743 1.098373334557848
2744 0.922497552976107
2745 0.36766120252970413
2747 0.961765
2746 0.0745095
2749 0.2749974292841708
2748 0.4474936061390371
2750 0.269116949185749
2751 0.31666700000000003
2752 0.8574139105309619
2753 0.8025245784968731
2754 1.0955293907207209
2757 1.1564144353875412
2756 0.7297335369432429
2755 0.461765
2758 0.17683412920180808
2759 0.9185046846545799
2761 0.5196939629522952
2760 0.7221116647731285
2762 0.12792411125526026
2763 1.0256243471673654
2764 0.14039739486998415
2765 0.651961
2766 0.7319443606019064
2767 0.5638660000000002
2768 0.911765
2769 0.618628
2770 0.8983203865017382
2771 1.232664290229932
2772 1.9447525513209662
2773 0.3621092555065626
2774 0.8833329999999999
2775 0.8803498550509636
2776 0.20253537732830384
2777 0.48302445066839966
2778 1.092541592736621
2779 0.9362715115470583
2780 0.09670313092574889
2781 0.5612124575696749
2782 0.565474
2783 1.0514692937825016
2784 0.263725
2785 0.6299917478238679
2786 0.34689850163756986
2787 0.2428495396335999
2788 0.30703345324358056
2789 0.29705899999999996
2790 0.7584223093680027
2791 0.8659085000000001
2792 0.3362740000000002
2793 0.631373
2794 0.3767955743161989
2795 0.4602870119501927
2796 0.7227379999999999
2797 0.45751013350204034
2798 0.5697573060349563
2799 0.5701333841733189
2800 0.27897662737145223
2801 0.5837799255049283
2802 1.4955413047573802
2803 0.7458651944086679
2804 0.37667429336383806
2805 0.41075542207190924
2807 0.7277560000000001
2806 1.6587699999999999
2810 0.6998990827300906
2808 0.3872550000000001
2809 0.5654735597959655
2811 0.9137376714946799
2812 0.47120249999999997
2813 0.04786334745201781
2814 2.9248275
2815 1.450375
2816 0.7626592687719608
2817 0.8757241118071468
2819 0.08655199999999996
2818 0.3284309999999999
2822 0.913725
2820 0.24494512260934775
2821 0.13921549999999994
2823 0.6801654948427627
2824 0.6793666207013936
2825 0.713423246470813
2826 0.5471657136993733
2828 0.7769750763818106
2827 0.733333
2829 0.44152733160645474
2830 0.11264800000000008
2831 0.2630772906100134
2832 0.8306534201033029
2833 0.2921109467186582
2834 0.15160300000000015
2835 0.34885505477029244
2837 0.5832964213795547
2836 0.024468225893901963
2838 0.3722305
2839 0.195098
2840 0.90178226277465
2841 0.45570534878474134
2842 0.35312433847388225
2843 0.8630160640609875
2844 0.08299321786718883
2845 0.441176
2846 0.6387732585745387
2847 0.5022273054566033
2848 0.637255
2849 0.8262173650929394
2850 0.6225495000000001
2851 0.3042594133003893
2852 0.965686
2853 3.1605347081684148
2854 0.1391209150948376
2855 0.7564092089917516
2856 0.17647
2857 0.19857290887526446
2858 0.4394812735009104
2859 0.29105304367571794
2861 0.006975314791358933
2860 0.25336015310549165
2862 0.5803414219795651
2863 0.2558830000000001
2864 0.5983995556364428
2865 0.67314449719093
2866 0.5583843846988681
2867 0.015871999999999997
2868 1.661764
2869 0.4968709697197094
2870 0.33039300000000016
2871 0.772748
2872 0.581485
2873 0.8716667011521431
2874 0.8304222859405239
2875 0.686909
2876 0.896435
2877 0.61963
2878 0.07133435354131445
2879 0.48378923754201275
2880 0.20952900000000008
2881 1.12647
2882 1.0596161374194246
2883 0.6127450000000001
2884 1.34373646811601
2885 0.06710908942366167
2886 0.47352899999999987
2887 0.5913523709269566
2888 0.639216
2889 0.763971719708826
2890 0.29178966609555573
2891 0.3774506666666666
2892 0.26883405599774024
2893 0.01256022721587191
2894 1.3249593768335866
2895 0.16043719648585797
2896 1.1093510813048397
2897 1.377541004720862
2898 1.2244281279403617
2899 0.5785650185959609
2900 0.12745050000000013
2901 0.8444923776175071
2902 0.6794110000000002
2903 0.6455194845561567
2904 0.4431206273051411
2905 0.15646162624752447
2906 0.8914073884141385
2907 0.7725489999999999
2908 0.5947167448115065
2909 0.413748594062358
2910 1.1578419999999998
2911 0.5592997439904615
2912 0.0940573985876545
2913 1.4312225543682218
2914 0.3362740000000002
2915 2.134249036318918
2916 1.0959619999999999
2917 0.9043490000000001
2918 0.26019673681961897
2919 1.5244570000000002
2920 1.1894576346819645
2921 0.8757636489810959
2922 0.02451100000000017
2923 0.9042991008800111
2924 0.890196
2925 0.08768938299288198
2926 0.6500000000000001
2927 0.7890042245472983
2928 0.650226
2929 1.4911750000000004
2930 0.7521852721997266
2931 0.4203049912525989
2932 0.09405881781622316
2934 0.056382072065932265
2933 1.298153245458858
2935 1.4190842869172695
2936 0.663200498307817
2937 0.322549
2938 0.0718201042348614
2939 0.6115633977666128
2940 0.816582095923887
2941 0.9082543538828786
2942 0.15888884148028626
2943 0.42571866023699423
2945 1.3645179999999997
2946 1.450462102970602
2944 0.00569200000000003
2947 0.010836320407002109
2948 1.0289868245494382E-4
2949 0.891731
2950 0.8717025352183332
2951 0.07719130754567138
2952 0.28827274717445817
2953 0.941864267060772
2954 0.24987067885855985
2955 0.01515151041045737
2956 0.939215
2957 0.5821274463409088
2958 1.0701169101069288
2959 0.04470957970398026
2961 2.507262
2960 0.3468184432034916
2963 1.4794120000000002
2962 1.3186159439054477
2964 0.5707039999999999
2965 0.811601766868406
2966 0.13381699999999985
2968 1.0480390000000002
2967 0.061787488513483924
2969 0.0026826584091595995
2970 0.2912469187558375
2971 0.8171873739021722
2972 0.8485770428510793
2973 1.1727689757152946
2975 0.11011085048848268
2976 0.7006326720948466
2974 0.9943812639986203
2977 0.6329871631279511
2978 1.470163
2979 1.5068620000000001
2980 0.5658100000000001
2981 1.5500725655515815
2982 0.6120775233907751
2983 0.45083663215834485
2984 1.5029419999999998
2985 0.5495289999999999
2986 0.45497598273204276
2987 0.9220953596361847
2988 0.8250920000000002
2989 0.6158319999999999
2990 0.7652689887731701
2991 1.110878413439431
2992 1.079413
2993 0.21863121122366924
2994 0.6364337997348997
2995 0.9244555472966429
2996 1.1909465731988707
2997 0.3850695522894533
2998 0.4318781588459722
2999 2.0519620000000005
3000 0.4470590000000001
3001 0.7939174999999999
3002 0.053922000000000025
3003 0.010994467653757778
3005 0.7019524360200065
3006 0.11314400000000013
3004 0.9067121007783603
3007 0.7649166216562058
3008 0.9476618711748817
3009 0.7668022410937565
3010 0.48789105673135436
3011 0.44567
3012 1.4404960690572939
3013 0.14411799999999997
3015 0.3554744808252097
3014 1.067648
3016 2.4630270000000003
3017 0.43823499999999993
3018 0.6149869405764077
3019 0.855882
3020 0.27866199762363286
3021 0.9266514854308918
3022 0.6310469999999999
3023 1.7819966130544052
3024 0.35588200000000003
3025 4.070824469618732
3026 1.7068640000000002
3027 0.587749270520465
3028 0.7950980000000001
3029 1.6127459999999998
3030 2.285368
3031 0.9952329221931047
3032 0.5741057023654383
3033 0.965249
3034 1.245491518328883
3035 0.75356
3036 0.47353
3038 0.6232225250220538
3037 0.31710400000000005
3039 0.7279079271825316
3041 1.3020639999999999
3040 0.7206787047145125
3042 2.2843876234864355
3043 1.255883
3044 1.5020800119649536
3045 0.05085188385851258
3046 0.8522465181228357
3047 1.3493760000000001
3048 0.5443749999999998
3049 0.2877642624966772
3050 0.8279197422504334
3051 0.3323530000000001
3052 0.19930092997154403
3053 0.8193094999999999
3054 0.6794119999999999
3055 0.8416603095314903
3056 0.9578439999999999
3057 0.7594613635133987
3058 1.130393
3059 1.451961
3060 2.5326879999999994
3061 1.09902
3063 1.3666577991275755
3062 0.20979217247730464
3065 0.3107456385941183
3064 1.117370395497762
3066 1.5314720000000002
3067 0.2284912717230536
3068 1.1312445554942536
3069 0.5941175000000001
3070 0.21963824931051268
3071 0.21775389464204475
3072 0.8254493238242603
3073 0.3628320199397958
3074 0.3132693619828264
3075 1.3027419210331972
3076 1.3694470115649084
3077 0.47620707090745196
3078 0.9013315307102503
3079 0.6397233674264726
3080 0.5073645218439234
3081 0.1867320968067958
3082 0.9037210217878802
3083 0.7414671535919188
3084 0.982353
3085 0.9016755
3086 0.07505044265064043
3088 0.2331337928470345
3087 0.24989633513472542
3089 0.034063313586355615
3090 2.718629
3091 0.9471468402345737
3092 0.8481469804197992
3094 0.6207841622962407
3093 0.2927122153707615
3095 0.29952807017760286
3096 0.8114939999999999
3097 0.5400516485791518
3098 0.05346259240557272
3099 1.4892139999999998
3100 0.6780205021587498
3101 0.4303920000000001
3102 0.6921570000000001
3103 0.6970590000000001
3105 0.47431619549984494
3104 0.1572931513840894
3106 0.5616890000000001
3107 0.8024188313006075
3108 0.3581969999999999
3110 0.08137299999999992
3111 0.547550734313631
3109 0.08726935100270228
3112 0.39043200774164366
3113 0.8908378799294692
3114 0.4872099999999999
3115 0.9437115930654603
3116 0.21079707280287208
3117 0.8227252394565686
3118 0.005478680975246286
3120 0.23542147562260074
3119 0.6537221359361818
3121 0.47831357400559327
3122 0.0603452657159409
3123 0.5656860000000001
3124 1.527451
3125 0.5301548366710522
3127 0.12679280188607556
3128 0.011505800924082488
3129 1.8620053441946582
3130 0.7004237494520944
3126 0.8713270681353242
3131 0.8943287985374129
3132 0.9310187689848595
3133 0.8642285891259565
3134 0.49838161135803416
3135 0.47647099999999987
3136 0.6393462539881356
3137 0.2621840646255751
3138 1.9661072854636565
3139 0.4633287151817622
3140 0.728940569690379
3141 0.8945700277242163
3142 0.5262555747952125
3143 0.441144601902247
3144 0.42085968097370574
3145 0.578172
3146 0.48434695755393187
3147 0.9006371497377312
3148 0.4127449999999999
3149 0.13039100000000015
3150 0.8242559999999999
3151 0.15742304664366946
3152 0.667646
3153 1.0918125287723248
3154 0.24297208663186454
3155 0.5041833641010343
3156 0.5249142713160831
3157 0.520499
3158 0.1970590000000001
3159 1.195643505792604
3160 0.8133341382361412
3161 0.7803863405084654
3162 0.5009768774524324
3163 0.708115
3164 0.2421580000000001
3165 0.3649330810997413
3166 0.25386423792676305
3167 0.640680986216275
3168 0.6120086345599907
3169 0.10341003524728065
3170 0.6656482623532383
3171 0.602033024774528
3172 0.16550793759001925
3173 0.8415282782216437
3174 0.3145173462147087
3178 0.10973164004647429
3177 0.6490877272620528
3179 1.8343140000000002
3176 0.3395133054763473
3175 0.2901309999999999
3180 0.5700947593363961
3181 0.11862800000000018
3182 0.10633102502895309
3183 0.3085851115422902
3185 0.4066494039976965
3184 0.0416160000000001
3186 0.8245100000000001
3190 0.6737096303184886
3189 0.09805752430186243
3187 1.5114020059339566
3192 0.734226
3188 0.170589
3195 0.22843100000000005
3193 0.762338971043588
3197 0.9473849999999999
3200 0.530097
3194 0.3219368679115886
3198 0.868285
3201 2.4096707496264367
3196 0.9152346366467733
3191 0.6827507511161264
3199 0.38921400000000017
3202 1.5826520000000002
3203 1.428961677562268
3204 0.6241835932808559
3205 0.6977370482413825
3206 0.20581083046461046
3207 0.09707655371902879
3208 1.2620494618229199
3209 1.4223957127325602
3210 0.0645230200673037
3211 0.9434657217032545
3212 2.3217359999999996
3213 0.5428299270136356
3214 0.9129248224667836
3215 0.15734714481045153
3216 0.8922421711302768
3217 1.4120313410094008
3218 0.7352814537522323
3219 0.08839691841981101
3220 0.4566627722620876
3221 0.9211510573865382
3222 0.10815955602152294
3223 0.8468439999999999
3225 0.447615509945087
3224 0.647059
3226 0.047675407955443005
3228 0.03823600000000005
3227 0.11540956558332716
3229 0.798851053573708
3230 0.747865263579149
3231 0.5962895880338928
3232 0.592157
3233 0.8190025367985412
3234 0.552295313521624
3236 0.008653248312208706
3235 0.27737483167445043
3237 0.8777703467927489
3238 0.05784300000000009
3240 0.3299084570939259
3239 0.1432839337998797
3242 0.9127525889654406
3243 1.2429461733713734
3241 0.19247811454642272
3244 0.890196
3245 0.6068625000000001
3246 0.8426433109077773
3247 0.29705899999999996
3248 0.20490100000000022
3249 0.6785964308929817
3250 0.2512295
3251 0.2931290000000002
3252 0.20294100000000004
3253 0.5774519999999999
3254 0.23039199999999993
3255 0.4790860686029359
3256 0.12266577415433066
3257 0.3690521026600213
3258 0.948039
3259 1.12334
3260 0.732710713216135
3261 0.755673
3262 0.67822637218524
3263 0.6403710040784321
3265 0.9414391244455118
3264 0.40359996121109365
3266 0.9605994015942194
3268 0.8552891333287884
3267 0.17692427611046813
3269 0.8527591842284239
3271 0.13411501803855197
3270 0.7944306864168436
3273 0.8101037462566258
3272 0.35940953660759223
3274 0.2787895
3275 0.31550199999999995
3276 0.48413568216490965
3277 0.5653949137531618
3278 0.8081386562390209
3279 0.31020796761120883
3280 0.45806433595777274
3281 0.6699189439428523
3282 0.7644322732611031
3283 0.9827900892177854
3284 0.8522030750427552
3285 0.46687599999999985
3286 0.6797105902610261
3287 2.2186255934068697
3288 0.3323530000000001
3289 2.1291207575283515
3290 0.7163189970038037
3291 1.449224978373602
3292 0.3035678216630102
3293 1.5992211435265407
3294 0.07107707917155737
3295 1.6675965331149418
3296 5.713623443702702
3297 2.1860029623530073
3298 0.4796065835875571
3299 1.177567000824266
3300 0.7207601274022819
3301 0.895098
3302 1.1292479999999998
3303 0.7492763079916214
3304 0.13236760626136923
3305 0.9252480056815945
3306 2.4907476909698696
3307 2.189140505500289
3308 0.47884877433921846
3310 1.2719160270674512
3309 0.5781971187526278
3311 2.2850600157276464
3313 0.15068815958832293
3312 0.18685340044523446
3314 0.6384513229874182
3315 0.6240815159085185
3316 0.9669217607745009
3317 0.6950367552323158
3318 0.2613023470383373
3319 0.664705
3321 0.542728
3320 0.24064166495114625
3323 0.6089255361172361
3322 0.39844745687736993
3324 0.027965489987024972
3325 0.701942097505919
3326 0.2584104071230655
3327 0.014501100912928
3328 0.8899107313410672
3329 0.24392882975843766
3331 0.524191257244409
3330 0.3797590000000002
3332 1.0593010000000003
3333 0.5767479993297027
3334 0.3211145644162119
3335 0.9334180000000001
3336 0.7149227863690546
3337 0.16667599009637213
3338 0.01593722689982524
3339 0.8932904602688772
3340 0.8132292131971203
3341 1.0642108637121097
3342 0.588236
3343 0.5421570000000002
3344 0.4198002060638893
3345 1.372185075577949
3346 0.5710379999999999
3347 1.2291261699254694
3348 2.0196001534384385
3349 0.888274801003136
3350 0.7116677953259257
3351 1.3780643224419082
3352 0.25140079228823375
3353 0.587403313248118
3354 0.5507472837232985
3355 0.6121423104437185
3356 1.0593929452352808
3357 0.258008
3358 0.7903955006881509
3359 0.5790208584869279
3360 0.8106777203907657
3361 0.7814938195422878
3362 0.43048078275803947
3363 0.31438040889865637
3364 1.3470585
3365 2.203963
3366 0.26668449975662867
3367 0.2503462196573125
3368 0.626646
3369 0.06545296371049436
3370 0.6019599999999999
3371 0.02638000000000007
3372 0.7106425205114106
3373 1.02719
3374 0.12009400000000015
3375 0.7934127567547711
3376 0.9229388275186743
3377 0.7750539781975305
3378 2.186338
3379 0.2440894553001265
3380 0.3477701531619868
3381 0.6637250000000001
3383 0.602009234841903
3382 0.7305082683832576
3384 0.762287
3385 0.796079
3386 0.689216
3387 0.7970095175844949
3388 0.09902100000000003
3389 0.12623730019101154
3390 0.4387354308776896
3391 0.9767354228563858
3392 0.5331167532998198
3393 0.411367335153775
3394 0.1401969999999999
3395 0.04165551175153204
3396 0.7819037177177754
3397 1.693138
3399 0.17354474647129003
3398 0.7089849622523938
3403 1.0813720000000002
3401 1.0196836210611822
3400 0.22151977068238926
3402 0.9055015005847706
3404 0.9176865644988699
3405 0.12256483272649965
3407 0.8156828036393189
3406 0.1811680517590477
3408 0.8617777223128997
3410 0.7408248051201289
3409 0.7088240000000001
3411 0.3184760000000002
3412 0.6280349425491536
3413 0.9215695000000002
3414 0.3289010000000001
3415 0.2832301989927499
3416 0.6259441474947738
3417 0.5732103599238911
3419 0.35262768266511624
3418 0.7122847662445129
3420 0.3057694296250477
3421 0.5336928874928384
3422 0.8052546589633605
3423 0.892649
3424 0.417926
3425 0.5523969634179899
3426 0.7677291048858486
3427 1.2401959999999999
3428 0.34397419425184705
3431 0.5843435469963809
3429 0.865686
3430 0.4355318203841836
3432 0.9788908782149273
3433 0.3505420481271898
3434 0.5562900186525683
3435 0.4126865031548538
3436 0.4123035156992312
3437 1.7340543724771431
3438 0.15509721336454718
3439 0.9852930000000002
3440 0.023687000000000014
3441 1.189638863637154
3442 0.796825128564685
3443 1.5637461925656833
3444 2.6637260000000005
3445 0.3987742369587177
3446 0.5284310000000001
3447 0.7669314244782277
3448 0.637254
3449 0.34983338720250123
3450 0.45757999256106174
3451 0.6469072684858417
3452 0.5656860000000001
3453 0.054627660405417
3454 1.187369413489453
3455 0.5715680000000001
3456 0.16059901944369437
3457 0.828867109160354
3458 0.6057045949698656
3459 0.647895582991076
3461 0.49196363990127834
3460 0.653167678118526
3462 1.7244599999999999
3463 0.13165140802994135
3464 0.0021863317840074004
3465 0.7069299050355804
3466 0.8388630718070449
3467 0.38879299999999994
3468 0.834314
3469 0.1330506288594242
3470 0.23715977393695442
3471 0.5775170385924107
3472 0.3745698075783903
3473 1.5145700000000002
3474 2.222963367447276
3475 1.3774168248119756
3476 1.8527439999999997
3477 1.7948560000000005
3478 1.099019
3479 0.6611770812220038
3480 0.41129685878860545
3481 0.6324347721377043
3482 0.6587384326926748
3483 0.5478367708085111
3484 1.5188624268380073
3485 0.07336554429083164
3486 0.6244260566479607
3487 0.8824875057582882
3488 0.5529721835337502
3489 0.7560012442441544
3490 0.8257200000000002
3491 1.3463772617396692
3492 0.7417784257038051
3493 0.5709279349608172
3494 1.0862321113303774
3495 0.22989936787074816
3496 0.4664212315097941
3497 0.763813566325015
3499 0.3526681059926924
3498 0.4915567880593865
3500 0.6125661519469061
3501 0.7012670519929822
3502 0.5584953198655752
3503 1.5970579999999999
3504 0.39313009506531515
3505 0.2635713418408894
3506 0.7559220000000002
3507 0.5016178020091946
3508 0.9193682294272364
3509 0.20246018678486033
3510 0.35392200000000007
3511 0.14616743297931034
3512 1.995665976433113
3513 0.742844455817276
3514 0.5765507215884594
3515 0.08985899999999991
3516 0.673480446860213
3517 2.6354785847191415
3518 0.33565275879375744
3519 0.44997499011989295
3520 0.7085036521357067
3521 0.9574640000000001
3522 1.04885
3523 0.8662322525469783
3524 0.5698180217692949
3525 0.636274
3526 0.0029410000000000824
3528 0.39819000000000004
3527 0.9159197238477166
3529 0.843649
3530 0.6560583372638147
3531 0.08475500000000014
3532 1.581492297054772
3533 0.7212147296410836
3534 0.0061035230438035715
3535 0.5435273186860659
3536 0.6375049874530823
3538 1.283227760948247
3537 1.1904760988639758
3539 0.5640410800279894
3540 0.6296510000000002
3541 0.8541942402972622
3542 0.7754900000000002
3543 0.1913838431959234
3544 0.5070374882441662
3545 1.8561688945786072
3546 0.2264710000000001
3547 0.6115098635952738
3548 1.5599989971222723
3549 1.2328313863153266
3550 1.790396564949171
3551 0.6142460813015438
3552 3.28789564102172
3553 2.209046
3554 0.33258501762739123
3555 0.9335814800547373
3556 1.3694847496494231
3557 0.4447075615787581
3558 0.31525194463620876
3559 0.3284309999999999
3561 0.004067000000000043
3560 0.7449588875708838
3562 0.32161431879494984
3563 0.06380200000000014
3564 0.687068
3565 0.7301584778797887
3566 0.13551185300222235
3567 0.7852477847201261
3569 0.20553492461623546
3568 0.6606162582884736
3570 0.94902
3571 0.7846344387644868
3572 1.33653
3573 0.5556102898823883
3574 0.745922
3575 0.6417953094860152
3576 0.5002874513078055
3577 0.27735469224591713
3578 0.5699998750580444
3579 0.5748039783113195
3580 0.550001
3581 0.4519599999999999
3582 0.02369500000000002
3583 1.389216
3584 0.8807395267296142
3585 0.1365364972917782
3586 3.010858
3587 1.5117420000000001
3588 0.6050712617267171
3589 0.9357389760365623
3592 0.5659559398636007
3591 0.18725500000000017
3590 0.225268