1 0.7996785193696114
2 0.8542921833530003
3 0.7642155
5 0.08761678271761508
4 0.00797231265766507
6 0.7434281187380478
7 0.8970620651290001
8 0.7382757194361077
9 0.05589943283615928
10 0.3731459135576418
11 0.8071314217610001
12 0.6323530000000002
13 0.16684301574546367
14 0.8792374344354842
15 0.44250928000565176
16 0.5334337389062502
17 0.40038337562500015
18 0.5663246399867339
19 0.567047229604
20 0.645913665744
21 0.10973013505614815
22 0.050602426906250164
23 0.9084995840810001
24 0.510358113841
25 0.3681160000000001
27 0.609936959911
26 0.9469210382610584
28 0.782909894656
29 0.23295673764471825
30 0.097059
31 0.7971849692785551
32 0.15832252522241963
33 0.04732556692074641
34 0.6681934482099998
35 0.16084176647343051
36 0.9011297291362981
37 0.5351408078698937
38 0.8555429999999999
39 0.325605816609
40 0.4685483955553544
42 0.256886028028
43 0.14842071094612283
41 0.5410915354001469
44 0.5424426197557219
45 0.149585896041
47 0.1483058463227651
46 0.47621800000000003
48 0.7757644756032452
49 0.4918680025
50 0.7644880109784047
52 0.8754845937804999
51 0.8641334393936514
54 0.32807907452974133
53 0.6304133351610001
55 0.26745450000000015
56 0.9421580000000002
57 0.64365
58 0.13665096859654868
59 0.9087269999999998
60 0.18361866349200004
61 0.26817019746045667
62 0.7190340000000002
63 0.5025464497225739
64 0.883960512649
65 0.4619135391664353
66 0.006078818573639233
67 0.8756564896584125
68 0.6770304966019269
69 0.341983446876134
70 0.858823
71 0.7276779855671368
72 0.3582706250074572
73 0.3925617344751771
74 0.6694321101417171
75 0.36180740671932243
76 0.670759
77 0.641218736430541
78 0.8486157464423423
79 0.11819102240856205
80 0.260553513841
81 0.7675280000000002
82 0.48210563088
83 0.15105750000000007
85 0.3240963277657807
84 0.6656908455209999
86 0.7447645645809221
87 0.23766607802999995
88 0.0040989752815312475
90 0.64450268994625
89 0.44757791435025
91 0.7349739736640002
92 0.7547490000000001
93 0.538937435025
94 0.7439118037379313
95 0.665686
96 0.17200994948100012
98 0.6384884163791862
97 0.708650547140919
99 0.20587273824100016
100 0.27127990774807786
101 0.555512960573
102 0.8572389806866743
103 0.19222885690255964
104 0.3128055737512021
105 0.8680892676157428
106 0.8356148042090001
107 0.04721400000000053
108 0.5938220000000001
109 0.2985089999999999
110 0.5944643065322632
111 0.653267888889
112 0.02549827366400015
113 0.6186119999999999
114 0.7775797612785275
115 0.46078700000000006
116 0.15165249645234846
117 0.5303920000000002
118 0.6454375000000002
119 0.8451084314508972
120 0.6922363222985715
121 0.8019114745357446
122 0.662611512649
123 0.8359718478009999
126 0.27650419792400016
125 0.23039199999999993
124 0.9370523944639999
127 0.03940337562500007
128 0.41110599999999997
129 0.20984975449572274
130 0.23623533756250015
131 0.09152033465055798
132 0.913725
133 0.9060656190900254
134 0.38766289542500004
135 0.3698944479711783
136 0.8848206541160001
137 0.6873413799254597
138 0.4136753506458482
139 0.372324
140 0.2897345030458156
141 0.3182391636492413
142 0.11171801900100031
143 0.473082
144 0.645271242715747
145 0.5788802244
146 0.05132205841467785
147 0.28696339298933227
149 0.45080600000000004
150 0.10804015740099993
148 0.37142324655558134
151 0.024812277082937317
152 0.454226872825
153 0.827411140881
154 0.615250112649
155 0.689081112649
156 0.33921650000000003
157 0.8692286126489999
158 0.7325966785708148
159 0.5725507566665946
160 0.23455400000000015
161 0.839934255625
162 0.29411849999999995
163 0.8099709554972548
164 0.02265446875258803
165 0.35169126932899997
166 0.15621973942471068
167 0.7928974002105325
168 0.002423021760999955
169 0.8484879604
170 0.7856532744700315
171 0.4966709077072256
172 0.418628
173 0.548304866436
174 0.32301026643600006
175 0.373473201413
176 0.11045729542499999
177 0.25154193418007664
178 0.08557995226790771
179 0.4192506430760674
180 0.13918961892165038
182 0.781008576384
181 0.9048790000000002
183 0.4053946637599756
184 0.0903212336000001
185 0.8867945855721828
187 0.7149419742976093
186 0.8743190000000002
188 0.5400327757586864
189 0.4902728560821042
190 0.865293213630994
191 0.7993733841914898
192 0.0765327401
193 0.8949398082500002
194 0.053315965744000104
195 0.22022050799953874
196 0.16134335416900014
198 0.5855611206598672
197 0.5784472626649468
199 0.6156523989065188
200 0.7581963350441162
201 0.9031400936905598
202 0.9129141990005001
203 0.06531448375625026
204 0.369167
205 0.47843100000000005
206 0.5201936455210001
207 0.9438399060660361
208 0.3979268863734052
209 0.06873897732730105
211 0.9255024088686847
210 0.10034580084556399
213 0.475772973664
214 0.5449466547325105
212 0.5237899842415881
215 0.770208
216 0.30810434248400004
217 0.38686299999999996
218 0.6560629204840001
219 0.048932091840413694
220 0.31865472649000004
221 0.5393160000000001
223 0.7489043870322578
222 0.7586142681890133
225 0.6171654422560001
224 0.14961146512900014
226 0.674876645521
227 0.544202316531457
228 0.3198700574010001
229 0.09532684561913363
230 0.88847125415225
231 0.6400381089152334
234 0.6200419449177283
233 0.08343593502500002
232 0.455929697937
235 0.5531985700250001
236 0.19354454247749997
237 0.6774998523440925
238 0.3035554593114344
239 0.139335
240 0.860785
241 0.28685537366400005
242 0.9480394999999999
243 0.5491515647309729
244 0.2896527136486856
245 0.14951670536676942
246 0.791546829713655
247 0.70694
248 0.03846231043883175
249 0.6575417070257168
250 0.7765790041727322
251 0.8519605
252 0.31786683873800636
253 0.275753
255 0.06116782212890115
254 0.9236751593067499
256 0.256997965744
257 0.06748727349030204
258 0.601436295688
260 0.49511757150962765
261 0.2391080000000001
259 0.06026942960400006
262 0.3642304999999999
263 0.9177034350250001
265 0.7993792334266293
264 0.6841979744699008
266 0.6336635146879654
267 0.4467505123846875
268 0.41317350115350004
269 0.9265957590996103
270 0.741908809049
271 0.08921500000000004
272 0.07941200000000004
273 0.1983789419455
274 0.49944549501084373
275 0.605148050596
276 0.4581233560186039
277 0.7668935435758859
278 0.5393678043828627
279 0.5559464999999999
280 0.2890588836951626
281 0.4105684739877019
282 0.36442105834179017
283 0.467654847537225
284 0.184409357632
285 0.4116813001781488
286 0.44000829487584436
287 0.62925
289 0.9015545683263047
288 0.26946723707337206
290 0.2555401296990609
292 0.39157321610000007
293 0.9182781744626637
291 0.33104713571703703
294 0.24270928013105775
295 0.8750424272751499
296 0.17972659340100017
297 0.898039
298 0.7775009425451678
299 0.08379715663493914
301 0.7248630325645
300 0.3045850000000001
302 0.38966606184439323
304 0.6973671358705716
303 0.5514086250074572
305 0.8833335
306 0.8118494942691187
308 0.3736174744329999
307 0.20520461968500014
309 0.455882
310 0.1630069999999999
311 0.47711240684177664
312 0.11191977046373225
313 0.5523796025000001
314 0.5878179604718591
315 0.528797636832
317 0.241641621761
318 0.863727263502975
319 0.6080102280199999
316 0.40745524552100004
320 0.445373317457077
321 0.21014780483600015
322 0.6738921418646823
323 0.3675757813866434
324 0.25029870775813
325 0.9476050000000001
326 0.4656931964614247
328 0.1642165000000002
327 0.5688655
329 0.4504900000000002
331 0.7025414023160528
330 0.5952480329169674
332 0.583038665744
333 0.9230376657439999
334 0.10436479776847363
335 0.8683468977577234
336 0.39052730133549995
337 0.05851414732799998
338 0.8994218838632229
339 0.938374
340 0.5949824938332672
341 0.12451000000000012
342 0.774925792064
343 0.822735710070007
344 0.796079
345 0.8272550000000001
346 0.044801748704291766
347 0.4777499455214999
348 0.430734907664
349 0.5933471188416815
350 0.6128393766559187
352 0.8270672004913338
351 0.17244880076899993
353 0.7544175994715682
354 0.030004045521
355 0.3822502167730001
356 0.4053701427969447
357 0.03140497366399997
358 0.2707299360412203
359 0.9208483898472244
360 0.8207697979240001
361 0.9421459446367294
362 0.07522000000000006
363 0.054474560154176954
364 0.23550593502500017
365 0.8818975292886538
366 0.6193649999999999
367 0.7826656400918698
368 0.6226831202566978
369 0.3678410304606039
370 0.3543632097551821
371 0.304902
372 0.10059028998752217
373 0.6246950000000002
374 0.5999840151792499
376 0.5892309350250002
375 0.44313749999999996
379 0.32965696040000014
378 0.43706451268251756
380 0.286195
377 0.30947168888900006
381 0.9492019583091336
382 0.49003311154254314
384 0.742479
383 0.13712779863150715
385 0.9338604440999999
387 0.384696708161
386 0.11285713184400015
388 0.9442974350250001
389 0.32340035665663547
390 0.1855122629209999
391 0.8069187986428304
392 0.17045931841600007
393 0.25697400000000004
394 0.7029410000000001
395 0.3509106377850001
396 0.32585302301374997
397 0.9272247280247569
398 0.7718380872536503
399 0.6716560000000003
400 0.20098100000000008
401 0.889080995002
402 0.4715922892191673
403 0.020654783526654286
404 0.564087294656
405 0.1313877590266453
406 0.6293555599956766
407 0.02254900000000004
408 0.14940181091115057
409 0.099634
411 0.11100200000000005
410 0.13173066643600015
412 0.8683345775005824
413 0.932616
414 0.921569
415 0.6189730299478629
416 0.5627765489871304
417 0.36896147712899996
418 0.15869
419 0.0841211077059707
420 0.9145265724758123
421 0.19378731264900018
422 0.8773178998375001
423 0.6825952095222686
424 0.733602421761
425 0.19814661971600023
427 0.1993691579105159
426 0.6474973942324322
428 0.9277555965655571
429 0.13156001660900007
430 0.527291245521
431 0.5232254059287287
432 0.5418458364433614
433 0.596679072722153
434 0.7500010000000001
435 0.06862750000000009
436 0.03633087690421233
437 0.6771339290307505
438 0.815407
439 0.841721778046607
440 0.9034235174304867
442 0.264544297543
441 0.07116625661694947
443 0.260799382084
444 0.20298415915151288
445 0.7369072852030321
446 0.3215101314185089
447 0.6825758715880001
448 0.861779935025
450 0.6049267820840001
449 0.7330790000000001
451 0.7345475249135
452 0.8991862148384527
454 0.8848394143210188
453 0.6165665415999999
455 0.7480390000000001
456 0.5607040166089999
457 0.27811735754728356
458 0.0411760000000001
459 0.5560679764809907
460 0.12058799999999992
461 0.5485209519795279
462 0.8524595
463 0.16661255807499997
464 0.7074853200632745
465 0.4635707626314094
466 0.46346748102608326
467 0.38343356435788567
468 0.6004527037399554
469 0.6666665
470 0.4387331912434898
471 0.936462773664
472 0.764891239475294
473 0.5412408426516919
474 0.5850132513015309
475 0.13434900000000027
476 0.006325166009000238
477 0.5070516736640001
478 0.36338150000000025
479 0.10109266967968522
480 0.27249400000000024
481 0.2484910955338957
482 0.7462660696453269
483 0.7225746949997458
484 0.051582444931528304
485 0.5980319532656706
486 0.11996042570649235
487 1.026547862976
488 0.9409773452061622
489 0.20760375103475592
490 0.7045636640225988
491 0.7598056900000001
492 0.5311759755102499
493 0.7829392529766052
494 0.7714341126490002
495 0.628242953641492
496 0.47402100000000014
497 0.16875000000000018
498 0.5813599389119999
499 0.894933465744
500 0.50895425125
501 0.19530884444114105
502 0.8281790508411769
504 0.541199502784134
503 0.6993586925809481
505 0.5750616402220894
506 0.4286633152895
507 0.6499968565941124
508 0.43333400000000005
509 0.007569414087490234
510 0.725044246218357
511 0.5791695833412926
512 0.17939114722874883
513 0.9272540296494379
514 0.5935638770223874
516 0.49215650000000005
515 0.6260108563245002
517 0.19687581731722736
518 0.8404364134289579
519 0.7828160000000001
520 0.32717323453275204
521 0.0964748897440002
522 0.941249229604
523 0.8134335980145746
524 0.11666600000000016
525 0.3312093451562499
526 0.3059511414419955
527 0.07043766931459183
528 0.2450980000000001
529 0.4499989999999998
530 0.7929093270932033
531 0.03154849999999998
532 0.5014062464014077
533 0.8490276799689348
534 0.040350154286976414
535 0.5549102481609507
536 0.49168082887027836
537 0.9451159999999998
538 0.6570039984895141
539 0.8428622527801952
540 0.9057818662847574
541 0.5675683194361212
542 0.9121909035415959
543 0.20932518686385237
544 0.29517422066184373
545 0.212376200769
546 0.19326055394545283
547 0.1608750000000001
548 0.291929557401
549 0.2775850216933544
550 0.6754395611690001
551 0.49756002791399995
552 0.14722950000000012
553 0.8270065153117725
554 0.8407663444445002
555 0.04953107860225001
556 0.613056611413324
558 0.7623985004398641
557 0.363323748784
559 0.28615921
560 0.38455899919542547
561 0.1524275574010001
562 0.5620482698448155
563 0.8610743001662813
564 0.0909048613470762
565 0.22512638783030114
566 0.6703489211425266
567 0.425034077200771
568 0.9018712138410003
569 0.0594964958883597
571 0.033572084477627495
570 0.4137086505959999
572 0.6962006217610001
573 0.22777077307289262
574 0.3112915624999999
575 0.46173778208400007
576 0.22411578046833935
577 0.43103225059600025
578 0.021049705347737868
579 0.7752223985596299
580 0.6536945574010001
581 0.2059181158477501
582 0.506866445521
584 0.5808120419875255
583 0.18569773362175002
585 0.5197216066469932
586 0.482453
587 0.676587029961
588 0.687101926157074
589 0.5678599350250001
590 0.8245184429436322
591 0.7001112604579999
592 0.638234
593 0.8318784350249999
594 0.0592020000000002
597 0.7159437608376529
595 0.40424486297600004
596 0.8011220765883075
598 0.5784315
599 0.3740669999999999
600 0.8822597915239958
601 0.45602966480183715
602 0.493179
603 0.25726632198120924
604 0.926951915225
605 0.8800969999999999
606 0.820685
607 0.1317320545725893
608 0.670768550596
609 0.8924798629760002
610 0.016132210288148374
611 0.24327365059741732
612 0.9207338322806313
613 0.8645192155105993
614 0.615538709298541
615 0.9265407196916702
616 0.520592445521
617 0.6640822601049189
618 0.710595568877625
620 0.75
619 0.275294883364
621 0.25391211865490115
622 0.272942100339298
623 0.7486525977410949
624 0.47567867366399996
626 0.07635745555600004
625 0.5696138813440002
627 0.5683785496610001
628 0.38546501875600003
629 0.5415374946560001
630 0.9362750000000001
631 0.7941461767210001
632 0.09731373145000001
633 0.7704215348716781
634 0.6983771458159114
636 0.910267828356
635 0.2976335573736552
637 0.1144611051939377
638 0.30324509027299995
639 0.647939
640 0.3294115000000002
641 0.4574781480364285
642 0.4371982187732504
643 0.7046418766693592
645 0.7236549692785551
644 0.7401644280439261
646 0.8784315
647 0.18755932827268595
648 0.20681121642340128
649 0.9392150000000001
650 0.06851797830832251
651 0.9251083553771214
652 0.2826125437339535
653 0.9064801216233092
654 0.21161625810676488
655 0.630799935025
656 0.8095819945014382
657 0.8630821773426405
658 0.602892
659 0.289198049920943
660 0.01862699999999995
661 0.18725500000000017
662 0.7228118656374669
663 0.38875798888900004
664 0.7458103910863758
665 0.7255790000000001
666 0.60633202104975
667 0.146290093441
668 0.5755542336579591
669 0.5731244655215
670 0.7976345659506217
671 0.33921550000000006
672 0.5049878706681131
673 0.2225739988523705
674 0.14792198415999996
675 0.13785993287200005
676 0.10725812330514861
677 0.2852596199563515
678 0.21177195650750025
679 0.24877232877260247
680 0.3032896574189565
681 0.40189918346359155
682 0.2501901077715599
683 0.25468399333722785
684 0.3008961782246449
686 0.28314678782633096
685 0.004281534365099038
687 0.8898606188875515
688 0.7262375700854999
689 0.3041988685418173
690 0.08098584228871264
691 0.028807895704277886
692 0.03543837300601882
693 0.607353
694 0.7367754706630343
696 0.41485888835555396
695 0.5577666401770001
697 0.34824101715065514
698 0.8637250000000001
699 0.1271140825589372
700 0.9370932189062501
701 0.18493450000000045
702 0.6071121724669957
703 0.5439639745502977
704 0.6464803652209999
705 0.69620530769
707 0.04419061015000014
706 0.053607634020399475
708 0.4014232731995546
709 0.21017551082370445
710 0.8812643850375825
711 0.18774550000000034
712 0.8031954933676022
713 0.9309201442325197
714 0.789706
715 0.536877
716 0.8606993916812458
717 0.5091101157138407
718 0.768273995765098
719 0.5736743280660002
720 0.4990967582525728
721 0.21359215186500013
722 0.28779
723 0.16470600000000002
724 0.16556305408900007
725 0.05777741604048647
726 0.029104793479966196
727 0.21996949465600008
728 0.399208375625
729 0.515138515364
730 0.8151297150547612
731 0.5082169350250001
732 0.9490190000000001
733 0.5810216741102517
734 0.23310639200017014
736 0.38755477378541164
735 0.9294125
737 0.5346600459055
738 0.4126820429971608
739 0.09167923861000005
740 0.6105298558200605
741 0.9158276439398124
742 0.8083117219222873
743 0.929807722931901
744 0.3119313968541615
745 0.48385400000000023
746 0.4826404479711784
747 0.19143014948100023
749 0.18823934224828776
748 0.282391863053
750 0.24640553655343633
751 0.1377182494464054
752 0.47549
753 0.28026312583925006
754 0.30638602474884746
755 0.8159518664360002
756 0.8921568722444189
757 0.9389535728945715
758 0.48603700000000005
759 0.06931982578264417
761 0.4829192829290001
760 0.39832151871360244
762 0.6999002007690003
763 0.1712079819228416
764 0.6912796153140381
765 0.40798796297599993
766 0.88529481628225
767 0.36939635380625013
768 0.7688275899716487
769 0.6620396889481037
770 0.6460790000000001
771 0.04117649999999995
772 0.0871221515562246
773 0.6607019401792708
774 0.633455237809
775 0.3561592343715
776 0.31846847366400005
777 0.7735602591282187
778 0.5267628253481507
781 0.12222799504351767
779 0.5711962903644999
780 0.908455
782 0.635507834626012
783 0.6849889776902798
785 0.19810024010000005
784 0.20556799999999997
786 0.907185662976
787 0.21636800000000012
788 0.7753022917725001
789 0.3721581396540541
790 0.4397969800175461
791 0.6806006574402258
792 0.764706
793 9.335841600000006E-4
794 0.06009807924
795 0.7763909954325776
796 0.20326615972100015
797 0.8219570505960001
799 0.6536189394237788
798 0.40147570647012226
801 0.2322590646397693
800 0.5069861240202342
802 0.023794816025647814
803 0.336432854281675
804 0.08873456020027404
805 0.9366615019730001
806 0.5760135248527313
807 0.4352407833835559
808 0.28997480786989377
809 0.6050836712040002
810 0.4647064999999999
811 0.3901716698651005
812 0.2699619249707852
813 0.8265600782620472
814 0.5378880000000001
815 0.602405958755711
816 0.09194485553419356
817 0.7842455240154103
818 0.8089958282249999
819 0.519181935025
820 0.151668757854442
821 0.546566738024
822 0.7171488269260252
823 0.6830488643934387
825 0.23204776391329007
824 0.41857364957
826 0.3916723790439328
828 0.9020152934990718
827 0.06041992649000005
829 0.32916800443388367
830 0.504042198616
831 0.17358229688600013
832 0.22921054604025
833 0.6106111301501763
834 0.05129314406109997
835 0.7531866249062296
836 0.567979601510588
837 0.5023250694906746
838 0.17331504282499988
839 0.6093775753720017
840 0.29301136380284143
841 0.6301483147511487
842 0.8262082958266114
843 0.1742591328548415
844 0.22493999999999992
845 0.43287155740100014
846 0.6343159580049504
848 0.2668133260205644
847 0.15043366439411465
849 0.9434825
850 0.8539268322568395
851 0.3587451663705
852 0.48582841259902315
853 0.6745200000000002
854 0.09617333195666343
855 0.8473099295666017
856 0.5707570229983304
857 0.18204506962235167
858 0.02410841522500007
859 0.933333
860 0.348039
861 0.10231257756566442
862 0.5468792371466683
863 0.18137286139244121
864 0.5880716915027675
865 0.44823467807162776
866 0.874641548187
867 0.5983570196840148
868 0.15540506065002813
869 0.7873856888890001
870 0.4161765000000003
871 0.46229597844481396
872 0.38357912880172906
873 0.5007144879803923
874 0.5139764888890002
875 0.709775307727471
876 0.17665800912156615
877 0.5106705
879 0.14602582076149995
878 0.4469400758852109
880 0.9419110975960739
881 0.0028324986245993333
882 0.820278747328
883 0.08267645515714928
884 0.06568600000000013
885 0.8032474907722158
886 0.08734113840000002
887 0.779242044137
888 0.3247594152250002
889 0.716336312649
890 0.5500078827375001
891 0.3682074412606009
892 0.3045630000674409
893 0.745886645521
894 0.894118
895 0.6789370000000001
896 0.7185658500758283
897 0.22382131841600006
898 0.33163409944479905
899 0.9128892974571841
900 0.008571157401000118
901 0.7327728370984076
902 0.7983626572010001
903 0.9387584888889999
904 0.207082435025
905 0.7195366090756636
906 0.0494127890445033
907 0.21960800000000003
908 0.901949
909 0.3492790088968172
910 0.5597944472662398
911 0.33996076886237225
913 0.683479520134
912 0.4794120000000001
915 0.6772752344946116
914 0.45392200000000016
916 0.6038030671013955
917 0.19452618208400008
918 0.15251965719429816
919 0.11805873446731341
920 0.6259720395930825
922 0.704801800769
921 0.11003210779825001
923 0.8735290000000001
924 0.7765399174759999
925 0.30855036418769094
926 0.561005
927 0.37047822809600006
928 0.2441175
929 0.7007598571534934
930 0.8058830000000001
931 0.2980395
932 0.6068252839275436
933 0.6006540742409998
934 0.3493962787005
935 0.43811122160100013
936 0.563286
937 0.6876910914936112
938 0.5141230000000001
939 0.21014149537600013
940 0.5229685517280431
941 0.22367631373067964
942 0.283890394656
943 0.19547046997094797
944 0.14150795078969175
945 0.004901999999999962
946 0.3754899999999999
947 0.1886880138410001
948 0.9233131135720001
949 0.8446442923676193
950 0.8880670546871166
951 0.169511932964155
952 0.545227394656
953 0.37647050000000015
954 0.7225490000000001
956 0.5525671549164484
955 0.03956587837318304
957 0.5394000019822299
958 0.49082316440537893
960 0.04624851962949905
959 0.6590924217610001
961 0.2818218463105806
963 0.3894573620409869
962 0.21454091274587084
964 0.06161743442891754
965 0.6412578594367501
966 0.022728961889750154
967 0.05690788033576921
968 0.854942732872
969 0.9158617271510625
971 0.5717187705720195
970 0.5627460505960001
972 0.234313
973 0.6170929979240001
974 0.5932161002641289
975 0.27937737744805835
976 0.22079563528331608
977 0.13412135107599998
978 0.7780010732970037
979 0.737697450596
980 0.09905383410478841
981 0.7253863408180194
982 0.25807900000000017
983 0.003836146937500118
984 0.9493515640743686
985 0.5805830000000001
986 0.817777
987 0.48663490102267937
988 0.15691306450264575
989 0.7540675000000001
990 0.9490190000000001
991 0.7295839000359999
992 0.4534328462899999
993 0.7628730336040002
994 0.28777174268371764
995 0.299628
996 0.8019620325645
997 0.9034581919250065
999 0.373413100816
998 0.025389800768999993
1000 0.6376139843094853
1001 0.43529400000000007
1002 0.22130500000000008
1003 0.0441180000000001
1004 0.772078375625
1005 0.5588244999999998
1006 0.3794120000000001
1007 0.7155230000000001
1008 0.4369267471678709
1009 0.2693288009652577
1010 0.8480706453075151
1011 0.17534227366400001
1012 0.7196602361015
1013 0.11554623488703197
1014 0.6089925
1016 0.9191441919250065
1015 0.9406256632271075
1017 0.795351732872
1018 0.4265882936945389
1019 0.1717262370827577
1020 0.4635685450313683
1021 0.3628686637454198
1022 0.08166876512900001
1023 0.1499125149810141
1024 0.7272540000000002
1025 0.842157
1026 0.08198485983680781
1027 0.3423719483695
1029 0.444213618416
1028 0.7181498724096486
1030 0.012050213879483573
1031 0.16937644710550237
1032 0.14633813120397643
1033 0.11770851264900006
1034 0.2504781878125002
1035 0.34999999999999987
1036 0.03613062161017533
1037 0.29768281635569394
1038 0.2985645979240003
1039 0.22359564896225004
1040 0.23540090412948894
1041 0.2699910368420293
1043 0.5156875000000001
1042 0.34608538508554404
1044 0.457843
1045 0.8911759999999999
1047 0.8701936704366433
1046 0.10735042960399999
1048 0.8392901515897755
1049 0.3845624581879565
1050 0.738236
1051 0.6773088751977389
1052 0.06862800000000013
1053 0.37792792346590975
1054 0.18235350000000006
1056 0.6644642923064363
1055 0.23518151121905695
1057 0.6518032327415
1058 0.45442700000000014
1059 0.3788038367268738
1060 0.8387221549632501
1061 0.11984291127963176
1062 0.33160188104599997
1063 0.745750762
1064 0.061975582084
1065 0.7339616940409999
1066 0.3406520820995047
1067 0.5784811558835704
1068 0.5237012634635856
1069 0.06368000580900013
1070 0.21565781299228592
1071 0.141850418310127
1072 0.7351898386825018
1073 0.5471461298421725
1074 0.4474547542853647
1075 0.3954869999999999
1076 0.19712350000000023
1077 0.009146463582340059
1078 0.5459487563648977
1079 0.21382118451362442
1080 0.6177890000000001
1081 0.12408477998399992
1082 0.7869028058930001
1083 0.6607850000000002
1084 0.7851179849408234
1085 0.4533808073934797
1086 0.897984
1087 0.4311292138410001
1088 0.7273628176396654
1089 0.747175316225
1090 0.5041488453590002
1091 0.8777956022259955
1092 0.39472360031531517
1093 0.741009280880571
1094 0.6300550319726412
1095 0.13273648500100022
1096 0.6835327459175744
1097 0.33902430076900003
1098 0.5729154917861234
1099 0.4016326401799838
1100 0.650640956287334
1101 0.7314902810863984
1102 0.550083948708447
1103 0.6731109675125
1104 0.31348621505542684
1106 0.869101979921
1105 0.9283138384239622
1107 0.4639107404950231
1108 0.07213132176100023
1109 0.901748
1110 0.22865582725763234
1111 0.38737276834089873
1112 0.7414640651290001
1113 0.157503099679714
1114 0.22511096476756287
1115 0.897843891234
1116 0.44693769275145095
1117 0.06997133962720593
1118 0.9058020166090001
1119 0.541323408676
1120 0.17156799999999994
1121 0.8527496651289999
1122 0.26379046824969854
1124 0.36321886760098576
1123 0.6534586296960001
1125 0.4934499604
1126 0.23004741350274993
1127 0.1893120007689999
1128 0.005144233987000035
1129 0.39724767366400004
1130 0.20362350000000018
1131 0.19738686038927455
1132 0.3876770312056512
1133 0.002226821041160565
1134 0.36557934901098066
1135 0.5695780000000001
1136 0.2993668557644025
1137 0.11536975975111141
1138 0.8545815
1139 0.47502100406370806
1140 0.08363395118117833
1141 0.44960161015
1142 0.8100196721915456
1143 0.11564266971070691
1144 0.19951550492003356
1145 0.9318278294557031
1146 0.9250860296809951
1147 0.20818437356857955
1148 0.06835635808400009
1149 0.04010863264150011
1151 0.10098100000000021
1150 0.4715680000000002
1152 0.839216
1153 0.6254441404840081
1154 0.47447433609999995
1155 0.4761980000000001
1156 0.041637990546362746
1157 0.2101880180398623
1158 0.5674491903299754
1159 0.9172228444445001
1160 0.9089151596650751
1161 0.9291446502830496
1162 0.528671382849
1163 0.24497319050100003
1165 0.3588075
1164 0.5414599374215836
1166 0.7039219999999999
1167 0.33961039020899997
1168 0.197480365129
1169 0.7566653348698684
1170 0.9265771045401399
1171 0.723943229810444
1172 0.059540010577715075
1173 0.7901970000000004
1174 0.18990521856900022
1175 0.6240932142487368
1176 0.8994044736639999
1177 0.45271455740100003
1178 0.16659712176100003
1179 0.789434650587894
1180 0.708386987965
1181 0.3510497900526428
1182 0.17099359750625007
1183 0.649758014533
1184 0.40379140522900003
1185 0.7017144152250001
1186 0.06154080307600007
1187 0.1745672360999999
1188 0.20408175175275223
1189 0.8775762516974915
1190 0.16257893882393626
1191 0.36618705874977686
1192 0.6051203627796875
1193 0.8623506704366433
1194 0.19102442960400037
1195 0.5073206736640004
1196 0.33380734708779003
1198 0.04459537330482599
1197 0.3356923305659061
1199 0.15790945822500002
1200 0.23924890247200703
1201 0.8868524505541189
1202 0.4092073756250001
1203 0.5463530940159957
1204 0.7372550000000001
1205 0.08474899752900011
1206 0.3084629219599999
1207 0.4825407024585467
1208 0.1474234240731398
1209 0.19310377246500177
1210 0.6285515000000002
1211 0.6594114200638588
1212 0.8911921052290003
1213 0.501750597924
1214 0.20000050000000003
1215 0.3868202670909453
1216 0.5815129152908571
1217 0.0439087477732516
1218 0.8362740000000002
1219 0.4450320049605
1220 0.8336020000000001
1221 0.016729301009000053
1222 0.5408209416789471
1224 0.46732806405812766
1223 0.4911730142281798
1225 0.3893537368373905
1226 0.6393889283722238
1227 0.32465373848943835
1228 0.475875429604
1229 0.43835755354355344
1230 0.684803
1231 0.5330557416360001
1232 0.9136165634375
1233 0.2198060961267263
1234 0.7259529842415879
1235 0.135040415225
1236 0.751934758699906
1237 0.3882198256525726
1238 0.6234820714270377
1239 0.0851718007690001
1240 0.45196100000000006
1243 0.04052800000000012
1241 0.6491403652090684
1242 0.7297038541497259
1244 0.16936648888900008
1245 0.333625818416
1246 0.504293445521
1247 0.2374344888890001
1248 0.3297526682339606
1249 0.39875261037886855
1250 0.45479800000000004
1251 0.17806192304084534
1252 0.16427991384100005
1253 0.025601102946304577
1254 0.34765243127199996
1255 0.058004425187350384
1256 0.02134400000000014
1257 0.66163
1258 0.20049600000000023
1259 0.820284442404
1260 0.5817124633544974
1261 0.021653348004418982
1262 0.04494200000000004
1263 0.7922720618244026
1264 0.00828565059599995
1265 0.15052932038400013
1267 0.21971800000000008
1268 0.8870320179785799
1266 0.31767000000000034
1269 0.013625718416000021
1270 0.05761650000000018
1271 0.899938887992297
1272 0.6916949551648159
1273 0.5367654796856509
1274 0.6540925094581276
1275 0.8125038524829178
1276 0.6590558927976933
1277 0.060619623754669894
1278 0.8519068434722501
1279 0.8515135839006017
1280 0.2382454556209217
1281 0.4872594455210002
1282 0.2656467897920003
1283 0.7950805212577908
1284 0.20650894214667437
1285 0.3249818861210001
1286 0.5747205479928708
1287 0.590383415674
1288 0.5502375446069697
1289 0.47588600000000003
1290 0.6615576989496286
1291 0.5830758465765609
1292 0.788755262976
1293 0.933334
1294 0.57625206718575
1295 0.644118
1296 0.9444881478901395
1297 0.006520650596000044
1298 0.7280220000000002
1299 0.583670198616
1300 0.4628879164666712
1301 0.8047172985631393
1302 0.40645700000000007
1303 0.9039561979240001
1304 0.5789544888890001
1305 0.35610436568914566
1306 0.61441646335
1307 0.496943955556
1308 0.778884684812678
1309 0.6281484330260002
1310 0.17087456592400008
1311 0.414706
1312 0.2720222211684613
1313 0.3574593432145001
1314 0.7186696547906896
1315 0.7970580000000002
1316 0.33528896897350013
1317 0.4052638894477498
1318 0.82877
1319 0.18607406821200478
1320 0.5782822011264656
1321 0.30527403520261737
1322 0.645837
1323 0.004675380096999995
1324 0.20723973948500007
1325 0.9045677404615904
1326 0.27271748888900005
1327 0.015535113306369919
1328 0.5613307296352096
1329 0.2561289604000001
1330 0.02631752928675013
1331 0.26234637562499996
1332 0.01153533721032185
1333 0.3769923978393348
1334 0.5777384999999999
1335 0.5171508846689217
1336 0.39339633468699997
1337 0.37028133638462557
1338 0.26612205740100003
1339 0.633107615315696
1340 0.598560375930411
1341 0.5539935217609999
1343 0.700201694656
1342 0.10371037940176975
1344 0.06378150000000038
1346 0.6023669515969081
1345 0.42184141522500007
1347 0.33305621478448244
1348 0.7282670000000002
1349 0.3052268299860741
1350 0.41686292656360724
1351 0.6051920055221792
1352 0.905112935025
1353 0.45607498044125416
1354 0.2987940000000002
1355 0.055295021760999985
1356 0.6218191965175366
1357 0.7854314999999998
1358 0.7334049348814398
1361 0.6403302500970001
1359 0.003225387227165255
1360 0.7642654791926522
1362 0.6575012505960001
1363 0.52451
1364 0.8869690910420001
1365 0.02280314948100015
1366 0.01355761111250009
1367 0.34228800000000015
1368 0.5588235000000001
1370 0.8715361494810002
1369 0.734567049481
1371 0.6199620634375
1373 0.68729809520375
1372 0.8833310000000001
1374 0.9470810000000001
1375 0.09460700000000011
1376 0.5002354901292502
1377 0.8244410264130001
1378 0.9268819494810001
1379 0.2984770000000001
1380 0.29914638540506
1381 0.863690213841
1382 0.7791468849760798
1383 0.773544382084
1384 0.3897055000000001
1385 0.07234414379526322
1386 0.49267948888900004
1388 0.3400429604000002
1387 0.5363348784735
1389 0.6762026325645001
1390 0.2075685601653232
1391 0.2977160664360001
1392 0.08584665856418883
1393 0.48211967195660194
1395 0.5424666959837786
1394 0.8768656021565796
1396 0.6160329358352057
1397 0.4085247897492794
1398 0.49254976138025
1399 0.9438092367318786
1401 0.8664277950621072
1400 0.687681997924
1402 0.7086645
1403 0.22535278208400022
1404 0.062347507186532036
1405 0.7497174931684535
1406 0.478756
1407 0.5724725312113574
1409 0.08528311813724998
1408 0.519608
1410 0.15472932176099996
1411 0.772914457554402
1412 0.8481124527918437
1413 0.7080964843825
1414 0.0360410000000001
1415 0.42304149116939604
1416 0.859804
1417 0.18181430001670632
1418 0.12499960558399992
1419 0.26087850190285705
1420 0.6273930000000001
1421 0.8301816207002086
1422 0.34318646420329135
1423 0.8515977432446153
1424 0.010008110558312078
1425 0.2928060000000001
1426 0.029433000000000042
1427 0.164766712649
1428 0.25170198931200005
1429 0.15808553819591897
1430 0.9070601158352344
1431 0.5605943510092628
1432 0.9332253541420077
1433 0.2540379173355981
1434 0.6360898496070284
1435 0.4993717154275373
1436 0.07188691368468358
1438 0.020404732981338825
1437 0.009306000000000036
1439 0.8081667877060337
1440 0.5576951296923265
1441 0.7316133960960001
1442 0.461215728014144
1443 0.15905809183741373
1444 0.6015790955468466
1446 0.174167797924
1445 0.0561529999999999
1448 0.393503234756
1447 0.439696
1449 0.4029479894212841
1450 0.8063281087865531
1451 0.46163139874454817
1453 0.675570466225
1452 0.5540682437964284
1454 0.04281114458632538
1455 0.06094335632166681
1456 0.5920765580904973
1457 0.836245766436
1458 0.1952210000000001
1459 0.42425591522500006
1460 0.08139945059600007
1461 0.260945110416
1462 0.4863554657439999
1463 0.45366791522500005
1464 0.8741669604
1466 0.40596575140858554
1465 0.8261787710390368
1467 0.15005236088107954
1468 0.8294711013080447
1469 0.318907197401
1470 0.6160682376206996
1471 0.17907055015050033
1472 0.21889023265796026
1473 0.008120140887249883
1475 0.5766006888890001
1474 0.9406650427031862
1476 0.7145575990294024
1477 0.7460939350250001
1478 0.60357
1479 0.4760611326090597
1480 0.04288208365163504
1481 0.6369050454955063
1482 0.35271068888900003
1483 0.3094099938163979
1486 0.9498300742587475
1485 0.8921022240198685
1484 0.8027255242560001
1487 0.38878092473462234
1488 0.31271459208100005
1489 0.4460780000000002
1490 0.2911449068055
1491 0.7189327939186381
1492 0.044691223948524095
1493 0.8214802561347585
1494 0.44879400000000014
1495 0.732772
1496 0.5995550169714023
1497 0.6745099999999999
1498 0.8609519609362375
1499 0.419818935025
1500 0.5906382656990581
1501 0.5761054634458365
1502 0.6554717339009419
1503 0.44303730076900005
1504 0.701948102396629
1505 0.40561838617472845
1506 0.75049
1508 0.9053166657440002
1509 0.17501199999999995
1507 0.08256357699368855
1510 0.23278695039671216
1513 0.8859919509526005
1511 0.2752796609
1512 0.24220391841600017
1514 0.3856623555497459
1515 0.6663249604
1516 0.21292280076900008
1517 0.899379300769
1518 0.13051010983567068
1519 0.2568074981580968
1520 0.050557894656000135
1521 0.5095775574009999
1522 0.719723316609
1523 0.48569270335923836
1524 0.46372500000000016
1525 0.360869411849
1526 0.8927350000000001
1527 0.6710610506490001
1528 0.2519301762192627
1529 0.7529410000000001
1530 0.413036412924759
1531 0.45391800000000004
1532 0.7546258664359999
1533 0.05182034882211339
1534 0.7463480217610001
1535 0.6686755003845
1537 0.19681960096099993
1538 0.39449345540309255
1536 0.013490899411203516
1539 0.8312005964049627
1540 0.06328483156099995
1541 0.12016166574400011
1542 0.3464853762198452
1543 0.7116713985645687
1546 0.9346605266464636
1545 0.45134891704100016
1544 0.8182206261207292
1547 0.47852535080881475
1548 0.15364341722678643
1549 0.700190707689818
1550 0.7716014244795926
1551 0.1164113080524678
1552 0.533219033777945
1553 0.41659863353731064
1554 0.77182541186
1555 0.29654
1556 0.5355448025203863
1557 0.847472934276
1558 0.9197854496072089
1559 0.051505350894659685
1560 0.2504414505960002
1562 0.005825037700059044
1561 0.8475891026459372
1564 0.0055009236096768
1563 0.8810055000000001
1565 0.7462914989620001
1566 0.7213935645699636
1567 0.28747539916200004
1568 0.716113961656233
1569 0.828265016096
1570 0.6049689754822667
1571 0.8388794299451637
1572 0.054552573865306764
1573 0.7591084075778411
1574 0.020890650827668833
1575 0.528546816225
1576 0.39901999999999993
1578 0.5724323276185
1577 0.7002842108866782
1579 0.3868554345319525
1580 0.43669611362196487
1581 0.348039
1582 0.162837347405
1583 0.617681197924
1585 0.338862816609
1584 0.099755615302
1586 0.08148422022949986
1587 0.36411592250000013
1588 0.5051122075620484
1590 0.7424202655169247
1589 0.8758209729339318
1591 0.908982270281
1592 0.17942969243280293
1593 0.48605501209575697
1594 0.7369237401
1595 0.516667
1596 0.7519171252250001
1597 0.27888575075364774
1598 0.8163700000000002
1599 0.11268392734534838
1600 0.7264449271719982
1601 0.023107967106332714
1602 0.8998993319566634
1603 0.09360382167057657
1604 0.558148761979951
1605 0.016207698962000028
1606 0.905875603076
1607 0.026588121057000036
1608 0.012098261595090865
1609 0.6122929154844158
1610 0.5812995
1611 0.7677860653468076
1612 0.6658340335326188
1613 0.33866735564899997
1614 0.513532755325
1615 0.7086339587210001
1616 0.07941150000000019
1617 0.29569255432100006
1618 0.5678646777520477
1619 0.858874473664
1620 0.2823428027858741
1621 0.8241302946560001
1622 0.4340527197129027
1623 0.008654726490000098
1624 0.7271676308514131
1625 0.5006230700159999
1626 0.6151041240470566
1627 0.7928122382079227
1628 0.4755966629759999
1629 0.38531655794829556
1630 0.7477618048130222
1631 0.20385597586342996
1632 0.03308674007723156
1634 0.5720666097403139
1633 0.5971205709063864
1637 0.5367734986245993
1638 0.772746006025
1636 0.875767
1635 0.6951000283046549
1639 0.16224331660900004
1640 0.731896894656
1641 0.643384323156058
1642 0.21152500000000019
1643 0.5225489999999999
1644 0.07635961710256711
1645 0.575999449225
1646 0.6850570476298841
1647 0.6119135000000002
1648 0.9223377856004348
1650 0.9157566406358175
1649 0.7853792503627995
1651 0.8399569340818023
1652 0.40786118208400013
1653 0.5774834818351828
1654 0.8558825000000001
1655 0.8321163416510682
1656 0.6014705
1657 0.186505264985
1658 0.059736203891245454
1659 0.9261556649844047
1660 0.2753848928145384
1662 0.07556884348434001
1661 0.2161822974019978
1663 0.8882345
1665 0.18101991522500005
1664 0.6780983319566635
1666 0.7701534696946006
1667 0.040385559761
1668 0.8686313576045628
1669 0.5726796888890001
1670 0.9282999999999999
1671 0.7022707624616427
1672 0.49423246574400004
1673 0.52111952153001
1674 0.9273579084419499
1675 0.38345250143574616
1677 0.9381157866682821
1676 0.17300919524999991
1679 0.850269029604
1680 0.2608476838398739
1678 0.24214809633336465
1681 0.11502463620551961
1682 0.51798594005
1683 0.35346428888900006
1684 0.24387405059600006
1685 0.07369597479945234
1686 0.2950980000000001
1688 0.6583696066639699
1687 0.8416802985614492
1689 0.43778249999999996
1690 0.354136914889
1691 0.853460780625
1693 0.85706628590875
1692 0.09141533597128734
1694 0.5656440726559999
1695 0.47086300000000025
1696 0.28386674158400016
1697 0.2421451500806071
1698 0.050305000000000044
1699 0.8591124229981509
1701 0.144191229604
1700 0.53032
1702 0.5867826267940727
1703 0.8198726664359999
1704 0.7552337172264614
1705 0.7894345497095152
1706 0.0925955
1707 0.8572205840115
1708 0.825493065129
1709 0.822650428196
1710 0.534314
1711 0.7685805718499236
1712 0.6320034741100828
1713 0.4280983080702183
1714 0.8515045496534785
1716 0.43116195062847174
1715 0.300829
1717 0.9049900772005579
1718 0.3239751745485001
1719 0.097993
1720 0.8479499951487355
1721 0.00576102476486362
1722 0.573812921776009
1724 0.8189681629144873
1723 0.778512665744
1725 0.6947579085338476
1726 0.8298053832574586
1727 0.5265060000000001
1728 0.17637533700100017
1729 0.8052457147300248
1730 0.7798673467899999
1731 0.5522458893410236
1732 0.5932242134578711
1733 0.705482875625
1734 0.312792318416
1735 0.879412
1736 0.6968478296810001
1737 0.712304
1738 0.9069208231126209
1740 0.8154955614634805
1739 0.1436875000000002
1741 0.10501956040000016
1742 0.3892883817147539
1743 0.05687799705189489
1744 0.2922776319495
1745 0.389911
1746 0.7794014985694057
1747 0.05891199999999985
1748 0.7601270000000001
1749 0.650138973664
1750 0.10958285053018914
1751 0.16206547130000004
1752 0.7461217763833745
1753 0.8670650372173149
1754 0.23970500000000006
1757 0.5785578948981763
1755 0.15174510569182786
1758 0.10092743028607835
1756 0.01862800000000009
1759 0.6788604300036477
1760 0.5349613319566634
1761 0.2400624552253603
1762 0.38347141423008874
1763 0.033074515171360286
1764 0.8131959939146784
1765 0.5513839999999999
1766 0.6101150000000001
1767 0.3092545
1768 0.7522250000000001
1769 0.9320289189468416
1770 0.011560686425928224
1771 0.23666169531300005
1772 0.10230228888899995
1773 0.08404225307306001
1774 0.07233172840000024
1775 0.8946903296773716
1776 0.20346309356770803
1777 0.4465383362298241
1778 0.08748814673725014
1779 0.0015889930580725853
1781 0.6926657718097298
1780 0.9013085957826296
1782 0.9102713592508561
1783 0.10596974187311647
1784 0.12583600000000006
1786 0.8713401677567798
1785 0.8537577220228152
1787 0.3879654337988292
1788 0.565311698962
1789 0.03431400000000007
1790 0.938190918416
1791 0.9460703918928787
1792 0.6937713544360047
1794 0.39411700000000005
1793 0.13714436186100004
1795 0.8458048579562496
1796 0.9245250166089346
1797 0.918858397924
1798 0.38968337512225004
1799 0.2128087295482782
1800 0.2333306259993759
1801 0.5895123614500001
1802 0.46025752755001137
1803 0.14874480450804928
1804 0.38251466643599996
1805 0.40438847112500004
1806 0.926252809157397
1807 0.3548326567772145
1808 0.06575859122814243
1809 0.44536186960067253
1810 0.41621015074110423
1811 0.5158654255767257
1812 0.20043488293199996
1814 0.9136777007690001
1813 0.31186011841600014
1815 0.49918077873701633
1816 0.8388759249984168
1818 0.06679999999999997
1817 0.8451202138409999
1819 0.6720230551934898
1821 0.8503580038185142
1820 0.6080497089
1822 0.4876000962871574
1823 0.06203020938420356
1824 0.5964146833130355
1825 0.413710449481
1826 0.8643880481756471
1827 0.7621605069205
1828 0.30565555740100003
1830 0.7877372555560278
1829 0.843499294656
1831 0.42185147366400016
1832 0.3258349539914309
1833 0.006220791042000018
1834 0.8442532303301801
1835 0.3711262239140001
1836 0.07499999999999996
1837 0.38412815221226193
1838 0.9463875860312267
1839 0.44655358200372464
1840 0.7356602370599931
1841 0.3713276082440444
1842 0.44627813579926867
1843 0.6251155143026419
1844 0.7654527073894288
1845 0.0017686455210000895
1846 0.3685417354104887
1847 0.7703721960956784
1848 0.392274
1849 0.883684
1850 0.45098100000000013
1851 0.7524224494809999
1852 0.29992949999999996
1853 0.8088355013280791
1854 0.7486769604000001
1855 0.7067835
1856 0.650779
1857 0.7532910306897898
1858 0.11256470430931542
1859 0.8391458035214708
1860 0.015904499999999988
1861 0.623432
1862 0.786809800769
1863 0.2795000000000001
1864 0.613851223076359
1865 0.2936279683093155
1866 0.6258107592125569
1867 0.174005328239474
1868 0.7081783755483086
1869 0.23003649999999998
1870 0.8003654094883694
1872 0.2775017011534999
1873 0.07148174114230255
1871 0.7593993835476582
1874 0.5583852419421007
1875 0.23046353922649998
1876 0.6297764225300001
1877 0.07989600000000019
1878 0.4123855495836144
1879 0.003644771889720899
1880 0.872815529604
1881 0.1039215
1882 0.5016138843672151
1883 0.03218609959461649
1884 0.26176500000000025
1885 0.7654477358553287
1886 0.9120832173128209
1888 0.595594
1887 0.34313649999999996
1889 0.18546271264900005
1890 0.71962018054925
1891 0.626132997924
1892 0.798248802725393
1893 0.7172812560247495
1894 0.3042119999999999
1895 0.327743318416
1896 0.1421570000000001
1897 0.6864097985209999
1898 0.5934714556516543
1899 0.5920013614072588
1900 0.424594182084
1901 0.032353000000000076
1902 0.6096546634767049
1903 0.485891459208
1904 0.5827019970252894
1905 0.497279
1906 0.3853892605220002
1907 0.3113016174774854
1908 0.2601923264819719
1909 1.017682097924
1910 0.24355087149267884
1912 0.3309454839921855
1911 0.7420964959382703
1913 0.9403118166089999
1915 0.5372545
1914 0.22250328247118123
1916 0.537757380843
1917 0.8116589747405001
1918 0.42222268470670055
1919 0.0876650000000001
1920 0.816590502922
1921 0.6132745372159999
1922 0.6281220787005
1924 0.8690163864700134
1923 0.6114385166090001
1926 0.9054500651290001
1925 0.0038844329460817617
1927 0.2099121873860954
1928 0.6763585
1929 0.03286286994232501
1930 0.9287749434755346
1931 0.919787135025
1932 0.36624495626211434
1933 0.5086231923478066
1934 0.0038190327328719853
1935 0.7446333498012021
1937 0.29572112779078075
1936 0.5208052782010001
1938 0.3327347792619666
1939 0.598096849481
1940 0.8295792801615001
1941 0.6026866464981702
1942 0.5044586876770938
1943 0.5959239869897346
1944 0.9221493756250001
1945 0.10128229983491588
1946 0.0355898360250001
1947 0.03071693209060189
1948 0.3963012177823375
1949 0.010294000000000025
1950 0.625983549481
1951 0.8911595402767214
1952 0.48193986047674997
1954 0.08682015233622087
1953 0.5920842690312501
1955 0.08979637562499998
1956 0.41428299999999996
1957 0.8218137939186381
1958 0.7736400258910425
1959 0.8598035
1960 0.3558850740316204
1961 0.6368987458885232
1962 0.051146236132702194
1963 0.45532447000325005
1964 0.16372500000000012
1965 0.32443667117695013
1966 0.411028145521
1967 0.5555505000000001
1968 0.5846293255349365
1969 0.09127332391399978
1970 0.20703981249508563
1971 0.021946286921499913
1972 0.001867396068499838
1973 0.16155556624871736
1974 0.4717853433273167
1975 0.02232682871380942
1976 0.29755150993790225
1977 0.7856426574189564
1978 0.17839700000000014
1979 0.861572645521
1980 0.6311003561079106
1981 0.5706326130822739
1982 0.848282
1983 0.4248317126490002
1984 0.2259169979240001
1985 0.32211900000000004
1986 0.7295120570176294
1987 0.49902
1988 0.4529920893917103
1989 0.06541903771910329
1990 0.3978805581747562
1991 0.6953417205372594
1992 0.4835074505541191
1993 0.36555937539600003
1994 0.29322533768379233
1995 0.4103652191232958
1996 0.5089486516685293
1997 0.7106231093042249
1998 0.1007005209233518
2000 0.08701240080749995
1999 0.050406935025000044
2001 0.5901615197715773
2002 0.39947746932463235
2003 0.5999995
2004 0.4356309082373162
2005 0.7122394745835862
2006 0.07107899999999989
2007 0.6699298629760002
2008 0.8822230052290001
2009 0.7331465681393723
2010 0.8092868243517675
2011 0.770921529604
2012 0.9156048896829676
2013 0.8513534196535746
2014 0.9219115026475512
2016 0.4166035574010002
2015 0.4788153756250002
2017 0.690648835980703
2018 0.05436313987259671
2019 0.48152738665699735
2021 0.21489610777155993
2020 0.7288462715624433
2022 0.7269220599367698
2023 0.21244600000000013
2024 0.00494499792400005
2025 0.39785308735471764
2026 0.11003539792400008
2027 0.6460605938494737
2028 0.7763860123203515
2029 0.8977284999999997
2030 0.9177291963008828
2031 0.6245924028322642
2033 0.22183700000000006
2032 0.5424640000000001
2034 0.5559596050627357
2035 0.01777885718814487
2036 0.5863842893750861
2037 0.4267205
2039 0.39803900000000003
2038 0.423534730298
2041 0.3173065
2040 0.4793151976572808
2042 0.5745404319258129
2043 0.4115814510392379
2044 0.2263476623969332
2045 0.5724049309434204
2047 0.057709871281000025
2046 0.4896674014205001
2048 0.680272051850385
2049 0.5294109999999999
2050 0.8388088388993351
2051 0.8467410413689999
2052 0.3485630422663146
2053 0.5630811070273947
2054 0.4049243662708377
2055 0.4050929702653818
2056 0.4707755185864977
2057 0.10745562339704762
2058 0.7998497249135
2059 0.32484452001231934
2060 0.7256036260809285
2061 0.5200247311190798
2062 0.7974789574454115
2063 0.330028
2064 0.5864028276820001
2065 0.756397662976
2066 0.6932069229457299
2067 0.6831060532909539
2068 0.199626754249
2069 0.7541633383980834
2070 0.6096079999999999
2071 0.6600218792936593
2073 0.4654499999999999
2072 0.5305093162250001
2074 0.176195403956233
2075 0.375445775561
2076 0.482523288889
2077 0.31528715211255876
2078 0.11286092125999678
2080 0.7367645
2079 0.6074496014597813
2081 0.43077117785600016
2082 0.18371362536899993
2083 0.6934004574009999
2085 0.4066200000000002
2084 0.12645101847375018
2086 0.6261397401
2087 0.608904165744
2088 0.025869613653500045
2089 0.49597356778199997
2090 0.5050387858561544
2091 0.12676206065487092
2092 0.16130996880478743
2093 0.8748010000000002
2094 0.475510503859465
2095 0.13333300000000015
2096 0.865075788408727
2097 0.4804839569997055
2098 0.08479092141300004
2099 0.3961895
2100 0.5940373936000001
2101 0.8217950818098007
2102 0.625589620361
2103 0.8672770000000001
2104 0.17592049999999992
2105 0.2261187383005
2106 0.299446497924
2107 0.8017974997644486
2108 0.10431800000000013
2109 0.19860470592570612
2110 0.45650250000000003
2111 0.924982512649
2112 0.516936029604
2113 0.870902539577758
2114 0.7215680000000002
2115 0.8464694382554204
2116 0.16007302960400005
2117 0.31063092426000005
2118 0.5836431940579591
2119 0.889194724238411
2121 0.494280274241
2120 0.027272500000000033
2122 0.092832473636
2123 0.8018822773958425
2124 0.8517695513133533
2125 0.5989557676899615
2126 0.4042044091382338
2127 0.7976902296039999
2128 0.732469396919945
2129 0.5784325000000001
2131 0.8000039332953097
2130 0.10138179902843913
2132 0.028264865237765058
2133 0.3930998078698938
2135 0.4368095000000001
2134 0.482042311921
2136 0.655148050596
2137 0.23884150000000015
2138 0.6072044146283087
2139 0.1960780000000002
2140 0.1512015
2141 0.428431
2142 0.577743318416
2143 0.296275450596
2145 0.09423774701900345
2144 0.36928060522899997
2146 0.1849958191945671
2147 0.6117700000000001
2148 0.4229174152249999
2149 0.2730145315650001
2150 0.0728517205036423
2151 0.3250523489835775
2152 0.7528195201109709
2153 0.4259485629465398
2154 0.7117176288483048
2155 0.15160300000000015
2156 0.7644124353365507
2157 0.846286242061
2158 0.8301680455209999
2159 0.08564819169600013
2161 0.3005924651290002
2160 0.006761415225000067
2162 0.5873831860588938
2163 0.832356845521
2164 0.022535726024000002
2165 0.7886578663949575
2166 0.34057714320061216
2167 0.6871736166090002
2168 0.21256961272100017
2169 0.36820658353233315
2170 0.9055737998419324
2171 0.1502030000000001
2173 0.7132228264422353
2172 0.7906774152250001
2175 0.05084194948099996
2176 0.7590788762021369
2174 0.7782613904172501
2177 0.06825316375903179
2178 0.46240679557338243
2179 0.8904460242507983
2180 0.6014281178145154
2181 0.5573590180956953
2182 0.7933846778679509
2184 0.4004498456264465
2183 0.8825998581604999
2185 0.7223535
2186 0.418618518589269
2187 0.32234183893677004
2188 0.6948179873702499
2189 0.183762495365
2190 0.09999999999999987
2191 0.03438300000000005
2192 0.774560701929
2193 0.7539566028179145
2194 0.8919570326415001
2195 0.6995594999999999
2196 0.2897913265433625
2197 0.8563620000000002
2198 0.03481888901048069
2199 0.63979
2202 0.3624634002321503
2201 0.8090040000000001
2200 0.038223986049000014
2203 0.7214745
2204 0.015196500000000057
2205 0.41971582087501136
2206 0.4216353223463103
2207 0.6572559604
2208 0.6541729017610003
2209 0.36764700000000006
2210 0.8022809567278942
2211 0.6780654194197252
2212 0.18364747776336077
2213 0.26706592690631914
2214 0.6765131416635367
2215 0.005155549480999833
2216 0.5326542493939826
2217 0.8729218895978945
2218 0.8289596365445074
2219 0.7066708927752137
2220 0.6028296472738117
2222 0.7618500809625899
2221 0.6661388274263544
2223 0.4251852301809999
2224 0.40936059401746616
2225 0.05700350000000021
2226 0.3684781184160002
2227 0.31563495253350005
2228 0.8195545199232013
2229 0.761861000769
2230 0.05898537357009648
2233 0.10130096751250006
2234 0.04107580076899997
2231 0.11580181660900002
2232 0.0965446043560001
2235 0.05696199532899998
2236 0.2741918105634633
2237 0.16373988208400014
2238 0.7785970931499914
2239 0.8588531132945002
2240 0.2424494184160002
2241 0.31715650000000006
2243 0.740777375625
2242 0.3751213950312169
2244 0.38026553582400013
2245 0.7237444552824887
2246 0.5561929818782722
2248 0.5983216947307279
2247 0.453003512649
2249 0.3070489999999999
2250 0.8479983850860302
2251 0.4049020000000001
2252 0.01798900834473427
2253 0.08672270875882826
2254 0.8179190930159017
2255 0.6805917559295429
2256 0.808961415225
2257 0.4661948622410004
2258 0.47051261625600005
2259 0.20071572615018773
2260 0.4657437095394581
2261 0.00222205476044246
2262 0.8316431433135
2263 0.6980390000000001
2264 0.8427787169171084
2265 0.7211594494809999
2266 0.2193216888889999
2267 0.5762776455209999
2268 0.924208
2269 0.7013460030643242
2270 0.5021848272576324
2271 0.92486
2272 0.7378533590019323
2273 0.6162359712772936
2274 0.779283157401
2275 0.16996980499400016
2276 0.3196079999999999
2277 0.588095
2278 0.5696490000000001
2279 0.36215069565679925
2280 0.15517042176100015
2282 0.12183083745250012
2281 0.3090520000000001
2283 0.2447514870440004
2284 0.4627605114959997
2285 0.7036899292808405
2286 0.600162
2287 0.04796351830656098
2288 0.5466315237932442
2289 0.8210692726759999
2290 0.4347225426451911
2291 0.648186477264
2292 0.7694414157023732
2293 0.29343788107544166
2294 0.013243162361000316
2295 0.2860720000000001
2296 0.20163591417915128
2297 0.5856192525217755
2298 0.36689800000000017
2299 0.7754566495607056
2300 0.6315925249145
2301 0.8659370293316281
2302 0.16074420068340078
2303 0.06043526930493903
2304 0.12358274160100001
2305 0.8482006632595831
2306 0.5841154147438772
2307 0.5744897885306235
2308 0.5578429350250003
2309 0.04607800000000006
2310 0.03454202666149997
2311 0.543145649481
2312 0.8830659863932331
2313 0.6017113798467221
2314 0.028789000000000065
2315 0.8836513160696008
2316 0.3554705981374266
2318 0.768627
2317 0.9370004152250001
2319 0.5941316358946054
2320 0.10686200000000001
2321 0.23148600000000008
2322 0.3177043494810001
2324 0.9169967979239999
2323 0.5536670022685001
2326 0.39421609410383895
2325 0.6918646322710325
2327 0.6475009908029913
2328 0.8101
2329 0.6545267945792003
2332 0.5297287807967909
2331 0.715917641566082
2330 0.36108870004462545
2336 0.6522933479137734
2334 0.3501888468187049
2335 0.2725495
2337 0.28612877195780223
2333 0.6502133925776767
2338 0.10870680790226506
2339 0.328075124508417
2340 0.11468026574400025
2341 0.0879640670428874
2342 0.8539075608715461
2343 0.2137347151072826
2344 0.7195030113141129
2345 0.724711191654
2346 0.2535040413605054
2347 0.439945976037978
2348 0.5743983307186401
2349 0.42478380969600005
2350 0.86610759091312
2352 0.6247799762047046
2351 0.68103954208225
2353 0.6469058195936959
2354 0.4533170000000002
2355 0.5536892055030798
2356 0.4184881619372489
2357 0.410880618416
2358 0.731983356690946
2360 0.0632355
2359 0.40353404552100014
2361 0.7732352392417293
2362 0.7018740166090001
2364 0.7328790676893453
2365 0.06804289258000001
2366 0.6822342464776436
2363 0.6699005894535001
2367 0.7248711523052074
2368 0.0637403530175465
2369 0.5251342110921022
2370 0.7235427220685
2371 0.4648339236729562
2372 0.381921216609
2374 0.29444561660900015
2373 0.4344758153760002
2376 0.025516000000000205
2375 0.6896260000000003
2377 0.6231261376927499
2378 0.7535166626759038
2379 0.16424700000000003
2380 0.18355503978896448
2381 0.17076681923499026
2382 0.3372550000000001
2384 0.5962601859830301
2383 0.4528948076789998
2385 0.7769972878642067
2386 0.36328428759380144
2387 0.12091329833313935
2388 0.11328909617717575
2389 0.025507424981521476
2390 0.4804950498010002
2391 0.40747563302500023
2392 0.2789383390243535
2393 0.5629108083815
2394 0.19466966362950003
2395 0.33224999999999993
2396 0.9265265126490001
2397 0.593152382084
2398 0.7752317104
2399 0.6338225952987094
2400 0.17280710895718943
2401 0.615686
2402 0.033599000749749974
2403 0.19775999999999994
2404 0.025541014464000034
2405 0.6314824837563966
2406 0.1246867712406603
2407 0.827536
2408 0.2629110000000001
2409 0.726816967041
2410 0.3562836496919693
2411 0.571032
2412 0.19233573715263996
2413 0.6652586138409999
2414 0.041236245844999964
2415 0.031396978202656856
2416 0.879411
2417 0.4332370525790499
2418 0.5970899423619882
2419 0.8405841441479772
2420 0.06306055519348974
2421 0.25839504658746604
2422 0.19274204055374655
2423 0.33126788242783317
2424 0.842052760649
2425 0.6159207401000001
2426 0.275922689735
2427 0.2879649169048528
2428 0.35996950643275
2429 0.43194832306599995
2430 0.836118634649
2431 0.3546426160872693
2432 0.17157752162756507
2433 0.7181304768169999
2434 0.19045280847364743
2435 0.015090630400000027
2436 0.5091407737760001
2437 0.11972562720353808
2438 0.931863645521
2439 0.8428359604
2440 0.6523988795850002
2441 0.23828662517112836
2442 0.8013575000000001
2443 0.36312781964650004
2444 0.19039366138025
2445 0.684349197924
2446 0.7014518869000002
2447 0.21828729254009027
2448 0.07600118519754484
2449 0.11367067888145921
2450 0.6077811998404827
2451 0.211773675456
2452 0.6735837401
2453 0.19846966522603493
2454 0.7856016455210002
2455 0.34259168077886293
2456 0.7464074956960001
2457 0.772622229604
2458 0.9462606541177803
2459 0.12987094328023008
2460 0.26968846574399996
2461 0.3223972376447182
2462 0.3013529512325
2463 0.8204448455542772
2464 0.29148771660899997
2465 0.33284250000000015
2466 0.31471044552100014
2468 0.5186495000000002
2467 0.532710839225
2469 0.44899003112900004
2471 0.32183842176099997
2470 0.607851113879667
2472 0.6099465227605
2473 0.09409019959225007
2474 0.4463344083062497
2475 0.3946351383040001
2476 0.80334
2477 0.8068779350249999
2478 0.27020244240700003
2479 0.366622
2480 0.6644855000000001
2481 0.845365606947762
2482 0.5284937109815299
2483 0.02073233064125013
2484 0.5098039999999999
2485 0.43561535022746406
2486 0.367181359236
2487 0.617646
2488 0.482891025841
2489 0.226981889581
2490 0.406266973664
2491 0.6681338477420284
2492 0.744164376932
2493 0.68725
2494 0.3450979999999999
2495 0.6339089781697218
2496 0.22725398702466743
2497 0.38039030039678745
2498 0.7872970000000001
2499 0.04084360591251657
2500 0.8916685000000001
2501 0.7998080687493775
2502 0.4554086251711284
2504 0.008339277997685635
2503 0.8048205625821268
2505 0.007374702244000275
2506 0.6401264915082615
2507 0.5106769152250001
2508 0.5806829165629545
2509 0.307416130459768
2510 0.2592173227605
2511 0.910385375625
2512 0.15741761384100017
2513 0.6884240000000001
2514 0.7700355123317795
2515 0.880732019204
2516 0.8536582184160001
2517 0.39215600000000017
2518 0.2518449687376545
2519 0.5495582068010001
2520 0.8607191496675467
2521 0.31862080846570673
2522 0.886729557401
2523 0.2300579734566044
2524 0.4778340265825707
2525 0.31690373096699687
2526 0.6120331070192557
2527 0.4391271147138347
2528 0.41632071000000015
2529 0.31632270038449994
2530 0.3009333722290364
2532 0.18784432864300005
2531 0.4412900000000002
2533 0.27942623776192166
2534 0.5003936873585173
2535 0.709216817666671
2536 0.24313700000000016
2537 0.25196686445000016
2538 0.7211298955680556
2539 0.4341704623373872
2540 0.10501726366800024
2541 0.419174718701647
2542 0.6917079999999999
2543 0.2879053126490001
2544 0.7658998167190001
2545 0.6392150000000001
2546 0.27747502960400006
2547 0.050570000000000226
2548 0.20166546601009694
2549 0.036269110150000006
2550 0.8571247263049999
2551 0.2673961489812504
2552 0.09088982848750038
2553 0.8125544664181086
2554 0.4077377547553125
2555 0.8815043973894178
2556 0.23871739544594495
2557 0.9245100000000002
2558 0.15429000000000026
2559 0.8042346465950463
2560 0.3230394999999999
2561 0.7433830505960001
2562 0.532183848660106
2563 0.5670920392015644
2564 0.8873177410332391
2565 0.2694723601070954
2566 0.43170325117908015
2567 0.717190157401
2568 0.697093197924
2569 0.26598485893567436
2570 0.891178
2571 0.007193960400000034
2572 0.44132098038965706
2573 0.730431189234128
2574 0.41250073681571886
2575 0.6734209376710786
2576 0.6486612593949974
2577 0.4073790950782914
2578 0.2274384369031508
2579 0.6332621249140001
2580 0.6208786816225
2582 0.5653687165300001
2581 0.7775539598077505
2583 0.6011870000000001
2584 0.8378039208632919
2585 0.672916592656
2586 0.3597287829181244
2587 0.7251946558434355
2588 0.3023231180982522
2589 0.7359150314012255
2590 0.7166328526093185
2591 0.05498767910900004
2592 0.10804999999999998
2593 0.5465679067672502
2594 0.7770729956237361
2595 0.8365773922340001
2596 0.43868844504294224
2597 0.24845361164674057
2598 0.15701864766128337
2599 0.44248525536009664
2600 0.9215690000000001
2601 0.10258665293316174
2602 0.053579650596000006
2603 0.13974241523757924
2604 0.5285909462506019
2605 0.18000834019887013
2606 0.126329129604
2607 0.8169082561658023
2608 0.37318596040000007
2609 0.17042914815147903
2610 0.12201799999999996
2611 0.7504964094409999
2612 0.09827932894500013
2613 0.16700817916921928
2614 0.37041199999999996
2615 0.010568974330533498
2616 0.7783950215454077
2617 0.43380325415224996
2618 0.194733432122
2619 0.020568940064635166
2620 0.9093990000000001
2621 0.8827335093706438
2623 0.8730573669546362
2622 0.2958090052846257
2624 0.432165296676063
2626 0.05317200000000022
2625 0.690687
2627 0.33299600076900004
2628 0.6443677401000001
2629 0.0834870000000002
2630 0.3716401483240733
2631 0.692517
2632 0.33004750692099993
2633 0.4859942730746749
2635 0.27846110914925004
2634 0.8873441348727847
2636 0.566583000769
2637 0.13693954749099757
2638 0.38254774036100003
2639 0.8007682166089999
2640 0.7364370209101078
2641 0.0492117979240001
2642 0.06649980218998564
2643 0.8065282455210003
2644 0.42378749748752687
2645 0.42058609465600005
2646 0.09732935104782237
2647 0.8926893611170643
2648 0.6624036968860001
2649 0.8735299999999999
2650 0.36715513441723213
2651 0.0490834104379656
2652 0.36420966170753455
2653 0.3571280000000001
2655 0.5154119503549477
2654 0.5565868668408294
2656 0.13681620888389978
2658 0.9335281633836139
2657 0.336793819353008
2659 0.12301442960399989
2660 0.40165977092274585
2661 0.8805883679832257
2662 0.4537922728101938
2663 0.26840834443399997
2664 0.1511323720465898
2665 0.721096457401
2666 0.23787711934431077
2667 0.6450664937655968
2668 0.02766893507610102
2669 0.43196404552100015
2670 0.22288390358649757
2671 0.47595042598742743
2672 0.07766852189449991
2673 0.7911759999999999
2674 0.7219439350249999
2675 0.19469434043207579
2676 0.8533651197645327
2677 0.547520266436
2678 0.15971072638921036
2679 0.28212559465599996
2680 0.34734100000000007
2681 0.709724699860829
2682 0.1960367474422411
2683 0.2123265965766199
2684 0.5575620000000001
2685 0.23243095323981744
2686 0.20913521660899992
2687 0.8009575
2688 0.8140960166073241
2690 0.12240445081354134
2689 0.2089435947158247
2691 0.40190649182219773
2692 0.504070929604
2693 0.32941200000000004
2694 0.1461110000000001
2695 0.35938466253480605
2696 0.006131310661282918
2697 0.37948112243820137
2698 0.9308011233359597
2699 0.6363926565200586
2700 0.5051679077802274
2701 0.31689900000000004
2702 0.17578106242979108
2703 0.31067579172561666
2704 0.28145778180100023
2705 0.4286292397361138
2706 0.28578575981071674
2707 0.6975805000000002
2708 0.7354093162249999
2709 0.1992305820839999
2711 0.5205599842415882
2710 0.04181465059599998
2712 0.602729649289
2713 0.160769680277
2714 0.17284378491736335
2715 0.7892667830853397
2717 0.634732716075753
2716 0.572112870936
2718 0.5141702740646287
2719 0.2976640767407812
2720 0.398191861252
2721 0.5906726900000001
2722 0.8074629501725605
2723 0.31397196039999997
2724 0.5882241376810002
2725 0.08576978731192897
2726 0.5676972966560001
2727 0.019787483171741393
2728 0.12957202981471205
2729 0.1473958286208028
2730 0.15918515740099992
2731 0.6529415000000001
2732 0.5824005724810001
2733 0.2296423979240001
2734 0.058429000000000064
2735 0.320462
2736 0.7897369691226588
2737 0.9176055916448297
2738 0.7099764005940332
2739 0.30543306246400026
2740 0.2896421278708796
2741 0.46245953192846356
2742 0.7620519880248808
2744 0.11962854507723475
2743 0.8198327328219097
2745 0.1955636791101314
2746 0.003922000000000092
2747 0.9258725574009999
2748 0.645297555325
2749 0.3450389999999999
2750 0.03872450000000027
2751 0.06666700000000003
2752 0.7988234999999999
2753 1.0000000000287557E-6
2754 0.0021496736639999847
2755 0.21356941522500006
2756 0.56055068184325
2757 0.04412296793270565
2758 0.7733152578490906
2759 0.5020977682076904
2760 0.6303499604
2761 0.477239939485
2762 0.1480741979239999
2763 0.10588299999999995
2764 0.722795050596
2765 0.83441879152217
2766 0.0844037102461308
2767 0.7602689296039999
2768 0.79141646060475
2769 0.511810042645191
2770 0.47406075972898254
2771 0.026543229604000018
2772 0.6586165301039999
2773 0.44052798767574564
2774 0.2838954470923921
2776 0.9431375
2775 0.07711092832994493
2777 0.393126690128
2778 0.18037700000000023
2779 0.704609
2780 0.38682187110318317
2781 0.006318000000000046
2782 0.3354026077512857
2783 0.6363074818351828
2784 0.3348251595707958
2785 0.186318514325
2786 0.09411800000000015
2787 0.522424
2789 0.8826799240962631
2788 0.7798295347380001
2790 0.7322069184159999
2792 0.7109056777985787
2791 0.7517966657440001
2793 0.08383326832400001
2794 0.6880853244933725
2795 0.5597215
2797 0.7108
2796 0.878017993124
2798 0.2684927401
2799 0.5938765
2800 0.13731668346119763
2801 0.48533266305299994
2802 0.187631429681
2803 0.4141133483759998
2804 0.7558819999999999
2805 0.1777744573211979
2806 0.5231996900006249
2807 0.5392119375089865
2808 0.6005924651290002
2809 0.22753337862400036
2810 0.439507600769
2811 0.4263351911277264
2812 0.68119548375625
2813 0.346544644225
2814 0.8543400110822501
2815 0.0866888940360151
2816 0.4615238072793073
2817 0.8020238759432933
2818 0.8134413756249999
2819 0.4674081558535001
2820 0.2496502456475551
2821 0.5091724786208072
2822 0.426727800649
2823 0.648019013972136
2824 0.40042837437046
2825 0.179600403076
2826 0.645827248025
2827 0.16416272865909898
2828 0.19891335346025008
2829 0.29371687562500015
2830 0.32642200000000005
2831 0.9045212138409999
2832 0.701258349669
2833 0.29817248180118755
2834 0.350981
2835 0.8534914165179822
2836 0.38452085972909933
2837 0.3568642143514326
2838 0.566093935025
2839 0.246683698962
2840 0.7863045493918377
2841 0.536832459721
2842 0.3906373443524304
2843 0.398039
2844 0.3812090435927106
2845 0.129991873664
2846 0.5941414025375
2847 0.8487036435601543
2848 0.3548185798440053
2849 0.8585990672050001
2850 0.2011499173790295
2851 0.333337
2852 0.6034093239978432
2853 0.01357202176100003
2854 0.516646853696
2855 0.19506960957350003
2856 0.648251703472553
2857 0.00699209047164695
2858 0.150555245521
2859 0.09265743089615008
2860 0.4232574725420515
2861 0.6762532931926515
2862 0.3151213001686716
2863 0.941573
2864 0.533759997924
2865 0.0796123553250001
2866 0.8311568402110379
2867 0.6607572024569891
2868 0.7871283820839999
2869 0.8254660752951157
2870 0.5407535479445276
2871 0.01099702355952814
2872 0.19159649999999995
2873 0.4944023567860001
2874 0.894118
2875 0.3248464712080953
2876 0.43962383698600005
2877 0.6954246459594334
2878 0.4969031120791715
2879 0.5754880000000001
2880 0.491177
2881 0.7186604818351828
2882 0.24371152069361024
2883 0.6800617401
2884 0.9469199494810001
2885 0.30051307430843255
2886 0.24876134418012286
2887 0.5179182617845002
2888 0.5776443616792724
2889 0.8263036296040001
2890 0.38365662768200015
2891 0.49804000000000026
2892 0.36420366435400003
2894 0.3574395116250273
2893 0.13628635740100026
2895 0.749515080004
2896 0.24368914314000012
2897 0.44730397335612415
2899 0.10517102960399982
2898 0.15347050808254514
2900 0.7979378827342087
2901 0.14824958208399996
2902 0.593338860489
2903 0.527743918416
2904 0.40017418093544044
2905 0.8848269025375002
2906 0.8812433207162824
2907 0.8284085983201536
2908 0.8666670000000001
2909 0.3427946505960001
2910 0.465628415225
2911 0.4294150405931052
2912 0.14254878342225008
2913 0.18975443077675003
2915 0.09311599999999998
2914 0.6313334908464062
2916 0.659477585621
2917 0.6937466937494706
2918 0.3593452563245001
2919 0.875029262976
2920 0.47828455951022475
2922 0.50800237437046
2921 0.7403953168861979
2923 0.3848351250034374
2924 0.3312520199236564
2925 0.39
2926 0.5998842087466012
2927 0.07955091522500024
2928 0.0074502946560001115
2929 0.4791683604862358
2930 0.40429690000925733
2931 0.3205720000000001
2932 0.7879606949690001
2933 0.7211245000000001
2934 0.37784566329704594
2935 0.7390154211459998
2936 0.46868215100245386
2937 0.8340885484557454
2938 0.627798660569
2939 0.858824
2940 0.4421197204955
2941 0.17811675187600007
2942 0.9278905345325228
2943 0.609304
2944 0.37512317836187936
2945 0.4575509184159998
2946 0.49605166809662904
2947 0.052576596644229756
2948 0.42525199999999996
2949 0.67376010870825
2951 0.706425234321048
2950 0.5328431144704601
2952 0.4821411346835922
2953 0.0294819152250001
2955 0.8960790000000001
2954 0.17694540060983988
2956 0.267109450596
2957 0.40576663912286626
2958 0.5064962043625427
2959 0.8908505
2960 0.22932475478952852
2961 0.732477
2962 0.43947180018775023
2963 0.23988844360000017
2964 0.616962393446
2965 0.2886328030440002
2966 0.403393802369
2967 0.908112529604
2968 0.8239160637666987
2969 0.7732045713574305
2970 0.7620707842250001
2971 0.07996303637655977
2972 0.02833999999999992
2973 0.10843504552099992
2974 0.138679
2975 0.71688559183
2976 0.9488545637458201
2977 0.5868610154470921
2978 0.5706292549429135
2979 0.9049612889483674
2980 0.5294147151485156
2981 0.8805230888890001
2982 0.056736970481000126
2983 0.5879208267844243
2984 0.16249553287200014
2985 0.09873103480500012
2986 0.5305039999999999
2987 0.35155534761629803
2988 0.926935611649453
2989 0.028714510496000267
2990 0.9470620651290002
2991 0.8284320000000001
2992 0.35588200000000003
2993 0.33055410373566274
2995 0.6835220000000002
2994 0.5271111733564999
2996 0.9325195098604622
2997 0.907154515197921
2998 0.9376580000000003
3000 0.7591825733815
2999 0.13963861021191026
3001 0.2564493609190879
3002 0.28439341522500017
3003 0.09767027920991489
3004 0.9269803302559999
3005 0.4052470496954297
3006 0.06467486905728115
3007 0.2659307939186383
3008 0.8936902229962154
3009 0.595948316609
3010 0.3744259999999999
3011 0.9217729361375433
3012 0.298068
3013 0.8963662034164053
3014 0.9100839889725001
3015 0.4798584479040001
3016 0.935388636832
3017 0.9486769604
3018 0.7275952006293842
3019 0.39484127185220697
3020 0.3072645113034873
3021 0.4016775000000001
3022 0.544231837407813
3023 0.3401603306145311
3024 0.38761251829712506
3026 0.5186820279345488
3025 0.6723178408267685
3027 0.5911770000000001
3028 0.8557450081818803
3029 0.46828836795847817
3030 0.08484035401800005
3031 0.865433371522123
3032 0.2215071189667499
3033 0.8037496279840001
3034 0.6542904078946012
3035 0.8139546490318934
3036 0.18335858961086648
3037 0.09607800000000011
3038 0.663278465129
3039 0.1664495616392292
3040 0.78224204852
3041 0.13084900000000022
3042 0.7594590810815832
3043 0.19849105969767078
3044 0.676657176321
3045 0.9083601506770125
3046 0.7743690128970684
3047 0.4213981531767752
3048 0.20311746674263031
3049 0.4277980419062495
3050 0.5812493089206345
3051 0.60507957005
3052 0.7897705000000002
3053 0.770575650596
3054 0.7374921636178373
3055 0.8880041622375
3056 0.29289758208250016
3057 0.22521023389819028
3058 0.4383940010949663
3059 0.6142858095735
3061 0.9504255000000004
3060 0.749446997924
3062 0.8996697401
3064 0.5085058576443171
3063 0.508924965129
3065 0.11845866978125019
3066 0.10880899792400012
3067 0.07932099999999997
3068 0.9076590126490001
3069 0.595354435025
3070 0.8037963267330224
3071 0.7903493502500001
3073 0.14786184404824643
3074 0.6763223704090001
3076 0.4959629714832361
3077 0.49792518888900006
3075 0.841214512649
3072 0.28881733727073433
3078 0.1301836141643802
3080 0.8745100000000001
3081 0.677451
3079 0.68742506432
3082 0.36884692614133563
3083 0.15490150000000003
3085 0.41449493502500023
3084 0.6170945483109077
3087 0.35490150000000015
3086 0.481281017536
3088 0.8049117758187521
3090 0.8708140348854853
3089 0.7430747505571772
3091 0.7517256342371825
3092 0.04939026051599993
3093 0.6729802440961679
3094 0.5880655689640002
3095 0.8972846697637309
3096 0.4696798217610001
3097 0.8648579999999999
3098 0.812965182520424
3099 0.04537531125899008
3101 0.19639600000000024
3100 0.93834489
3102 0.2628445915240001
3103 0.38579036262537003
3104 0.1933252736640001
3105 0.1664785477261097
3106 0.0938844313512468
3107 0.933426840769
3108 0.4310825287242868
3109 0.713203719044
3110 0.45134120185557
3111 0.6148535886786696
3112 0.2502471574010001
3113 0.7514235
3114 0.5326473927548415
3115 0.5452600856359999
3116 0.5810098283857756
3117 0.6214604888890001
3118 0.7103077099968563
3119 0.051041740100000066
3120 0.5346440766439999
3122 0.2690175943912714
3121 0.8122021160520614
3125 0.4843150000000003
3124 0.5750005
3123 0.18018937807700008
3126 0.2894275483109078
3127 0.30192971773362043
3128 0.6291516166202501
3129 0.47691588827400005
3130 0.42452325125826007
3131 0.20189400000000002
3132 0.199922166201
3133 0.48792611673373587
3134 0.34215700000000004
3135 0.49607877606300427
3136 0.86774483648325
3137 0.9378420865902681
3138 0.07108361373584549
3139 0.30490626512900015
3140 0.790983111696
3141 0.6022687005
3142 0.6408179989145611
3143 0.8368615643507438
3144 0.7824645436067461
3145 0.169881094733
3146 0.43501964504113
3147 0.32864293502499997
3148 0.633827
3149 0.681606635602
3150 0.16501656041966817
3151 0.14536545551866795
3152 0.839561415225
3153 0.747407607455594
3154 0.5491366068675034
3155 0.02292749999999999
3156 0.314886396951456
3157 0.4515178944174317
3158 0.26957388533345855
3159 0.5956294074174585
3160 0.42278581522500003
3161 0.4465735809
3162 0.8019815401
3163 0.3739644881763854
3164 0.47021283069975
3165 0.12851765059600012
3167 0.7645081903299754
3166 0.53948006772475
3168 0.47777477162000004
3169 0.9074909270320224
3170 0.28772921298327236
3171 0.2088106711478548
3172 0.3945022276188437
3173 0.9078775979239999
3174 0.6240255
3175 0.758351
3176 0.08971026512900027
3177 0.5282255699250651
3178 0.6579770965426166
3179 0.207843
3180 0.36152800000000007
3181 0.5539220000000001
3182 0.262952129401
3183 0.8679142476100583
3184 0.2609460000000001
3185 0.7035964835444589
3186 0.23751514324800893
3187 0.424584
3188 0.7928608185593415
3189 0.8797606574189565
3190 0.7622988947917766
3191 0.22542812500745724
3192 0.47755849999999994
3193 0.5147503985955112
3195 0.24972056578149998
3194 0.26222799268523883
3196 0.6604914296039999
3197 0.0027609519879618905
3198 0.503504616634
3199 0.11615423914490886
3200 0.8510831293040108
3201 0.9269289999999999
3202 0.1990200000000002
3203 0.44149949999999993
3204 0.36274810954301917
3205 0.2409858881
3206 0.5313730000000001
3207 0.8918049400511542
3208 0.652935408974023
3209 0.916120954221102
3210 0.913595316609
3211 0.41521800000000014
3212 0.78902101
3213 0.325415
3214 0.13725450000000006
3215 0.661764
3216 0.8413229610442213
3217 0.48498100227388563
3218 0.4374234040830013
3219 0.2705918455210001
3220 0.706295646526325
3221 0.06078450000000002
3222 0.08304223827926971
3223 0.7422865492133329
3224 0.2880780571086537
3226 0.6758660469372865
3225 0.8733522793650941
3227 0.7823530000000001
3228 0.5345675503070976
3229 0.11322161451731252
3230 0.08623188973144091
3231 0.09313700000000003
3232 0.26116582114599995
3233 0.28115791264900003
3234 0.8520159999999999
3235 0.14335613045127515
3236 0.43281256236100013
3237 0.5904935
3238 0.5975010087036108
3239 0.20020692053800007
3240 0.57451
3241 0.43489661015
3242 0.7408273712177813
3243 0.4458509574010001
3244 0.6756454922196312
3245 0.3715976592436464
3246 0.5047736053698486
3247 0.8779014910210284
3248 0.18225093445583374
3249 0.7455300000000002
3250 0.5495041436787576
3251 0.8664186126940701
3252 0.11355398474075495
3253 0.03333300000000006
3254 0.9203439926805272
3256 0.640564394656
3255 0.21110706893847797
3257 0.7284484577854999
3258 0.33244071680221754
3259 0.9270069286139193
3260 0.477209765129
3261 0.6652926935423974
3262 0.3092012469639587
3263 0.3689121971840002
3264 0.7650180050216816
3265 0.16433594841893706
3266 0.06027096042879587
3267 0.6040355946355862
3268 0.3392155000000001
3269 0.16912331076332476
3270 0.12353328266713959
3271 0.9273786534894495
3272 0.643787280201
3273 0.437417
3274 0.8820099604
3275 0.27347999999999995
3276 0.931279375625
3277 0.5042168067294758
3279 0.4444515662055001
3278 0.33786692778524996
3280 0.854675557401
3282 0.2371089252732197
3281 0.04803999999999997
3283 0.6033610074382019
3284 0.40472761765895915
3285 0.5258960981453478
3286 0.8463249603999999
3287 0.9132429675125
3288 0.10373323468100004
3289 0.20061342529800008
3290 0.2821733869079879
3291 0.4886888455209999
3292 0.27058800000000005
3293 0.2461817191229958
3295 0.49775550542472025
3294 0.7930973809779782
3297 0.2866894515547027
3296 0.5062749317459655
3298 0.11824231065000013
3299 0.9194001197438181
3300 0.6392160000000001
3301 0.05392971849299988
3302 0.5533693285675871
3303 0.08223037120400023
3304 0.252821082061208
3305 0.9360292622244999
3306 0.10539720925586082
3307 0.24597844782800005
3308 0.2871639204591554
3309 0.28201922560305515
3310 0.947350400769
3311 0.8920177211154035
3312 0.7002043820839999
3313 0.23007724767400006
3314 0.274971266436
3315 0.16892642024899995
3316 0.5200157939186382
3317 0.6986227150523261
3318 0.7094899716492262
3319 0.4206574729760002
3320 0.01960799999999996
3321 0.4649496146700306
3322 0.477372440017268
3323 0.15588200000000008
3324 0.3894891436959998
3325 0.4217948536010334
3326 0.641800366121
3327 0.09318727100429869
3328 0.4949753973655868
3329 0.1774329909793706
3330 0.16475844198400003
3331 0.9472053764834623
3332 0.8004569171178058
3333 0.45980413277123017
3334 0.04241014948100008
3335 0.4843986636451664
3336 0.90456
3337 0.4526111745408806
3338 0.5723172592990704
3339 0.06157866521779298
3340 0.47401729349984434
3341 0.5964058245098484
3342 0.454787149481
3343 0.46242099120903973
3344 0.7420982241551
3345 0.33835988858346355
3346 0.932755797924
3348 0.7434325750292724
3347 0.2975814484628774
3349 0.15031583430227968
3350 0.9032633629760001
3351 0.8372225440183886
3352 0.015328280277000061
3353 0.250077356011954
3354 0.6460662506250001
3355 0.3029410000000002
3356 0.00873536996772506
3357 0.35973485567647384
3358 0.20686300000000002
3359 0.8734508433233862
3360 0.833805648408
3361 0.40980399999999984
3362 0.468138938609
3363 0.41449116969737587
3365 0.8357556774517898
3364 0.2346493756250001
3366 0.2812104214455535
3367 0.6980700249203153
3368 0.7515899114749323
3369 0.8756987747210603
3370 0.671338377295563
3371 0.7265282406380918
3372 0.06037942380249972
3374 0.6460790000000001
3373 0.5672855000000001
3375 0.4260294470675636
3376 0.022926751249999988
3377 0.20098406512900002
3378 0.66491007673025
3379 0.761764
3380 0.29331665119566175
3381 0.9287105180164881
3382 0.183893680036
3383 0.9068635
3384 0.4335590935133833
3385 0.07805136665300694
3386 0.41316074834376737
3387 0.8921504870027288
3389 0.37995155000025
3388 0.40037430776099997
3391 0.07469373764471839
3390 0.7457942035541645
3392 0.5588233822116028
3393 0.7786781925586859
3394 0.37412587443296363
3395 0.858149
3396 0.8669433131803166
3397 0.5088239999999999
3398 0.11958384650600007
3399 0.9321291664360004
3400 0.08181445059600012
3401 0.06177176764476866
3402 0.4837151769499047
3403 0.494376
3404 0.4790924273252499
3405 0.6500776384566446
3406 0.4990200000000002
3407 0.8810839835646267
3408 0.4241169302285028
3409 0.5274505
3410 0.007796009295999995
3411 0.6382350000000001
3412 0.3077156439276336
3413 0.3824158384444918
3415 0.13742550938101084
3414 0.039948489812660526
3416 0.14577233407589518
3417 0.20840800000000015
3418 0.9058382333289213
3419 0.4662472520809937
3420 0.0766292941648341
3421 0.7526162592800605
3422 0.6187907757586864
3423 0.8969415083879955
3424 0.2243428581567768
3425 0.43532666077868254
3426 0.18124549999999995
3427 0.003510261579124374
3429 0.08353130240345563
3428 0.7336941574009999
3430 0.04277174010000005
3431 0.1538455284
3432 0.8389217808497191
3433 0.03708099999999992
3435 0.3801972596699261
3434 0.7156016122713185
3436 0.8451224984218392
3437 0.1351934569071973
3438 0.8332337254253283
3439 0.8922601984
3440 0.6717993660655647
3441 0.26395281367400014
3442 0.604650125412346
3443 0.6208910000000001
3444 0.5386501731998357
3445 0.301328457564372
3446 0.6085243904724176
3447 0.2757046168549131
3448 0.13445763574718606
3449 0.222526
3450 0.3357927728456722
3451 0.08803593502500018
3452 0.7640488920200637
3453 0.10654915864625081
3454 0.35992509707741616
3455 0.8054357810093657
3456 0.6504326085800001
3457 0.22967546455754229
3458 0.36634296040000014
3459 0.48461786512900007
3460 0.9143830362800403
3461 0.29028405761824994
3462 0.1284320000000001
3463 0.27156899999999995
3464 0.6209679985057368
3465 0.804847091081
3466 0.43682116171278373
3467 0.23400985641394434
3468 0.2685830451004088
3469 0.7367397632247102
3470 0.5296030859763898
3471 0.7129778927976933
3472 0.8800947400999999
3473 0.7679848968179975
3474 0.18116400367669372
3475 0.8618275894010105
3476 0.4427841047070673
3477 0.5166670000000002
3479 0.7849494309922203
3478 0.845262
3480 0.445098
3481 0.8546324606410001
3483 0.49108332867660454
3482 0.605924343649
3484 0.337620262976
3485 0.0411227757586865
3486 0.9499254410574365
3487 0.12873712283750027
3488 0.0028101824717501334
3489 0.24171687673588482
3490 0.2708340505960001
3491 0.9435874580630716
3493 0.38917670162417495
3492 0.21232331264900006
3494 0.7612002441744987
3495 0.45979900000000007
3496 0.06666700000000003
3497 0.804317800225
3498 0.27144744060000003
3499 0.9179950530718436
3500 0.5951943126214103
3501 0.28431399999999996
3502 0.2033973989065188
3503 0.60232
3504 0.02120457354899996
3505 0.06972500000000004
3506 0.723731225025
3507 0.42403628491904877
3508 0.13952957208723182
3509 0.6921920000000001
3510 0.26425790837206214
3511 0.9339222778599973
3512 0.7786311186296517
3513 0.17676411645478374
3514 0.9349207526575569
3515 0.212175
3516 0.65281194896225
3517 0.5759109747405
3518 0.683334
3519 0.24560899999999997
3520 0.555094320278
3521 0.932349547366218
3522 0.6730203999954253
3523 0.6553176100766718
3524 0.0510985423052166
3525 0.045906729603999996
3526 0.5465899244764937
3527 0.08682087532302796
3528 0.4991424137759999
3530 0.33510352681477373
3529 0.3107305906668507
3531 0.0202090979432501
3532 0.7568021348736529
3533 0.6928250452237228
3534 0.729412
3535 0.7676168172885223
3536 0.4781051159555
3537 0.9260408998090002
3538 0.8720388764360003
3540 0.37855150000000015
3539 0.7393569474135637
3541 0.5297564994932127
3543 0.15786806482884752
3542 0.8401984166090002
3544 0.760593409524635
3545 0.9071497819279626
3546 0.2210033633220001
3547 0.09792621642101085
3548 0.942782103028
3549 0.13205523683200004
3550 0.76851903528
3551 0.779412
3552 0.5656901079329117
3553 0.2690054622915332
3556 0.1196085
3554 0.30265940280861026
3555 0.9188014752196165
3557 0.5235249144975744
3558 0.9378396017526315
3559 0.670074839321
3561 0.5467747562177274
3560 0.3941175000000001
3562 