1 1.583751848770593
2 0.9623081493309567
3 0.895698583951082
4 1.1608004476532179
5 0.3758590070467745
6 0.9683162694377386
7 0.2256084928051257
8 0.675033210845277
9 0.9897381557918308
10 0.5013944091055672
11 0.762617758834995
12 0.7679342410625509
13 0.953527243715238
14 0.9490736495392377
15 0.5630973209596284
16 1.3065642072021273
17 0.9039832737129583
18 1.1450449806172358
19 0.8609934287301542
20 0.0030815008294406295
21 0.8889686532279112
22 0.7875113824080346
23 1.0136489292072333
24 0.8154124212210435
25 1.0220295329951665
26 0.19908451405064545
28 0.5257292890730281
27 1.0013959311473186
29 0.8525952202140743
30 0.9479477712820549
31 0.5822741506760626
32 0.7687453802990848
33 0.32638594739527826
34 0.09266383323305953
35 0.7314819529403651
36 0.9626147930342825
37 0.6903891313956497
38 0.8913740100059382
39 1.091700507358661
40 0.654980274475281
41 0.6249395693840436
42 0.3950826661900491
43 0.8379767364749554
44 0.39790086279690884
45 0.884231135525217
46 0.5981520634811899
47 0.6083480988199415
48 0.8341897254786593
49 0.20306145781380075
50 0.5624929219171042
51 0.9734556028374022
52 0.7889422868578664
53 0.993541614737908
54 0.8887043578360349
55 0.9987860896677686
56 0.6691855771865872
57 0.9847575255330121
58 0.7206319190878645
59 0.5210034236783709
60 0.8132019350092463
61 0.563156070006262
62 0.8577245895768316
63 0.9777896275876085
64 0.9774242928140768
65 0.9940614672850981
66 1.1059949644905134
67 0.7143940363238291
68 0.844820724355294
69 0.7504817305479445
70 0.808000861333162
71 0.3584091478472546
72 0.8574274133371894
73 0.48684346108679133
75 0.46965556958032206
74 0.07604973179530686
76 0.1576968999832917
77 0.38260570047949927
78 0.7095582528240094
79 0.820888008156734
80 0.5916980241119996
81 0.870139114478386
82 0.5427703527087617
83 1.3728552389649777
84 0.888463831299008
85 0.5060597348998273
86 0.8244654154784894
87 0.5126686982648165
88 0.4913666969717704
89 0.7042294742060357
90 0.11173626504298093
92 0.9075181032062939
91 0.4586224280558223
93 0.6856047899411349
94 0.5081439773431398
96 0.6833841504824163
95 1.1540252720508242
97 0.4975869801931822
98 0.4420857540729215
99 0.3874614976909447
100 0.6972582606897193
101 0.2915578594776096
102 1.046386068076368
104 0.8451563575750929
103 0.8210784588769777
105 0.904604351560584
106 0.7935409694275131
107 0.37607312981848784
108 0.4799059491087672
109 0.526454954551463
110 0.7645598422798384
112 0.031445884357496276
111 0.48713378246640326
113 0.2409220984978843
114 0.9959473670171912
115 0.9032611751315394
116 0.23020819186086847
117 0.7291900462976972
118 0.9855379253336467
119 0.8726154579015037
120 0.9465193582802301
121 1.04725934277744
122 0.1035693818418343
123 0.8288328265202245
124 0.17501582876332153
125 0.9178338569772444
126 0.6665326046590114
127 0.9448508344227176
128 0.9118932972340941
129 0.7924433996089212
130 0.6715237172946196
131 1.1215585685591143
132 0.7181218083584372
133 0.8417614404171777
135 1.0353557139937903
134 0.9575703848828195
136 0.5720656552943443
137 0.5552617093070268
138 0.6191006250848551
139 0.8594280950031233
140 0.9197163739885554
141 0.3330965201711299
142 0.8360036716702562
143 0.5020276219137865
144 0.05487647959821566
145 0.7923998174775195
146 0.5277041797388006
147 0.8822570885827681
148 0.8107106454204841
149 0.7751458196466398
150 0.889805927430355
151 0.5411874400094302
152 0.7411990097768245
153 0.8392002802340254
154 0.5508896388924183
155 0.5016581166775851
156 0.6563920924283182
157 0.7021835340893215
158 0.7078754895614543
159 1.166285712357651
160 0.6395182072360123
161 1.005269779331329
162 1.2086026070367257
163 0.7497171924502682
164 0.6091289602473801
165 1.0523255877884083
166 0.9432704185015732
167 0.5969179523503826
168 0.9225635889674183
169 1.0039780079555913
170 0.2416275359510298
171 0.11644586721815581
172 0.8826591683091681
173 0.43633689290354505
174 0.8784793856442116
176 0.41266303581627634
175 0.7994347629019123
177 0.8013776710134627
178 0.37402608061478126
179 0.44862548739533775
180 1.0315733310778006
181 1.0105226964927685
182 0.9567347473810529
183 0.2736285740706745
184 0.8975104818022671
185 1.1311591786110518
186 0.2612566859482553
188 0.15152336592393426
187 0.29116509552748526
189 0.9231078326590949
191 0.48862838868839215
190 0.8725492311109283
192 1.0141965948499787
193 0.8854183700305442
194 0.8285304760836623
195 0.15868466619875257
196 0.10743982058899654
198 0.0028874292233436187
197 0.35068823898787316
199 0.8825755569827058
201 0.8278332554965548
200 0.3155603355159975
202 0.8680226353940508
203 1.0955798294340673
204 0.8753041459079236
205 0.8105644795662613
206 0.3216420046603267
207 0.5115576547322365
208 0.07380614472236792
209 0.2989682252003338
210 0.6029721364783553
213 0.4755625395210561
214 0.23336766784019122
212 0.2882215584071177
211 0.26149338967777097
215 0.7563186154153704
216 1.0854701580116528
217 0.7206038664410984
218 0.9983374065866567
219 0.8898711872650333
220 0.1924040524811752
221 0.8176157156986849
222 0.18910650657770298
223 0.5181116816376664
224 0.9844728136929474
226 0.3815290922838491
225 1.10534553529879
227 0.2529156958244892
228 0.544689209138002
229 0.7881588402522902
230 0.5630937846077809
231 0.9632418478755052
232 0.49250865461484433
233 0.38669013555887133
234 0.6354725588282433
236 0.6049045454691052
235 0.948762307442345
237 0.9733688058908446
238 0.8421820356747391
239 0.5525850141559011
242 0.6265423062205894
240 0.6241584566698588
241 0.09361847349173238
243 0.6756541977072288
244 0.9099484518895926
245 1.00273728012643
246 0.651015555610377
247 0.911598573963642
248 0.9660475669318348
249 0.41053907924769667
250 0.9975679429598275
251 0.07803312540284542
252 0.8041278528692245
253 0.6270237840304002
255 0.040386883678102496
254 0.9540703781174471
256 0.6755779763732156
257 0.4576971376841255
258 0.22244471198397847
259 0.8660512664525496
260 0.9660643992185681
261 0.5093049472210164
262 0.9739323894724293
263 0.9617137592550677
264 0.4310312522334488
265 0.9984302038197337
266 0.4546856331485274
267 0.6218384190746445
268 0.46524728286998385
269 0.6461688542867606
270 0.9987731899957858
271 0.9087559801711842
272 0.7035937643490687
273 0.3346021550250197
274 0.7975678760020869
275 0.0019783820228584993
276 0.030467655889517727
277 0.5645496060676322
278 0.12335933123533074
279 0.9474764106915325
280 0.772865195607154
281 0.42348694637652273
282 0.8873870254143099
283 0.9813878427202248
284 0.6053870886228768
285 0.884754479154853
287 0.6990242915879236
286 0.9719717591838712
288 0.4368451896760948
289 0.7770666589058558
290 0.9965398756057613
291 0.9778863124467988
292 0.0929423389788809
293 0.8618172798515706
294 0.7654157120130368
295 0.8409958868394546
296 0.24920217061905034
297 0.7829537382819446
298 0.7135897337886421
299 0.8135900217918091
300 0.48652191030138114
301 0.4475113501117798
302 0.9824533194021168
303 0.519726305433691
304 0.5807401217973087
305 1.0746233855699674
306 0.4911868384845028
307 0.9714582274975916
308 0.27398650693775317
309 0.28141569639595854
310 0.9435486982407256
311 0.47504736069816944
312 0.9497666343099106
313 0.9784443875176012
314 0.32429885143995174
315 0.8778626830394843
316 0.7526405333906271
317 0.7147101289813942
318 0.8221309974462933
319 0.2301546102142972
320 0.9762540352355494
321 0.42916391194003073
322 0.6543119850069892
323 1.1004622303721607
324 0.9756129137174074
325 0.5055875038526463
326 0.7740561465726518
327 0.3919541560040985
328 0.765737353266168
329 0.9917580161493218
330 1.1399824742299058
331 0.500437481842574
332 1.1849670813016555
333 0.8891559022524314
334 0.07525614759999741
335 0.9862708516416192
336 0.6876832546759842
337 0.4923401455680779
338 0.7316960025462182
339 0.9255230185541746
340 0.4618418508593115
341 0.21919676830764703
342 0.6106471228333789
343 0.8361924133315731
344 0.6310931658267851
345 0.6542863306806261
346 0.19421833318088658
347 0.8703492667390659
349 0.9277316359916893
348 0.20027798909928735
350 0.6866472644999664
351 0.6951959104156037
352 0.3346307934510715
353 1.049612017259179
355 0.9232229452193282
354 0.4450182420442709
356 0.5670069715858982
357 0.7867340624684833
358 1.1482024677217266
359 0.27210352749445094
361 0.8782808384817475
371 0.7080049997715184
370 0.07457028038105815
369 0.8875581230458388
368 0.9885824348734641
366 0.8938135366107138
367 0.9096328707024721
365 0.7016469212883935
364 8.291489276333902E-4
363 0.5963429073380196
362 0.005446923992198835
360 0.8177313059544847
376 0.7687434891519738
375 1.2428822514499323
374 0.5048504868081053
373 0.013146126134188352
377 0.6911440418512862
378 0.8147120826294724
372 0.9335011549431866
379 0.8117964436527777
381 0.47357917776622444
382 1.0456384147310238
383 0.5756080680795163
380 0.9792489065200457
385 1.1601793544455625
386 0.980478733568218
384 0.8043215045341441
388 0.2636205633882411
387 0.7730440070921866
389 0.8343602977918482
390 0.9263958217926853
391 0.42392403117437905
392 0.92728350564615
394 0.2549268713333291
393 0.5832372026443386
395 0.4022839584470885
396 0.9008636640013372
397 0.2913048205465847
398 0.9892415570484314
399 1.6582765091954412
400 0.7523670503389985
401 1.4541802178873657
402 0.7817411727161107
403 1.0667314834976827
404 0.9029057095490683
405 0.979565802109783
406 0.030728957030217854
407 0.9923317170009908
408 0.24576282340920558
409 0.8540785843235048
410 0.5937023403916498
411 0.20872260350591462
413 0.7504225274391455
414 0.6540433661059487
412 0.32178992065251605
416 0.8791466806140704
415 0.5348502661455493
417 0.699496522728682
418 0.4628236911204411
419 1.359631982439928
420 0.9887933199912166
421 0.7522363278395104
422 0.9996725461879645
423 0.6996256429579365
424 0.26514701160432685
426 0.5835250235706323
425 0.264626962647056
427 0.6734105871158745
428 0.4880536417869911
429 0.4471019070667702
430 0.32003566842970976
431 0.2508955112200381
432 0.4735279826539385
433 0.9602233886151296
434 0.7863442351024551
435 0.9957403158593965
436 0.39739011177688566
437 0.8914506426855718
438 0.789736693341436
439 0.6651503159536819
440 0.2819178668900388
441 0.9202167166056184
442 0.8864747886780884
443 0.6931412217744922
444 0.6879934613080009
445 0.9202938707005981
446 0.5921137249812761
447 0.43875950318028945
448 0.7681119537151485
449 0.35260358295027744
450 0.5976662568992042
451 1.0708275972718477
452 0.3340234910268084
453 0.6277998892771205
454 0.48386605263673227
455 0.15098208000758762
456 0.9241428413173254
457 0.325866024919695
458 0.9529769598940485
459 0.7290128816536763
460 0.8792803730119988
461 0.6179271809552519
462 0.3243455842153935
463 0.7622331382732614
464 0.5440266602632388
465 0.90938559976733
466 0.5974812646954709
467 0.48132739875659697
468 1.191689888490265
469 1.0908156048201323
470 1.1561398093561719
471 1.5545226350732653
472 0.23382141521812697
473 0.4810583970739538
474 0.2707777314913926
475 0.3297079551090744
476 0.9376899259105277
477 0.04695743511718001
478 0.36753672908952423
479 0.586500059081598
480 0.8325727214059501
481 1.7196225117285184
482 0.8001733603978145
483 0.16037970504174082
484 0.42432442907437945
485 0.9162338291821285
486 0.864065287942972
487 0.8576540358224846
488 0.93380869502136
489 0.8625194440822673
490 0.9343173919987432
491 0.7532058678651719
492 0.5018012818129411
493 1.1807959725854529
494 0.4247243981775315
495 0.6969490415744652
496 0.07247269777973206
497 0.8443179740086248
498 0.8080157116659763
499 0.7032344959238553
500 1.0449652399321974
501 0.6611001095861531
502 1.000298606031695
503 0.40060964300424595
504 0.7283041918497067
505 0.7509385486453665
506 0.9992946010691007
507 0.7138827867948729
508 0.5591682135630991
509 0.9954594424314857
510 0.4713978406210255
511 0.9879647464108919
513 0.9362734891070603
512 0.35095708312016693
514 0.722310727945655
515 0.20132168794640506
516 1.0262079350204525
517 0.9482179333697504
518 0.45254964903069644
519 0.7109295636424631
520 0.761317876834495
521 0.6224942227543748
522 0.96781612832731
524 0.8171678987959934
523 0.36907083136585445
525 0.5611607459577292
526 0.14301712691326868
527 0.8720032426210496
528 0.8418159844802843
529 0.9867400798522714
530 0.8297362284092477
531 0.9232598092239126
532 0.5229762809566847
533 0.8032423409036817
534 0.5211702972011285
535 0.7204044220209742
536 1.0026256005883132
538 0.7031391119089646
537 0.1627904937572103
539 0.8828782256146843
540 0.7725088062073904
542 0.6163257132071853
541 0.795213427730045
544 0.7757669657082639
545 0.44212356480424475
543 0.5426848005098479
546 0.8445694595139814
547 0.24360376999522387
548 0.4132798976963132
549 0.9883589667535146
550 0.9658685040917481
551 0.7872511937982847
552 0.976823802859136
553 0.7147451481616989
554 0.9974887610055253
556 0.7374336246349289
555 0.06210596253403957
557 0.599616626853249
558 0.8345491296939718
559 0.8113999806324532
560 0.9609542824483096
561 1.3846585821683324
562 0.9038666967006121
563 0.8098340368913887
564 0.7861541547602785
565 0.6503439648799215
566 0.6447152801191142
567 1.1839266968251274
568 0.5880238157857542
569 0.9680816223954114
570 0.1944940217765745
571 0.5379186666598247
572 0.8148887992034201
573 0.5100452095763403
574 0.15799867135075862
575 1.2570111491012754
576 0.8836961781734005
577 0.9387940846193222
578 0.12188233362596754
580 0.8953484137520336
579 1.0280251201452142
581 0.9431744543105546
582 0.03762923047947929
583 0.42048415847083104
584 0.9416710744196133
585 0.3424732332597808
586 0.9031527854949207
587 0.13209240619501275
588 0.22067550124348828
589 0.35712649140282293
590 0.06495311042399296
591 0.8653002648720635
592 0.797566309410216
593 0.7225608473963337
594 0.6990420235284958
595 0.838877337565333
596 0.7619900788249033
597 1.2343235236315049
598 0.6709444912865798
599 0.9457368839967466
600 0.9787460704902424
601 0.9809687540901056
602 0.8495112042173107
603 0.43037480475844053
604 0.9328571449503146
606 0.9415292336766332
605 0.7028336493391397
607 1.0436183256884426
608 0.8939199389830706
609 0.6976569633602422
611 0.8823127025262775
610 0.7927978624072053
612 1.0737158650764855
613 1.7589118200116478
614 0.22463492858440093
615 0.7656150155984802
616 0.8409096841871045
617 0.669213195012327
618 1.4870840023944265
619 0.6115201829977802
620 0.9394121828037132
621 0.8487246250117771
622 0.9661588674270255
623 0.8513581168706831
624 0.46735349619022093
625 0.43541136885708076
626 0.9526475415598998
627 0.8761933176077178
628 0.763789090015999
629 1.437104046486517
630 1.1190077384683392
631 0.8994539655665758
632 0.2689081382626632
633 0.442526343355617
634 1.0085489162582824
635 0.697626605628429
636 0.41964452609913316
637 0.5135733272642146
638 0.7087733269927379
639 1.294317432500998
640 0.7209021413634438
641 0.9940431450448226
642 0.7371100530745476
643 1.1771277266699942
644 2.2651719634242506
645 0.5294072823671868
646 0.6269117042235228
647 0.7975357213432264
648 0.10093170507127289
649 0.7282866132568375
650 0.8876881439875388
651 0.6454943985134276
652 1.3558275767780814
653 0.6927910750136074
654 0.15182171372911057
655 1.3515138486962257
656 0.7266061606447234
657 0.9844809511620464
659 1.026969156753121
658 0.8493050327238825
660 0.7057170747506906
661 0.3618319451260918
662 0.772242914905353
663 0.49691510789546517
664 0.06342263996259358
665 0.7458492641497279
666 0.9201611979504432
667 0.13583939519056312
668 0.8848801228956875
669 0.9939234745674275
670 0.9471766678976451
671 0.9796215160390267
672 0.7978298915863075
673 1.4396542522018698
674 1.1514197021611867
675 0.13440651215381247
676 0.7194181956725803
677 1.042675919689528
678 0.5518703750228874
679 0.9102744576781436
680 0.8704854303137552
681 0.8654354671787305
682 0.8604261488766295
683 0.45415909296692014
684 0.5668265673181578
685 0.9812475751795601
686 0.7182542833763961
688 0.41504316089544635
687 0.9179523202639223
689 1.5059644578353955
690 0.8569369622648378
691 0.4691372526425445
692 0.6428419423987026
693 1.0030736782780958
694 0.8487562168060319
695 2.166507397856219
696 0.7327227796903695
697 0.9482447036991376
698 0.6523518307482342
700 0.5121378830536183
699 0.5766346286557135
701 0.8410688990615051
702 0.9459658524930658
703 0.6060133869408367
704 0.3608496459692544
705 0.3730031224826196
706 1.074791179595525
707 0.5817194681122054
708 0.926716183211461
709 0.8491195151082785
710 0.8613460356525742
711 0.07151613026751372
712 1.1804258899620605
713 0.9083556560201945
714 0.8909347922922954
715 0.7598062855278397
716 0.8657141333944709
717 0.9678063068805852
718 0.6660666869022807
720 0.30854945424934616
719 0.9435372087231442
721 0.978304153951523
722 0.912853105624344
723 0.9425669260177025
724 0.47183736853349445
725 0.7928340492780838
726 0.8905914673187357
727 0.543242146376974
729 0.7407839543641579
728 0.867656294012325
730 0.9806059847619918
731 0.6546058157500054
732 0.8655670264761198
733 0.30627880558207476
734 0.8021239423186881
735 0.13859139223019815
736 0.8640975617928182
737 0.4663274330448754
738 0.9098130132997653
739 0.6089000782732136
740 0.9489698681231816
741 0.649293940080376
742 0.9254671773364183
743 0.3379151316708068
744 0.9390766612831672
745 0.5698776717661329
746 0.4175257706916693
747 0.4731185072491037
748 0.0851346564119048
749 0.4249400019712829
750 0.4459470290341362
751 0.40334548644727297
752 0.06524720407021774
753 0.22158661528252677
754 0.4820942171632954
755 0.9712938571148095
756 0.14303166092114847
757 0.8235887461343677
758 1.4104695066076143
759 0.9766481919301006
760 1.0837174949419817
761 0.22647454721061938
762 1.1893003255203303
763 0.8859922009438808
764 0.2790354256403631
765 1.1457707786952245
766 0.6176451854680725
767 0.9632939101774765
768 0.9074527956877293
770 0.5125516324247456
769 0.8987935770311677
771 0.7570685273641437
772 0.7316337499186829
773 0.6360115404592799
774 0.7910835884172639
775 1.0022942251425653
776 0.19629596948935674
777 0.571358346671143
778 0.7942213344287353
779 0.4634912619582396
780 0.9504609680613241
781 0.6975904634216268
782 0.9625542783859317
783 0.6330637846686079
784 0.8156962005722791
785 0.5731173316787495
786 0.7202429693198515
787 0.6587820001998138
788 0.752618760545013
789 0.5174189744646562
790 1.0174509592391139
791 0.9226485007343607
792 0.19012672861495936
793 0.7274164536601916
794 0.6910453089423166
795 0.7992170713595927
796 0.6729311325901735
797 0.35481513055487224
798 0.644746011148948
799 0.7738700216095871
800 0.439974287483188
801 0.9463466849505877
802 1.3517683265436808
803 1.6253559474050712
804 0.03525754366222954
805 0.7603745836691409
806 0.6103731345800794
807 0.4136028517109848
808 0.645607393856182
809 0.20123636596675232
810 1.1113724102342533
811 0.8382397984694107
812 0.6314288927108116
813 0.9194286011999172
814 0.9614012943090499
815 1.0635832008238353
816 0.06616457020727755
817 0.9738834713646819
819 1.0396519394471653
818 0.9486973746953746
820 0.7134154725873724
821 0.7638104168712359
822 0.7022877127248476
823 0.696394242799903
824 0.8878462864167156
825 0.07465358804330362
826 0.9524142130731232
827 0.6087182663629918
828 0.9432054506668109
829 0.41525547555416664
830 0.23211888216419585
831 0.9595427441094223
832 0.8294858079438091
833 0.9390698536440696
834 0.19647231187590794
835 0.8282449592326324
836 0.1510983924269609
837 0.4561957708953526
838 0.9544429064675324
839 0.6713493751601175
840 0.6353744160580218
841 0.5873744838563496
842 0.7816049918167772
844 0.35453288942429184
843 0.8696865218550276
845 0.25085166446383106
846 0.29902022177974064
847 0.3295582871436289
848 0.9545990638154108
849 0.016279296013202115
850 0.0453998409939977
851 0.6907637192944122
852 0.8159524598465635
853 0.18602151946010678
854 0.7118903859693642
855 0.9634153772733405
856 0.8791092981153528
857 0.6501702962194168
858 0.30276704787681885
859 0.8767378637419774
860 1.0527580584911405
861 0.6856955433967377
862 0.3821392498480235
863 0.9572622904769237
864 0.4216996265623673
865 0.4697010499894999
866 0.8104171088683266
867 0.40057831905541635
868 0.4075090869138923
869 0.5992102305274932
870 0.8017897547760383
871 0.8498172510599279
872 0.6238079890490464
873 0.9396176388006183
874 0.8849779357705936
875 0.6274630454641011
876 0.5310180293856068
877 0.901372972647159
878 1.0592011601269014
879 0.18386713812585945
880 0.5178565094253482
881 1.5133426234585965
882 0.45323136786425167
883 0.8522235959691964
884 0.8923840020798499
885 0.4919346308629508
886 1.0495179992058181
887 0.9270747782394542
888 0.9442846034707535
889 0.7968574680120576
890 1.030247126714771
891 0.8452590405428739
892 0.8688926982422784
893 0.749825959340548
894 0.946494580271726
895 0.09290592419728423
896 0.9428591990019004
898 1.0797371039034611
897 0.24762522936827425
899 0.7618371977238154
900 0.9262695944059481
901 0.32591917863222686
902 0.7462724756628117
903 0.3529926082371925
904 0.982892006929956
905 1.0701962746991114
906 0.5441358472734492
907 1.111470486235414
908 0.5101442261881004
909 0.6216188155979655
910 0.8953432545428208
911 0.7066449570812804
912 0.8681514375352624
914 0.17294063412999514
913 1.0333600799391414
915 0.9408171024595903
916 0.20296864365822156
917 0.719040481286579
918 0.5868062441641407
919 0.6875642989298377
920 0.848990931087138
921 0.18224452830208404
922 0.2741335768942281
923 0.6168500259357623
924 0.4400473647725298
925 0.9067860296582404
926 0.45305152258308773
927 0.4431894506937389
928 0.8690271797023494
929 1.5818194788150122
930 0.6083856714898376
931 0.3720791410854768
932 0.7186157796771628
933 1.058724405896065
934 0.3749042206523843
935 0.9665139612013582
936 0.35162043693752454
937 1.2339238507258663
938 0.6916743601949139
939 0.6344873191697451
940 0.9675071994945766
941 1.388166648831792
942 0.9673741000261759
943 0.9912237338415845
944 0.9480606926131208
945 0.9563832393650908
946 0.8041256761904306
947 0.9822228962215296
948 0.8930216739895326
949 0.9549512432355508
950 0.7105436513681657
951 0.679958634699829
952 0.5186178031904853
953 0.39126842626633596
954 0.9309178359173395
955 0.99015193923141
956 0.31980946723254483
957 0.8778332180867432
958 0.967823531088416
959 0.49937675462284753
961 0.25130033464786555
960 0.9926073739582327
962 1.123467575951258
963 0.7011183990788398
964 0.4413176435246789
965 0.24163540683205242
966 0.843549973474931
967 0.9944835479040034
969 0.9855654108005681
968 0.7154345026460708
970 0.7552590710365563
971 0.7596063769132123
972 0.09366788681078096
973 0.6197201939942842
974 0.8445502360364467
975 0.4983536994423525
976 0.30391974362137314
977 0.7548232300978664
978 1.2567002447266684
979 0.9762313405976755
980 0.43579406255284026
981 0.821858651332324
982 0.7863822893332264
983 1.0139299593239506
984 0.7859900674976552
985 0.09031991381012913
986 0.7342359520758248
987 0.5100771100188612
988 0.8269821165220982
989 1.0892601285738124
990 0.9629733686712186
991 0.8168198338386223
992 0.4722812356574755
993 0.46489347060939623
994 0.7930747464970141
995 0.9501007225360485
996 0.7773617292541488
997 0.6787661860670776
998 0.9433870407230369
999 0.9186609338357351
1000 0.807398858560515
1001 0.25154224880448206
1002 0.9734092774834425
1003 0.9096732211467919
1004 0.5996910942863468
1005 0.5404027791642025
1006 0.5705067086129636
1007 0.11242441949857707
1008 1.3217977893628052
1009 1.0516119216950814
1010 0.23745058865603413
1011 4.882213949014776E-4
1012 0.4752432519274894
1013 0.7047324503524796
1014 0.8556995241757445
1015 1.079085405423829
1016 0.8351863747866005
1017 0.8518583536795666
1018 1.0729134229845025
1019 1.1417628201801246
1020 0.9368818294922381
1021 0.5908727149583808
1022 0.8908099349218285
1023 0.9835621130423978
1024 0.4886759906249242
1025 0.89538869475857
1026 0.7260648900771626
1027 0.6595081631745491
1028 0.8951461458078569
1029 0.8440044729942743
1030 0.9415131198618186
1031 0.8938325811043852
1032 0.9385192477969319
1033 0.9609768893494349
1034 0.41911957597238325
1035 0.44593335764178615
1036 0.671674055325743
1037 0.8299846095585618
1038 0.8741556959096156
1039 0.45055718153553315
1040 0.7961771743832957
1041 0.8705354695563385
1042 0.8637656684503808
1044 0.2316000540665096
1043 0.8193046851424388
1045 0.8243440443220537
1046 0.5916739791369038
1047 0.9090188356553263
1049 0.9706157074837539
1048 1.0293807009339444
1050 0.15633724823595757
1051 0.9073711417637715
1052 0.4836318478661629
1053 0.8031095537632433
1054 0.6657223234578474
1055 0.7637062837782532
1057 0.967518599731888
1056 0.18049037099592324
1058 0.4953012922181851
1059 0.904336290207383
1060 0.3692210245960872
1061 0.39940583092134246
1062 0.8023372748630658
1063 0.9488667392182084
1064 0.7680939794209927
1065 0.7770184229861409
1066 0.5496197891320664
1067 0.6745791950536874
1068 1.082715488640397
1070 0.9002540984831371
1071 0.7552754414105998
1069 0.5195819049763468
1072 0.9860389808116805
1073 0.8915027767664966
1074 0.77888056923138
1075 0.9335157076943145
1076 0.5301149996454078
1077 0.7758666841905253
1078 0.8455358552485854
1079 0.45965856357693735
1080 0.857619472774382
1081 0.8380918517831704
1082 0.28625777732456537
1083 0.07972211253106744
1084 0.8216588870175534
1085 0.9892374280665038
1086 0.2368926590362486
1087 0.9382831179574196
1088 0.5143096313757088
1089 0.6372765692055589
1090 0.7113178254469986
1091 0.355487589848057
1092 0.34176267374942476
1093 1.1661374650502123
1094 0.6680565577000465
1095 0.9684892096328003
1096 0.770111657273609
1097 0.1699612954647952
1098 0.941931153587327
1099 0.551415757788322
1100 0.3469681272207672
1101 0.3663898858159317
1102 0.8332701974366806
1103 0.7865219230734992
1104 0.8080502829835864
1105 1.0288859782165785
1106 0.8174712532900497
1108 0.41813341960457184
1109 0.5015785124977751
1107 0.851825771920277
1110 0.7586069990916668
1111 0.8882786043387466
1112 0.3248697226785564
1113 0.9247547402574217
1116 0.5276227247116642
1115 0.6635403862469849
1114 0.612721774981792
1117 0.37353054561372667
1118 0.5088655159324716
1119 0.9629692144178711
1120 0.341689727498612
1121 0.47575893326372826
1123 0.9229497483319833
1124 0.6644025464263303
1122 0.7223509451476501
1125 0.7743802972471013
1128 1.2664110949671579
1126 0.8920341724011295
1127 0.7541465722731807
1130 0.8721577283749975
1129 0.9091125155870183
1131 0.9524890097917907
1132 1.0382394791446339
1134 0.17819001971327356
1133 0.8722541882208757
1135 0.9628158423258647
1136 0.1872677927874515
1138 0.6736628233547759
1137 0.9871808787692099
1139 0.8306500327334716
1140 0.9869365624240707
1141 0.3700320514214714
1142 0.44969756191483334
1143 0.8154104603282213
1144 0.17211134794130997
1145 1.245335776101541
1146 0.7143978027563171
1147 0.7658362467956619
1149 0.31508310466969575
1148 0.4658620460923229
1150 0.8765037999885853
1152 0.6962668611482112
1151 0.529597910916294
1153 0.9765811179640084
1154 0.09043255490713054
1155 0.7194783326634258
1156 0.9155770569060581
1157 0.46114660046769834
1158 0.9464619081062015
1159 0.7959858024296184
1160 0.7450087186639178
1161 0.4179620523262124
1162 0.7612700509770675
1163 0.8396698891596558
1164 0.6455128679115426
1165 0.586132692186588
1166 0.2507255969642601
1167 0.5256060308596423
1168 0.441310513700587
1169 2.1150785636394116
1170 0.929569004116463
1171 0.8182117101251545
1172 0.08219675670967944
1173 0.7220442924043836
1174 0.40000829798064996
1175 0.8919767100107031
1176 0.7516908475068778
1177 0.9347543680795412
1178 0.8828612355217805
1179 1.0402110920763767
1180 0.808183413121939
1181 0.9576470217847984
1182 0.8985656851415942
1183 0.6044442233337128
1184 0.618285019053186
1185 1.1858427728098186
1186 0.4070552926702286
1187 0.6087801374246417
1188 0.4971219064386204
1189 0.4578357475674621
1191 1.253336291417223
1190 0.9206646150985368
1192 0.4570635056302434
1193 1.1473927166833786
1194 0.7584828896336422
1195 0.5654180423780231
1196 0.5076187586851012
1197 0.42486210613321124
1198 0.727090192437563
1199 0.8034700612207721
1200 0.2502141087631168
1201 0.8512769512576759
1202 0.8265873712165955
1203 0.7871916832797607
1204 0.9432350784543895
1205 0.8720065599343696
1206 0.4337598884051709
1207 0.9659637442133061
1208 0.4107412630868409
1209 0.7609847252581128
1210 0.05700014303954461
1211 1.0510303683200262
1212 0.25900808552894966
1213 1.5463331565720069
1214 1.1357414573685463
1216 0.4349919854470656
1215 0.6135285713526223
1217 0.5963160635624948
1218 0.9508916986203365
1219 1.7975241448970505
1220 0.9414916554651696
1221 0.8241496029517358
1222 0.5822986553567108
1223 0.07428895368229942
1224 0.5091858643540452
1225 0.9969301064466334
1226 0.9568903180872963
1227 0.9926657580774111
1228 0.5207679869114915
1229 0.2831132790096913
1230 0.6891291785101475
1231 0.7003568653744602
1232 0.5267979683018659
1233 0.9425678357059842
1234 0.37586947663219794
1235 0.7581654680994477
1236 0.6124278760930462
1237 0.30517672018746345
1238 0.7846874986540957
1239 0.9655980737837603
1240 0.2244787792442403
1241 0.6175982522607509
1242 0.826359803934216
1243 0.8979376895147866
1244 0.71490513001905
1245 0.8477532899500216
1246 0.5839101744523667
1247 1.1355999944124735
1248 0.8526659304951318
1249 0.5082420467077967
1250 0.3966186273939098
1251 0.6520971927331464
1253 1.2600556242432321
1252 0.7369937255499786
1254 1.8049230036509123
1255 0.6275410274649325
1256 0.05199848036582037
1257 0.9950931748339409
1259 0.7502694823944525
1258 0.5898129764647274
1260 0.9222943416296258
1261 0.9123987426046891
1262 0.68613842065476
1263 0.6487631709907354
1264 0.2823143481764723
1265 0.7657830511236309
1266 0.25840303423122185
1267 0.8767343756451683
1268 1.1359780003310966
1269 0.5865505986048041
1270 0.5284856543130937
1271 0.711950097553837
1272 0.7626696278244808
1273 0.5449669105612666
1274 0.4863450723650587
1275 0.5765143297663025
1276 0.9117771215528488
1277 0.2761214624276571
1278 0.43330070093713763
1279 0.9455319139867682
1280 0.9938176526392295
1281 1.9007380090225017
1282 0.25181579956944083
1283 0.5559568215892565
1285 0.5511359599551993
1284 0.7064968348709348
1286 0.858396194824323
1287 0.7644163650274293
1288 0.6438637942841887
1289 0.6357100851003736
1291 0.9614845895895711
1290 0.8284319529965332
1292 0.20718565287725405
1293 0.9472300127485302
1294 0.9089118906687158
1295 0.8339672735386531
1296 1.3784981627346213
1297 0.20763635457769328
1298 0.7834947518636646
1299 0.24848204637647187
1300 0.4025085818442201
1301 1.0979136222135324
1302 0.8712550703372594
1303 1.0517345460936534
1304 1.0650032588223721
1305 0.7368641904034424
1306 0.9077133173324693
1307 0.8278343250642405
1308 0.5734620029272737
1309 0.6491581364858594
1310 0.3103552135795219
1311 0.46531359465171757
1312 0.8024369317096984
1313 0.3860719178236086
1314 0.6538813626606773
1315 1.0347771367933738
1316 0.8042220281863913
1317 0.8225282108046358
1318 1.1207129782444851
1319 0.6758194228213058
1320 0.5599828406046783
1321 0.40531017002358194
1322 0.18136030422024585
1323 0.986335872170994
1324 0.9780792259973901
1325 0.5278537752208455
1326 0.5432261961398409
1327 0.5045202021660957
1329 0.7489195521504038
1328 0.5478364438008138
1330 0.9890118625437222
1331 0.7213997588176236
1332 0.881728207252855
1333 0.9021030404190494
1334 0.8629933286932606
1335 0.8683692843587355
1336 1.0605368051699138
1337 0.8810522113140656
1339 0.9258257376570616
1338 1.1330307160465345
1340 0.8226504997752154
1341 0.07461545307773236
1342 0.41870025389057497
1343 0.5866730307751523
1344 0.6885678870159903
1345 0.47127139750527275
1346 1.0600949069577812
1347 0.7971936876082579
1349 0.3234373094603648
1348 0.33822359230058624
1350 1.1556759268238443
1351 0.7389197760997092
1352 0.8806177634187707
1353 0.07236549820304637
1354 0.9312710695671084
1355 0.17740490026692962
1356 0.8021473460454882
1357 0.3794368125312185
1358 0.5088231548078951
1359 0.7464260137447266
1361 0.44149267792916497
1360 0.09836850670551367
1362 0.9631943990762235
1364 0.9119134361704968
1363 0.7300093296096811
1365 0.8076501368483794
1366 0.5483795830202882
1367 0.9546727605402558
1368 1.0131216861863865
1369 1.015667205584077
1370 0.9542155747999256
1371 0.16057135673408163
1373 0.9655126249411201
1372 0.8707538337355133
1374 0.6280700790559769
1375 0.8926108052622213
1376 0.5551269725223498
1377 0.9149553652409301
1379 0.6377716050717323
1378 0.7951356966394236
1380 0.9664826556310536
1381 0.32023365446661667
1382 0.8104243808427515
1383 0.8604611191257198
1384 0.8016685208931021
1385 0.3728125289531168
1386 0.9328434669198764
1387 0.18497630004073573
1388 0.7027242138357546
1390 0.6204661365632635
1389 0.46998536573771466
1392 0.45860585898333545
1391 0.2780880533958875
1393 0.61246134810438
1394 0.803792510729818
1395 0.8390740640606629
1396 0.44400544026247407
1397 0.5894602841144685
1398 0.8158919391569465
1399 0.8378950570382457
1400 0.9158899571159815
1401 0.829017888068137
1403 0.8074485474611411
1402 0.9222620500272842
1404 0.6425616533503821
1405 0.986010956423435
1406 0.9737782792126871
1408 0.9428061839808686
1407 0.8603065368728994
1409 1.047703122803017
1410 0.9407262064927103
1411 0.8908173766678525
1412 0.8399766957839715
1413 0.856875735910731
1414 0.5653273275514166
1415 0.8979565316815957
1416 0.939173913998283
1417 1.1724341035978523
1418 1.0118381712244922
1419 0.8180859788991545
1420 0.3762666445514104
1421 0.26321920474631905
1422 0.8953634637326631
1423 0.5598219822934722
1424 0.702773898563188
1425 0.727305031337186
1426 0.7822623906971156
1427 0.9464682927184269
1428 0.7850246324343462
1429 0.7488096926363116
1430 0.8429916232202646
1431 0.7809442395502016
1432 0.8958668807199173
1433 0.4946874910688357
1434 1.1043534474576504
1435 0.7703315736730704
1436 0.849472384917871
1437 0.8096126512239555
1438 0.6256403951413206
1439 0.32524190412403686
1440 0.9956126694289495
1441 0.6693148276600654
1442 0.9087287596340163
1443 0.4601789380849662
1444 0.8596816763465095
1445 0.8937666210895323
1446 0.8548141272639848
1447 0.6514640598635162
1448 0.9670540874671305
1449 0.896270165402616
1450 0.5232409497952921
1451 0.3821358850748328
1452 0.6440480679536813
1453 0.5053855051936401
1454 0.5403656477180507
1455 0.9569516389046281
1456 0.8015173291145413
1457 0.9635175936739894
1458 1.4160578679158342
1459 1.3339316387959408
1460 0.856559301707287
1461 0.21100325922125146
1462 0.3730035056340595
1463 0.2099245240501511
1464 0.7158463411703965
1465 1.0444507778417103
1466 0.6103585716149847
1467 0.32021931862517994
1468 0.9562356951896045
1469 0.9741170337362988
1470 0.19606116338349708
1471 0.9639503392396199
1472 0.3013961815873174
1473 0.8247208259418934
1474 0.9429790578520723
1475 0.984945315391957
1476 0.9165316951086019
1477 0.5230111100057853
1478 0.937881891533544
1479 0.954391520635733
1480 0.8197620854277549
1481 0.20492342975629427
1482 0.9903156274161768
1483 0.6334587493642942
1484 0.9426471784199593
1486 0.9637288407455179
1485 0.9415013375185937
1487 0.5294391634023324
1488 0.3809567596838007
1489 0.7047935927413784
1490 0.9468455334376572
1491 0.7350510417304231
1492 0.8818848338507072
1493 1.0018590422483522
1494 0.8708106139561831
1495 0.8765158353029812
1496 0.9561250611332959
1497 0.9450720247030486
1498 0.3257285311749163
1499 0.8942894082714392
1500 0.266040829550339
1501 0.9339736903309545
1502 0.8342663621513448
1503 0.908210482226753
1504 0.573892484585924
1505 0.7423621712961767
1506 0.8733597788043526
1507 0.42489184687885917
1508 0.26768361793067397
1510 0.953272886178639
1509 0.6178471485846864
1511 0.8806292755357006
1512 0.6027412188680203
1513 0.8651360738853232
1514 1.0043990773595977
1515 0.4194429734604048
1516 0.9923835562107196
1517 0.3867923620888817
1518 0.8924037682134486
1519 0.0725169542241254
1520 0.5606831665381931
1521 0.5028607414607555
1522 0.9896816694385447
1523 0.7855321616199279
1524 0.797219474410193
1525 0.7353504053781683
1526 0.31593547957496154
1527 0.8250432235015404
1528 1.01242910089715
1529 0.7262461801194805
1530 0.7056809105689701
1531 0.9851782125494909
1532 0.911552208229241
1533 0.40033757237469547
1535 0.7006991701603649
1534 0.4461230878068917
1536 0.7932052050286745
1537 0.6878377260289359
1538 0.8671638393654776
1539 0.8068124819126934
1540 0.8008198716267325
1541 0.8230071238626202
1542 0.29269741703843494
1543 0.6953218516610029
1544 0.5041317497161972
1545 0.9682136081754658
1546 1.3552398535788526
1548 1.013941390393426
1547 0.380587879946617
1549 0.6032370078445727
1550 0.9589958437753404
1551 0.7125260069375353
1552 0.07587168334358999
1553 0.011396053360196112
1554 0.8944761801160382
1555 0.9920028520715563
1556 0.011751327769926528
1557 0.8677512722398463
1558 0.1030554820894039
1560 0.987090345944471
1559 0.5416458383889561
1561 0.878115467615032
1562 0.946741986478999
1563 0.7333154462947005
1564 0.04556261470123845
1565 0.8080929566846472
1566 0.791628718192005
1567 0.697927141027885
1568 0.5501235707096891
1569 1.6689042765398618
1570 0.4255733588086383
1571 0.5274511319017524
1572 0.9541849389522982
1573 0.5698920868677981
1574 1.1005616248910721
1575 0.6783268351657344
1576 0.5690195894969278
1577 0.5384802295244411
1578 0.34242145936679785
1579 0.40922612858247503
1580 0.7330242858279251
1581 0.9147980536873545
1582 0.5982176324663443
1583 0.22842421187600614
1584 0.3402374014657924
1585 0.9740847038212676
1586 1.363645661924491
1587 0.8757805647258113
1588 1.1119381362318426
1589 1.3413330665556744
1590 0.9475499885290608
1591 0.8162614810710451
1592 0.8205744696081583
1593 1.2086710376140013
1594 0.2839717973935679
1595 0.7929553095242454
1596 0.8128568147867328
1597 0.0057266033935955635
1598 0.7155439876636116
1599 0.962888240805226
1600 0.5383643320239356
1601 0.9318508795119868
1602 0.44632945428884374
1603 0.9542940902349042
1604 0.4925470295637415
1606 0.8179486183813265
1605 0.745175002946574
1607 0.9851561482294342
1608 0.767803063960645
1609 0.6037237125118686
1610 0.2817479458325053
1611 0.6407079577831193
1612 0.8227189392697456
1613 0.6428202707547483
1615 0.6094443855870989
1614 0.4597872621048176
1616 1.2108678570539035
1617 0.5828894073013591
1618 0.7491324232290921
1619 0.2641211922690405
1620 0.9493057497879245
1621 0.8394792880042822
1622 0.9221058378179638
1623 2.4063424230815804
1624 0.5713286751492642
1625 0.21935490818685563
1626 0.0722581292245627
1627 0.12530575081480694
1629 0.9768337936953368
1628 0.9448052766591644
1630 0.057764646803860675
1631 0.7111151422502956
1632 0.6465951530081036
1633 0.9932195468400415
1634 0.8830437926387779
1635 0.3404681401538299
1636 0.35510261068773147
1637 0.6497178343147192
1638 0.932444656119012
1639 0.5539388993090743
1641 0.5398258012363302
1640 0.638787928848518
1642 0.9385977947280346
1643 0.4184153147648814
1644 1.0
1645 0.47776076063716877
1646 0.7363905006888435
1647 0.31854953256912966
1648 0.9648182957249194
1649 0.8930073995486739
1650 0.8175788881478795
1651 0.9400661742036123
1652 0.24663641082146837
1653 0.1404909620954452
1654 0.9230208832929924
1655 0.337659054041769
1656 0.6074021444790947
1657 0.7166643296344821
1658 1.009852837111347
1659 0.49960647242664263
1660 0.6419816186589404
1661 0.9033387136240055
1662 0.1755379243380292
1663 0.7455482856022274
1664 0.33055652640795236
1665 0.8714667680614373
1666 0.8291911087893006
1667 0.5088774181949518
1668 1.1775881205299483
1669 0.9183062535860781
1670 0.8136155375847671
1671 0.5495106295210838
1672 0.9513208602634476
1673 0.36213248318990054
1674 0.9849135050990562
1675 0.3397773781169392
1676 0.41556456565325217
1677 1.0042211897113595
1678 0.9952154812491675
1679 0.7272503749206078
1680 0.9484612870556897
1681 0.13711229497612315
1682 1.134392915530044
1683 0.9259033306413266
1684 0.39838173568858964
1685 0.817009142716799
1686 0.33596110767766624
1687 0.9079663521818027
1688 0.8824017525892782
1689 0.9205269935802669
1690 1.0529912736861662
1691 0.6569959667601236
1692 0.9192215928874542
1693 0.568716755339029
1694 0.5839727191343516
1695 0.3691825666108941
1696 0.6132694827235864
1697 0.7096964648312121
1698 0.8685520150377486
1699 0.6933511866374668
1700 0.3843833318665293
1701 0.7298121684405693
1702 0.10665542097492088
1703 0.39049752868025694
1704 0.8313040669862682
1705 0.9459268564021611
1706 0.790708504111929
1707 0.9931891773436892
1708 0.779457092412137
1709 0.7471006742045665
1710 0.8923668083567823
1711 0.9374382718374241
1712 0.8606794724972956
1713 0.8487863528411606
1714 0.6476901489809245
1715 1.0910806571725562
1716 0.584591792909305
1717 0.4737356629589922
1718 0.3615394233301455
1719 0.35877809912514647
1720 0.6076765845117255
1721 0.7568651585277526
1722 0.3223118046186285
1723 0.8231032128653738
1724 0.4246235220132872
1725 0.8501091628695576
1726 0.5992936168900653
1727 0.3990854841229582
1728 0.9042903303848924
1729 0.33190768764209405
1730 0.37828157197767237
1731 0.6842346540080478
1732 0.7933796035428138
1733 0.8537959005455087
1734 0.9888352814748241
1735 0.3286088755875913
1736 0.8062299429641694
1737 1.013133051632137
1738 0.46080228130824236
1739 0.9521276731067857
1740 0.37201794086941126
1741 0.3544949139722426
1742 0.5123451067315089
1743 0.4342448280783993
1744 0.6193610303866286
1745 0.748818659494325
1746 0.7859163694089772
1747 0.6865319885659623
1748 0.3575013159638205
1749 0.8025531777188234
1750 0.4399445345909485
1751 0.7743648937069666
1752 1.0066397281126398
1753 0.02338483749089804
1754 0.6350131034607539
1755 0.644540558718449
1756 0.8041240756708564
1758 0.9061210605909924
1757 0.7402831120759046
1759 0.8637304557745689
1760 0.15113108228026528
1761 0.3204126924432286
1762 0.3110864364193391
1763 1.1852682058373272
1764 0.6843589837176544
1765 0.5355925728520847
1766 0.20303544549422028
1767 0.9135155988365435
1768 0.1544699608160219
1770 0.9051640454039782
1769 0.898782313727569
1771 0.5681323445381405
1772 0.5752380957446906
1773 0.301607644760006
1774 0.05219868153037628
1775 0.62407982760746
1776 0.9596249268708186
1777 0.43033025369908134
1778 0.9272072510002333
1779 0.8792226003676682
1780 0.7901189463268892
1781 0.9616343645252426
1782 0.9768816507853303
1783 0.3851297314232685
1784 0.48010525788245983
1786 0.0066577882993027445
1787 0.12824159494253437
1785 0.8225404687358814
1788 0.47773269579413136
1789 0.8181147040052587
1790 0.9442733493553206
1792 0.15908617796104396
1791 0.8298367318687231
1793 0.9020522528769599
1795 0.7774556806611154
1794 0.7122735787700667
1796 0.9396298459105363
1797 0.6826948365811112
1798 0.6551523102407137
1799 0.9673378300686817
1800 0.8842193921587969
1801 0.2840320482632283
1802 0.7624564569319848
1803 0.7256262230937552
1804 0.9371225530599285
1805 0.24878968526886805
1806 0.5422982538331979
1807 0.9041954266325949
1808 0.28881610423544973
1809 0.9264536550052145
1810 1.0365088642448332
1811 0.1989623491454349
1812 0.7948914887338778
1813 0.541875611452907
1814 0.5802278280287804
1815 1.2877519021970703
1816 1.8347386008485598
1817 0.5789217673886214
1818 0.9218743686030898
1819 0.8798726418117501
1820 0.9895070148298302
1823 0.14579512073545764
1821 0.761693294502114
1822 0.6692544990315136
1824 0.9909980931919747
1825 1.1796588789838125
1826 0.5563749205523761
1827 0.6769195620112424
1828 0.8400359976625869
1829 0.40707420536837524
1830 0.5928624459294638
1831 0.8536245623235991
1832 0.9795092434039759
1833 0.09194495962422536
1834 0.39165952402110815
1837 0.9080875299410379
1835 0.19714333188220268
1836 0.11005881935473844
1838 0.06583149621456763
1839 0.6415255173741168
1840 0.7368554746577072
1843 0.6576633190261963
1842 0.8443586534016622
1841 0.9921958795960033
1844 0.9782269011020822
1845 0.5045413714049312
1846 0.9224282140453827
1847 0.9363937839474628
1849 0.8148676680516057
1850 1.0424623362906784
1851 0.9771664469726583
1852 0.1530731310303263
1853 0.07834795473346563
1854 0.8509056853527005
1855 0.9271947553088296
1856 0.6127045824235965
1858 0.6878592080467215
1857 0.38064041072364563
1848 0.798286268045017
1859 0.929548091207982
1860 0.862654033439715
1861 0.47736497124253763
1862 0.8538476453575442
1863 0.8361034161194042
1864 0.0034008394230353586
1865 0.9448028794792274
1866 0.535349549470687
1868 0.4223303115628639
1867 0.47695081705314085
1869 0.048341075184332484
1870 0.9784722723453804
1871 0.2697050484075388
1872 0.926645663866129
1873 0.9212982232084789
1874 0.8102486951492102
1875 0.27243868712520086
1876 0.8972317826757201
1877 0.9058496988541798
1878 0.8514899011569128
1879 0.9041314084969554
1880 0.30770777461297993
1881 0.6731676210741822
1882 0.5720932106092566
1883 0.9578487426114749
1884 0.7284851182292137
1885 0.666746429125416
1886 1.0190884539857346
1887 0.6504656819620647
1888 0.6955533093655969
1889 0.9424153730476181
1891 0.7798806720515873
1890 0.36740590282859514
1892 0.8538000631906038
1893 0.547068302020837
1894 0.4411007148332188
1896 0.15575985679732782
1895 0.25368292621672855
1897 0.5442634903230174
1898 0.055589230827468174
1899 0.5451912279189394
1900 0.9671682283102652
1901 0.14623138754115345
1902 0.6320297632478933
1904 0.9982728495979786
1903 0.9467939707773073
1905 1.344932435717793
1906 0.9531142904930557
1907 0.8687496512822049
1909 0.7777005031251647
1910 0.2957765955875002
1908 0.47097135518224265
1912 0.966771762577448
1911 1.8528451421397705
1913 1.4093371283298883
1914 0.784433077994559
1915 0.5269504843249717
1916 0.9550410161055655
1917 0.22832585011223108
1918 0.8203239095184004
1919 0.6908346475428158
1921 0.6634725963219944
1920 0.9821969951351217
1922 0.6979661216713862
1923 0.5138374066196751
1924 0.8462496620065308
1925 0.45721437860595376
1926 0.9112697700803141
1927 0.39983328938470264
1928 0.6555579531385286
1929 0.9217366024066549
1930 0.9262165097994315
1931 0.3928923172805008
1932 0.027815754400845768
1933 0.5740107538263975
1934 0.9385433831956762
1935 0.7264723254963279
1936 0.5897411901604607
1937 0.9372870054488631
1938 0.9673457823809124
1939 0.8765722855456499
1940 0.8623627580468242
1941 0.8614495567900541
1942 1.2928241413428372
1943 0.23196537449884894
1945 0.9343144503066345
1944 0.8142439403533719
1946 0.05212188938463997
1947 1.3286247222712517
1948 0.967555703097451
1949 0.6344340961477885
1950 0.9320886966495583
1951 0.5357203344973754
1952 0.3900643643840913
1953 0.9193426409614942
1954 0.6003509742239691
1955 0.903788374065183
1956 1.4496056746196144
1957 1.4131183672209577
1958 1.1228974113753278
1959 0.7616420638332405
1960 0.42805247431848814
1961 0.4465585083892357
1962 0.48535487784106357
1963 1.0613975431394003
1964 0.927198797661496
1965 0.5443258481586649
1966 0.8472751000729898
1967 1.0023283842548454
1968 0.8973327210556155
1969 1.4993443112028786
1970 0.9263738381760719
1971 0.5914666720959778
1972 1.3089104894976262
1973 0.420735620763645
1974 0.9710997263443292
1975 0.48987648105875176
1976 0.9344675294421746
1977 0.5228661212574945
1978 0.5409665807973595
1979 0.9742168744751909
1980 0.8625560312131507
1981 0.7271677463725268
1982 0.6138709570322662
1984 0.9202964286191192
1983 0.7534283798649195
1985 0.06641061606971024
1986 0.9190445447170166
1987 0.8199819566809244
1988 0.37817594416700206
1989 0.7216462309848992
1990 0.8067526222163237
1991 1.2240129266145254
1992 0.8493763501680321
1993 0.5447761769138972
1994 0.8101447094543603
1995 1.3688759240889181
1996 1.006321895600987
1997 0.8467962279078384
1998 0.5836420030519811
1999 0.9574404371674111
2000 0.9394298302385279
2001 0.4142910130454014
2002 1.2457857820924798
2003 1.4970708172968736
2004 0.5229479872425442
2005 0.9650595446203871
2006 0.9872108556976242
2007 0.7794859567220512
2008 0.7003973710434184
2009 0.04650069811373078
2010 0.13716287853473405
2011 0.9401004459314537
2012 0.7645391169851802
2013 0.9087554889990607
2014 0.7664209256096314
2015 0.5279158186162487
2016 0.8071655289927612
2017 0.3985251599287415
2018 0.6858625284654392
2019 0.9728550495594672
2020 0.8738314351408525
2021 0.9281420091134396
2022 0.4915408279562578
2023 0.7633310662601219
2024 1.067124591849646
2025 0.7239485609611439
2026 0.28146469286183007
2027 1.0193411522867803
2028 0.7565327608630238
2029 0.35836085351846075
2030 0.95805031513785
2031 0.5150510351716177
2032 0.6352963694554726
2033 0.678526060012256
2034 0.18337403747299139
2035 0.7779917408191097
2036 0.9933970087491945
2037 0.9074500934441504
2038 0.9504408393925193
2039 0.8848923651043478
2041 0.6045471123792336
2042 1.0622531281869756
2040 0.8492790736590515
2043 0.8129781886248713
2044 0.1829340120245482
2046 0.6777907893395544
2045 0.7802720679352811
2047 0.7345875712160574
2048 0.5840833869534602
2049 0.5241964309538332
2050 1.1204649157164845
2051 0.5474946082739762
2052 0.8421445410102192
2053 0.6015243494041079
2054 0.9185332709807493
2055 0.41764250605382586
2056 0.807489053868935
2057 0.9426725908252593
2059 0.8343764925375947
2058 1.5998528186519967
2060 0.8969467857187908
2061 1.1766561552036792
2062 0.5304570006806495
2063 0.2270748015754229
2064 0.6967526430914812
2065 1.1858713262206984
2066 0.9897602370916369
2067 0.41203834482131274
2068 1.0199722099466775
2070 0.7335258690921503
2071 0.8994532269872452
2069 0.8460523075048455
2072 0.20789646127940728
2073 1.2634668056220355
2074 0.5553209977250076
2075 0.6533073263510125
2076 0.8602851356104775
2077 1.0351218312757442
2078 0.382046059083608
2079 0.052300213527748954
2080 1.2622023298978737
2082 0.8046811410100262
2081 1.3827256592191661
2083 0.8591704724431901
2084 0.6443853810016892
2085 0.889123883356202
2086 0.8470796853571034
2087 1.0100890663205997
2088 0.6686623023660916
2089 0.9019384758834528
2090 0.6318197557826489
2092 0.9317919495857787
2091 0.7340588843294958
2093 0.7995259458212596
2094 0.648741826413639
2096 0.6434782269183724
2095 0.395377926438193
2097 0.974152648820476
2098 1.0817758951111984
2099 0.9869822004494263
2100 0.7835859074180362
2101 0.4799094577506114
2102 0.37525358000465847
2103 0.6805583963850605
2104 0.8697026672967596
2105 0.5035649270692156
2106 0.9981936988304727
2107 0.9601260258046384
2108 0.8114840323156061
2109 0.9693002477828611
2110 0.7293116111287526
2111 0.3354264187279409
2112 0.2750442552090306
2113 1.424258664295095
2114 0.393502542863129
2115 0.8585835054028934
2116 0.48047715099174343
2117 0.9078884829826374
2118 0.9119638083867839
2119 1.0930750722590246
2120 0.5109655047202697
2121 0.9223506348933863
2122 0.9870140168506866
2123 0.9601821052106236
2124 0.9100602555465307
2125 0.4898492492551682
2126 0.5410257004134726
2127 0.6657919159909743
2128 0.9625505325827595
2129 0.22729756364609824
2130 0.5927524594939308
2131 0.2497114818626139
2132 0.3718080443436141
2133 0.7429537498275354
2134 0.9556394150492219
2135 0.5738864323797808
2136 0.9217258865865451
2137 0.838847533696094
2138 0.7717504387002869
2139 0.9862421734268464
2140 0.8102306191790632
2141 0.45989067878238926
2142 0.7487529306675235
2143 0.6196538726638485
2144 0.8066331810110379
2145 0.6462928786065467
2146 0.47555770110386264
2147 0.09783420707699934
2148 0.5176953887423508
2149 1.51233084391473
2150 0.8868553285186185
2151 0.7411914813663405
2152 0.7915029643835519
2153 0.7008818495951792
2154 0.9354470371130585
2155 0.8201863628728361
2156 1.0236745508962914
2157 0.8914088955279785
2158 0.8951118681621019
2159 0.9353507284067122
2160 0.5710666617563086
2161 0.9573496118565846
2162 1.2987484817023691
2163 1.0859154311769645
2164 1.301635573165332
2165 0.002869406123687398
2166 0.06284661475007845
2168 0.9312072756751766
2167 0.9932406359682436
2169 1.2139148999174352
2170 0.03863753069461409
2171 0.9238257434203975
2172 0.6198360452429578
2173 1.80196675064014
2174 0.8187895814651632
2175 0.6656538092931512
2176 0.9413847540031193
2177 0.9305883520939465
2178 0.8918353133545508
2179 0.6414869660098418
2180 0.7240709872715626
2181 0.9429418712553194
2182 0.9778932734133572
2183 0.5994720933851778
2184 0.13659691959056602
2185 0.35402313824500553
2187 0.6186840571718822
2186 0.8888660429524174
2189 0.5840621421072255
2188 0.7223156266374593
2190 0.4740911316476096
2191 0.14302639815936452
2192 0.6829426717699141
2193 0.41564665291210634
2194 0.8863761349482298
2195 0.7978227765877475
2196 0.7413270980640596
2197 0.9478317764432266
2198 0.9218324667264298
2199 0.3701966957069522
2200 0.4550415282240584
2201 0.17170429744702576
2202 0.6713356695541556
2203 1.1424122811360178
2204 0.7948087887728631
2205 0.4063150827088782
2206 0.4674850105760282
2207 0.2508900824284934
2208 0.3129910523181579
2209 0.5220434865022233
2211 1.2909951740107766
2210 0.6500661527630245
2212 0.7862621584231135
2213 0.9443273892826621
2214 0.8962528476898027
2216 0.9768223153842274
2215 0.8763453728007179
2217 0.6786957775300474
2218 0.6864096554665866
2219 0.4998522945986726
2220 1.1490161606085685
2221 0.6802888735469886
2222 0.8726698659375719
2223 0.7096766457629754
2224 0.9142609079031396
2226 0.43630187567274553
2225 0.6966077193326566
2227 0.9033878473452606
2228 0.924330173323857
2229 0.8603470522378616
2230 0.314425591374127
2231 0.7218839193692324
2232 0.8814693056083696
2233 1.078245232118333
2234 0.8231247767973087
2235 0.7380618236728707
2236 0.9305469359010565
2237 0.7191067073340748
2238 0.7993272399398889
2239 1.1017317127360848
2240 0.9097148218774989
2241 0.858479124945906
2242 0.5417017097338878
2243 0.8023205019068121
2244 0.54959563173564
2245 0.6331792770317093
2246 0.7883244338745236
2247 0.8587622112155936
2248 0.8215425679171207
2249 0.9228149168796178
2250 0.8803289204200129
2251 0.5256132636217934
2253 0.840685018546193
2254 0.5226083244399837
2252 0.5666066868211913
2255 0.5968261995379457
2256 0.5587175485402952
2257 0.8423354351563616
2258 0.8597786826730254
2259 0.8916246852961688
2260 0.9132390597784028
2261 0.8201759451256591
2262 0.29954731101826804
2263 0.48043951734081153
2264 0.3246048845756735
2265 0.7371144948060239
2266 0.2065049931051932
2267 0.25215051525299564
2268 0.5367901288941832
2269 0.4972489164588154
2270 0.9753211018631155
2271 0.5439657055215025
2272 0.8313564370237753
2273 0.11608019712858711
2274 0.9824630040280193
2275 0.7611596276583549
2276 1.347099309574583
2277 0.6319457377480274
2278 1.2104698768072235
2279 0.4017621743745737
2280 0.3811133700082852
2281 0.832626374710314
2282 0.9698561528555693
2283 0.8081964100015475
2284 0.7451051928479867
2285 0.48628993984580327
2286 1.0705417939125441
2287 0.3787458960053562
2288 0.9353203322525254
2289 0.9409113698995157
2290 0.6464228736866262
2291 0.7180379821340644
2292 1.447325811895912
2293 0.41331878891926155
2294 0.5248512726724767
2295 0.8766827040467733
2296 0.6135335721660693
2297 1.0127813904413583
2298 0.8153732865763201
2299 1.005774959271935
2300 0.8832141970769902
2301 0.8046199847563136
2302 0.9028109987967471
2303 0.9145367062232488
2304 0.9020039390265625
2305 0.24408828126850046
2306 0.8751090140339366
2307 0.13306584351040004
2309 0.5798646624758779
2308 0.6844973586935127
2310 0.8810539712892292
2311 0.951979315199864
2312 0.5129347059844268
2313 1.0525724190952992
2314 0.9300766611675346
2315 0.9417975847410305
2316 0.8197164508800433
2317 0.6781557702814451
2318 0.6846076798882992
2319 0.9804572363233699
2320 1.0473528403740502
2321 0.7488806821960506
2322 0.7589789665605787
2323 0.9586985440092481
2324 0.7695967731709489
2325 0.7816358332230805
2326 0.6120590081310051
2327 0.9846186758901698
2328 0.43208340898605196
2329 0.28156364154602787
2331 0.8899467150984913
2330 0.8076101519209591
2332 0.9659655496248835
2333 0.40548478034511654
2334 0.8869501699611125
2335 0.3820280560071949
2336 0.17608562381726714
2337 0.22657377898821646
2338 1.191819213854148
2339 0.7203062652958017
2340 0.919079787428533
2341 0.9605268457878288
2343 0.4234994530262774
2342 0.6530135492243018
2344 0.7254826637944322
2345 0.5716546190129151
2346 0.7946583801418065
2347 0.6136616035931278
2348 0.6140063331670539
2349 0.7530679367459331
2350 0.7802636919009983
2351 0.42241625742065786
2352 0.8472888848546755
2353 0.9397560578765827
2354 0.9998181567488963
2355 0.27996309597299884
2356 0.9307234565574446
2357 0.929132204453525
2358 0.5607391286562963
2359 0.9075318103800777
2360 0.44170414343453557
2361 0.03133194294085637
2362 1.6117517313233252
2363 0.2719871454538841
2364 0.9203392577768406
2365 0.31434917231413584
2366 0.9845329539150176
2367 0.860137372068304
2368 0.641521518117019
2369 0.9652414651401018
2370 0.7893325403853472
2371 1.9672730796143658
2372 0.3246517779004909
2373 0.8465510642276748
2374 0.85418535557901
2375 0.8993986146815571
2376 0.6976671312853219
2377 1.3747040217049558
2378 0.6899842727600567
2379 0.8344910900580517
2380 1.261732830639503
2381 0.7389323706783261
2382 0.9368965989226568
2383 0.1778631466934559
2384 0.48546325745902796
2386 0.6708125062642496
2385 0.9789828287465224
2387 0.6323080945430111
2388 0.6202891441161925
2389 0.8360236555249193
2390 0.9556742092430903
2391 0.760343474697242
2392 0.5776518190698142
2393 0.9902753121592928
2394 0.7087896453665716
2395 0.14958417054611248
2396 0.891287494364072
2397 0.9667003918510796
2398 0.5067119368890353
2399 0.9912018368849627
2400 0.9472834328779622
2401 0.9378078603005461
2402 0.8158761167044875
2403 1.0593704852250387
2404 0.3966032046991322
2405 1.122810513655886
2406 0.004647423510840167
2407 0.5573430205811677
2408 0.7471630783171112
2409 0.3468309303709081
2410 0.7617920400195655
2411 0.6508189057261261
2412 0.29833775985354005
2413 0.7089609627861314
2414 0.48216592573791456
2415 1.1155399978361669
2416 0.6100856706285327
2417 0.7600326058751474
2418 1.122091075262928
2419 0.12023104674557657
2420 0.5910942030769821
2421 1.0738107752746484
2422 0.7900913511362742
2423 0.5209269888109542
2424 0.43880667533961953
2425 0.4656792302215462
2426 0.8570295758115246
2427 1.2857508599917566
2428 0.2814279870870562
2430 0.8071744548868166
2429 0.3949191716777455
2431 0.7997062343193447
2432 0.9368782483926327
2433 1.4126169119674097
2434 0.9486059156187444
2435 0.5485175751534664
2436 0.8205246403105284
2438 0.8923640541357337
2437 1.088214852123333
2439 1.0699474567786322
2440 0.9674715551370361
2441 0.36979454660809663
2442 0.48926821812552834
2443 1.2566935270559045
2444 0.73428598939822
2445 0.9482480643699245
2446 0.9580134163496994
2447 0.37733423177372727
2449 0.41660408028260115
2448 0.9779073538055864
2450 1.1052353710901757
2451 0.837075938518678
2452 0.4708842532889009
2454 0.9692321160276266
2453 0.694323636047448
2455 0.5853695493047623
2456 0.34138605182427395
2458 0.3843818395397252
2457 0.7398660240327631
2459 1.0142978937184872
2460 1.1963222525241193
2461 0.6348805208836724
2462 0.7121209877167387
2463 0.8323563699950429
2464 0.992840632895953
2465 0.16012801490003076
2466 0.4759494047430922
2467 0.8627427527604483
2468 0.6957464902360699
2469 1.0701089742664656
2470 0.48784829674392305
2471 0.2788436829049584
2472 0.9542020133338451
2473 0.5848147923408638
2474 0.2894501098739205
2475 0.9630726377684907
2476 0.9564646895169857
2477 0.8039353495077137
2478 0.5321512627734242
2479 0.8916307272267167
2480 0.7874091179409337
2481 0.8833269616364203
2482 0.9879672293764333
2483 0.86583949068019
2484 0.5042224364868673
2485 0.9204010258147111
2486 0.706008564818031
2487 0.8334295664632663
2488 0.9241314688899891
2489 0.9374656822444558
2490 0.9615186665148607
2491 0.37193643128136294
2492 1.0475757620541952
2493 0.9990206972253352
2494 0.8251513723872854
2495 0.999709871909772
2496 0.7078600025284347
2497 1.0594224307489009
2498 0.29402163158954797
2499 0.7325134381783881
2500 0.42908088619202983
2501 0.44453488456828144
2503 0.9433223060113419
2502 0.9045202819999875
2504 0.27406394452783905
2505 0.7857724980604962
2506 0.14417550576843852
2507 0.9303580182201651
2508 0.7623149925564633
2509 0.5352802728153571
2510 0.5026741040135593
2511 1.0424403334492098
2512 0.6149722296883176
2513 0.9561405541685378
2514 0.2853809999124341
2515 1.3774946564630492
2516 0.8037520420160593
2517 1.1266265288110164
2518 0.9167115631013913
2519 0.9640399949546071
2521 1.4261016658951136
2520 0.8426976255780145
2522 0.8438457184816658
2523 0.9846985645184374
2524 0.8012851093810959
2525 0.30902920440711035
2526 0.2789856430366972
2527 0.9655608910615733
2528 0.6415236085729714
2529 0.20937611838163384
2530 0.7998409957098405
2531 0.9678187426838982
2532 0.7432133695399771
2533 0.7870910481657662
2534 1.3622484565860222
2535 0.7896675759501375
2536 0.7452716423393695
2537 0.7877544325995043
2538 0.9940516231111505
2539 0.5530721543173983
2540 0.6626297688234546
2541 0.8043139128541862
2542 0.6711664725786906
2543 0.42436691509521995
2544 1.1618925743448785
2545 1.088152441431075
2546 0.8211144328854145
2547 0.6838256727792593
2548 0.9866224995465908
2549 0.9945592513154907
2550 0.9324297453624402
2551 0.6348173237580723
2552 0.9920992647663024
2553 0.9477280465835298
2554 0.70721956160952
2555 0.6746256937479272
2556 0.9149962373088909
2557 0.9965436342724001
2558 0.4349891310395963
2559 0.5915584399393209
2560 0.8607324572896506
2561 0.962510837042446
2562 0.5279398156158492
2563 0.9702107180040301
2564 0.8143709712643667
2566 0.5849092458642816
2567 0.8761927745413238
2565 1.004977727471174
2570 0.36491690697345547
2572 0.3669620423368698
2571 0.9637075707595127
2569 0.9250359588733894
2574 0.6569274519555597
2568 0.8288401823104891
2573 0.8534896060334555
2577 0.8710123487717409
2576 0.7129802685630588
2575 0.6476325475663065
2578 0.9683727994079643
2579 0.5894013515706858
2580 0.5304404366183152
2581 0.8949909391166079
2582 0.5572652733879312
2585 0.9075848410150267
2584 0.33774469917235017
2583 0.959338311975498
2586 0.9338519216244512
2587 0.4200786029795489
2588 0.16558053206480228
2589 0.8018837840410893
2590 0.7066426802697413
2591 0.93963531731804
2592 0.6640337184636188
2593 0.40432749551437974
2594 0.9893545697591956
2595 1.4190632568091033
2597 0.5110523700784079
2596 0.920276372428933
2598 0.03652432959937135
2599 0.5911500018624997
2601 0.7364135614631606
2600 0.4206592138083291
2603 0.939130591485118
2602 0.32346871711246783
2604 0.9508524308857349
2605 0.9448703570678331
2606 0.3917003364157904
2607 0.9530768397241174
2608 0.4414884889516491
2609 0.7111568636420054
2610 0.24632569900317125
2611 0.6982920843875066
2612 0.22242107954715123
2613 0.6529429373197865
2614 0.9198090004607977
2615 0.8182299124216362
2616 0.4140360899865582
2617 0.5114062650379712
2618 0.7071231337660614
2619 0.511112118195118
2620 0.5800403263905246
2621 0.9797588267074523
2622 0.7477191545913594
2623 0.696629958629506
2624 0.9472635771129262
2625 0.6110112237221119
2626 0.8040206973670508
2627 0.5003250775353261
2628 1.2928867568693234
2629 0.6697232556286158
2630 0.39865270694905924
2631 0.2858112449781277
2632 0.3761624242962516
2633 0.8662209106823625
2634 0.6546208359213546
2635 0.4372070792732975
2636 0.8445639647345631
2637 0.7960946351192343
2638 0.5553859102227938
2639 0.5069600387118287
2640 0.8506821427804493
2641 0.8543534457780084
2642 0.40232108357286095
2643 1.1930433084025167
2644 0.1860305710076662
2645 0.9566054168388656
2646 0.10525625905478195
2647 0.9572292216686279
2648 0.6527771379951776
2649 1.146206817328151
2650 1.3023602051064962
2652 1.080174994418014
2651 0.1777664203935785
2653 0.00797920586360825
2654 0.8301965638017752
2655 0.9700607226252961
2656 0.1568750083074492
2657 0.5300350823490038
2658 1.3004859061377345
2659 0.4595319088490843
2660 0.6742292785176437
2661 0.21707019186528542
2662 0.6437404228376388
2663 0.5138409124688316
2664 0.5790631177672694
2666 0.5920363919553014
2665 0.6548808931974525
2667 0.614786591176826
2668 0.9663138130195008
2669 1.1359504818839876
2670 0.4464310924664897
2671 0.15365805525328688
2672 0.6210718226717199
2674 0.8619742251542214
2673 0.3522321515282693
2675 0.8534001482822793
2677 0.9340725004664584
2676 0.295812644339309
2678 0.7751533136141711
2679 0.3122851612546506
2680 0.9011145848359985
2682 0.28227551611629553
2681 0.9296061737923548
2683 0.7162543880544665
2684 0.940500054965641
2685 0.5842535550068229
2686 0.8760379083174331
2687 0.3154623973378603
2688 0.7955551124731225
2689 0.747545434462687
2690 1.5501151259266472
2691 0.9784488639010054
2692 0.25417391939355305
2693 0.2819815555781893
2694 0.887778235813002
2695 0.3424184137759603
2696 1.7513076887303562
2697 0.9599597430294396
2698 0.5326643743593438
2699 0.9091486857925438
2700 1.227414306597113
2701 0.38807146243150953
2702 0.818871639483214
2703 0.7117446278205709
2704 0.5297471129956925
2705 1.769608315075071
2706 0.9249874602968476
2707 0.09932234557700821
2708 0.8839676002704553
2709 0.6904688628078907
2710 0.6919077387060665
2711 0.5654955050830536
2712 0.9929466436027926
2713 0.8811426224694429
2714 0.9473002328189188
2715 0.927202314272187
2716 1.0973140794220058
2717 0.05214480185742323
2718 1.0111431213930868
2719 0.4069654471883617
2720 0.5209879841125036
2721 0.906798033019194
2722 0.8284847269147705
2723 1.2814220544521744
2724 0.9751338348443984
2725 0.2805594198715293
2726 0.5725176114558592
2727 0.6276801395257672
2728 1.0209920952776799
2729 0.8278327304042489
2730 0.817158162764474
2731 0.7988478066456911
2732 0.8773187536471854
2733 0.7905146631583665
2734 0.9545725890803363
2735 0.636880729590024
2736 0.3588930567694699
2738 0.04078736388768841
2737 0.5356132399284095
2739 0.8554302153319217
2740 1.1068996917673104
2741 1.8336516421447497
2742 0.18389354212784184
2743 1.045571992933421
2744 0.6619012318355685
2745 0.2166973640213815
2746 0.5125364690841321
2747 1.0111396749589256
2748 0.45105264711491544
2749 1.0453661082240533
2750 0.999296619242923
2752 0.7492987687480668
2751 0.9914337705771975
2753 0.7997026602187285
2754 0.5107539396552354
2755 1.1080093552759023
2757 1.112644908237259
2756 0.2770407071356438
2758 0.5884689346260674
2759 0.9678412106825929
2760 0.7879233032580147
2761 0.9526686391976638
2762 0.834909028349315
2763 0.742766644378408
2764 0.9308530771125118
2765 0.4723762578712064
2766 1.0211053988317562
2767 0.9174195090201451
2768 0.6854375867304209
2769 0.8034903716171851
2770 0.33770471555762194
2771 0.9749451484205501
2772 0.6376784139682242
2773 0.6175356878423327
2774 1.5598192866140357
2775 0.648521592108346
2776 0.50368988431788
2777 0.8961125832465685
2778 0.833987336946853
2779 0.14220126702289776
2780 0.9152798004872823
2781 0.8854934080469021
2782 0.7726903134122515
2783 0.5574859163035405
2784 0.38649629872582175
2785 0.4689575407784827
2786 0.9319112282185318
2787 0.8449532725545703
2788 0.31706913636632883
2789 0.9345046511212814
2790 0.6932845240390703
2791 0.20081890804560776
2792 0.6928958862909361
2793 0.9892946996948483
2794 0.15982183516014278
2795 0.17091711197054402
2796 0.4837675682466173
2797 0.2785938331272619
2798 0.6367315539760823
2799 0.4126466916566604
2800 0.9676258277604836
2801 2.428363772493164
2802 0.9701285451313592
2803 0.36382880378004323
2805 1.2285719864696236
2804 1.1525204056288496
2806 0.911901287903678
2807 0.8079655244104431
2808 0.8552747600023628
2809 0.9471606910651302
2810 0.536584213214543
2811 0.9170819863056985
2812 2.4100133915005375
2813 0.5368382770460965
2814 1.1463670113969104
2815 0.7551204815919956
2816 0.9434776458555918
2817 0.9973633634495747
2818 0.3503922486195777
2819 0.655608942058713
2820 0.4235436989772362
2821 0.8860231926249885
2822 0.9458360381247952
2823 0.7658157944723741
2824 0.5842707475157295
2826 0.423473886990152
2825 1.1900988357744768
2827 0.6217086447712351
2829 0.6468763092187594
2828 0.18280585974377986
2830 0.7352309586967191
2831 1.044651399818614
2832 0.8631406041525491
2833 0.732721529326814
2834 0.6862588148019972
2835 1.117660459961334
2836 0.9989408839623533
2837 0.6245030250328552
2838 0.2565926254209345
2839 0.7555484650784534
2840 0.8465361223837395
2841 0.7698014672320335
2842 0.41922531868548807
2843 0.4719492048236669
2844 0.8280214298316015
2845 0.8346691161762286
2846 0.9356912633992788
2847 0.5924170634426068
2848 0.9317684977437449
2850 0.9359432726395217
2849 0.3946994272495617
2851 0.3544567198131806
2853 0.2484149771881838
2852 0.9085760978901589
2854 0.6545015976855006
2855 0.999217269834122
2856 0.9474820656580922
2857 0.4389451925838336
2858 0.9164002295272382
2859 0.5934898171542737
2860 0.9007831355197963
2861 0.6688760718017185
2862 0.41658360589614746
2863 0.8366722706647329
2865 0.6805095831501521
2864 0.7936204749336091
2866 0.3027447206062189
2867 0.6669382462216615
2868 1.005545889250503
2869 0.8242586083011627
2870 0.8418337564335081
2871 0.5005816749979287
2872 0.8929713399368765
2873 0.9270472504660155
2874 0.9100862685333796
2876 0.640776937183005
2875 0.7902645916594659
2877 0.8786882667556234
2878 0.9475795670216105
2879 0.7999067755656047
2881 0.9526871047592964
2880 0.23796956466460786
2882 0.7905939496859898
2883 0.6780486011666835
2884 0.9960743561799233
2885 0.5157414804879294
2886 0.6624530816049776
2887 0.9288364762021744
2888 0.77995739784679
2889 0.6189147700835196
2890 0.9722072627148476
2891 0.9685830447106354
2892 0.9497901447754606
2893 0.9530909674934915
2894 0.30746687465139094
2895 0.9673419449165489
2896 0.9222892167094717
2897 0.48275764001403026
2898 0.788283333887663
2899 0.7232282723692524
2900 1.0645544184955331
2901 0.9678499404504768
2902 0.551577359437439
2903 0.31437902582829785
2904 0.845528167854211
2905 0.07484172207778347
2906 0.9462155177433982
2907 0.5847463882437844
2908 0.6857856287197537
2909 0.5521291568814704
2910 0.48831238313157355
2911 0.9828272446580154
2912 0.4933349226442388
2913 0.5708678000643599
2914 0.664072299878058
2915 0.8049819203722267
2916 0.5950201258948414
2918 0.12932331408401196
2917 0.9544360094794615
2919 0.2781180845758803
2920 0.8770215123319628
2921 0.46558279232626965
2922 0.8503825119714365
2923 0.8553948273669959
2924 0.8119649573910577
2925 0.8833021431390428
2926 0.5611584644436847
2927 0.9641464528487464
2928 0.2763181114384495
2929 0.5249058525284052
2930 0.9792997255828808
2932 0.7699492595666129
2931 0.9004170797074039
2933 0.8942869379570255
2934 0.5809582344340257
2935 0.5401725190287713
2936 0.9170233209577766
2937 0.4913036106849864
2938 0.9261721185853441
2939 0.7098290723538615
2940 0.6495621270642569
2941 0.9613735229904595
2942 0.10948335637701424
2943 1.6492259987264195
2944 0.3714915707086683
2945 0.5272872041703153
2946 0.8447736603881388
2947 0.4877914610050186
2948 1.2472974862977155
2949 0.8495807342001667
2950 0.9376465001826314
2951 0.45307945808671746
2952 0.7894034273723441
2953 0.8420748180268657
2954 0.47241477923030634
2955 0.47835384554857874
2956 0.8782882971154639
2957 0.5905865733056009
2958 0.6648035941040031
2959 0.8715293842544618
2960 0.29845172006383847
2961 0.8654511183879738
2962 0.8561355194147195
2963 0.3104834318716356
2964 0.5851817377316206
2965 0.80069303299223
2966 0.6607475459389006
2967 0.2678469282179792
2968 0.574966278345823
2969 0.8381610905122037
2970 0.3832218995381054
2971 0.8228913875626894
2972 0.685990297310892
2973 0.3328479289543808
2974 0.7678900310244536
2975 0.5878480462098543
2976 0.3012133314706373
2977 0.37713839588886605
2978 1.3888983981866467
2979 0.9471352631084452
2980 1.2201803063412373
2981 0.23075945825486133
2982 0.8416549388720624
2983 0.7522273382630271
2984 0.8866272321186937
2985 0.9392118279776126
2986 0.6497120411379926
2987 1.1445253400428308
2988 1.2385599359531068
2989 0.42180484285816805
2990 0.9468893717172443
2991 0.84661402983544
2992 1.2437917919490384
2993 0.24213692902488332
2994 0.7872585468355465
2995 1.0603721084408189
2996 0.6734292776058814
2997 0.4093028298048049
2998 0.35324729997058957
2999 0.8964758898127578
3000 0.550977684544296
3001 0.9586616627867299
3002 0.6499999793319212
3003 0.8795618755335699
3004 0.9663335256750535
3006 0.8768422761857833
3005 0.6788644952096106
3007 0.5501945667867892
3008 0.8735597584349609
3009 0.45505695015801084
3010 0.444457685235583
3011 0.5817660654399985
3012 1.2891669391868656
3013 0.7637169707339667
3014 0.22437123745396292
3015 0.9431703138009051
3016 1.430700835839874
3017 0.25947219650295467
3018 0.6656098815135828
3019 0.4897603360633542
3020 0.38931781118681025
3022 0.7109137316079409
3021 0.0743590235105726
3023 0.31362844808511936
3024 0.4429848533957587
3025 0.8497403571648959
3026 0.08537045164725993
3027 0.7322843229176997
3028 0.7636588091245856
3029 1.3954587231679376
3030 0.8674238313111458
3031 0.5605148205912972
3032 0.9592217843195583
3034 0.23386672713758555
3033 0.9799604315377108
3035 0.7177953529740293
3036 0.24775817790645038
3037 0.6601874928707497
3038 0.7824185857144333
3039 0.5892637515481195
3040 0.8891690833064336
3041 0.9163241336006301
3042 1.433678455700701
3043 0.8431971293599627
3044 0.9044757670768759
3045 1.1166434246546872
3046 0.6026794294840903
3047 0.26102501542940837
3048 0.9012228641160587
3049 0.9648319033758072
3050 0.9672611757225691
3051 0.8775717400180877
3052 1.0682943733366532
3053 0.9844731083331622
3054 0.6771669843530436
3055 0.9737333313419462
3056 0.9427665411055284
3057 0.7911326209766091
3058 1.1925325771164337
3059 0.7554990275827608
3060 0.6800436128352166
3061 0.6885973558284849
3062 0.8327422106257124
3063 0.47066058661688204
3064 0.9428269202879475
3065 0.02324185285162173
3066 1.5165301133948632
3067 0.4535256698477196
3068 0.14730323589935657
3069 0.7400506392098426
3070 0.7113749506171135
3071 0.7083438306973279
3072 1.1104180996500965
3073 0.8063393030113853
3074 0.5636216186106535
3075 0.9640520597379342
3076 0.9823800540122226
3077 0.5045106490715984
3078 0.976720128590505
3079 0.18902349744728195
3080 0.9186934501353665
3081 0.3889536439952847
3082 0.7982659466663246
3083 0.6777184947237793
3084 0.7588847575553556
3085 0.39550648643682823
3087 0.8223905641537779
3086 0.5527354282772501
3089 0.752740512957803
3088 0.8590756173668965
3090 0.6761484993424212
3091 0.9615810505986774
3092 0.9119643251744027
3093 0.8710138893434713
3094 0.6027125558375522
3095 0.2516691953795765
3096 0.20767990437551018
3097 0.9922000527339085
3098 0.8140469815001053
3099 0.016339927405408496
3100 0.7414627097402067
3101 0.8213831466234495
3102 0.4543084790569404
3103 0.7700938012033204
3104 0.3066935656655869
3105 0.803880339774114
3107 0.7736202982740841
3106 0.9288991404156675
3108 0.9056719846427902
3109 0.868742607665138
3110 0.6335447580545897
3111 0.8376231106699219
3112 0.6701645814061982
3113 0.8613266960873032
3114 0.94979685016298
3115 0.05779173119867567
3116 0.09747039738964797
3117 0.7507034161567483
3118 0.598577055124957
3119 0.6256127934314837
3120 0.9515313956928407
3121 1.1489419427393759
3122 1.2274562680426535
3123 0.8927396650788637
3124 0.9293076724191252
3125 0.8357514874383709
3126 1.426334908373598
3127 0.8096810304880157
3128 0.8503581659562612
3129 0.36746715333116253
3130 0.9235312938604723
3131 0.645103082614569
3132 0.700038988464595
3133 0.8803107978511611
3134 0.3901883026728921
3135 1.448968017461237
3136 0.8771415640777639
3137 0.43468087128008875
3138 0.8288858974564511
3139 0.7770545326380943
3140 0.4603300649137716
3141 0.4910340736041744
3142 0.8690532179394835
3143 0.8900936220915225
3144 1.0069557754032665
3145 0.9007008688668265
3148 0.9661134488926939
3146 0.964648337452341
3149 0.5029675405169267
3147 0.35211032090826516
3150 0.9440361397745609
3151 0.6289269655727013
3152 0.9545254384000397
3153 0.39088301265479153
3154 0.815254043382317
3155 0.7161555285603183
3156 0.9637711357329161
3157 0.8635676057544006
3159 0.29566873049365733
3158 0.14099450996917876
3161 0.42543772190975726
3160 0.5812714482181032
3162 0.8455315037155107
3163 0.17771087250369386
3164 0.6269930028246488
3165 0.871903785954404
3166 0.7382349850833095
3167 0.41229672867934086
3168 0.5464994528239856
3169 0.5620849725907192
3170 0.5735549544377888
3172 0.16245609199699987
3171 0.992633151936484
3174 0.9895950636775624
3173 0.5622700712311686
3175 0.1332365732681717
3176 0.9910536048941149
3177 0.46918770150953243
3179 1.0087856904413246
3178 0.5823164955502204
3180 0.8867996834879824
3181 1.2044473727569296
3182 0.9605307360567935
3183 0.9346456203998823
3185 0.7087981531207416
3184 0.9529782017678825
3186 0.9628125487975732
3187 0.8907275511882369
3188 0.7057923526660356
3189 0.3505008307146884
3190 0.9437747124881403
3191 0.7473051595154696
3192 0.9693338482424944
3193 0.9209938293962968
3194 0.6001750781755569
3195 0.7350503471937888
3196 0.9601145819023743
3197 0.8905128902638609
3198 0.8671456134422104
3199 0.7730954662707691
3200 0.9018007096356467
3201 1.343994576269982
3202 0.9115051004732265
3203 0.33512418949023226
3204 0.11004814146932736
3205 0.9067763788047073
3206 1.182671382193804
3207 0.8527316318491087
3208 0.5432499308691382
3209 1.0995892178816093
3211 0.8845366327965966
3210 0.4695229321266178
3212 0.4729008935866899
3213 1.191076749228328
3214 0.2320016793084798
3215 0.5517018466292614
3216 0.6807773395845577
3217 0.5200297734588295
3218 0.8127661210208034
3219 0.974557613454667
3220 0.8455770058452918
3221 0.7530893899863857
3222 0.7449771548632035
3223 0.44969889203311064
3224 0.4549475723036947
3225 0.6922203883762176
3226 0.2898389151762043
3227 0.09174505837644487
3228 0.6989017571388276
3229 0.6880847521890517
3230 0.4216172046010546
3231 0.758647138592445
3232 0.4158126565608087
3233 0.9445063283687658
3234 0.1851732501579099
3235 0.7167423106319664
3236 0.6981802756155916
3237 0.9848484351760648
3238 0.47252977225645115
3239 1.0108840463219344
3240 0.6608094909757986
3241 0.6242474431398882
3242 0.9984649874072795
3243 0.5425549382305884
3244 0.7762402111992127
3245 0.7613042009289754
3247 0.9262670174374424
3246 0.5992106603536667
3248 0.5460798398107146
3249 0.5386584812242248
3250 0.7912540094965422
3251 0.8886158182105521
3252 0.9465497891587619
3253 1.295653561268171
3254 0.5939664434791321
3255 1.0477953245746217
3256 0.7732718336994678
3257 1.0056788613279875
3258 0.39220525522470384
3259 0.5926530488318984
3260 0.7685169158411683
3261 0.19076260148953497
3262 0.12956861276846382
3263 0.7278148657375726
3264 0.3453878173007896
3265 1.0994089592391398
3266 0.3160207005812691
3267 0.8603690331760568
3268 0.6590878425596168
3269 0.615446870620797
3270 0.9216004464161908
3271 0.4240802662270214
3272 0.22005877002560947
3273 0.9508290623204279
3274 0.6374361213812837
3275 0.5569182920430585
3276 0.7330929686951383
3277 0.7182352569509758
3278 0.32336513560449415
3279 0.7973481262624379
3280 0.4851877804235418
3281 1.3341065007360002
3282 0.7658353797980685
3283 1.043922778400002
3284 0.5339742752600636
3285 1.0150333002191338
3286 0.3975355735423582
3287 0.6048262973772133
3288 1.4116803510412246
3289 0.1904020975249555
3290 0.8899350094312671
3291 0.9747321163733116
3292 0.5300958680639442
3293 1.0011807807711683
3294 0.6335374582816136
3295 0.27351472826763396
3296 0.6506281672438264
3297 0.8437226809079901
3298 0.19874260873493796
3299 0.8041321866133563
3300 0.8092420517531006
3301 0.9825940293396939
3302 0.2737203257966029
3303 0.6163444645293604
3304 0.944844259800103
3305 1.0575764433426704
3306 0.4447651344055309
3307 0.5752662667203999
3308 0.9942396793964448
3309 0.8634409839910434
3310 0.9640543135552606
3311 0.9804800651814372
3313 0.8763402105607625
3312 0.9662923357499268
3315 0.6078773111900299
3314 1.1803100027991609
3316 0.4512347675626886
3317 0.9421271859603411
3318 1.2463075958192145
3319 0.8404769539294669
3321 0.384932462114894
3320 0.27082052823692804
3322 0.08906965369452588
3323 0.837174944960817
3324 0.8229378205378602
3325 0.8403521662220131
3326 0.972291872475393
3327 1.001783460780039
3329 0.7401755459257466
3328 0.6799872595272726
3331 1.2969924765424237
3330 0.9149883263794614
3332 0.7725937163993
3333 0.982861573753145
3336 0.7910074951235857
3335 0.5194851334408139
3334 0.8671902244676732
3337 0.020540720875967932
3339 0.857695295303324
3338 0.9104978108645149
3343 1.197588138527965
3342 0.23313388677434912
3341 0.8422348301743693
3340 1.0244787839541316
3345 0.9049265110203858
3344 1.2274408031704436
3346 0.9928551345375537
3347 0.1513016710303548
3348 0.8273798567195855
3349 0.6115052473040407
3350 0.8459064957395281
3351 0.7013164585813044
3352 0.16908314013273545
3353 0.42257586977372497
3355 0.7835543038662194
3356 0.5547627470407759
3354 0.34912100931510764
3357 0.5261300560618449
3358 0.6136630495084652
3359 0.9827413272492703
3360 1.1672949701870992
3362 1.8619033675501964
3361 0.9732777556731252
3363 1.1245014672385296
3364 1.1137957699410823
3365 1.275059199737702
3366 0.796169347785149
3368 0.11022556815062813
3367 0.8141823570474843
3369 0.7553566429452188
3371 1.0377385930360512
3372 0.9958268755131896
3373 0.8502100521922192
3370 0.1273230512682373
3374 0.763544353574324
3375 1.0553763425579055
3376 0.9636608698060689
3377 0.29002531989036806
3378 0.6992891745734395
3379 0.9519696644522713
3380 0.6251494176706806
3381 0.7369748095042208
3382 0.8066904741424447
3384 0.9963642637249635
3383 0.8336435640556263
3386 0.8738978907160692
3385 0.8176755706065781
3387 0.27994505797361474
3388 0.7684271691292134
3389 0.1546294857990175
3390 0.9572108614262106
3391 0.3535544307250981
3392 0.853695383935504
3393 1.0826126033478207
3394 0.8649963696417726
3395 1.1955238787152853
3396 0.9141785801519772
3397 0.20889240377460172
3399 0.8667045178383047
3398 0.9644654638419138
3400 0.8033717250121182
3401 0.2809533894641534
3402 1.011419808493086
3403 0.8508791996280913
3404 0.14560973760436607
3405 1.0918220810000838
3406 0.7751315936128079
3407 0.9272805045376328
3408 0.8847544898179058
3409 0.3091774837633873
3410 1.0409868204989408
3411 0.31714587974512426
3412 0.729847471052852
3413 0.7130782068548891
3414 0.28082586240752727
3415 0.5019892257287641
3416 0.34384953243520966
3417 0.8874367487896382
3418 0.4034247657333774
3419 0.7594047878942499
3420 0.9859891335910764
3421 0.7163430863936261
3422 0.38763947134103843
3423 0.9248674613711785
3424 0.9545941436722675
3425 0.9303945990562923
3426 0.6950126189921293
3427 1.0798786737658266
3428 0.7921112256878917
3429 0.5785915766548769
3430 0.7888722177276057
3431 0.04951548156588116
3432 0.49737729912433065
3433 0.8687128793615623
3434 0.7233937162893577
3435 1.023764353602809
3436 0.301874816374662
3437 0.7274092750739242
3438 0.4202674340436301
3439 0.9262696562063417
3440 0.43958039713367414
3441 0.8510732650345034
3442 0.5465444975179486
3443 0.8413272836764545
3444 0.7954114208584853
3445 0.44821689139810034
3446 0.8601316040056781
3447 1.4034633195458803
3449 0.3907815479030477
3448 0.29258321022204303
3450 0.9681089123006962
3452 1.0818857134312587
3451 0.9092689313121624
3454 0.8529636280893632
3453 1.2676980803513436
3456 1.0759711777006904
3455 0.8884007319549323
3457 0.840630766521667
3458 0.5022704283234921
3459 0.5566392319070198
3460 0.08527336394661178
3461 0.409727378156361
3462 0.18206410780798554
3463 0.8070019809233644
3464 0.22467495731524148
3465 0.48052967886317827
3466 0.619032214606017
3467 0.7947944451784892
3468 0.9967167304331478
3469 0.6211879479280262
3470 0.8725415328870065
3471 0.8263903816526242
3472 0.8694218112544555
3473 0.7681005238805682
3474 0.742420038676829
3475 0.7289187552637697
3476 0.6794473475909818
3477 0.703812362349377
3478 0.478314512341415
3479 0.48693317448431056
3480 0.8659205524344666
3481 0.8761569014697678
3482 0.8429283708917691
3483 0.9141575886205665
3484 0.8433896374828496
3485 1.3375759046674651
3486 0.8502769746682959
3487 0.9429384091064579
3488 0.5066382572573975
3489 0.9413180156181491
3490 0.974771756371877
3491 0.8695563904681334
3492 0.8966810804663804
3493 1.3012129921736681
3494 0.7855877071612827
3496 1.1112781914314138
3495 0.5748088404183342
3497 0.9430130746301485
3498 0.47513559697780283
3499 0.7223604942092531
3500 0.9768112749744241
3501 0.7753481474194975
3502 0.5142547732643269
3503 0.7765118249015731
3504 1.2152448313845412
3505 0.9249125468990301
3506 0.7072072670118181
3507 0.9751877199313636
3508 0.4157512608167027
3509 0.11563691211053387
3510 0.973869177398683
3511 0.7605436349959886
3512 1.1089431217367227
3513 0.3281404878200084
3514 0.8134505274289957
3515 0.7702704924498882
3516 0.9401092186189224
3517 0.7043882584068822
3518 0.6215592747083118
3519 0.7591128341236398
3520 0.4156028544049756
3521 0.618289259165884
3522 0.965224053429413
3523 0.9955898622152491
3524 0.8631905356602816
3525 0.6294873224940917
3526 0.7127959553441219
3528 0.023423519774445515
3527 0.5644055189309343
3529 0.6664513815141695
3530 0.8269064520155139
3531 0.6845598633276734
3532 0.9711039064529768
3533 0.579481829033768
3534 0.708864009859948
3535 0.22284858971930088
3536 0.9137353069803639
3537 1.6891156699527512
3538 0.4718060371212461
3539 0.9756173709806973
3540 0.8624700971478563
3541 1.3715472167215295
3542 0.95899629259132
3543 0.9795438264126238
3544 0.6124066278095286
3545 0.856586420541452
3546 1.197234426102436
3547 0.386149154818726
3548 0.6771717570400329
3549 0.9031590119149632
3550 1.5366982960818143
3551 1.0560657492374115
3552 0.5756398257944388
3553 0.8011522665494435
3554 0.9167943200041894
3555 1.606749090113172
3556 0.7295907298817779
3557 0.9766587636621503
3558 1.0978722160786112
3559 0.8653262645351897
3560 0.9467169692068718
3561 1.12406949285319
3562 0.480534497910386
3563 0.3509051572199483
3564 0.9187380146923688
3565 1.4636327431497476
3566 0.21900261504650212
3567 0.727138752850022
3568 0.7759012948283549
3569 0.8998760790434788
3570 0.9161216593706271
3571 0.6596855582033466
3572 0.6738301583001731
3573 0.21763047522670462
3574 0.3222555272166767
3575 0.9609100004307212
3576 0.5272625004679841
3577 0.9848516873747023
3578 0.763133478613153
3580 0.859227277913192
3581 0.4973924669723641
3579 0.9459911357540735
3582 0.9261843519606829
3583 0.9844501590323631
3584 1.0185161319910097
3585 1.0028150671236222
3586 0.884729507564467
3587 0.5143490360099507
3588 0.8096164369848331
3589 0.8412087484409778
3590 0.9430379745974139
3591 1.0621747150971474
3592 0.35519577081020104
3593 0.9471935152625897
3594 0.726354006763221
3595 0.7651262612495863
3596 0.7252089229215661
3597 0.881331978417606
3598 0.3889211882474819
3599 0.336859492275646
3600 0.8079248084869256
3601 0.9976511041030511
3602 0.7811283869969794
3603 0.5126720619155802
3604 0.5540069822927661
3605 0.9765874561330771
3607 0.8739029257581652
3606 0.1381604447890544
3608 0.7825596128353561
3609 0.6333327601037246
3611 0.5795534649322647
3610 0.7742861263002803
3613 0.8990895660155656
3612 0.5640680322231013
3614 0.6658005899916386
3615 0.7418559418177451
3616 0.3654725175625316
3617 0.8647568186694718
3618 0.8459690136175894
3619 0.8788147620641129
3620 1.1871425255190613
3622 1.0344826453699
3621 0.9722162276623274
3623 0.559219607625419
3624 0.3173905625977068
3625 0.38868759956920507
3626 0.6780713522765103
3627 1.118990597036513
3628 1.002614029582343
3629 0.9677572335024117
3630 0.9860658614314053
3631 0.8490197654552303
3632 0.8614022446223916
3633 0.8157178883645017
3634 0.6466051340189432
3635 0.9121630591434512
3636 0.8989437089507372
3637 1.1406934373839035
3639 0.38903185877160174
3638 0.8421749305126552
3640 0.5786207465645011
3641 0.9825581558651453
3642 0.3442312627294269
3643 0.572503697896056
3644 0.7018272572307309
3645 0.5554902409119001
3646 0.5940132319057958
3647 0.2988642178300429
3648 0.7999455566553463
3650 1.0062205624819305
3649 2.6145878247915117
3651 1.1109701843392104
3652 0.32886987502551285
3653 0.9039774805917216
3654 0.44275583519509343
3655 0.5606048387778183
3656 0.9793397764921686
3657 0.6884229764014163
3658 0.5672320190692497
3659 0.9854998083875978
3660 1.8584367984188732
3662 0.6228466726929629
3661 0.5908207203501998
3663 0.9021774961712833
3664 0.8362543790523259
3665 0.6906533430765115
3666 0.59928381802119
3667 0.7174610105674385
3668 0.5391393066245678
3669 0.391389548477442
3670 0.9320462853089231
3671 0.9811481571017747
3672 0.9355718234572675
3673 0.3190376274657638
3674 0.47927407050785453
3676 0.6175457692157309
3675 0.8762225612390652
3677 0.9669775679080039
3678 0.9222913504059783
3679 0.9578807786886109
3680 0.2077813193634829
3681 0.5131555192673743
3682 0.510056007206124
3683 0.533836779181395
3684 0.35561890110435973
3685 1.007442529858392
3686 1.4053971399431424
3687 0.5896057770523198
3688 0.9505516377349615
3689 0.8987430134169834
3690 0.6491179439752702
3691 0.8861926772664162
3692 0.3495074900931748
3693 0.6284810861961302
3694 0.5926769848198059
3695 0.7388665703217353
3696 0.6188973674827348
3697 0.733741609599359
3698 0.5240353441355375
3699 0.8095268921220802
3700 1.3166295475049523
3701 0.4693002168841471
3702 0.9295640380803917
3703 0.48126819039308905
3704 0.3491285
3705 0.7289783105731025
3706 0.9112618392086672
3707 0.6336926040347585
3708 0.8269396131529809
3709 0.7676606514665654
3710 2.0350105487497974
3711 0.9425089894003311
3712 0.46605306465818525
3713 0.4671443690256234
3714 0.8845922011097859
3715 0.3605080424203901
3716 0.8533748497112306
3717 1.3882485460515703
3718 1.006442948333252
3719 0.7097246656432383
3720 0.043123207165469725
3721 1.2569673891441657
3722 0.9342849696507847
3723 0.3473472681238863
3724 0.5319214711989294
3725 0.7610677557627131
3726 0.771774052316957
3727 0.41367865142581267
3728 0.18968857477252765
3729 0.8299263791182159
3730 2.0744750102719403
3732 0.973839795954954
3733 0.8801919209199822
3731 1.0284414515733764
3734 1.2463157416693402
3736 0.8066391144613875
3735 0.8064250267954742
3737 0.9756355375520298
3738 0.38074921029061154
3739 0.19882024660237732
3740 0.9929900378466238
3741 0.9520447740675583
3743 0.595776314717189
3742 0.9670876129449387
3744 0.6872575949756756
3745 0.9600365792787978
3746 0.675180810772449
3747 0.9196198115412757
3748 1.7275445769330202
3749 0.22850588750148193
3750 0.9737100610573208
3751 1.2250321136525892
3752 0.49109054197838936
3753 0.6584870350016103
3754 0.9758347381795409
3756 0.8743201450888385
3755 0.808875411244392
3757 1.2699496689555096
3758 1.2725080114907277
3759 0.30784454417808843
3760 0.9939990850214516
3761 0.9875613242022498
3762 0.9972603919962718
3763 0.951752595644298
3764 1.1578897693113683
3765 0.5977362505896475
3766 0.7640477678276852
3767 0.8982003156289089
3768 0.4115371028110663
3769 0.90736456220983
3770 0.8190965304278379
3771 0.555543258706443
3772 0.7277864218711328
3773 0.6251083173227993
3774 0.9994055262229861
3775 0.9134253932576459
3776 0.7919160990485219
3777 0.4034157988552918
3778 0.8498797915734606
3779 0.4359774859614759
3780 0.23203665871263263
3781 0.927652836192514
3782 0.4385791036674129
3783 0.888008161434138
3784 0.7347482006627994
3785 0.8257245152227636
3786 1.0043575174326378
3788 0.7950066930103412
3787 0.8212301768016588
3789 0.6504416632774472
3790 0.9423398949146875
3791 0.9145929782107524
3792 0.9796893936530795
3793 1.218118989877687
3794 0.645535119187447
3795 0.45929870883267476
3796 0.8454905743629829
3797 0.5711022828084