2 0.7298994180016062
1 0.5416082932167173
3 0.6354130211940892
4 0.5711006021256331
5 0.6645440825562947
6 0.569417884159194
7 0.8393974158677106
8 0.7666625411353855
9 0.5710893396719009
10 0.5080569250034617
11 0.5091916870841399
12 0.449214455259963
13 0.5076209262168457
14 0.6239890299882713
15 0.5176223437665083
16 0.44293854036162483
17 0.5540311760094706
18 0.9991197982921435
19 0.4723959952574938
20 0.7202205557874624
21 0.6535551753510549
22 0.8625993880655847
23 0.6293150757139184
25 0.7148538031341075
24 0.5142377133194697
26 0.6286293190875363
27 0.5640573387006609
28 0.4188405896906614
29 0.5302926606131244
30 0.4557073211415415
31 0.566190954458314
32 0.45616994578727604
33 0.5328670874856111
34 0.7097839250346232
35 0.5679770076103433
36 0.4298316374745853
37 0.4200487388487396
38 0.2704290004839203
39 0.32147447358270126
40 0.5070912210808864
41 0.27421933898182377
42 0.18681553257974293
43 0.4979402913120271
44 0.4738819496866051
45 0.16087737245156478
46 0.24868793085128424
48 0.28199051496046224
47 0.4298787691957574
49 0.8945488876791567
50 0.5865553823782526
51 0.3931058799600518
52 0.485974804088634
53 0.746699860097924
54 0.5836728107112688
55 0.34912156741970346
56 0.6927751769181866
57 0.6343695575483452
58 0.542806024455437
59 0.7367481035123764
60 0.7890029117312136
61 0.5173956243367869
62 0.47603066074119454
63 0.5562039331957449
64 0.5688025739121468
65 0.5828664325296401
66 0.9406028199588217
67 0.4017787613698656
68 0.2238906355565538
69 0.44667282775986433
70 0.5261456105557768
71 0.36318663092427916
72 0.4025847597256177
73 0.4151770626416303
74 0.4071895545940262
75 0.4708479509021201
76 0.32770726004835943
77 0.25080106800825896
78 0.26018233461315166
79 0.3595335307662414
80 0.2577600991847846
82 0.722363962906388
81 0.7858729179154388
83 0.865289685035976
84 0.6544248101356791
85 0.5458793221025758
86 0.6101983855393909
87 0.6983502547272871
88 0.6139518471113322
90 0.9433599541472315
89 0.665561360771492
91 0.934732113293865
92 0.6941600535089181
93 0.4324487012069771
94 0.45481829679994573
95 0.690979403506839
96 0.34998054896531294
97 0.9086027134649364
99 0.6200759689320873
98 1.2893172409739453
100 1.0919157344305381
101 0.7658958914582868
102 0.5944539308424162
103 1.0307257380329717
104 0.6602947110506785
105 0.662917548599758
106 0.5218782080814024
107 0.7027196042401733
108 0.531281722513112
109 0.7538755725768013
110 0.9577234060670475
111 0.5656589603298388
112 1.045505457142405
113 1.0841407965478376
114 0.43118647808055727
115 0.8478145340812722
116 0.7130167485401558
117 0.5325039816150637
118 0.7001728971246641
119 0.5628449831912308
120 0.6398025250374785
121 0.40526796444169944
122 0.42687995873660867
123 0.4806617258464808
124 0.44193063791181997
125 0.41025908642033837
126 0.6223278400779294
127 0.536031723674939
128 0.41936894292720933
129 0.9368934762872814
131 0.5140742155557013
132 0.34280125544834283
130 0.5840159042737206
133 0.5928426131315496
134 0.5539125368458453
135 0.7557686720421909
136 0.3870266049020105
138 0.44487950537778265
137 0.40897989722821254
139 0.427331728815858
140 0.372491863286087
141 0.3615604294051484
142 0.3329066145690332
143 0.6079434129601757
144 0.36300681689839825
146 0.5454325473792948
147 0.5859822188209833
145 0.652106245571633
148 0.4413858698661177
149 0.7329554195145609
151 0.27385818920168103
150 0.4330521756735715
152 0.37688765004397085
153 0.4077437795059006
155 0.31503617428162123
156 0.3740363880060826
154 0.3753324785400437
157 0.180281636628175
159 0.389543700157444
158 0.43571171308923107
160 0.41591377847698197
161 0.5538095731910022
163 0.5297265499895782
162 0.45911917815021985
164 0.508029585222716
165 0.5778178457923326
166 0.3309174458213876
167 0.31410219697005726
168 0.4683283685241924
169 0.39695799870795173
170 0.3077026825708332
171 0.21884893208263484
172 0.32320321850227834
173 0.2784250064317284
174 0.46669480474550434
175 0.4598600722156928
176 0.1400965243585458
177 0.6648207280190277
179 0.7772463324921405
178 0.6797364188252188
180 0.5430936596528574
181 0.603738685547044
182 0.44955263391848604
183 0.5020899817662169
184 0.516495387838717
185 0.36912782495763646
186 0.52452568361259
187 0.6836596872591154
188 0.4657019659234483
189 0.49958764070489814
190 0.49321831883524625
192 0.5073485663896831
191 0.5120571955516287
193 0.5435939773835854
194 0.4874205451869088
195 0.6528122551469144
196 0.6029814397970905
197 0.5882380185373784
198 0.5337403816796019
199 0.4494977274660925
200 0.40608601784556275
201 0.7673299583010292
202 0.3339151055143141
203 0.4243845834471349
204 0.38327965128191793
205 0.3895763341416026
206 0.4577819276100066
207 0.5427972611448731
208 0.43987605720484874
209 0.6076050897091109
210 0.6833038316007991
211 0.6120707554074121
212 0.5331604715107661
213 0.39324133582233356
214 0.6240306319009241
215 0.42268858845155455
216 0.3638657829736262
217 0.30031769519589235
218 0.571136537876843
219 0.4909795923583741
220 0.5385820466305052
221 0.5010928489579698
222 0.5041964044570862
223 0.6033254970894079
224 0.4073636565371165
225 0.5577569481240695
226 0.8525781049726199
227 0.3859449860274271
228 0.39161533459581765
229 0.40439735030811247
230 0.4237032992627883
231 0.38359627706627114
232 0.26642677473870124
233 0.2948881339502603
234 0.3046580829495418
235 0.21295423783796147
236 0.2046338553074735
237 0.2986110774506644
238 0.29854391443359435
239 0.36327645961014415
240 0.1632981907547825
241 0.7225485791008565
242 1.204863215454289
243 0.697643381783033
244 1.0722420202069824
245 0.40124560610761417
246 0.5243217336012943
247 0.297070326278222
248 0.5396860314366113
249 0.5139920332066424
251 0.569116547351829
250 0.7422125287833666
252 0.8302822468374056
253 0.46362187524636167
255 0.4853588366641581
254 0.6936705194673458
256 0.5567794680225752
257 0.5491213517534919
258 0.4689329056108459
260 0.4039186287002474
259 0.5777862120010583
261 0.7216846362854177
262 0.3555784867553629
263 0.5748781691596345
264 0.31836779813405797
265 0.4028068744962519
266 0.5463426940897281
268 0.33155450430603817
269 0.29711714238317793
267 0.5075426932424985
270 0.23920754598478444
271 0.42681843295764627
272 0.2743182060504734
274 0.33645476698280513
273 0.4907799735064584
276 0.43374783013260104
275 0.3689050541681755
277 0.3497495044713513
278 0.3048738828152295
279 0.14576620413533065
280 0.20812656675905583
281 0.24071840682893209
282 0.2291878016736493
283 0.14889541216236316
284 0.14597368223071336
286 0.1332674623670384
285 0.09398991077057452
287 0.27613160177285623
288 0.10165400487429335
289 0.708144727090209
291 0.8780926998098257
290 0.6868648910177979
292 0.5019792798282509
293 0.4992757470737815
294 0.43298820325000387
295 0.6379877582446803
296 0.46971316305640975
297 0.4917024461626838
298 0.5548934686977901
299 0.32523111911008046
300 0.4675053360908479
301 0.22955588041250372
302 0.3274638619285312
303 0.5313749771146131
304 0.20208608647327986
305 0.5604656874701129
306 0.5128790572575728
307 0.3592422844460268
308 0.40877316192557783
309 0.3435219314531946
310 0.3604812888679882
311 0.30183976891947306
312 0.24532088652093337
313 0.38954656679148025
314 0.23610684844084184
315 0.36625394508538056
316 0.2579286490698722
318 0.16672037527185166
317 0.3599026072457034
319 0.36191606855273317
320 0.08533073109875274
321 0.729833297412954
322 0.3805015950118291
323 0.5305037268034348
324 1.0064152462236977
325 0.6075070308339375
327 0.6211560132714915
326 0.5091853750704091
328 0.45559626651067947
329 0.34176956921812895
330 0.6034422719473455
331 0.33887972902679697
332 0.4332962218113608
334 0.3819683664708593
333 0.45692095906011654
335 0.5691870036720635
336 0.5006950667002821
337 0.5709759362000297
338 0.548913495381395
340 0.7551378436030184
339 0.5624530478663325
341 0.48094033150970683
342 0.6835011546217624
343 0.37297022940720875
344 0.3609502701656993
346 0.3685077227078604
345 0.5035732977485337
347 0.2536859561156326
348 0.34181634863427274
350 0.37140984706731
349 0.23056156429475877
351 0.451781895528889
352 0.5396387392475328
353 0.37760462534138434
354 0.5154621646881811
357 0.7774044041449405
356 0.5382484963112472
355 0.41036310280977234
358 0.5247323456269862
359 0.6957804552558228
365 0.3446862277324359
364 0.4707808130707228
363 0.6459850704961295
362 0.5510191806195739
361 0.407702023978706
366 0.7622073382592477
360 0.43220293733491305
367 0.19315253003623478
370 0.7307121939227054
369 0.9969823651971395
368 0.34836181719559906
371 0.3934964190214018
372 1.0201707351645515
373 0.6086843969762512
374 0.44898643021500856
377 0.5186159625479546
376 0.44857959454891244
375 0.7048401590510098
378 0.6394069535019516
379 0.5575503919070972
381 0.4426178696082874
380 0.37807715256496327
382 0.5494874791721828
383 0.5899849987354001
384 0.8939871795273372
385 0.7409611167917823
386 0.7720355785074531
387 0.6271859829582717
388 0.7655836822807295
389 0.38360092461355877
390 0.5077215463858983
391 0.8461370093160564
392 0.3822325114664872
393 0.5156800220955012
394 0.40824254265358434
395 0.46916296058099083
396 0.4401166047375968
398 0.48381136903679084
397 0.4125177346980721
400 0.3987506691378987
399 0.9025292128680091
401 0.526917386111476
402 0.5321933756100411
404 0.5948761775899482
403 0.5335977258932499
405 0.6460483462924018
406 0.4798008120751777
407 0.5128317937652126
408 0.5806873260663262
409 0.3338726299053581
410 0.38919699478509595
411 0.43980323931224746
412 0.3176170391840943
413 0.7850860305548205
414 0.5158830460794042
416 0.36785727009067637
415 0.7539508691122276
417 0.7806698768532876
418 0.6467460568396782
419 0.5436822495867174
420 0.7236143530564698
421 1.0109013934321192
422 0.5796329936601008
423 0.6014494114257103
424 0.8580425590651085
426 0.48604298939791074
425 0.5901582887631391
427 0.6090976827094321
429 0.6391347771693623
428 0.6602450994942984
430 0.5882888960981103
431 0.9259694290800455
432 0.5802405952892875
433 0.6629128474848366
434 0.6308545868055455
435 0.3601175478042119
436 0.7060370922444514
437 0.9523530515973756
438 0.3079268496055516
439 0.4493852121074949
441 0.27044565658962405
440 0.40070716073000934
442 0.393284180023821
443 0.4377513088339797
444 0.3397834763210414
445 0.273304330797178
446 0.4364553815002466
447 0.5940225689525667
448 0.3625605224952105
449 0.29828067717364815
450 0.4848376970107664
452 0.18156808909196767
451 0.34931252175878474
453 0.43921775968465454
455 0.3992709933506757
454 0.5292169630954775
456 0.6037542162428351
457 0.4054119322142192
458 0.49995352952849853
459 0.36080178266454194
460 0.319552993378027
461 0.4138625024014655
462 0.420449029403829
463 0.6366774114262901
464 0.4613702004638872
465 0.6411479761786667
466 0.8485499919832894
467 0.5330070642360499
468 0.5506995172703077
470 0.8090822842569648
469 1.0977924098525211
471 0.7490285207565222
472 0.5083245707854339
473 0.8277960991890675
474 0.5990393275937173
475 0.4847697445871989
477 0.4380408777787584
476 0.66100496377086
478 0.5466619722129735
479 0.8293383883785616
480 0.6634342191752028
481 0.8559711746124009
482 0.8250265359366662
483 0.6945566909476985
484 0.945917747212055
485 0.6632311742788884
486 0.8002401965859817
487 0.4271299932735593
489 0.7277779023794502
488 0.7795275841097888
490 0.8716181007136177
491 0.6411754632364871
492 0.640253281528519
493 0.7819116781073816
495 0.8842471164778203
496 0.47235520749538906
494 0.6735156863834274
497 0.4985434863734724
498 0.7322375246797795
500 0.732807816771901
499 0.37840740850676835
501 0.6124696952745227
502 0.44805920639473057
503 0.535639350891337
504 0.5353806856539766
505 0.25016862089002617
507 0.4767712611592562
506 0.5073270885008506
508 0.5119547419386615
509 0.5199087925408968
510 0.30262386866082575
511 0.2722752025615173
512 0.49753668878184254
514 1.0690082055506716
515 0.5907386168121732
513 0.6454211691825572
519 0.4644398787203248
516 0.48977772101702177
520 0.37422576746016417
517 0.6174273812373599
521 0.3495507872185147
518 0.5213928598456254
524 0.43153786696285473
525 0.3664356652912535
522 0.3861821884703193
526 0.35984216177888845
523 0.4423598133569905
527 0.5980013418359377
529 0.7467783682482828
530 0.6708828439420136
531 0.9330445982947668
528 0.3012780077211931
532 0.6880355569288674
533 0.6706944489153851
534 0.3902177321782892
535 0.44359080503441756
536 0.4118169580167614
538 0.6411924812547203
537 0.22212577984696422
539 0.4538502640956229
540 0.5231784835843586
541 0.4250409490396433
542 0.5689536738877193
543 0.5890343169892566
544 0.368000875534941
545 0.49280015754240747
546 0.4297362496405769
547 0.5505593528071749
548 0.7729329650727947
549 0.32797629165276865
550 0.4555664350382024
551 0.433524280309052
552 0.4550358037283073
553 0.318791300515975
554 0.2669027431408032
555 0.4533527575070812
556 0.552446303064643
557 0.304326292724705
558 0.277929045522126
559 0.49969760978047345
560 0.42095927753059836
561 0.7289573754746176
562 1.2091562151340611
563 0.6921380300512546
564 0.5582016987885331
565 1.0672474774093956
567 0.5539508457578117
566 0.7748365072056599
568 0.8069475635027347
569 0.5414262980669836
570 0.7945174215870495
571 0.8560290716594997
572 0.5512401738147725
573 0.8217125868266937
574 0.5460474284576716
575 0.7157388425468661
576 1.0381686803641657
578 0.35480353119719654
577 0.43705060829829045
579 0.5016701988406476
580 0.5755647048471073
581 0.5773221660526225
582 0.5484605140171644
583 0.527202959066561
584 0.39786483204615225
585 0.4949682136243677
586 0.33548150489608036
587 0.4879213791773561
588 0.480392945941446
589 0.542420514759479
590 0.7737691379471955
591 0.3068874961391725
593 0.7105408478532979
592 0.2468386118343053
594 0.47029749412513394
595 0.8689497365856521
596 0.8643113804495846
597 0.5460044696691871
598 0.748986828730126
599 0.6440277557905922
600 0.4752445769402961
601 0.4560155305267794
602 0.3872512832972196
603 0.5519573757565883
604 0.3028813206947145
605 0.6218439662222349
606 0.4278046153358317
607 0.5954354296120659
608 0.4190414079223349
609 0.6310841534573728
610 0.6668695195828542
611 0.43293745110326914
612 0.6020706270876226
613 0.5197149263535411
614 0.3310968254754893
615 0.54443297939542
616 0.4246748121739481
617 0.44525005879432916
618 0.4177918123021044
619 0.39492876878134386
620 0.5205245776245958
621 0.43984008540527125
622 0.526880699528924
623 0.4412832587527881
624 0.2913964010984084
625 0.6939160057242759
626 0.5613750659475409
627 0.6269059808121826
628 0.4457721327324487
629 0.5753224253170383
630 0.2618091290573661
631 0.3675833418576285
632 0.4894837422753421
633 0.2790861508513364
635 0.6088543404104685
634 0.2730405507847385
636 0.40875562440372487
637 0.337635578284254
638 0.4475262281136902
639 0.41499360386739703
640 0.34909798963190125
641 0.6702631936330972
642 0.5303351929400741
643 0.5993073047576917
644 1.3328893172426282
645 1.034823987013271
646 0.7191721467148298
647 0.571440341388726
648 0.7727595333034278
649 0.6238531342984006
650 0.5986658215343654
651 0.6305066559611211
652 0.545454848055506
653 0.6197302903507034
654 0.6428882002598068
655 0.5180578950870761
656 0.4821154359374596
657 0.6247802258903599
658 0.6323765528616256
659 0.47838128071646924
660 0.5542765556930488
661 0.39870793278745753
662 0.3915866286285734
663 0.32664510355464554
664 0.4119881884256626
665 0.41151038934317363
667 0.1408455423769844
666 0.2469807324302495
668 0.3451618709074531
669 0.4320755214181312
670 0.3129337327043604
671 0.40372161304182885
672 0.3007561912509034
673 0.6244057041309614
674 0.7255522618706312
675 0.6629924110579536
676 0.4475802567498259
677 0.6169027811040393
678 0.5153183982337332
679 0.37033964353876114
682 0.3963558475592566
680 0.7710164239015924
681 0.8086369008391013
683 0.6229325222372717
684 0.5152327925184548
685 0.5398814568599845
686 0.5577285317678075
687 0.7057036553948596
688 0.830839632096351
689 0.5965516666995409
690 0.5542979483202152
691 1.0128232637965109
692 0.8889725222497329
693 0.7487883014109454
694 0.5219758335215339
695 0.6698097379019574
696 0.45025860981486704
697 0.39078994065178735
698 0.495109809978837
699 0.7617931639697221
700 0.48823383171570406
701 0.3861143615350608
702 0.6863945317063164
703 0.7239669670982282
704 0.4430319441643007
706 0.6539077779823008
705 0.5981644707116236
707 0.30358588705213024
708 0.6289332047862648
709 0.5558856767797907
710 0.4930436754675036
711 0.5666921117756877
712 0.8063114408729792
713 0.5079961293933564
714 0.895186658722143
716 0.46963944426287874
715 0.5786343372611641
718 0.49083095214331535
717 0.5367714235033827
719 0.5983360295453412
720 0.5609191232390014
721 0.7343046822585109
723 0.4805720367978937
722 0.7712207702564812
724 0.5526226921149878
725 0.4749978958875795
726 0.7872137732365073
727 0.39006447805083705
728 0.3895684602397252
729 0.4282537142886212
732 0.35310700284527125
730 0.20417393811949947
731 0.27874575700424203
733 0.3056040429604585
734 0.3391240828350797
736 0.27418788806934186
735 0.35021851119184083
737 0.41610757725777275
738 0.5950193573596969
739 0.8673665443495125
740 0.44274066839296494
741 0.4798804706671426
742 0.521325786966811
743 0.5866786167900379
744 0.4070327881448723
746 0.7680467853027021
745 0.5640484609986982
748 0.9587261409547245
747 0.5517668208467087
749 0.6728625439570629
750 0.4596347252512924
751 0.4294042149590129
752 0.27742879091406775
753 1.3006242433545772
754 0.6010089525774936
755 1.0577822035375501
756 0.835502320416686
757 0.708534836605383
758 1.2548253896933674
759 0.8310301394889358
760 0.7479534683124144
761 0.7145244227712478
762 0.8755271938152829
763 0.6954441427903586
764 0.6933948247150418
765 0.5769695875468493
766 0.9038247067139752
767 0.8902543230915944
768 0.6944734836892033
769 1.1001429563903986
770 0.6525833354162516
771 0.6579941199899431
772 0.5861772415887531
773 0.6472600122978119
774 0.39041721761371057
775 0.6494992201335451
776 0.46409751591953224
777 0.4973834050092723
778 0.42253350010306095
779 0.6940093894111464
780 0.35581820845636974
781 0.43469987947936034
783 0.5338419734081187
782 0.7383388301783428
784 0.4639228631809387
785 0.4329295616039589
786 0.5096160273538037
787 0.7218288495315105
788 0.26721494911125965
789 0.5229235011002334
790 0.374783087222184
791 0.7260369310664117
792 0.529404118305076
793 0.570697883744992
795 0.5111784327668765
794 0.4661292292181392
796 0.4948313795635438
797 0.4191873492707845
798 0.46097624332321513
799 0.4102329447759371
800 0.4661814078542916
801 1.0623803792360955
802 0.44828708225850383
803 0.734915978258479
804 0.5137071852214942
805 0.5265658418396589
806 0.5998815863755016
807 0.526693163913955
809 0.920747135693258
808 0.7463931197941761
810 0.5372057102440803
811 0.6080929211078349
812 0.47273780536581267
813 0.40876459664875164
814 0.389020749140145
815 0.48369098121517434
816 0.6577588560441855
817 0.585596981088941
818 0.5470975302264547
819 0.6710835921691772
820 0.43302672032296885
821 0.36512190447305265
822 0.41854461568075774
823 0.2501315654851316
824 0.3247041932058373
825 0.35498166384932867
826 0.25505467624484424
827 0.27790238253229965
828 0.44140002078421514
829 0.38727374568212947
830 0.3196462639504077
831 0.4548865086366333
833 0.3770024751428224
834 0.6879743839867878
832 0.267086017410122
835 0.5253793938842548
836 0.4124258489425705
837 0.6441419890607469
838 0.6609864467666762
839 0.7419362784601743
841 0.3373695970609455
840 0.38155308827733475
842 0.31929648998390636
843 0.39699792872180883
845 0.3585227615192886
844 0.39510484137886326
846 0.23627532054377562
847 0.4960206962145114
848 0.27913015862041674
849 0.5207964809209704
850 0.6067168951654043
852 0.9662466737883433
851 0.49625291364954893
853 0.5211684321052072
854 0.30390618701400973
855 0.5031862546124336
856 0.27730602024844964
857 0.45266073386983335
858 0.39664398480249263
860 0.5473503401865513
859 0.4654208082184376
861 0.3733827251792178
862 0.3620216646901633
863 0.47081794741410554
864 0.27289838267667854
865 0.5343724278777496
866 0.5257078894949685
867 0.7536209365571729
868 0.6291420654633357
869 0.5602598031717863
870 0.6026201215871129
871 0.5326967384820154
872 0.7533037759956691
873 0.5152576895226053
875 0.6716315290618623
874 0.5462965540030444
876 0.4582009482555231
877 0.36618492035187944
879 0.8423007975951445
878 0.3174415214838525
880 0.588442417413123
881 0.5184066958664895
882 0.527986344096341
884 0.7869333782096453
883 0.47480505805400725
885 0.6890002245386131
886 0.8755518267285993
887 0.4474841728025415
888 0.27285831714646563
889 0.3473836281304999
890 0.3166873279071513
891 0.5789492815841163
892 0.3492943484865833
893 0.5200387076253715
894 0.5330219579661337
895 0.5328167590563695
896 0.3581528145540973
897 0.6516079008146566
898 0.665296241084073
899 0.6428115610439423
900 0.6552103906714732
901 0.4754172819699202
903 0.7715573196571545
902 0.586055782647208
904 0.384488352633123
905 0.7442247537528861
906 0.7035677430275032
907 0.40483987735520216
908 0.487172585463691
909 0.4228366683678811
911 0.4684161010119824
910 0.3433647568165637
912 0.27306793360926856
913 0.5376430699233054
914 0.5006371421294109
915 0.9565416529720528
916 0.5703549291723427
917 0.40175916088938907
918 0.4792782730386416
919 0.7206493824616911
920 0.4424188627290182
921 0.4971300189121108
922 0.3655617337014347
923 0.37375693874863924
924 0.37884877766773456
925 0.33951481321450955
926 0.5331837690675546
927 0.8291948838025553
928 0.35111766781759457
929 0.8700016304097598
930 0.8099103509515694
931 0.6900510714928065
932 0.6194797170755556
934 0.4250368316012356
933 0.6087494755489185
935 0.5305620458912685
936 0.6937536086667444
937 0.891877444726603
938 0.3917702095465151
939 0.706776978009145
940 0.9805237258751249
941 0.45412581584162176
942 0.8519412550872986
943 0.714668266375623
944 0.6638471771954365
945 0.9347764411355313
946 0.48100203288509347
947 0.8369020281935652
948 0.7187824314703573
949 0.9095441945336218
950 0.7927490482155539
951 0.44859071220375696
952 0.48625967498391465
953 0.49303857541291585
954 0.4412197165193512
955 0.6857886582420456
956 0.43536185956053985
957 0.5182670232808281
958 0.3504682984633543
959 0.6225982833931017
960 0.4892399023539058
961 0.5936111365972933
962 0.9494902781456148
963 0.6014786184821348
964 0.6295964991977006
965 0.5570305546066046
966 0.44529646255622035
967 0.5823326908091624
968 0.44922395518722164
969 0.428974485277452
970 0.5634921945435791
971 0.4232405195653218
972 0.4530265407647012
976 0.5071402183379629
973 0.7816987724324612
975 0.5414096816147228
974 0.4731602383657606
977 0.5288440752808299
978 0.5954288940601049
979 1.035628841046186
980 0.542395238242541
981 1.005828944578992
982 0.21111559138243485
984 0.4752242666712932
983 0.4811816837739728
986 0.774900152332813
985 0.8548772489949567
987 0.5254260863039316
988 0.34886985876291393
990 0.34740940311366875
989 0.40481998576762784
991 0.4369509642937225
992 0.5687282271092398
993 0.4897177760736768
994 0.7100413620656193
995 0.5128181968233956
996 0.536689383188779
997 0.5219378436210121
998 0.6557121777512289
999 0.7204496509677832
1000 0.8613474766230677
1001 0.6052637206984068
1002 0.40427832069389275
1003 0.4146202989328582
1004 0.3872476005507926
1005 0.7257892699452043
1006 0.427141808725206
1007 0.3805643241328661
1008 0.6764050567862425
1009 1.081875574000541
1010 0.7861235237928416
1011 0.6460174371442031
1012 0.3655478311080797
1014 0.6063811168580368
1013 0.5323517700340836
1015 0.962677903108289
1016 0.3942204164181181
1017 0.5419152948401316
1018 0.39595068826998503
1019 0.4883585116035885
1020 0.9307451450539062
1021 0.5124210228880804
1022 0.6819002344902183
1023 0.6273637670435577
1024 0.46885320844739525
1026 0.5716500080650037
1025 0.6379595785960241
1027 0.5442184829788033
1028 0.3796572492100384
1029 0.4087753507832878
1030 0.5542711489215677
1031 0.28902690930026853
1032 0.5500552255212787
1033 0.4095522243991407
1034 0.41999590246959884
1035 0.6797775096293558
1036 0.45911335254848035
1037 0.4353091187661936
1038 0.5162766362539241
1039 0.5156264225121763
1040 0.5597650371393385
1041 0.5295108984780538
1042 0.6402134317579828
1043 0.5939230337218928
1044 0.26408444859905006
1045 0.5796855197620085
1046 0.5674696681827291
1047 0.872987752403778
1048 0.5594256924423539
1049 0.5692733201813811
1050 0.3924652731857304
1051 0.5141778340836618
1052 0.5733855684653829
1053 0.3092812791389055
1054 0.6322222353738711
1055 0.5016280113010088
1056 0.5215005347338866
1057 0.5101274995891779
1058 0.9752563003827934
1059 1.0479840807682863
1060 0.7286417681487914
1061 0.6081841201196329
1062 0.9647371581790641
1063 0.5308935999489172
1064 0.6426099433577072
1065 0.6167856589383182
1066 0.6142466567783798
1067 0.38463513571876506
1068 0.5475875260009527
1069 0.7859145984124166
1070 0.7343598255578613
1071 0.7454678054771708
1072 0.3730566243592914
1073 0.7406003364294731
1074 0.6891085896507289
1075 0.520739471352118
1076 0.6549001013369526
1077 0.9628908451337143
1078 0.7024414933500788
1079 0.5001539448364987
1080 0.6170283013630811
1081 0.6495927482266569
1082 0.5946757867195724
1083 0.6342279047859061
1084 0.5709936261305083
1085 0.6717801702829361
1086 0.5953584543534811
1087 0.513399893771987
1088 0.5226416112585484
1089 0.6871471392333115
1090 0.9787615927423828
1091 0.8082457997926229
1092 0.6418770902576573
1093 0.47204616377515185
1094 0.4417783566875259
1096 0.32098149773678075
1095 0.51236056478448
1097 0.3767353333850569
1098 0.3825262506011843
1099 0.27031912028179783
1100 0.2629116306454826
1101 0.2721227925490198
1102 0.3583586155855844
1103 0.7522895183200895
1104 0.25848290020204717
1105 0.6442927568722157
1106 0.5208621487761901
1108 1.080253953704097
1107 0.9948354288571777
1109 0.580094562710224
1110 0.4905794893171009
1111 0.6261250134698875
1112 0.6600364125028759
1113 0.518031660339583
1114 0.3716229571127616
1115 0.3588616842857699
1117 0.3340673105545054
1116 0.5203110364590575
1118 0.2323978767162934
1120 0.46537529774623176
1119 0.4663838594775158
1121 0.6548725461428885
1122 0.7921533827166917
1123 0.8942216242344019
1124 1.1287853645017323
1125 0.7077970782586042
1126 0.5594045940014558
1127 0.6681327511824777
1128 0.6067185362172127
1129 0.6120090958613444
1130 0.7520790499714773
1131 0.9081736050309
1132 0.48293525031909573
1133 0.7892180314828512
1134 0.6362814567197793
1135 0.8533376642570354
1136 0.5558656736901461
1137 0.9408936356943609
1138 0.8337834825338406
1139 0.5573569101564988
1140 0.7387316315248501
1141 0.6054221477454114
1142 0.46713426858122464
1144 0.49303447424191343
1143 0.566252551171702
1145 0.469029390594323
1146 0.596647546612655
1147 0.43832905020961893
1148 0.7404445683027444
1149 0.44403458100922394
1150 0.3391232798546795
1151 0.883783833519072
1152 0.4353396550403681
1153 0.4519203118922074
1154 0.3492023691045189
1155 0.5241986615333287
1156 0.3766785095826634
1157 0.37335674130832347
1158 0.376963389947313
1159 0.258898620766894
1160 0.1878562721567226
1161 0.29896277031875834
1162 0.35119070847987965
1163 0.19284577806544448
1164 0.3032108418757482
1165 0.5084016989103143
1166 0.2583567553912447
1167 0.27911886773426703
1168 0.21072323491214692
1169 0.46113402715877727
1170 0.6149696036117653
1171 0.27167850519217296
1172 0.6436050264721188
1173 0.6643618304795086
1174 0.9933535329309165
1175 0.3344530276914203
1177 0.4512490432537562
1176 0.43418102220430854
1178 0.43373043849009035
1179 0.7830736633904515
1181 0.7572318946906564
1180 0.660022833055336
1182 0.3809308887981638
1183 0.9303993507174306
1184 0.37548070684479473
1185 0.9916166871582447
1186 0.5367627787972308
1187 0.7987262065592869
1188 0.7201494052053448
1189 0.6029471510443167
1190 0.5516850332509667
1191 0.6496401147338049
1192 0.9177983134277105
1193 0.4243961282386793
1194 0.5403557464258907
1195 0.3124189982786351
1196 0.5283476083367626
1197 0.7910715348979915
1198 0.5688284489514284
1199 0.6550823086052077
1200 0.9531233579765931
1201 0.6500569891786014
1202 0.6535759306357793
1203 0.5123050582907184
1204 0.3766867980536481
1205 0.5857902242003248
1206 0.5272986035921501
1207 0.7982275623727582
1208 0.7067696048141051
1209 0.3568403210023824
1210 0.6164935261568716
1211 0.436271095041833
1212 1.2672639142856812
1213 0.8824114861720316
1214 0.3966599856569012
1215 0.6645816232697818
1216 0.5913205157180692
1217 0.4794088240942848
1218 0.7641246133146311
1219 0.500404393981698
1220 0.9858042220862112
1221 0.451537925854071
1222 0.4597881059693845
1223 0.5135749656811717
1224 0.39382328380758214
1225 0.46288384775277763
1226 0.2846994655226592
1227 0.5047246357497819
1228 0.35498502470867227
1229 0.32152692779991804
1230 0.3385570189605466
1231 0.5805555821705652
1232 0.5469092504297826
1233 0.5708593532956111
1234 0.6988199214732791
1235 0.5829407213642771
1236 0.6114455639718935
1237 0.4281836550585897
1238 0.4497173741496286
1239 0.721257395956181
1240 0.5572813300524584
1241 0.402681016075232
1242 0.6060951938444379
1243 0.460041372391215
1244 0.35765430501747963
1245 0.37222379625395213
1246 0.20076811319483243
1247 0.39960682859837354
1248 0.437442174922279
1249 0.686206125500464
1250 0.9331590142531979
1251 0.713392069147222
1252 0.7592615054061641
1253 0.5107098560386318
1254 0.6927301214084157
1255 0.5108073587524623
1256 0.489007074090121
1257 0.5602438567617363
1258 0.6029349082754712
1259 0.547768987033288
1260 0.7578390718846582
1261 0.46303372991068376
1262 0.45995667305250904
1263 0.47920382137452966
1264 0.48101739035495267
1265 0.37517321195966685
1266 0.6601315696089808
1267 0.6854876222031445
1268 0.9457919416512368
1269 0.7581199968002721
1270 0.8402869231124561
1271 0.7161064324630673
1272 0.5860039633748312
1273 0.5773401602410656
1274 0.566208214832732
1275 1.2709460471328697
1276 0.5384734609477161
1277 0.6464154281580461
1278 0.7087799968443429
1279 0.6015937596581822
1280 0.6474337873744687
1281 0.9754158618086683
1282 0.48723405835439965
1283 0.43200506978416164
1284 0.48021414334830875
1285 0.5885731114235088
1286 0.7370373133299744
1287 0.7195284411342492
1288 0.8803231108699915
1289 0.4749489229744097
1290 0.3196186646907962
1291 0.35605234516996304
1292 0.4048881483295813
1293 0.7077332027176705
1294 0.3570863391506317
1295 0.6014834432346859
1296 0.293743014620187
1297 0.684740529916503
1298 0.6226682754751127
1299 0.48048170679295027
1300 0.43088855885433464
1301 0.5657001416527767
1302 0.4426196098076572
1303 0.5352751538455089
1304 0.4873991983168558
1305 0.6301881567396345
1306 0.6373646757604259
1307 0.3034625400201405
1308 0.5640446211677261
1309 0.3695015886624799
1310 0.4001080579018858
1311 0.551952441574174
1312 0.3600469102127527
1313 0.6878212233499893
1314 0.6158780510547351
1315 0.5384006894160643
1316 0.6089934024825481
1317 0.6176076534046514
1318 0.4439640826462182
1319 0.2391295898094853
1320 0.43070622818928106
1321 0.31300831051174444
1322 0.5435577583667321
1323 0.4767302845905114
1324 0.43805676031455315
1326 0.5845387094025207
1325 0.4299268096565003
1327 0.5768142783415117
1328 0.3704950711547995
1329 0.5650941901343953
1330 0.7085961725973875
1331 0.5484824787492663
1332 0.6716868182236855
1333 0.7506767919908451
1334 0.6629383256794005
1335 0.6071534639222854
1336 0.7776591726122697
1337 0.5203248271350226
1338 0.5209877374388279
1339 0.42122397932712174
1340 0.729293015062992
1341 0.5228777720778378
1342 0.3274086363987365
1343 0.4340541353774571
1344 0.5913036014213506
1345 1.0794278502730719
1346 0.6755375986208007
1347 0.3683287319517555
1348 1.0590790248692492
1349 1.0314687525525597
1350 0.6431017029717837
1351 0.9097482219857549
1352 0.6378985993938744
1353 0.38352010009968185
1354 0.600145957112379
1355 0.7828684413916556
1356 0.4569732672472157
1357 0.43973590894238523
1358 0.38586847649782174
1359 0.518761866574177
1360 0.26216098606415933
1361 0.7558793762574402
1362 1.1551890716384647
1363 1.1349700601286323
1364 0.5929489904975546
1365 0.5513037129227645
1366 0.6017090476786701
1367 0.4260672844663459
1368 0.48261926101062097
1369 0.533834967131119
1370 0.595768277027938
1371 0.6331042887584205
1372 0.5015088745134527
1373 0.5583533595736707
1374 0.882203068264317
1375 0.6532769787484669
1376 0.47452220496957187
1377 0.663859958059007
1378 0.6447171829886457
1379 1.035867131597266
1381 0.5949747221510759
1380 0.5449466787962685
1382 0.6580525479135446
1383 0.5430639323687855
1385 0.3708318447223305
1384 0.5092114316358076
1386 0.7257040112369813
1387 0.6432997954300703
1388 0.7481449517718252
1389 0.5124138656941655
1390 0.26904814681700867
1391 0.3209898129579747
1392 0.3402813495219529
1393 0.6330974724350446
1394 0.6274458048826653
1395 0.6319013572203543
1396 0.4712223895198687
1397 0.41686425252379833
1398 0.3035455072508698
1399 0.23774372602265237
1400 0.4517255111429354
1401 0.2997413588223465
1402 0.2888980981628009
1403 0.43355622853344883
1404 0.25397826709495924
1405 0.29241981499436404
1406 0.18190142342233676
1407 0.4336111361073746
1408 0.29952296401868644
1409 0.8921599275681443
1410 0.4412699679233077
1411 0.49975808678105355
1412 0.558373079827301
1413 0.43471494404724575
1414 0.33510822741230434
1415 0.5791134254873277
1416 0.3929297431234876
1417 0.5293541848067479
1418 0.5141485644517634
1419 0.40613928615900974
1420 0.26310051887000657
1421 0.33590688705417565
1422 0.5227548067798752
1423 0.6738117060508132
1424 0.3086050974061889
1425 0.7437775267684911
1426 0.52409614770286
1427 0.5050172202068496
1428 0.6360274135974364
1429 0.3889310981340383
1430 0.5082401102195261
1431 0.511388538580093
1432 0.3634529376769627
1433 0.3640448469777135
1434 0.33877139388301825
1435 0.31933751229485496
1436 0.41179959893334533
1437 0.36348040443106405
1438 0.31847741947899544
1439 0.7316037762374267
1440 0.3871656422687457
1441 0.3387687326638435
1442 0.3752511696957821
1443 0.5330798924783695
1444 0.3180853499289407
1445 0.45117420845168
1446 0.3361676077830158
1447 0.43551612774576637
1448 0.32168092470561843
1449 0.29138487036608346
1450 0.091171259001413
1451 0.1471502134281311
1452 0.1449054157762378
1453 0.2220499918217838
1454 0.24606432003744164
1455 0.45585249864078775
1456 0.26781589222030855
1457 0.7452829163955681
1458 0.7122982980053084
1459 0.8739693797826694
1460 0.6166180860844489
1461 0.5938683739961056
1462 0.6494197618302162
1463 0.4939192627706627
1464 0.4984278827256863
1465 0.7356569770466278
1466 0.7645341345414407
1467 0.5443665727177028
1468 0.4788563819994522
1469 0.5377592208631418
1470 0.5099267092084304
1471 0.5660107937885748
1472 0.8163898212605558
1473 0.962931216045267
1474 0.45801876560195404
1475 0.8538905920707874
1476 0.7592681352605284
1477 0.369685471641642
1478 0.410951816708046
1479 0.43862434123746485
1480 0.3164539550284078
1481 0.3541597661315205
1482 0.5120092540303556
1483 0.45333900792857734
1484 0.3194696821662686
1485 0.3095596174736244
1487 0.4591208707964882
1488 0.43159438499750663
1486 0.292498062670484
1489 0.6012705497002896
1490 0.7788183780582822
1491 0.4945608772781369
1492 0.5220925373469282
1493 0.4095947320524864
1495 0.45884965668049027
1494 0.2037664256727974
1496 0.3388160244994831
1498 0.26585375508680614
1499 0.4285513016763393
1497 0.34890925938654405
1500 0.18397409569861295
1501 0.287238244917728
1502 0.273802938840226
1503 0.38634118164721304
1504 0.25328547282595315
1505 0.5016115290892496
1506 0.9221028559148156
1507 0.6298448864821234
1508 0.500651159406008
1509 0.30855506381908215
1511 0.39113320700685666
1512 0.46726789202253194
1510 0.5119755952944893
1513 0.6412266130181019
1514 0.5580098053535142
1515 0.3130756797920955
1517 0.36215527999708663
1516 0.27172036328839044
1518 0.3727867303630187
1519 0.4276800438852075
1520 0.47369219182151046
1521 0.6275273180984251
1522 0.8438440996367659
1523 0.6219818405232671
1524 0.5548871507270658
1525 0.7164255433586157
1526 0.4439586003419983
1527 0.38042901473522844
1528 0.30454184777649257
1529 0.7229926132817167
1530 0.3388522211432443
1531 0.3776201853256227
1532 0.3518216672080947
1533 0.4690961861615732
1534 0.30588141171738803
1535 0.8230310310909673
1536 0.3355426261525252
1538 0.7312535142930938
1537 0.5142358045171612
1539 0.637890130904525
1540 0.6516279554672876
1541 0.1977158275977967
1542 0.7907206535674983
1543 0.8875503805966068
1544 0.6988598314612058
1545 0.5902505813841455
1546 1.1374462386171968
1547 0.7207017201706117
1548 0.394593118915534
1549 0.5276630953190365
1550 0.49533963308742285
1551 0.7388251905953881
1552 0.6281630283814684
1553 0.6389125447451057
1554 0.4799919801574592
1555 0.599375035927964
1556 0.2918804305950184
1557 0.5201794640755227
1558 0.7772753611600254
1559 0.5499403741168722
1560 0.6068666830255067
1561 0.5033141243110508
1562 0.640326670423343
1563 0.4547349355666299
1564 0.11251707440545002
1565 0.3363117081466006
1566 0.38854332710009226
1567 0.887566061256851
1569 0.5886855862045366
1568 0.4314115053712252
1570 0.47332527581689343
1571 0.36232520927920303
1572 0.43132310041970473
1573 0.3975098272228625
1574 0.3979018764055242
1575 0.15046734492377206
1576 0.2137183033602098
1577 0.3128863542757977
1578 0.2858988997852504
1579 0.24204199952696073
1580 0.26119684179130115
1581 0.3111780559151773
1582 0.12709050789007445
1583 0.4005236565367796
1584 0.23497008859117763
1585 0.8580564508808417
1586 0.8506386055851116
1587 0.7820385862396168
1588 1.1966600631437114
1589 0.9197207124388705
1590 0.55681193972262
1591 0.4965094259471796
1592 0.6955415126033441
1593 0.5455987988580654
1594 0.5657957728919261
1595 0.6935709683455722
1596 0.6346739467178093
1597 0.9093690178192112
1598 0.5806112802369922
1599 0.5758462755302507
1600 0.880495026870199
1601 0.6960746452288772
1602 0.41369233703089464
1603 0.5324133499884574
1604 0.661159037928596
1605 0.4873132938047326
1606 0.4801666400887371
1607 0.3195934345058172
1608 0.5897359747116628
1609 0.4213190192333337
1610 0.5946095223080611
1611 0.4356781277602013
1612 0.29579035767486084
1613 0.10372475000746623
1614 0.3179865897590081
1615 0.1870513388620589
1616 0.21564263659911198
1617 0.5906638394879489
1618 0.7922829652448441
1619 0.5959604996158862
1620 0.4703722933809098
1621 0.6801401219186828
1622 0.5946757528558766
1623 0.9852369492800018
1624 0.6243298660328287
1625 0.6916448235713643
1626 0.30654298814960323
1627 0.45297237132691465
1628 0.5030474979438747
1629 0.5483191999572665
1630 0.46900439439570846
1631 0.6918305342075027
1632 0.6170910790734218
1633 0.6727915697662745
1634 0.4346447541526259
1635 0.5230256498051815
1636 0.662880355796108
1637 0.461775824811068
1638 0.497297465361202
1639 0.5848256810358109
1640 0.5159127529862342
1641 0.42873890797121483
1642 0.4462667964116964
1643 0.39384952380547456
1644 0.3838877983249079
1645 0.4101154856334168
1646 0.6447691049815171
1647 0.40670444612711676
1648 0.4432494573602933
1649 0.7750448985363865
1650 0.8806396111286893
1651 0.949060722116741
1652 0.7846982681610811
1654 0.36307410722261646
1653 0.6266763865668513
1655 0.40977936160707595
1656 0.43482595370678906
1657 0.42969977201691867
1658 0.34660350183731453
1659 0.4012409373567396
1660 0.48347615784537745
1661 0.4503535613911215
1662 0.5697397805700424
1663 0.40765866697253045
1664 0.33458254591905917
1665 0.760618882129552
1666 1.0066251810893088
1667 0.6978946580686403
1668 0.7174614660097581
1669 0.6448673476165754
1670 0.8641993486403164
1671 0.6663052137774329
1672 0.4758012226018515
1673 0.7155045713462749
1674 0.33444818661274445
1675 0.4324220644861793
1676 0.20578589647569623
1677 0.47090814182636503
1678 0.5614134861193367
1679 0.6459741352265982
1680 0.46025284393092547
1681 0.5269775113068903
1682 0.7296243268141096
1683 1.0555815445389087
1684 0.6196083472829459
1685 0.7926168380381953
1686 0.43533664695803714
1687 0.6665733933817228
1688 0.5357316945398144
1689 0.3491220755283214
1690 0.6437257522197546
1691 0.4458313870883444
1692 0.22022721162406492
1693 0.38817690998931575
1694 0.2934816729846198
1695 0.47149009733165675
1696 0.4272486791453334
1697 0.6388909975240814
1698 0.3433991167452191
1699 0.2472444045215921
1700 0.4810997255058769
1701 0.5287133986873436
1702 0.3551300062698019
1703 0.17546540371697691
1704 0.3030552175861599
1705 0.42155432014836475
1706 0.3776803917435423
1707 0.6657034931112253
1708 0.8558078456578051
1709 0.4368334161162561
1711 0.45498266673978593
1712 0.425050548321583
1715 0.7053638870809092
1717 0.4926476733128417
1710 0.4040853766152139
1714 0.6034368836875921
1718 0.5911594526865546
1713 0.551768026593482
1719 0.6480587128472406
1720 0.7352276726092201
1721 0.8016717451526276
1722 0.5215692143260247
1716 0.5091087095804315
1724 0.4824656313591804
1723 0.44198568392621185
1726 0.2678293865964547
1725 0.17155903052306196
1727 0.7684426927025211
1728 0.21425220783710436
1729 0.5911954141655842
1730 0.8710129040463944
1731 0.5984599790355025
1732 0.9601568203741727
1733 0.8925387232638238
1734 0.7437256818632795
1735 0.5560597584353512
1737 0.4208028438974363
1736 0.4385613414328477
1739 0.7073749973144843
1738 0.4609036960598891
1740 0.2941741079352498
1741 0.3987713130631883
1742 0.3989248292350858
1743 0.40691995600664965
1744 0.43411814138022
1745 0.6201285357907665
1746 0.42790073892755787
1747 0.7457898811576775
1748 0.34626322038637397
1749 0.2725405575978448
1750 0.31863817970191516
1751 0.22436459721358246
1752 0.32625676961388694
1753 0.2757374313445338
1754 0.30418300491480454
1756 0.40668967891747637
1755 0.2702679954115559
1757 0.25780752214329716
1758 0.3507430289348353
1759 0.47026457382456444
1760 0.30425195350084994
1761 0.7367206559991123
1762 0.7826342332892013
1763 0.46688282165931766
1764 0.929301972156586
1765 0.716123529720006
1766 0.5837500902448023
1767 0.39838883379470896
1768 0.9267409314670507
1769 0.43831387948976736
1770 0.5041270523936429
1771 0.6677818697240501
1772 0.5870185176812285
1773 0.4043160176903966
1774 0.5541132463557327
1775 0.5452344827228387
1776 0.3788838366263147
1777 1.1128335572771726
1778 0.6074660585853076
1779 0.6467935786551046
1781 0.6340371182939573
1780 0.5320143625642701
1782 0.5269876090041258
1783 0.8020893149610376
1784 1.2333096765392442
1785 0.6253153310240096
1786 0.5588385908253534
1787 0.831604852311668
1788 0.8564364167767112
1789 0.29522683453222903
1790 0.8790993402160721
1791 0.6894367250894702
1792 0.669184770881143
1793 0.8885934228576009
1794 0.49441881673998295
1795 0.574819563784688
1796 0.510233709340577
1797 0.8421668965255382
1798 0.3523024339818267
1799 0.2734902269874861
1800 0.39904733855393837
1801 0.5640040128549875
1802 0.2735934882364863
1803 0.3689144168586622
1804 0.5819719815417806
1805 0.31830803175402345
1806 0.32415350797475384
1807 0.48362150271781446
1808 0.33025060750448104
1809 0.6799200740859306
1810 0.8091838078454939
1811 0.6068228355012318
1812 0.6358612066550998
1813 0.6300219236230132
1814 0.9484162733324171
1815 0.9022333938569469
1816 0.6025652343362595
1817 0.8563342664829542
1818 0.7688518065588343
1819 0.6251227912755752
1820 0.7449103277394253
1821 0.6918018001003271
1822 0.6296789998321877
1823 0.920767441658767
1824 0.5750524487192431
1825 0.5660933918105073
1826 0.6046226720471501
1827 0.4576151474283367
1828 0.8501252985894577
1829 0.6847495047816959
1830 0.5690035717081905
1831 0.5056792674825286
1832 0.28303786920214025
1833 0.3168205449001836
1834 0.43164688581832067
1835 0.41938931144726327
1836 0.3909233632558068
1837 0.41601084577768727
1838 0.5561834841613291
1839 0.5356566104274889
1840 0.4422787349571951
1841 0.8936837765802598
1842 0.5896752758564808
1843 0.6297142703291807
1844 1.0256900814810919
1845 0.8540337603281832
1846 0.5660845983148696
1847 0.5100715749742065
1848 0.4013308542815184
1849 0.4083557797488855
1850 0.4972931982211342
1851 0.4682807133128618
1852 0.4834060498259907
1853 0.6762487383474879
1854 0.44211553421468197
1855 0.6833487506091335
1856 0.330130212801669
1857 0.5104848492905283
1858 0.7429650164792418
1859 0.6442036743150749
1860 0.4856036103322837
1861 0.7164185514197059
1862 0.8127908039956114
1863 0.617236355387436
1864 0.441775089249425
1865 0.5681960140259698
1866 0.6364656974108398
1867 0.5240617668157154
1868 0.42738677648965523
1869 0.585374070966623
1870 0.5354469840880608
1871 0.5032166365480835
1872 0.339221475110553
1873 0.7488298108792223
1874 1.042121872033063
1875 0.8244518384818894
1877 0.5317492400374604
1876 0.530291365648834
1878 0.5932259988931845
1879 0.6425060225032122
1880 0.5660199055738434
1881 0.8331089919337498
1882 0.9688898829125585
1883 0.5078541592904567
1884 0.4827119413872196
1885 0.8801304393258428
1886 0.47232326786661755
1887 0.49600817222365623
1888 0.6919242812553188
1889 0.5825948083477803
1890 0.5233262414762212
1891 0.47803498685201967
1892 0.4186602094379256
1893 0.4908791899538521
1894 0.5711795940316159
1895 0.455953554333047
1897 0.5124914159801813
1896 0.5939885294509764
1898 0.1473749818193681
1899 0.25361533508790435
1900 0.2901687491109423
1901 0.43190672263371754
1902 0.4124753768895566
1903 0.41985544668178165
1904 0.28202011685558076
1905 0.8777917021865901
1906 1.2767744595003436
1907 0.8357819929286284
1908 0.675380487223562
1909 0.7042454037449745
1911 0.6031469578243382
1910 1.3212497211413767
1912 0.9961441265215821
1913 0.6261280575607925
1914 0.8042586630677657
1915 0.6138636845101823
1916 0.7288770307258625
1917 0.6478064698848466
1918 0.7525009283628825
1919 0.5568130468792128
1920 0.6112245832918549
1921 0.5685953387758879
1922 0.5787658938257012
1923 0.4894054438966394
1924 0.7704617950616803
1925 0.42869355593137076
1926 0.3523820279878682
1927 0.34890172467941083
1928 0.5272419252417876
1929 0.5074945215176778
1930 0.46184851632856644
1931 0.7226619242640409
1932 0.46877289718280446
1933 0.4816844334364564
1934 0.39403854164009267
1935 0.485039545923564
1936 0.5224070328177842
1937 0.8140192433485013
1938 0.7223831453614585
1939 0.546468966587384
1940 0.7254255135702148
1941 0.7955133728443484
1942 0.6198002139274217
1943 0.5262997503565973
1944 0.505572264488617
1945 0.6943067698137063
1946 0.6786422030439152
1947 0.49646954111131353
1948 0.4440566681547663
1949 0.5720774177577134
1950 0.6304533471050014
1951 0.7828213775532837
1952 0.5525137332616301
1953 0.9771998604332575
1954 0.6032876446917065
1955 0.4381997626154365
1956 0.6984934426996553
1957 0.6884797279912902
1959 0.5046133620874482
1958 0.4704035537497509
1961 0.7215864704638572
1960 0.49609885298760686
1962 0.41006749468163073
1963 0.49311350463360565
1964 0.4825555418558224
1965 0.4382628189660139
1966 0.45946865148995747
1967 0.45804303410254993
1968 0.5351860962474287
1969 0.7238003880519173
1970 0.6792414412870622
1971 1.058179736849558
1972 0.5036313958167031
1973 0.5667637400808593
1974 0.39783746677269205
1975 0.5583495553285889
1976 0.5930499061793479
1977 0.4657874303138897
1978 0.5295748740824724
1979 0.5164456982785416
1980 0.4976576639680083
1981 0.5390281190625911
1983 0.6190705889859284
1982 0.7759036810989899
1984 0.45375611822541856
1985 0.6167670071568235
1986 0.7473208827168489
1987 0.7736071434363045
1988 0.6242992885755809
1989 0.6408928521354302
1990 0.8740232825284175
1992 0.6077642433711188
1993 0.507767010997633
1991 0.6024251486989899
1995 0.496610433584615
1994 0.6360269295990274
1996 1.0073463433241228
1998 1.0805727531507823
1997 0.5742372561446123
1999 0.6832240117439411
2001 0.8085485680469069
2000 0.47690093315894155
2002 0.6094445454628757
2003 0.8397915690645893
2005 0.682700825188111
2004 1.096191183067229
2007 0.43956104198200807
2006 0.6820856269434795
2008 0.7121947367459736
2009 0.42859466598222695
2010 0.7770456827641062
2011 0.7016297973565633
2012 0.7680751877767783
2013 1.1523758853591388
2014 0.7421820560047079
2015 0.6768070693945333
2016 0.6316914830874533
2017 0.561616233536192
2018 1.0750126193419003
2019 0.6987984489573721
2020 0.6437973648172628
2022 0.5292378740944466
2021 0.9193928524129101
2023 0.5939574194786273
2024 0.4706812244963361
2025 0.5703543529540843
2026 0.4100845936855045
2027 0.5296404186323956
2028 0.44102863652910085
2029 0.6883547206961441
2030 0.5505224250899491
2031 0.5193472924314932
2032 0.49155998993247674
2034 0.5834475813832808
2033 0.47172688804404034
2035 0.5157884259783905
2036 0.41016318730892537
2037 0.5311621896798935
2038 0.42817451443462057
2039 0.3976884031729905
2040 0.3032567702827715
2041 0.3227364597290127
2042 0.17263871688644578
2043 0.25999171739552185
2044 0.23268684454893523
2045 0.1354295206415058
2046 0.2673816837309212
2047 0.4062947265849632
2048 0.23893334959414778
2049 0.7965861402603542
2050 0.7353172780587212
2051 0.8592950376779916
2052 0.5533944043284892
2053 0.6615863880137525
2054 1.2242677930127936
2055 0.7194328778867024
2056 0.6964982172470604
2057 0.7064134436720503
2058 0.7087989165480676
2059 0.6437493425667696
2060 1.1078717481122426
2061 0.611631657093176
2062 1.0594656856277445
2063 0.5469672012451935
2064 0.746088431155282
2065 0.634575029920579
2066 0.6251134610353068
2067 0.5717701975718555
2068 1.0325571459788216
2069 0.5481868597845059
2070 0.5517607435924259
2071 0.2551133399656196
2072 0.51343774618771
2073 0.44978065196363437
2074 0.48627634944295245
2075 0.5614620067244889
2076 0.5953328832737195
2077 0.5180681276867234
2078 0.37447760333296304
2079 0.5708786389146796
2080 0.36081304392406605
2081 0.6278960466033575
2082 0.54582881947243
2083 0.5364326901601716
2084 0.6249866151061275
2085 0.45416667892222057
2086 0.4499776069782617
2087 0.7700699157230249
2088 0.34229669828561987
2089 0.46095934635677654
2090 0.6390445834241383
2091 0.3560855404638866
2092 0.3572542510770867
2093 0.3577934214959865
2094 0.283897548591726
2095 0.48842099609238687
2096 0.3157767002471017
2097 0.9650646561726364
2098 0.6179359142406409
2099 0.5295686859810222
2100 0.5265088623986929
2101 0.5174796751456329
2102 0.6396899886173069
2103 0.21129393709877187
2104 0.43628369935617206
2105 0.5149675671339528
2106 0.36662304087030845
2107 0.568975397346722
2108 0.4709419943163953
2109 0.29766818102794557
2110 0.24190043336154016
2111 0.49884430914176053
2112 0.3194332691589002
2113 0.6066699710645418
2114 0.46502644853575476
2115 0.8714781387244219
2116 0.5666133166844487
2117 0.5648320806083613
2118 0.5170195834959664
2119 0.6093068036839449
2120 0.41802857196394416
2121 0.581499001238848
2122 0.5785139082826631
2123 0.44413000156650034
2124 0.4221492295381846
2125 0.5281560320388349
2126 0.4285404090757079
2127 0.5031096789442379
2128 0.41310173296316505
2130 0.9184573656062286
2129 1.0091223127880733
2131 0.6139032150642831
2132 0.8846788710639945
2133 0.45761405609199174
2134 0.3369516304158224
2135 0.37020001906686845
2136 0.24576588769411903
2137 0.42539466004571763
2138 0.4173085371392072
2139 0.6184390835000108
2140 0.38338598072182695
2141 0.3709070113449016
2142 0.42586922144558276
2143 0.5871571110543298
2144 0.29318046048131124
2145 0.7431278023504962
2146 0.96753616041435
2147 1.01005748704107
2148 0.7029813056596947
2149 0.6204405312677034
2150 0.8361802226964392
2151 0.7021742801016942
2152 0.667133658748431
2153 1.0026332631798462
2155 1.0486643995769094
2154 0.7592837130861959
2156 0.5015402647563523
2157 0.4496071624697643
2158 0.614716355308148
2159 0.9069483015714475
2160 0.6124134305152698
2161 0.7140597933271597
2162 0.9472203359795556
2163 0.7072370887793995
2165 0.5266193766530213
2164 1.1997320088768546
2166 0.6485037713922374
2167 0.6055496023859074
2168 0.2815069001533727
2169 0.6454052698930824
2170 0.6703382202235129
2171 0.6675518443059084
2172 0.34425406721259905
2174 0.7623646251567663
2173 1.223551998969778
2175 0.6243601100163805
2176 0.7969780280971678
2177 0.5333953614209339
2178 0.6056133543360734
2179 0.695348846695112
2180 0.5445473763255131
2181 0.48953787494936063
2183 0.6442824870188498
2182 0.5204541881079288
2184 0.405794709945303
2185 0.3683649745153123
2186 0.3910641511475451
2187 0.409335692282413
2188 0.34807774059167823
2189 0.24318199659667608
2190 0.1860929990616251
2191 0.42583567257919563
2192 0.2761687736296613
2194 0.4079680567789856
2193 0.5219200754317632
2195 0.6280651010720678
2196 0.9902035038970946
2197 0.43196053746069596
2198 0.4864795086135565
2199 0.5524850424607415
2200 0.5667985583354419
2201 0.47718208744990454
2202 0.62933083240888
2203 0.4348697098237459
2204 0.41543614233562703
2205 0.33145823306169003
2206 0.33288406906480666
2207 0.32255022102364694
2208 0.38844369194700107
2209 1.0343839592995436
2210 0.43269507285462205
2211 0.6693236181205436
2212 0.5479355593157527
2213 0.4674664493295661
2214 0.46420099996397635
2215 0.5052503843160563
2216 0.4228441911682557
2217 0.41202846881881083
2218 0.3875778330135369
2219 0.39343799783403594
2220 0.45975230509063375
2221 0.21447650337100777
2222 0.4473956389246299
2223 0.5803976747264638
2224 0.35328046286753273
2225 0.700971573507588
2226 0.6615569070097699
2227 0.8890969347588028
2228 0.8873423675349769
2229 0.7253812503697438
2230 0.6756028483457645
2231 0.5307676774545392
2232 0.5642398751162815
2233 0.5818813830324442
2234 0.4634272323076499
2235 0.8275364872443024
2236 0.48118654308649217
2238 0.5573037662223043
2237 0.48716590247755714
2239 0.49816816791812923
2240 0.4442266459185597
2241 0.5582194673933268
2242 0.5962975293059105
2243 0.41702637008401294
2244 0.5394237193780499
2245 0.4207490795464277
2246 0.6688263665039597
2247 0.4891418575827277
2248 0.6106344786758005
2249 0.46030518640942625
2250 0.48221517940590264
2251 0.7675227383517449
2252 0.3962539016884671
2253 0.4742353449774748
2254 0.47674462345745716
2255 0.6103606991796598
2256 0.3668702645825794
2257 0.5779493469895292
2258 0.7079329871885791
2259 0.46543962149160517
2260 0.44787391964743406
2261 0.6110075600152364
2262 0.3171708823537915
2263 0.5432812893610249
2264 0.3291013386862314
2265 0.6345386391994959
2266 0.27682844785624905
2267 0.49040177711863786
2268 0.5151357890734974
2269 0.4857318419852838
2271 1.061451515535265
2272 0.4163578514029114
2270 0.5272616640790933
2273 0.6752743042424855
2274 0.6958108370711055
2275 0.7733743245756798
2276 0.6716491014101018
2277 0.5913754745641723
2278 1.1408912792950983
2279 0.609530952775833
2280 0.6733950396619975
2281 0.5740939928637879
2282 0.38574058805261996
2283 0.6513247214620612
2284 0.5138569174537495
2285 0.5221258928719749
2286 0.3390420917438919
2287 0.8241603767321949
2288 0.6113030997767804
2289 0.6683522243055844
2290 0.5154299549752758
2291 0.9221055169572515
2292 0.6380089161265768
2293 0.6501738621761434
2294 0.564832783381064
2295 0.5019124280514419
2296 0.6219890762809767
2297 0.6471521252746385
2298 0.4070706700838659
2299 0.7955381885150139
2300 0.6711235629452548
2301 0.5670280432754112
2302 0.5836941755206898
2303 0.9653303084159415
2304 0.3961842254029656
2305 1.0199067750570665
2306 0.6321725205261799
2307 0.499616650644947
2308 0.7028604929467985
2309 0.47158311757008475
2310 0.54446242248356
2311 0.3997670420546273
2312 0.3426841994042006
2313 0.4522395307373046
2314 0.3952291858976333
2315 0.33693357440927285
2316 0.3731007379614061
2317 0.23250337417712374
2318 0.22264366683803183
2319 0.45722198293991323
2320 0.30863838698518176
2321 0.6002583450839567
2322 0.5338366139574291
2323 0.8524640318689142
2324 0.5303694045173941
2325 0.5309316125572037
2326 0.667303348660862
2327 0.4332254401549113
2328 0.39813019686723045
2329 0.41651987121316475
2330 0.401694872421587
2331 0.6569506817833379
2332 0.2766635934765305
2333 0.3021552753699133
2334 0.2301840771674756
2335 0.5555090312410171
2336 0.3709174394122109
2337 0.5888318620011888
2338 0.6447164278212638
2339 0.80158566586852
2340 0.2764850251154361
2342 0.9278688905458303
2341 0.5316095709951746
2343 0.7036665450021474
2344 0.5862064792195665
2345 0.44152138912955613
2347 0.6728027275360962
2346 0.48490319405476345
2348 0.5718598188417932
2349 0.5429894589207391
2350 0.595399089062
2351 0.5692313571569686
2352 0.5119907079142766
2353 0.6895370792288704
2355 1.180929897056647
2354 0.6027462973499882
2356 0.5072335344030968
2357 1.0293589385387718
2358 0.5836870938548039
2359 0.6018488867762244
2360 0.38230707013764664
2361 0.43538409988835447
2362 0.4527293907575535
2363 0.3684324994764483
2364 0.6021514322120308
2365 0.7475482360823379
2366 0.5281699113309403
2367 0.6719722816654183
2368 0.2992544050727018
2369 0.9976751328365424
2370 1.1316960957169961
2371 0.8213730661505823
2372 1.2028591331677025
2373 0.6736465055414189
2374 0.5206927421640802
2375 0.5829896144034545
2376 0.6799750250244558
2377 0.6890617198434887
2378 0.5461564941299571
2379 0.9978992113134473
2380 0.5817990428255239
2381 0.6551232538044527
2382 0.5905750557527242
2383 0.7077898188046233
2384 0.7924066874994476
2385 0.8188078483935356
2386 0.6095359867468475
2387 0.4491082219406513
2388 0.5906496763852983
2389 0.46844736988485386
2390 0.4813214811408156
2391 0.488267539387931
2392 0.5768974217390048
2393 0.8405445101609234
2394 0.4281415982607623
2395 0.31588487751144284
2396 0.329687888533178
2397 0.24151220245900043
2398 0.2946838220138809
2399 0.40697134796472484
2400 0.39542716812755424
2403 0.753744510597688
2402 0.6905874984689968
2401 0.6514076662842879
2404 0.5900450884539814
2405 0.9446248009977064
2406 1.0750491638992823
2407 0.7256439385635354
2408 0.624015061518617
2409 0.7303971295088949
2410 0.6913959626198289
2411 0.5484896887670995
2412 0.6389858422130366
2413 0.4546446004952862
2414 0.6030198139630546
2415 0.4261649770211258
2416 0.695135378080283
2417 0.5933205143614624
2418 0.7260877631232387
2419 0.8059639171668915
2420 0.7975757242066133
2421 0.9390461651724739
2422 0.8021955521143439
2423 0.5864934218254759
2424 0.7267256240611798
2425 0.590867382571447
2427 0.5652406811445494
2426 0.8296482151814879
2429 0.3619095352068007
2428 0.3943344865688372
2430 0.5010393602012825
2431 0.6739684568509398
2432 0.46046288965027715
2433 0.6708916362130619
2434 0.7301675067812362
2435 0.9450541965234351
2436 0.6655153029633919
2438 0.7721060220913101
2437 0.5411636843674112
2439 0.48937158672064274
2440 0.5145857925028545
2441 0.48293515706528
2442 0.5121048227342907
2443 0.4358944246552161
2444 0.3654900474254851
2445 0.46180588483257773
2446 0.48679225186071046
2447 0.5013483843740562
2448 0.7125885495614981
2449 0.3753263686889673
2451 0.541796455336809
2450 0.4508357421858057
2452 0.3426461762918371
2453 0.574917418109072
2454 0.619675523948087
2456 0.37024787031016737
2457 0.4356890417027562
2455 0.5346228373504696
2458 0.5204764187437989
2459 0.5081586059175391
2460 0.6768577431738025
2461 0.4858314859962283
2462 0.42119099012350947
2463 0.42391595575951135
2464 0.5592681402124257
2465 0.6905467429369389
2466 0.909943717961721
2467 0.7806514011381778
2468 0.5025814996953231
2470 0.6940831490986269
2469 0.5497643494991571
2471 0.7629847514047126
2472 0.3787655593453577
2473 0.3053379777912972
2474 0.3956427540134569
2476 0.5803631653256892
2475 0.3294964795852511
2477 0.3205965378959805
2478 0.3949117178735202
2480 0.22827641786783354
2481 0.5874300640434228
2479 0.39246012782258527
2483 0.3320517739820316
2482 0.5839703636163494
2484 0.5066310379059564
2486 0.2458928652735757
2485 0.32300986037496393
2487 0.24152858726411533
2489 0.3508543331311813
2488 0.3174902982330064
2490 0.37392655434512356
2491 0.15379024802768435
2492 0.2963080976428926
2493 0.3085317301202905
2494 0.25113099939689887
2495 0.1523800124233655
2496 0.38485985320469746
2499 0.7069104470541926
2498 0.4958288401062587
2497 0.6216144349353617
2500 0.5693760757961764
2501 0.46019977878015095
2502 0.34607451616172374
2503 0.7277526585013276
2504 0.3492039887185632
2505 0.4726324035375343
2506 0.49970454043355966
2507 0.2830087830455269
2508 0.562001673579062
2509 0.49777236656899193
2510 0.374070010036983
2512 0.3383918102582173
2511 0.36152427399578513
2513 0.9361211174143295
2514 0.5532348925290166
2515 0.7932434338256943
2516 0.5530860906059251
2517 0.7697516749320307
2519 0.8544075831759428
2518 0.7143058403740071
2520 0.7990924640095588
2521 0.6081509577806263
2522 0.6271305444305953
2523 0.5000495603718007
2524 0.6468590208906936
2525 0.7376553514015677
2526 0.7171334935536371
2527 0.6431764194175992
2528 0.48650813453168956
2529 0.7576904027068048
2531 0.8606961452246631
2530 1.1991622965020614
2532 0.638594681001226
2533 0.6239837793471483
2534 0.6820364248594738
2535 0.5159295883112865
2536 0.38461077515388664
2537 0.5230537475474357
2538 0.590517474648815
2539 0.5479403951176534
2540 1.0728622692489471
2541 0.8314828307916727
2542 0.5505711729328309
2543 0.6248292690789389
2544 0.5997035677949121
2545 0.654162020335948
2546 0.8169464094720905
2548 0.7374739799283316
2547 0.6795141308019438
2549 0.5452905829396786
2550 0.8058158281484895
2551 0.6660947383270235
2552 0.6091649337875226
2553 0.5924902052323184
2554 0.63013516162896
2555 0.7057063051119424
2556 0.7994681471113688
2557 0.5480762799776129
2558 0.5670659267176181
2559 0.9099840091127441
2560 0.4831252472941558
2561 0.71203059333442
2562 0.6286038239661916
2563 0.28841663090971337
2564 0.5401964701042535
2565 0.36381013320692024
2566 0.48346973810363775
2567 0.5412274844764138
2568 0.37300292904859556
2569 0.306414014347453
2570 0.44641251987194164
2571 0.35332315977974627
2572 0.3771245134612312
2573 0.34058275351387063
2574 0.3178624692698701
2576 0.3431313234960022
2575 0.4098981412376535
2577 0.8806519889484057
2578 0.5120165040465967
2579 0.4738429828145599
2580 0.5977862822406825
2581 0.5388699880420893
2582 0.48731730415624597
2584 0.4580897430964216
2583 0.5105092682431418
2585 0.34267626228605613
2586 0.31204832658578185
2588 0.36833968558983254
2587 0.39328307980993416
2589 0.3067180807212583
2590 0.2770968137674152
2591 0.44399840761764003
2592 0.38266462849109983
2593 0.47475379409953467
2594 0.5494702905171489
2595 0.6118029026766421
2596 0.3020012443811634
2597 0.565963345037937
2598 0.09943610068824771
2599 0.32544236000564297
2600 0.439681000931964
2601 0.4968197168150849
2602 0.3609984873292408
2603 0.6762445597679675
2604 0.3757769814860163
2605 0.42901028257832236
2606 0.4244402570769936
2607 0.35627798889286394
2608 0.38103580586074537
2609 0.4418216384991472
2610 0.6346028220595934
2611 0.3413065502286245
2612 0.33569402707620344
2613 0.46368223357624916
2614 0.37681740932672375
2615 0.3123287186332868
2617 0.34569971950475553
2616 0.34393029073951664
2618 0.5202696236042448
2619 0.27329476527213037
2620 0.2745325839730255
2621 0.1386468820871433
2623 0.3769122155264848
2622 0.23417820473829642
2624 0.23033563728047576
2625 0.7304270338517166
2626 0.5457310605717648
2627 0.395293687717366
2628 0.41188324078042676
2629 0.5270670436104911
2630 0.5058698781848056
2631 0.247779466711751
2632 0.982203547392121
2633 0.2892934317000903
2634 0.28026036433292817
2635 0.4868341905089639
2636 0.27418857126861595
2637 0.024000399208316387
2638 0.38296607932267535
2639 0.5959547627956616
2640 0.2434846721114729
2641 0.811241242402402
2642 0.6118996816443185
2643 0.7577323802785042
2644 0.7197576733768212
2645 0.7370270702900577
2646 0.4123213867906697
2647 0.8296442377466308
2648 0.8441905886338137
2649 0.8825981617626324
2650 0.8718557858361111
2651 0.8103695331738067
2653 0.5522194694693143
2652 0.7061071580955559
2654 0.4379360807793949
2655 0.39749910951908207
2656 0.5971078378246156
2658 0.7203720928207866
2659 0.6237327639627942
2657 0.6154088792825985
2660 0.49961649593759233
2661 0.8576933209686827
2662 0.3840558558133178
2663 0.5444160958023777
2664 0.5279872504861916
2665 0.37838681388508977
2666 0.4501330714151835
2667 0.4222601467999453
2669 0.3806511412133963
2668 0.5557301261556594
2670 0.5082595518214937
2671 0.514764434032946
2672 0.43692021221499927
2673 1.0740879512949608
2674 0.43391442154528825
2675 0.5847358556251419
2676 0.7611109951492171
2677 0.5292892543001871
2678 0.5460188051398622
2679 0.8163350604826136
2680 0.7162753360491315
2681 0.4265832273821253
2682 0.8834510138213244
2683 0.4129496275200385
2684 0.6398971569999875
2685 0.4139120653258526
2686 0.4112514071506828
2687 0.8616863139839784
2688 0.6477351197491908
2689 0.646942130826942
2690 0.6290189794303227
2691 0.5667619117061126
2692 0.8299713977734413
2693 0.5588305565201964
2694 0.5739371702034423
2695 0.6042752291951359
2696 0.6806890977769839
2697 0.7710928093254211
2698 0.6001401286271953
2699 0.6415265816560711
2700 0.6587109158637042
2701 1.1230185286075653
2702 0.7412116269896653
2704 0.36918578612084546
2703 0.786810788277753
2705 0.506293539455328
2706 0.9706388861146874
2708 0.40670147726706984
2707 0.742453950224973
2709 0.5602194202618813
2711 0.6611878509568971
2710 0.5399095815304288
2712 0.3482338727114946
2713 0.743566700498896
2714 0.7832840529153402
2715 0.5199106505697314
2716 0.6350160283447938
2717 0.5242379350440646
2718 0.5372007826475228
2719 0.4699631504027779
2720 0.4476546176341443
2721 0.7716609480740432
2722 0.6105950365954497
2723 0.5575861350252159
2724 0.47190599032305286
2725 1.0052075349810623
2726 0.5929030546815812
2727 0.45280903704744135
2728 0.5533262534786109
2729 0.6137414848067476
2730 0.8023046391083719
2731 0.5257543091849728
2732 0.4470888620302107
2733 0.47205792690281556
2734 0.4987921793990627
2735 0.5051980295056084
2736 0.4256868719326514
2737 0.6516569806663696
2738 0.4971237099256945
2739 0.6402899657341962
2740 0.5008965697879499
2741 0.3652129431638707
2742 0.5853508715659352
2743 0.5896716676454444
2744 0.5211205113245998
2745 0.5264590237974367
2746 0.6954880453502152
2747 0.4515238144360023
2748 0.4454933082292332
2749 0.451107025402106
2750 0.34688238356149365
2751 1.0163486736878409
2752 0.5391092608787944
2753 0.6090381732618252
2754 0.5629233845945278
2755 0.5648943390867383
2756 0.6210009422233497
2757 0.6697297160374099
2758 0.6124807522566127
2759 0.6927103962108855
2760 0.5998171299460083
2761 0.5222934160001905
2762 0.44561649210863824
2763 0.5780797807147896
2764 0.48433468492682064
2765 0.3809861997039371
2766 0.364408401530036
2767 0.6734800031891178
2768 0.6031558306813378
2769 0.7088795088510831
2770 0.8149427410748263
2772 0.49126959780130625
2771 0.5267712179333572
2773 0.46421204180584147
2774 0.5073421165043992
2775 0.5314968285986007
2776 0.48267322237391563
2777 0.3995557710537208
2778 0.2166383555314315
2779 0.2937386932501284
2780 0.513455085448247
2781 0.5431377116815465
2782 0.41392002614021683
2783 0.42197484687219783
2784 0.3455211148787069
2786 0.7289609335166162
2785 0.6935504629734854
2787 0.5608202876827117
2788 0.6220019125872702
2789 0.5235481282792124
2790 0.46962137024912604
2791 0.5067712911338776
2792 0.3779402366943183
2793 0.40645522864148276
2794 0.41190900599553715
2795 0.2783434878743748
2796 0.14032704652146494
2797 0.15951602202398912
2798 0.27603558848041954
2799 0.37426001156845784
2800 0.12890680474151342
2801 1.2229410294669676
2802 0.9253805719009612
2803 1.2216190547632972
2804 0.6748298893473867
2805 0.7874449111050837
2806 0.5873678006882039
2807 0.9785982755183843
2808 0.7852493103216475
2809 0.6153527828506868
2810 0.5587960933754519
2811 0.7783298603220266
2812 0.7094990275416561
2813 0.5950517792658424
2814 0.7771792301206975
2815 0.8240155979140605
2816 0.7923410385435891
2817 0.5634458556690272
2818 0.3408901825789701
2819 0.35545301969850845
2820 0.5340765009153651
2821 0.6415926361905971
2822 0.47095667646154926
2823 0.4101484966314482
2824 0.30886680639184966
2825 0.3146569331542352
2826 0.3306258056070981
2827 0.33409414519475894
2828 0.27120763566442
2829 0.2534429592025095
2830 0.20935638219652314
2831 0.6333304004739987
2832 0.18901400800869517
2833 0.48055044005687936
2834 0.8630016745638447
2835 0.28298525910746725
2836 0.22068846516346274
2837 0.31555729890779843
2838 0.26211405213175515
2839 0.14145671840058663
2840 0.2982990463228228
2841 0.26580748353021716
2842 0.20911817884657308
2843 0.2678415051302653
2844 0.13428668042205125
2845 0.30075753112543446
2846 0.10674429364920013
2847 0.24562394076260155
2848 0.06729882013567251
2849 0.6403375798793107
2850 0.6564781530307796
2851 0.5856748712032035
2852 0.49884128093971886
2853 0.5695508413998742
2854 0.4147774356913194
2855 0.30141923741257914
2856 0.36030034807733846
2857 0.8574052859475682
2859 0.42963913073347576
2858 0.4950388956661617
2860 0.31534267170987235
2861 0.2238752639904615
2862 0.34324314503986636
2863 0.32142810090346524
2864 0.364983473417749
2865 0.5986806688649726
2866 0.6283382077438987
2867 0.5407315596914363
2868 0.5211420198659862
2869 0.4994456527123623
2870 0.3937165973697536
2873 0.45979192178138223
2872 0.40919956230450555
2871 0.48802986903606427
2874 0.485641878658631
2875 0.41840435801366477
2876 0.4069717438455238
2877 0.26189693757564253
2878 0.3602162260724328
2879 0.3964889973773617
2880 0.34121393545252515
2881 0.8864816746007235
2882 0.8499684013919855
2883 0.6469298933290005
2884 0.6938245654761023
2885 0.6981361611458159
2886 0.42848737123312003
2887 0.8361433235208536
2888 0.7096461945822278
2889 0.43310591223943135
2890 0.8419494705893381
2892 0.6918973635582133
2893 0.6515617860399153
2891 0.8134595391902887
2894 0.7987071038791379
2895 0.5092203130279352
2896 0.776436578163832
2897 0.7878020580523333
2898 0.7265422124998211
2899 0.6361656893668622
2900 0.47106980527959025
2902 1.0443277740044308
2901 0.5188369819703327
2904 0.3072615691919114
2903 0.5056777428182047
2905 0.4068776372501093
2906 0.27753408260938817
2907 0.3502299553809361
2908 0.2880805619197947
2909 0.6310408227229466
2910 0.6409084544468101
2911 0.6835814196907559
2912 0.5510307918887845
2913 0.7475186523427582
2914 0.6371473356178795
2915 0.7250898208284076
2916 0.5632837073000306
2918 0.4752687585581682
2917 0.3051504582033845
2919 0.5728295337133359
2920 0.4064204512135591
2921 0.5424010155932385
2922 0.4499548698517812
2923 0.42061658313850225
2924 0.4880599005160289
2925 0.20861292287562713
2926 0.3174483564342308
2927 0.45344131865634446
2928 0.2713551126873663
2929 0.49085915611689407
2930 0.8198436219578707
2931 0.741065362622953
2932 0.5344923529553534
2933 0.7056940602494999
2934 0.5135038108937622
2935 0.47769286905263403
2936 0.44582486011362504
2937 0.3969320305413741
2938 0.43867814590891485
2939 0.4309317220133796
2940 0.42967044458661546
2941 0.35536477176252074
2942 0.23263720727516274
2943 0.42206869973194727
2944 0.4184529073768145
2945 0.8841857974797498
2946 0.5018875826737806
2947 0.508804581191055
2948 0.3833475753464889
2949 0.3064998522240541
2950 0.29014400887537917
2951 0.40983457001646384
2952 0.3857919095417922
2953 0.3487571382729416
2954 0.28176755726736297
2955 0.3503207853525109
2956 0.22141695897840843
2957 0.1470736743974302
2958 0.1574347521566518
2959 0.27347294690544144
2960 0.16822100015588878
2961 0.7461956975690966
2962 0.6542033011731333
2963 0.8046802149195743
2964 0.7931866714743014
2965 0.8007558569597777
2966 0.6643666122095261
2967 0.3922996078450488
2969 0.5096647226491683
2968 1.0302647622513108
2970 0.6064158797723594
2971 0.5520951325022406
2972 0.4670053618508657
2973 0.9296584735642519
2974 0.4367754337418656
2975 0.5262359584113311
2976 0.5844761684976985
2977 0.9304173072845021
2978 0.798097141030255
2979 0.3664233675105061
2980 0.587785777945148
2981 0.46374947680234235
2982 0.6872507205440039
2983 0.7253854155542194
2985 0.6837008270128216
2984 0.49416136235608943
2986 0.996060282167199
2987 0.6223734383470362
2988 0.8055234929779619
2989 0.5906199857828359
2990 0.5702954052937201
2991 0.29466726461039694
2992 0.5105780211030515
2993 0.6864128571720322
2994 0.5879692461250359
2995 0.5668636416429881
2996 0.522611333733475
2997 0.524491951651289
2999 0.6010345923790993
2998 0.44069997247511705
3000 0.3486623809027151
3001 0.38451270609122207
3002 0.3446111373500223
3003 0.46517920423871617
3004 0.42342968532844105
3006 0.3938550673923342
3005 0.2710250602074254
3007 0.47698273062058744
3008 0.34047944493671195
3009 0.923941766031827
3010 0.7861246419439991
3011 0.7040674627084291
3012 0.8000168713464735
3013 0.5476778072614865
3014 0.8476677887917432
3015 0.6204437444814631
3016 0.6736379261261614
3017 0.8266720616408209
3018 0.7327683047483358
3019 0.8906781800145792
3020 0.5084557261919302
3021 0.5583738328079735
3022 0.4253438298965712
3023 0.5145979750798186
3024 0.38714375409888824
3027 1.0674668023052287
3025 0.8051932350895462
3026 0.9116804093368831
3028 1.0093028709718406
3029 0.7801889778242002
3030 0.6068133280268324
3031 1.0626109300373099
3032 0.7181122977930865
3033 0.5888027007827742
3034 1.0425420346195955
3035 0.6191193302177648
3036 0.46271769404408275
3037 0.5593364436108481
3038 0.6852858179088489
3039 0.7544990330604323
3040 0.6125696574043361
3041 0.5483106363681236
3042 0.7566808924929269
3043 0.6841893447697185
3044 0.6067449694399343
3045 0.702389413729743
3046 0.723267222810318
3047 1.046212051461844
3048 1.1046884944942623
3049 0.6050762137687009
3050 0.6458913624880478
3051 0.634164801795046
3052 0.6100392645084413
3054 0.6658695676887479
3053 0.6003178263150603
3055 0.7100288559168776
3056 0.7962292605772153
3057 0.6761470034194375
3058 0.6493653369925484
3059 0.636311798946672
3060 0.7296580990134037
3061 0.755919762146567
3062 0.5275385171827108
3063 0.5668164741878537
3065 0.5387118092020088
3064 0.3987280251700034
3066 0.5844509875574778
3067 0.2892473886732936
3068 0.6328892887089582
3069 0.6446254153105048
3070 0.7987220163448612
3071 0.7054797147553085
3072 0.6702960038871785
3073 0.6864604923831303
3074 0.6600858052410056
3075 0.5711124741039599
3076 0.562128167434574
3077 0.49377702009168273
3078 0.6940238586291267
3080 0.5757978317512531
3079 0.4658434036363834
3081 0.41293564878657185
3082 0.41603999164709743
3083 0.3387910127958739
3084 0.36588026735507995
3085 0.36405797315030136
3086 0.4287726299155144
3087 0.46231582835048296
3088 0.3008685649964117
3089 0.8551658545368932
3090 0.5017762985916836
3091 0.6282754804569021
3092 0.6347721163578116
3093 0.7605611232176712
3095 0.8571532659321484
3094 0.524923106632454
3096 0.5878703479228206
3097 0.716122719766894
3098 0.24783827911236284
3099 0.9848213156344127
3100 0.7385875308129882
3101 0.6184637985379581
3102 0.47788944455674054
3103 1.048733501122187
3104 0.5597910260938784
3105 0.6988592035144393
3106 0.569182372973791
3108 0.4933046042007639
3107 0.6071672211986976
3109 0.8345221049734358
3110 0.826042031024451
3111 0.4890587746625693
3112 0.4097123478072756
3113 0.31529285630478077
3114 0.4209221269205663
3115 0.6665244308098041
3116 0.4306990115192588
3117 0.2913014406200664
3118 0.3652294007607867
3119 0.5196243492089737
3120 0.303054255679298
3121 0.4811319430916867
3122 0.7442546167336374
3124 0.5540342259192188
3123 0.9125532358706125
3125 0.5963629230847997
3126 0.4361187652983373
3127 0.48608159075063384
3128 0.8656833330614222
3129 0.27403950344056854
3130 0.4118814323814505
3131 0.45520133397877516
3132 0.6127485461026027
3133 0.3161268196663422
3134 0.3806819453204998
3135 0.5022391147517212
3136 0.5349644336018985
3137 0.4948414573296037
3138 0.48233801998930054
3139 0.6306033719845004
3140 0.4306929461579474
3141 0.5297353961106956
3142 0.17051703327982334
3143 0.3645852529203604
3144 0.34531098154369005
3145 0.3061268152506004
3146 0.29137847962053615
3147 0.23483036677639915
3148 0.22789269790537497
3149 0.23698847899318004
3150 0.14156177437649028
3151 0.5159895786955553
3152 0.22501726677713002
3153 0.527168562008305
3154 0.4755320408797018
3155 0.4752212636253207
3156 0.46348687223894486
3157 0.6068747515124054
3158 0.5670265846656641
3159 0.36590677129029253
3160 0.37186769793184793
3161 0.3442863125220857
3162 0.30695705017589636
3163 0.3508103652179242
3164 0.45493947271282387
3165 0.5086225151983214
3166 0.1994870366951851
3167 0.4906227890162024
3168 0.12872057321113198
3169 0.32630309925609513
3170 0.5575921883540126
3171 0.9029696063199084
3172 0.6405490251463396
3173 0.47400746421162326
3174 0.37768267871902195
3175 0.4116558076062897
3176 0.2812658055372635
3177 0.7998763070000411
3178 0.4195166500363142
3179 0.46648161272709276
3180 0.22356873193066223
3181 0.6245233249294543
3182 0.5062740282870533
3184 0.7192637849259478
3183 0.4252678279414444
3185 0.6839723896917672
3186 0.599559634957407
3187 0.7029857645902512
3188 0.3495387835180292
3189 0.4434026105977208
3190 0.5915257567660657
3191 0.5264494795666532
3192 0.5156313306998932
3195 0.3709576280667602
3193 0.3569855559074654
3194 0.389945598092599
3196 0.8150921665410705
3197 0.16841725875506833
3199 0.4228731241997895
3200 0.42652804310629255
3198 0.31232525442683473
3201 0.7167654634869932
3202 1.1052880839813397
3203 0.5949769370870883
3204 0.6398467028013175
3205 0.6924483689455038
3207 0.4664633305849418
3206 0.689842140288273
3208 0.7192935072511546
3210 0.8244866620744928
3209 0.9164937630053204
3212 0.6815376698798612
3211 0.8307447793425945
3213 0.42774852508447087
3214 0.49821996179968214
3215 0.6269701117722191
3216 0.546319392708289
3217 0.10527915823173058
3219 0.7467329218455553
3218 0.4476333902696242
3220 0.3310598377916068
3221 0.6236411637512046
3222 0.07398421471399728
3223 0.4613766034827791
3224 0.48169185018179683
3225 0.4217387440924377
3226 0.4695781739066988
3227 0.42730923433959134
3228 0.36284976730196994
3229 0.1796001521118269
3231 0.552050775125912
3230 0.36554291201443345
3233 0.6760066876369833
3232 0.4158461505982917
3234 0.835651520310923
3235 0.9700451502517808
3236 0.8954326170038539
3237 0.6415463130356489
3238 0.49615384825577086
3239 0.5274748796883338
3240 0.8184085511229842
3241 0.4766873937670438
3243 0.4634338392086476
3242 0.3649558558398141
3244 0.5266337194227123
3246 0.40405559934643626
3245 0.5359764324704955
3247 0.8083147086764719
3248 0.47715822874788066
3249 0.7872583763587403
3250 0.6338214272452218
3251 0.5836239958000927
3252 0.43436030903210093
3253 0.4729527622289958
3255 0.3973183066343756
3254 0.6449903041370021
3256 0.5065174909843314
3257 0.3257920777183277
3258 0.3155154121845714
3259 0.4518423519507968
3260 0.3763854687134182
3261 0.7389396783145492
3262 0.5097634135598265
3263 0.6614612390473659
3264 0.5972585872283462
3266 0.46290076863270596
3265 0.40402780016873513
3267 0.4631716442912623
3268 0.36758331835235886
3269 0.9167191856910007
3270 0.7105150905115467
3271 0.32233856645120007
3272 0.5353845754281256
3273 0.36606299572644957
3274 0.3265913610016775
3275 0.4780333635598133
3276 0.3788727253589264
3277 0.4834275542673628
3278 0.6726211196347838
3279 0.5208308974276245
3280 0.44135868709975185
3281 0.647499965926932
3282 1.0958588669017828
3283 0.713132024752816
3284 0.7583569434180407
3285 0.6279758847074671
3286 0.5497712760590056
3287 0.5916278534577993
3288 0.6092490763033641
3289 0.5884952081545055
3290 0.8232497698285295
3291 0.7027223151888778
3292 0.6286821742966793
3293 0.49394728718052494
3294 0.4935924464093534
3295 0.5865670511280349
3296 0.6404497316163202
3297 0.6535679960005558
3298 0.7167109723265952
3299 0.6781180848666314
3300 0.6079453949945672
3302 0.5980198118100858
3301 0.639321808906375
3303 0.8866974423484549
3304 0.6081526869801783
3305 0.8250677326780684
3306 0.9675018476745492
3307 0.5691067802820486
3308 0.48659489887770807
3309 0.6255028010604246
3310 0.837158179000092
3311 0.8900574896372727
3312 0.47133445838613175
3313 0.6003129932291703
3314 0.4036607799675857
3315 0.6606060704488657
3316 0.49579778411460457
3317 0.45725315622029655
3318 0.6549092069551569
3319 0.32389702635219114
3320 0.49835801003739183
3321 0.4118024919584
3322 0.43893198588340043
3323 0.46293605780973474
3324 0.36904938048857366
3326 0.31521003529294067
3325 0.4759702417061493
3327 0.4978302392123386
3328 0.6337883660873619
3329 0.6329538908844388
3330 0.9670638083362355
3331 0.6544683820812502
3332 0.5853676963793438
3333 0.7356126067792446
3334 0.6472625561621949
3335 0.37410284081174344
3336 0.35090847666997643
3337 0.6029592856731452
3338 0.44669031157055555
3339 0.3878680873102016
3340 0.3764186154591727
3341 0.3130432391677972
3342 0.3172496483304884
3343 0.33139201840102206
3344 0.17062201209878464
3345 0.5650487584307069
3346 0.6974364281567174
3347 0.5781187721340333
3348 0.7222981244180244
3349 0.5668028878371496
3350 0.45037654844644465
3351 0.652909852397643
3352 0.3894962983484337
3353 0.49413902337036353
3354 0.4168547966316576
3355 0.43596457890139045
3356 0.43465311964537773
3357 0.45733070890087807
3359 0.6495243794986324
3358 0.7504473657121685
3360 0.5947920500254902
3361 0.9544828941540371
3362 0.618819208960105
3363 0.7197329461271542
3364 0.8117616559587658
3365 0.507301059090162
3367 0.7717487225412977
3366 1.228534713550252
3368 0.6197570606345145
3369 0.8290915138398597
3370 0.47918756824334446
3371 0.6761469415448697
3372 0.6179094106213718
3373 0.6528926778185549
3374 0.5995673445901213
3375 1.1914582706164465
3376 0.42356602674583055
3377 0.5248514516561879
3378 0.6320438943171238
3379 0.27905629158750134
3380 0.6562148803001447
3381 0.37051783821248446
3382 0.6093226461049461
3383 0.2217250140459904
3385 0.18994453319421298
3384 0.41612739075682875
3386 0.34665066611666634
3387 0.31015625994949714
3388 0.23212552922289467
3389 0.3871420418827441
3390 0.4002782296486616
3391 0.46304649297892303
3392 0.2822073650012096
3393 0.7564035486092504
3394 0.8375706413188031
3395 0.5470136549391186
3396 0.5743352045433311
3397 0.6365610728457489
3398 0.6545594131439647
3399 0.5968322948739918
3400 0.4716930880073604
3401 0.4574107298989243
3402 0.29091422948063594
3403 0.6538304533014785
3404 0.3136446181072031
3405 0.5367070087643611
3406 0.49162487034006824
3407 0.6502585431665495
3408 0.5956843836735964
3409 0.7842739868690543
3410 0.6384312503848852
3411 0.8473192192079458
3412 0.57990396238268
3413 0.9751810787620009
3414 0.6656416467329349
3415 0.5616874927374355
3416 0.43686472500457163
3417 0.43030277227248487
3418 0.36654324708005526
3419 0.44757626354112945
3420 0.43736416840755415
3421 0.5027813951048632
3422 0.4014886942546559
3423 0.9139446461787578
3424 0.3280145904678944
3425 1.1035784183243122
3426 0.6527957850409509
3427 0.7952964217656191
3429 0.6716027263914475
3428 0.49017397673029056
3431 0.48430517194048045
3430 0.3822155444568113
3432 0.5278817712846932
3433 0.4801023618631814
3434 0.6102377676477455
3435 0.5120402093179955
3436 0.5254522142224309
3437 0.5017366168353837
3438 0.4628556320651998
3439 0.6066813132427068
3440 0.5089719079776173
3441 0.9248428605320017
3443 0.716964784464755
3442 0.8747300757564523
3444 0.7264260636497473
3445 0.7287797061792753
3446 0.605502303765466
3447 0.5684129865995183
3448 0.8469308901588921
3449 0.32734340268043055
3450 0.6702853604247049
3451 0.5524235794012949
3452 0.5307368479449305
3453 0.4371920345697749
3454 0.44152704456647807
3455 0.7504905252724472
3456 0.6270392200397037
3457 1.0043052442807996
3458 0.7594005393276768
3459 0.6725753553560161
3461 0.46653502541061703
3460 0.5768676892474058
3462 0.9817408254238644
3463 0.7127101794461134
3464 0.9507473838331961
3465 0.5211939800280287
3466 0.6195308098161418
3467 0.4420525409188537
3468 0.48322142085445313
3469 0.3464162666468004
3471 0.48058415267440324
3470 0.6356335358142037
3472 0.46669067768169525
3473 1.0642043048635415
3474 0.6102320471222125
3475 0.4883493587509876
3476 0.9614841411060562
3477 0.9420098123269913
3478 0.9082750483366809
3479 0.7332988271288557
3480 0.4048217771520693
3481 0.7278395363164762
3482 0.3665590573343751
3483 0.5162060766726936
3484 0.5082688654616804
3485 0.3873921006599773
3486 0.3470416483530463
3487 0.6391115049359617
3488 0.39718448086810204
3489 0.7025305064312813
3490 0.8151075518389019
3491 0.5124286360106645
3492 0.6806897928051678
3493 0.7281318075426546
3494 0.5928635446297159
3495 0.9875198057121014
3496 0.6172259532896631
3498 0.5091329562295542
3497 0.9798520791087552
3499 0.819504207592005
3500 0.7412244988292458
3501 0.7153461426753356
3502 0.8609673816965523
3504 0.4422270781180893
3503 0.7402576825482486
3505 0.503039649251465
3506 0.5995287669884605
3507 0.3818501447798818
3508 0.8249627567670353
3509 0.4850028807770114
3510 0.3851030479676836
3511 0.31203452289625994
3512 0.4774233722876956
3513 0.47471004199803674
3514 0.3631295339019919
3515 0.3731917079272977
3516 0.4710212646169446
3517 0.8248997955685284
3518 0.3269360808095069
3519 0.1771067295370749
3520 0.7443011634059707
3521 0.488687297932994
3522 0.4513556006136679
3523 0.4322365642485798
3524 0.5755229846830304
3525 0.32459680094190063
3526 0.49052174152718364
3527 0.4010326801499164
3528 0.5452527944816858
3529 0.3592876669284537
3530 0.28757319457864405
3531 0.3835751615306099
3532 0.3286660158002345
3533 0.3134183860027536
3534 0.40587267085585677
3535 0.40262746442058567
3536 0.34766351487118136
3537 0.3494250229308753
3538 0.9536798205775092
3539 0.6837131349169767
3540 0.652463803694421
3541 0.9101270190548547
3543 0.6493685125021809
3542 1.3230077947947079
3544 0.7015123892113382
3545 0.7721038893422719
3546 0.8949828167062287
3547 0.5261840488826658
3548 0.8193113293383896
3549 0.6966465236928739
3550 0.7941774229605805
3551 0.8594180224079371
3552 0.6610982005058718
3553 0.7658891892524572
3554 0.7300473085665429
3555 0.7491983627469208
3556 0.7863570670067703
3557 0.509285125147668
3558 0.5865593250519373
3559 0.6911316872919475
3560 0.583268836243947
3561 0.49911720717591307
3562 0.6487145129608247
3563 0.7865162156394908
3564 0.37257717749083985
3565 0.529604652456054
3567 0.6303949922250579
3566 0.40986556052859163
3568 0.49277214120129065
3569 0.49414610615557497
3570 0.4663506650715661
3571 0.8524956531216289
3572 0.5062143172146912
3573 0.8307725044475173
3574 0.784450204361749
3575 0.38091174714858805
3577 0.505888626413055
3576 0.5315036788141735
3578 0.6558060217907558
3579 1.02373034010465
3580 0.8412408332798244
3581 0.5910594185778241
3582 0.36156615704828715
3583 0.6141990895209734
3584 0.547330430775605
3585 0.6370859025984382
3586 0.48732093779596486
3587 0.5576011810074456
3588 0.4512207588500283
3589 0.4214126555489196
3590 0.45424863145661526
3591 0.46404187042277445
3592 0.5659148950917149
3593 0.4994194911781744
3594 0.36254649463177313
3595 0.573039447166709
3596 0.45179896742541
3597 0.46327923395031706
3598 0.6926382170918718
3599 0.40091762255405267
3600 0.38230487227837606
3601 0.36103486640256693
3602 0.51056660230506
3603 0.5491478442490844
3604 0.6000105658470027
3605 0.29996827578430835
3606 0.3921879563491635
3607 0.35390364377044775
3609 0.19324283502576664
3608 0.26242649360875714
3610 0.30975197413414496
3611 0.385716609336184
3613 0.2456173605101013
3612 0.3167485162825814
3614 0.20881078772260148
3615 0.3473977495680217
3616 0.3544091076985278
3617 0.6958846276080004
3618 0.7556021312545499
3619 0.47689498684110854
3620 0.4202179474056902
3621 0.4481669611037437
3622 0.42953008422473427
3623 0.4514004130216074
3624 0.3935578918092476
3625 0.40069170776707613
3627 0.5957422086009602
3626 0.5106351700892336
3628 0.3947545240208318
3629 0.581789435846233
3630 0.7915071285939249
3631 0.8913387925864198
3632 0.8052415747509375
3633 0.7250007029199823
3634 0.5104770718866245
3635 0.8157390393060755
3636 0.7903260864158645
3637 0.6192572127259265
3638 0.5242913394912282
3639 0.5001314786177964
3640 0.8110632471483035
3641 0.5027875821412227
3642 0.4720403928482306
3643 0.4314297097476022
3644 0.47218122382372074
3645 0.48529600463195166
3647 0.6088174399640119
3648 0.5735204306136462
3649 1.0864955265396519
3646 0.17543595877151424
3650 0.68026770203428
3651 0.666933576899779
3652 0.7175906966923249
3653 0.6451380205358586
3654 0.7135132427954259
3655 0.45967248447499454
3656 0.5649483833591201
3657 0.6787611028239721
3658 0.6381414883344827
3659 0.4187646764938514
3660 0.6597039792127809
3661 0.5876978259403381
3662 0.6152476247803174
3663 0.7475904041427957
3664 0.4619529244574699
3665 0.5950916470752635
3666 0.6055155866499915
3667 0.5730114757337634
3668 0.7030647718069694
3669 0.35843249041547665
3670 0.44449529735691995
3671 0.46819433846045555
3672 0.3797400344565415
3673 0.4340411098551995
3674 0.4033493012014226
3675 0.3926241926680572
3676 0.2747113714074714
3677 0.34547230800237183
3678 0.26928129186270344
3679 0.3839004194861822
3680 0.3484258081388469
3681 0.7384840711346459
3682 0.5532703717114891
3683 0.623044457992706
3684 0.5048146502023211
3685 0.5110070350735562
3686 0.48479513717540856
3687 0.6369414981409858
3688 0.7484695521508528
3689 0.4261266372578552
3690 0.24450415966403186
3691 0.3646762086715064
3692 0.3467183867107906
3693 0.27714038334160623
3694 0.37773496238765775
3695 0.6753891741172703
3696 0.3237670203723888
3697 0.666568881948195
3698 0.83175795910449
3699 0.5310222421901197
3700 0.9956012484570536
3701 0.8846733983042091
3702 0.4647288953996969
3704 0.6000759092074299
3703 0.543484263911794
3705 0.5569509691275237
3706 0.43467523909988365
3707 0.4031567242950147
3708 0.5883779056320861
3709 0.3724157824404085
3710 0.47270668524758813
3711 0.6182590573767406
3712 0.39338942696311086
3713 0.7676012841857128
3714 0.5118043256597615
3715 0.5868616300960874
3716 0.5817365205783407
3717 0.475466642428885
3718 0.7622481541471583
3719 0.508860670328264
3720 0.5433254082578137
3721 0.6829958048052204
3722 0.34266324372819845
3723 0.6114186068613379
3724 0.31113982191765127
3725 0.38491477789559686
3726 0.28834626439383165
3727 0.768532051265105
3728 0.39791020466348104
3729 0.6805142098117178
3730 0.5517159490718265
3731 0.49434349695654173
3732 0.5761549675153073
3733 0.7017625303677243
3734 0.7169305167471346
3735 0.8580287178425184
3736 0.7252356333867906
3737 0.32296669050602833
3738 0.5869891147000371
3739 0.4497879896126672
3740 0.7737657048866301
3741 0.42450112578492255
3742 0.5149201020255473
3743 1.0025828698149906
3744 0.510042877899871
3745 0.7676947879348012
3746 0.669313255275337
3747 0.887050812238637
3748 0.6659473924429016
3749 0.6721315209182821
3750 0.8813187030817323
3751 0.7791742798507528
3752 0.79729816807412
3753 0.6967825476167565
3754 0.7251557906820404
3756 0.5455959655315862
3755 0.6497898418414261
3757 0.5313306122298914
3758 0.7472638854400142
3759 0.8881913110358547
3760 0.7577378118368499
3761 0.8550312767852498
3762 0.7280059398552534
3763 1.0725944269134304
3764 0.5503669456718132
3765 0.7986056183540576
3766 0.6140536410278119
3767 0.7636964966935491
3769 0.6698523315563135
3768 1.043634939983184
3770 0.48471903099697683
3771 0.7551213396923352
3772 0.5369175605088989
3773 0.48408587936176545
3774 0.5834489735177836
3775 1.2260580534568444
3776 0.6228370681724529
3777 0.7646016501168694
3778 0.5902903161230639
3779 0.6370502295034643
3781 0.6797398522256171
3780 0.5942596137897806
3782 0.7871002597981949
3783