1 0.2099819260854223
2 0.6921794168729815
3 0.5646951783843662
4 0.06615638789551834
5 0.491927250331524
6 0.3233902955527464
7 0.37812514443358936
8 0.48082249626812573
9 0.06655318948840713
10 0.02550258905694162
11 0.6250002796051526
12 0.6574942552653983
13 0.2755583952328007
14 0.08568941202793245
15 0.3179980927650656
16 0.5420721474812136
17 0.143131141832831
18 0.7033608702599252
19 0.6394148104795814
20 0.6670631815163324
21 0.04491053623290192
23 0.1384640209885419
22 0.10134457362959647
24 0.8097098435317516
25 0.48705606044757094
26 0.130061688869907
27 0.1276266516836303
29 0.41143766868436416
28 0.042058805810144505
30 0.939610816310299
31 0.1943212261987298
32 0.9349768714111039
33 0.3763874479192398
34 0.15348305158920847
35 0.2086837231974056
36 0.012668400889796292
37 0.27472231038440387
38 0.4010194742754501
39 0.8970140859977291
40 0.4520279235699484
41 0.33164280562897436
42 0.7358284575557034
43 0.952296413161802
44 0.3582635763947872
45 0.09890198575137046
46 0.46631471933480345
47 0.11526473108555647
48 0.23004792476275931
49 0.46897940652564735
50 0.8577869540831093
51 0.7378815289059814
52 0.4309425326660924
53 0.6317158866011526
54 0.028979711443100548
55 0.16746773313287638
56 0.9186867148363074
57 0.18086503222705788
58 0.3375565185421861
59 0.41732290692011004
60 0.6
61 0.7441364945956483
62 0.7448313772835768
63 0.2860663688157891
64 0.15425630938473006
65 0.9006565956219958
67 0.062488948905713014
66 0.29464437513729824
68 0.726586652427805
69 0.6223758599253697
70 0.3421492996593119
71 0.3333333333333333
72 0.01824549689857163
73 0.26221979631565345
74 0.22099784013827628
76 0.2231648010747216
75 0.4971018600867049
77 0.4452331868498915
78 0.7601380652298366
79 0.6165228574779085
80 0.9626075055200869
81 0.7514627613262965
83 0.017136325938803272
82 0.9257461534183489
85 0.23260915238621616
84 0.3378450884172718
86 0.27866835922154515
87 0.23643481181007342
88 0.4234977288421575
89 0.3789242096822074
90 0.5005649554228869
91 0.14375233112731803
92 0.8079095023779943
93 0.3145658546468207
94 0.48609912719568893
95 0.7777777777777778
96 0.5249034435720398
97 0.44643683905756065
98 0.21472619212065117
99 0.3704151478471632
100 0.387737333231543
101 0.08484970643277501
102 0.6240600035975385
103 0.034637897622534664
104 0.24121908596001776
105 0.07521989342907769
106 0.23456860373837496
107 0.18116169485318642
108 0.13572491069451473
109 0.09489621425314076
110 0.3596985973237322
111 0.504751799432989
112 0.04742409910352255
114 0.1874537759273505
113 0.8181210868593497
115 0.15405450109581112
116 0.6899849647925418
117 0.6967280186451676
118 0.03530140377369626
119 0.3240850941338627
120 0.06031512981625975
121 0.33251105414080656
122 0.3042107949961727
123 0.2776021821120942
125 0.029515591591079436
124 0.33217917102015904
126 0.8619914778459636
128 0.18425142308628284
127 0.7031648762532561
129 0.3647062515836536
130 0.14467043514391964
131 0.7728952685478642
132 0.059707752510799
133 0.8979506267359467
134 0.11780942961834044
135 0.07252788883793136
136 0.4088333363174775
137 0.13265465408829966
138 0.1250630654343388
139 0.1340580513548272
140 0.7474766229382322
141 0.02546998630582082
142 0.8391841845657664
143 0.6935830663359761
144 0.663387095369427
145 0.10050367271952464
146 0.1536022015451454
147 0.5547081885430152
148 0.07200771180497102
149 0.47646822620392737
150 0.9546205503351238
151 0.2893736006431611
152 0.27574737380826336
153 0.7652221748709541
154 0.5807304198045066
155 0.028370115437270894
156 0.2850228551421014
157 0.2830148600008829
158 0.4024078838649098
159 0.714772903562779
160 0.3908826589566417
161 0.06295302997452898
163 0.6170125665774437
162 0.7562527924338487
164 0.7599235113667004
165 0.6395262107179946
166 0.9447521219635157
167 0.19295005731600956
168 0.5493545112192165
169 0.4153683830454507
170 0.8097846446846805
171 0.7622136795361117
172 0.2391901159049753
173 0.17891588790814042
174 0.05130602825074239
175 0.41771327244031425
176 0.5975558790945454
177 0.9443015110597441
178 0.11692868959894714
179 0.35877262873362875
180 0.4595585305948623
181 0.8846606985693526
182 0.24045201683521128
183 0.9519431413432728
184 0.9053809318819701
185 0.6571064703681588
186 0.21813375676230537
187 0.4711837069639145
188 0.10076711291006739
189 0.17436292641784443
190 0.928315525505342
191 0.09456043218523559
192 0.06087194241369035
193 0.19656916210755604
194 0.5102569884245933
195 0.016871598598312863
197 0.4048775677668253
198 0.18406693562363532
199 0.06512197938465944
196 0.28012063613727134
200 0.16545002127534078
201 0.09374966796881912
202 0.24200100751815912
203 0.37924109071113943
204 0.3601043847642245
205 0.8705347410440585
206 0.13317680216198438
207 0.07265823773430559
209 0.06966565577015867
208 0.5223975726597315
210 0.5774663812805358
211 0.3690277086886483
212 0.48750388859600946
213 0.7957095110134028
214 0.40629347872761
215 0.43078527081669266
217 0.011849038651491665
216 0.8328601769511192
218 0.10145918158685732
219 0.14940038794611826
220 0.28109702322741636
221 0.08212553633922633
222 0.7874471133683572
223 0.9567197292483964
224 0.37012124183087514
225 0.9637550503837871
226 0.4600186074940179
227 0.010138453396767892
228 0.19195791119847916
229 0.49157678524486087
231 0.11018201499670688
230 0.12458672655040463
232 0.483492262318651
233 0.440597544557038
234 0.07817605305411737
235 0.42774246307790514
236 0.5865639068568675
237 0.06178447497371854
238 0.1055219805336161
239 0.9228500368123428
240 0.8719237935829584
241 0.017622664940814384
243 0.9979082482399576
242 0.4746673643554975
244 0.3444925201565503
245 0.31312129529412425
246 0.9987785854741689
247 0.2726240783002636
248 0.3401825611403673
249 0.12756535052861678
250 0.03441479884918353
251 0.6670736399990994
252 0.27709742796245174
253 0.9999353685900764
254 0.5008297307567822
255 0.5932321389014884
256 0.8583203213128561
257 0.8297137180911279
258 0.3823421504040402
259 0.05394149562424156
260 0.5268492946096827
261 0.0021971506921421636
262 0.2250370487081537
263 0.8674519847038786
264 0.08931760819715281
265 0.8593248031510916
266 0.4652833187002416
267 0.16666211761572092
268 0.1462923803518081
270 0.18331878453273584
269 0.0037055631985850805
271 0.06220512232686106
272 0.8478478610217824
273 0.11109695641776693
274 0.01635220736366333
275 0.4541095361509399
276 0.9941714123460751
277 0.3579234161148375
278 0.37372406657880075
279 0.3169779829194614
280 0.21758704000915127
281 0.7575917368430656
282 0.9914642500821249
283 0.9692234770101293
284 0.35779493229634096
285 0.11857148724246198
286 0.10294112132359831
287 0.20521096881691675
288 0.5002264327350276
289 0.3770842516225677
291 0.11817354961610607
292 0.46022402831817666
290 0.3044780681537471
293 0.43142017351820827
294 0.13399682255804396
295 0.543362197833262
296 0.33082385005123754
297 0.3443867604934984
298 0.13669936543309863
299 0.19546355527218456
300 0.9575122678925687
301 0.8123276518925286
302 0.31739202393281074
304 0.13760479963079766
303 0.16274586061839327
305 0.32772845497114217
306 0.5030729841573182
307 0.5164778796569056
308 0.2165081973195864
309 0.03662303886093212
310 0.02181684963175383
311 0.7663397246891337
312 0.7158172573419249
313 0.7096950459183999
314 0.5221293210552654
316 0.19881141155940996
315 0.9611649800201528
317 0.6565660133806979
318 0.4943634652193513
319 0.22831185499464998
320 0.14089325397659958
321 0.051207034484816394
322 0.19379937216521917
323 0.18265111277372767
324 0.058426512464033
325 0.5707824737361827
326 0.1801887306449663
327 0.6139070807861693
328 0.363900349278834
329 0.6132819331044418
330 0.39770390434089664
331 0.03853756346786019
332 0.9850234907004071
333 0.5861021373520912
334 0.21096349062602202
335 0.041171400901772584
336 0.32900430424777954
337 0.021655560028903634
338 0.7392951271447507
339 0.2570206002207656
340 0.07579357711617435
342 0.19885026191992364
341 0.08911211012423637
343 0.1416159768599259
344 0.11323305127143117
345 0.004460917843782103
346 0.5081121736327496
347 0.2717708217631848
348 0.4665350968154258
349 0.13859630619465282
350 0.6367164752752633
351 0.35303565049460184
352 0.2620576701930744
353 0.4036679828317785
354 0.49225536257400176
355 0.3456645272210358
357 0.057259795053629874
358 0.3969728892325394
356 0.677620075494553
359 0.4243765641331157
360 0.28162512776766346
361 0.48125099835954127
362 0.5791004761358884
363 0.6897847908189256
364 0.1367902773391812
365 0.2751788289787807
366 0.4102963110473992
367 0.4606456630759052
368 0.7202472318287803
369 0.3240436513698046
370 0.034222520764296695
371 0.09496335688906238
372 0.39858474966290725
374 0.07632515211471842
373 0.003232104330096503
375 0.2846753358906872
376 0.40616096850188993
377 0.318140083483626
378 0.8404765834231122
379 0.030015863974276063
380 0.14125333122145267
381 0.13592974661742072
383 0.22993980225282634
382 0.8005223582151
384 0.8824354637356221
385 0.06035644001372511
387 0.0018595887614978716
388 0.1843661819323552
386 0.30779065822603685
389 0.13462382297949346
390 0.1561197226409856
391 0.23248963327566677
392 0.18136259946507405
393 0.11078746678680657
394 0.44555056262853876
395 0.17349527660516714
396 0.2989148851661028
397 0.4832687677867606
398 0.1513515003652704
399 0.08091825362127497
400 0.8147023688355359
401 0.1330146008237726
402 0.016363074657009997
403 0.34541966441325705
404 0.06117051127849628
405 0.13823543088228463
406 0.3005826302101057
407 0.1478195007720655
408 0.17511144416087826
409 0.4963052272243394
411 0.27723074613981824
412 0.4683037107209415
410 0.5214580498014856
413 0.4152278153317212
414 0.8392965113910138
415 0.44852461097373747
416 0.7079382965057974
417 0.8605509815025254
418 0.28775698826422746
419 0.08700613217082405
420 0.7555436358263514
421 0.2613357224768082
422 0.5019953235769818
423 0.023301180436259068
424 0.18523649555233568
426 0.462247699753702
425 0.12344937333734167
427 0.3909995338489373
428 0.0028906200686669137
429 0.6873212040184072
430 0.16323657615676043
431 0.18027522108643507
432 0.17150354716501706
433 0.32724115338129345
434 0.6424506814534474
435 0.8167645927511773
438 0.36559127991679147
437 0.11350406400470249
436 0.3981216880346063
440 0.6087411604289554
439 0.983456663038495
441 0.9224547956560645
442 0.18963954765812557
443 0.7202567623988415
444 0.5784032162176976
445 0.27808692157149656
446 0.3896991431603293
447 0.14049475389791652
448 0.11027733018889467
449 0.11080143279958271
450 0.3306892702371104
451 0.3272311109930296
452 0.12729065155620106
453 0.9744599993774038
454 0.3128058214866385
455 0.6271118481326409
456 0.2912769555382316
457 0.932681668181046
458 0.530271852083085
459 0.7847425887388575
460 0.4679165019669848
461 0.0540644021318642
462 0.08477551348497837
463 0.9882774043610211
464 0.009586401829491857
465 0.812043945642627
466 0.8570622236423437
467 0.2835990640868689
468 0.1312883318717983
469 0.3399403844410076
470 0.5775864950164791
471 0.17065053498936386
472 0.12622628419318258
473 0.3623300766511379
474 0.25882486512251074
475 0.11548958211140407
476 0.1263732385214991
477 0.9280214083015103
478 0.6337949764925882
479 0.9029413003231256
480 0.35432036937279426
481 0.3198989078034714
482 0.44130822737126496
483 0.002018386931998914
484 0.021871281450159992
485 0.553809655234261
486 0.2854819390871488
487 0.2422969755252851
489 0.14609787938997448
488 0.0318791227965553
490 0.45194013972552644
491 0.07344127799553353
494 0.7352831739605218
493 0.0022265737425961104
495 0.02971350398319092
496 0.48023800947882866
492 0.7234473116169544
498 0.035237405618241804
497 0.542672887340887
502 0.14603684264680372
500 0.07683957335692078
501 0.053156025154334235
503 0.41531836701042085
499 0.10594688885898686
505 0.15421322403903712
504 0.5361788169439705
507 0.04259590907134796
506 0.18721762486345273
508 0.995482838610464
509 0.13327596902079872
510 0.344034782089702
511 0.9649762186166659
512 0.3665550112789054
513 0.7843233918090448
514 0.14611551386199498
515 0.6294008252692032
516 0.35721798458456144
518 0.2084115445306291
517 0.09941688029315664
519 0.3405013144629572
520 0.3038252374302063
521 0.5271102029329661
522 0.4709580618018859
523 0.3471767398920152
524 0.7379491566674096
525 0.01531587701651505
526 0.1927867082859473
527 0.6141524092227791
528 0.5482775548657433
529 0.5394516115132099
530 0.09062189897666299
531 0.1367496381682577
532 0.36366892101244885
533 0.7261399426641943
535 0.48477087875922475
534 0.358171888865537
536 0.4730960966253332
537 0.52148113868779
538 0.18276580538268605
539 0.8982479024494053
540 0.10048697975656065
541 0.9906529991596487
542 0.8873586578534942
543 0.13460819204419128
544 0.7059871490397799
545 0.11033205830312717
546 0.6034230807419304
547 0.6267174068728031
548 0.03911943208014775
549 0.3242979628786054
550 0.9998964768785266
551 0.0918408462398624
552 0.9998620235710854
554 0.9996670117114643
553 0.9953705051830096
556 0.5021027828150786
555 0.9362947355173841
558 0.3418518065908998
557 0.2704369773298639
559 0.9946527224115657
560 0.3190801915579057
561 0.6925484683238027
562 0.01868363298305426
563 0.7238943020877204
564 0.021231265280285
565 0.14620448841523295
566 0.46556610577934393
567 0.1852737604580404
568 0.10475881733914312
569 0.13290879167134154
570 0.32422315098256044
571 0.12703830375710684
572 0.23190821654183438
573 0.44895493800930913
574 0.060484239990666565
575 0.35011772938772695
576 0.8210171875174227
578 0.6594016078710581
577 0.31782637941942865
579 0.23642941288369598
581 0.9596269561686694
580 0.5029312318110278
582 0.4424092342213877
583 0.4949813703017755
585 0.34736662092759124
584 0.4569376195313
586 0.20845872653590589
587 0.21201819737799796
588 0.7483982230571302
589 0.7021074429237971
590 0.9998872601393204
591 0.13886538642863872
592 0.9989585933219259
593 0.3445031807185736
594 0.7249776628173279
595 0.4767377766427328
596 0.016146319282533305
598 0.3259731177423719
597 0.07708142207367019
599 0.005211835655975077
600 0.5600217746325532
601 0.30918708720458776
602 0.23721082100281773
603 0.01056364901569061
604 0.08773443915929258
605 0.5646670363615534
606 0.766667546683382
607 0.12742670833701183
608 0.9739965884663816
609 0.38874962367058724
611 0.42817345039023824
610 0.08430775652877431
612 0.039217069003669086
613 0.3333333333333333
614 0.2834392959545494
615 0.0381233250835067
616 0.0033756263451320324
617 0.28864386201004133
618 0.2212363496989354
619 0.2603598123331254
621 0.13634704935770248
620 0.5652310296504094
622 0.9341554890014293
624 0.21939259378464884
623 0.7089736106277701
625 0.35977495924287783
626 0.43332723897263253
627 0.3033470638915008
628 0.5215979237487868
629 0.6352508390320426
630 0.10115339361588134
631 0.5215247966181419
632 0.03941918001986889
633 0.1199229300845791
634 0.7311758646584425
636 0.09355811492398389
635 0.2832219477004516
637 0.5332041029266343
638 0.4105437068767736
639 0.07596468156991566
640 0.608815643740092
641 0.12735383623981741
642 0.20550886944563
643 0.5796225737058694
644 0.7652897151388808
645 0.8695049599368649
646 0.6528477706918664
647 0.6584506947406227
649 0.18522495522545346
648 0.02015109254568649
650 0.298009783319003
651 0.2286534178656734
652 0.2985829704008395
653 0.11186981662031821
654 0.7625377949377137
655 0.935253303281241
656 0.44410790895600366
657 0.1854532206052841
658 0.3611856970638543
660 0.8224562210114337
659 0.20814382016133734
661 0.6826436340902938
662 0.40358289748091575
663 0.12655408496600878
664 0.9785960552754301
665 0.980099843320837
666 0.6047992052205268
667 0.12303916778357024
668 0.03316201397046087
669 0.0677810278467672
670 0.9912820036885208
671 0.39114058529669743
672 0.830567056937909
673 0.3303468046308556
674 0.02455197391832812
675 0.06783335029613484
676 0.09255210523791801
677 0.31096539891856234
678 0.0341463839300897
679 0.07477398518610588
680 0.7732983937099458
681 0.41763786580550866
682 0.21613405275687006
683 0.9803696783180376
684 0.44706383780774317
686 0.8221216547921163
685 0.7738619987462093
687 0.7296089869354603
688 0.832692364780203
689 0.770367692028402
690 0.19559732541575267
691 0.29489520821249665
692 0.22488521002553463
693 0.5616321826748872
694 0.30893624791256014
695 0.6876961797895269
696 0.16053486890526533
697 0.03215890133646573
698 0.020143002011444602
699 0.15509232202559836
700 0.7163611268936089
701 0.3493476444456535
702 0.8194904036248785
703 0.029866175286397567
704 0.7688003832114628
705 0.08146106449639633
708 0.03136729490452789
707 0.1887444206847417
706 0.36360194971897586
709 0.2487991069939051
711 0.7913846994115641
710 0.007592725332977736
712 0.29701032796631
713 0.6885240963202545
714 0.28734668615939424
715 0.6929696063266373
716 0.10491571368135609
717 0.34928002088435317
718 0.3971602978333295
719 0.6436382077566194
720 0.41731758992905044
721 0.08896143270832049
722 0.04952283971470826
723 0.07103814893495905
724 0.17985483203976166
725 0.6312786887743811
726 0.21956337645357632
727 0.008299693370855033
728 0.5097988244496957
729 0.19208587510001346
730 0.14797180109682206
731 0.08539273022189718
733 0.4369983747455698
732 0.2749995798035217
735 0.5169975977574879
736 0.42285941600500104
734 0.07110591852614598
737 0.9581011256360857
738 0.42971064030544703
739 0.7786767489544246
740 0.19658822248260455
741 0.4675652354529954
742 0.48212048175963845
743 0.11936156382509355
744 0.19164608429003258
745 0.00431245300722679
746 0.22732315243187007
747 0.23666233791115093
748 0.7158260675180018
749 0.05001095461066457
750 0.5013122521223533
751 0.5595043350057347
752 0.1144108222963661
753 0.27012567247556263
754 0.7300276823836355
755 0.46878453193873804
756 0.05299537004394936
757 0.022227472722677517
758 0.5014961143673751
759 0.3040181862438949
760 0.6286091464321765
761 0.22838208939596788
762 0.24849094176174624
763 0.421107053905171
764 0.014766398493236004
765 0.8887263466415978
766 0.10375976514461778
767 0.15658700987774343
768 0.9656253036050195
769 0.08314115077497425
770 0.3328482936654116
771 0.1766728384237404
772 0.08867209751003854
773 0.3069153205735981
774 0.08451674146990518
775 0.026069734044653563
776 0.3107656969421672
777 0.7510452282483113
778 0.8929393976534168
779 0.04391210862891527
781 0.8698871853635509
780 0.19280903291698226
782 0.8030462458116973
783 0.03434383714214956
785 0.3751186147866251
784 0.22855084488149408
787 0.9274236911895857
786 0.1492705392223202
788 0.2138526837451312
789 0.25255539214291717
790 0.7130911901146415
791 0.21900344885459727
792 0.7072926443951217
793 0.1858337872557445
794 0.2357952696588777
795 0.9048852969373874
796 0.9874343853652399
797 0.9101019901086156
798 0.11632924353670729
799 0.3275148225012131
800 0.8585411103269246
801 0.43314205577946246
802 0.6754184814567893
803 0.7764174272980877
804 0.33712252295607786
805 0.03630810843116718
806 0.0600294790187981
807 0.966021476313175
808 0.21193100962886718
809 0.2969256526014234
810 0.10916479397676003
811 0.540113711665808
812 0.09664602952984332
813 0.15364383473318363
814 0.056084038477424714
815 0.034100907893967886
816 0.6774151827550452
817 0.07377025194838133
818 0.38667605464546706
820 0.8547240305195655
819 0.5988078794997517
821 0.32137678888687804
822 0.9485720538728727
823 0.3389228218538023
824 0.22823182704252667
825 0.41400858906022076
826 0.1837373686349754
827 0.43371722774458604
828 0.12430425150222128
829 0.6778358431286611
830 0.3873574112606883
831 0.0344756042544288
832 0.3585963153123223
833 0.003116314170727887
834 0.1855906022916035
835 0.29476067829301617
836 0.32734517589079976
837 0.534061186312466
838 0.749726270037225
839 0.13657747674176557
840 0.17778548222936771
841 0.05709095278353693
842 0.15898040407971828
843 0.1213461778381642
844 0.6070290024031927
845 0.4197432848462018
846 0.5877763380957056
847 0.06317479910985109
848 0.6846371976432275
849 0.259567159176482
850 0.8314538358080955
851 0.33305044272431966
852 0.9320153702162725
853 0.9980362253624727
854 0.6203348325552922
855 0.9478304380198587
856 0.46421379288080505
857 0.3567945597732742
858 0.05298088175939833
859 0.27152321539086044
860 0.5805647023327953
861 0.09331869102537108
862 0.7476460936761047
863 0.223852940559578
864 0.7473367956520401
865 0.7563134280332475
866 0.7116401944837774
867 0.26300571173540854
868 0.1292872408993723
869 0.10330795519343156
870 0.5032020447538346
871 0.1564252401305029
872 0.45860160593398885
873 0.00623295127567297
874 0.09688017851853695
875 0.24289265826582573
876 0.16858180775719364
877 0.16500740839919287
878 0.13617009271155253
880 0.6395176179573818
879 0.10967751902507342
881 0.7646595837592475
882 0.43157606556593425
883 0.46279008845200864
884 0.09054291640436714
885 0.16685477768881152
886 0.5943439449661369
887 0.13095298280448595
888 0.8232247547476444
889 0.40669448403197384
890 0.8353371376289696
891 0.8648074514671883
892 0.362636917673333
893 0.181723898296175
894 0.47044502309081176
895 0.4075722757352841
896 0.33333333333333337
897 0.1720541100228623
898 0.6020941325468411
899 0.4883764763464077
900 0.2543233917506022
901 0.19875754783080604
902 0.15607820227798472
903 0.41819390562534964
904 0.3949693724127328
905 0.1076626044455604
906 0.5568897676201612
907 0.27474254690478195
908 0.44054697935420706
909 0.5060735448245339
910 0.1421800203274877
911 0.16473287364963868
912 0.38666614857054044
913 0.17822879140499845
914 0.08189806200215981
915 0.10517934647205049
916 0.5739806418075274
917 0.4141269362937447
918 0.4904097649028098
919 0.37540342780477914
920 0.2753287308086386
921 0.07556764670196069
922 0.19493749284918221
923 0.43440054698627206
924 0.6970725244495585
926 0.519376685087377
925 0.7423665013598479
927 0.025140834060408603
928 0.20187729231348742
929 0.44592609140963296
930 0.47230923782735573
931 0.4117990025159094
932 0.4852850259560562
933 0.3559807713960252
934 0.03375286552093918
935 0.2818949528121056
936 0.21163433012499244
937 0.7737404792424145
939 0.6896337050571606
938 0.40592372060851345
940 0.1488392164182512
941 0.022404328292898682
942 0.6060291423763388
943 0.2596897076504039
944 0.41826867751548635
945 0.5812164293204101
946 0.1701543268092867
947 0.5925714800937375
948 0.3481911961294351
950 0.736199347585543
949 0.034017297048472325
951 0.28967202221968824
952 0.8698294366173435
953 0.3435030176338185
954 0.31928639694275424
955 0.1170531742626755
956 0.40537613599553185
958 0.41368690770408534
957 0.35315950360001847
959 0.2559585404601519
960 0.3603811721943316
961 0.031095117071555003
962 0.5104904696875345
963 0.32669120176225674
964 0.7341814881438945
965 0.25982784817889365
966 0.6668408389886074
967 0.48561020305383057
968 0.02144302742331544
969 0.09006329517092013
970 0.1179771493307944
971 0.25815791792137655
972 0.49908554348582546
973 0.40277831886562804
974 0.45880470513761523
975 0.22152698367196266
976 0.3144738063882536
977 0.18511608724872333
978 0.33659975670914816
979 0.631637109444218
980 0.6901573159920192
981 0.711975994158235
982 0.8431828614201332
983 0.5362483911253535
984 0.5486646598892895
985 0.05255660456178459
986 0.11466705834672934
987 0.173181240438533
988 0.033460508143140104
989 0.36083217526363115
990 0.11203373325847638
991 0.1612981116966431
992 0.21743881372081375
993 0.3829959005917238
994 0.00824227121769184
995 0.4694189125260221
996 0.19330149163902885
997 0.03307924198608648
998 0.00513990773429186
999 0.08272667897036746
1000 0.026575730980595572
1001 0.18261829869075802
1002 0.33747459598861906
1003 0.5770473146963497
1004 0.4546314587661581
1005 0.1705040143641245
1007 0.050549470655274674
1006 0.40804450640239637
1008 0.7116883907838473
1009 0.07659758331099882
1010 0.07324153872827834
1011 0.4271259186051919
1012 0.17738039674927691
1013 0.100574849509601
1014 0.5611375460237997
1015 0.19278498052056026
1016 0.685581188574166
1017 0.043902194067336066
1018 0.004797730842495784
1019 0.6597115417207866
1020 0.22544111069424863
1021 0.7844306477568675
1022 0.2011632740263176
1023 0.30633746540890666
1024 0.6716411725748518
1025 0.13710548276882437
1026 0.17606926779530485
1027 0.5003400190798624
1028 0.44451700296953345
1029 0.9826713423169923
1030 0.44108785641413956
1031 0.31537749576618257
1032 0.26610127889532453
1033 0.36197467588740084
1034 0.15840820213794268
1035 0.6363951971276931
1036 0.40832877576374393
1037 0.6679204897556941
1038 0.5133928907440121
1039 0.4306589405462802
1040 0.9258291774608117
1041 0.7861224408152361
1042 0.7299796219217695
1043 0.055683360525553546
1044 0.7967827746661105
1045 0.5891227743184625
1047 0.4589272612094361
1046 0.30601616779821783
1048 0.5128557512417822
1049 0.5077230410747674
1050 0.6173163921707432
1051 0.5490303452836423
1052 0.8072276903066529
1054 0.19695930929710975
1053 0.5877594428278031
1055 0.7559615327768588
1056 0.07489926862465088
1057 0.25795301478244115
1058 0.06577368027924844
1059 0.4112001225407371
1061 0.0738445818785272
1060 0.2605866493012006
1062 0.06524468715039418
1063 0.27902959049428483
1064 0.8565419422311907
1065 0.15120001452300136
1066 0.19803679342926778
1067 0.8097043631090314
1068 0.983211189877976
1069 0.1932557433958004
1070 0.5301180977793273
1071 0.04253695553925833
1072 0.26287480053847956
1073 0.04864039698607832
1074 0.49978201175324377
1075 0.2152623483560072
1076 0.30018685325808275
1077 0.640474415330029
1078 0.2898286208550907
1079 0.7275481513660853
1080 0.6695265578131514
1081 0.23623807324558482
1082 0.26033779614951236
1083 0.27392633577472153
1084 3.127185476208727E-5
1085 0.33555394850658393
1086 0.6791098612993781
1087 0.6209413199077161
1088 0.4819557946730523
1089 0.7410470425061763
1090 0.326645834829509
1091 0.3248178239383533
1092 0.930762901274091
1094 0.4545454545454546
1093 0.2466792369844619
1095 0.40888454256049606
1096 0.037935280611011285
1097 0.46081554151383103
1098 0.9657240480736623
1099 0.04370303889246671
1100 0.24908754426396862
1101 0.7800500091748077
1102 0.39911018927156905
1103 0.04432665802486703
1105 0.12394307612784186
1104 0.31879650785886504
1106 0.3429881246036343
1108 0.998259125380916
1107 0.029326188573343664
1109 0.6175168260138838
1110 0.15698686251020882
1111 0.9639799379232284
1112 0.20032467899743348
1113 0.48602449425655997
1114 0.44065642992653636
1115 0.5833672331662136
1117 0.3414734963891985
1116 0.5033235722739902
1118 0.21954731150865395
1119 0.13892832285836373
1120 0.7732643328327685
1121 0.02176549269305603
1122 0.3561049339909467
1123 0.3134771358285732
1124 0.022311716856647602
1125 0.8905589976611541
1126 0.5280790959492752
1127 0.22331994732412208
1128 0.08994118686754202
1129 0.07491447220324053
1130 0.12375919145667162
1131 0.46888794165425113
1132 0.05417810695094203
1133 0.8221092384221657
1135 0.7760832376825239
1134 0.4185394343402259
1136 0.9146639645525018
1137 0.4729014147796109
1138 0.9977366812423654
1139 0.7825395745061976
1140 0.981387631246929
1141 0.03508710710984774
1142 0.2667704455300393
1143 0.46360040924795737
1144 0.284968142548853
1146 0.3801673523260158
1147 0.2469083267596459
1148 0.24486212275835478
1145 0.46392298304007806
1149 0.30463156362872396
1150 0.860030839276424
1151 0.2359155882229758
1152 0.32887258072459324
1153 0.1431291141233291
1154 0.0839318251146846
1155 0.6982766308033731
1156 0.278408140351711
1158 0.368397157040757
1157 0.7231774558044066
1159 0.562824681249555
1160 0.8377137706684352
1161 0.6286193463242267
1162 0.07685876235767655
1163 0.7770494803040321
1164 0.32886255615599974
1165 0.16128638088344865
1166 0.4612623035259591
1167 0.5368674007361985
1168 0.7486072241844425
1169 0.7036684996530348
1171 0.4918204038870412
1170 0.050797289267920466
1172 0.5431060612479615
1173 0.152815191931706
1174 0.18951659642822963
1175 0.46810905668621355
1176 0.37883877350917405
1177 0.9163844897720473
1178 0.6044651095464831
1179 0.9589349351639528
1180 0.3515600613493265
1181 0.17314479141950068
1182 0.38471898330554305
1183 0.9860541701533744
1184 0.011022268852478033
1186 0.4352720988845064
1185 0.19678127967412545
1187 0.13601456536658688
1188 0.18072828677785033
1189 0.6489138678295676
1190 0.07117084367221096
1191 0.5645909010703791
1192 0.9391399010970299
1193 0.9782645156726025
1195 0.45894081733062725
1194 0.3754804666565108
1196 0.5756351255350749
1197 0.8166438426438117
1198 0.5356942324015123
1199 0.644995753314667
1200 0.4117128446727663
1201 0.30650914243299354
1202 0.228499178441701
1203 0.2304093630040016
1204 0.7759789097850653
1205 0.8912668308460293
1206 0.1709756109987099
1207 0.1661886836592825
1210 0.026436444065146246
1208 0.4482170488221925
1211 0.5794307419619649
1209 0.14986210234972286
1217 0.23261259016691704
1215 0.9227996470516138
1218 0.6550407987674233
1212 0.5400356269563571
1219 0.016218682457981255
1214 0.3642859315359462
1216 0.5485097678870777
1220 0.8280613058161482
1222 0.6145984985378049
1213 0.09961155124595512
1221 0.458761451206579
1223 0.7627671331626508
1225 0.10976719831753114
1226 0.423741090892397
1224 0.23834610831736736
1227 0.06831362208039862
1228 0.2531473773554827
1229 0.5093830761704257
1231 0.5537471068673894
1230 0.7959811718841242
1232 0.7973927656589053
1234 0.7992401584824124
1233 0.10007332124539155
1235 0.13359278888411136
1236 0.20116745474605474
1237 0.24572950433499954
1238 0.12450332323269685
1239 0.6676801398470988
1240 0.5330841997210477
1241 0.024902014547077665
1242 0.20202896351452493
1243 0.6899227995827849
1244 0.22617197600883562
1245 0.5182051588944053
1246 0.14562815115285396
1247 0.5118783053752373
1249 0.8326283716813435
1250 0.25703390552949806
1252 0.03170406920204075
1251 0.18891640732024265
1248 0.6837408790629629
1253 0.13714445880411008
1254 0.7366551743121327
1255 0.17655239750872417
1256 0.11049083428930738
1258 0.01795278934484445
1257 0.39953017062673457
1259 0.06331362074331887
1260 0.192402188435065
1261 0.18763096122410472
1262 0.17482113833487758
1264 0.13707222053241191
1263 0.35334343548168273
1265 0.20626176801348192
1266 0.326895006984247
1267 0.1615108485545451
1268 0.18711224893267642
1269 0.6401743016964484
1271 0.1599835851617805
1270 0.6865920703913948
1272 0.34592845744099454
1273 0.01688750864216697
1275 0.29437399091416055
1274 0.55051866558114
1277 0.11468184776582324
1276 0.5462941621349084
1278 0.1658193373365399
1279 0.5850141902384143
1280 0.11652732210974143
1281 0.5704941054832846
1282 0.0803787860094329
1284 0.06547733339561969
1283 0.9580144487394262
1285 0.1547637018056229
1287 0.9540793114732053
1286 0.26095546177936285
1289 0.7038075259804714
1290 0.6379870482482751
1288 0.013603291779401602
1291 0.16803345933534897
1292 0.5718314397375149
1293 0.6386246209792387
1294 0.4306987830717947
1295 0.047126941060113246
1297 0.21195626476859802
1296 0.10592496842603738
1298 0.13866388232966836
1300 0.4883766917486319
1299 0.2552877059469341
1302 0.6454774783657035
1303 0.0965859580434002
1301 0.25278352987980224
1304 0.11884935304098723
1305 0.5002309679438186
1306 0.1283495592043871
1307 0.33926997040493123
1308 0.35858406166647644
1309 0.2738956958267586
1310 0.25554016292942155
1311 0.7929536083542695
1313 0.15873465835363162
1312 0.08574520818705111
1314 0.3558479684728952
1315 0.33166298650322773
1316 0.6530434461451057
1317 0.12427263979425711
1318 0.809855482646781
1319 0.28554595239892994
1320 0.8714109608090651
1321 0.0032542563587733
1322 0.8254008938634957
1323 0.42029016808545916
1324 0.3118164232740547
1326 0.33219053272563653
1325 0.3629281698955757
1327 0.8921702936797301
1328 0.4336873908747442
1329 0.48775343065832455
1330 0.9457671075357217
1331 0.1151300561513204
1332 0.13696545603468036
1333 0.47558215274166804
1334 0.32099081881062835
1335 0.7557133996189251
1336 0.4664466671852757
1337 0.001959546005343467
1338 0.7672635920946131
1339 0.5267061315353068
1341 0.36967205837519085
1340 0.40358978285165864
1342 0.6501512107247153
1343 0.41429486390834014
1345 0.4171595278932665
1344 0.1540130536965738
1346 0.10632442540119316
1347 0.1953859239160026
1348 0.941970942687375
1349 0.8796829680923772
1350 0.07688947466269733
1351 0.7235210257447101
1352 0.2659933258246618
1353 0.43473120952554556
1354 0.6241644053774749
1355 0.4939978451416578
1356 0.44600445570782205
1357 0.2223713266471513
1358 0.3086907709518002
1359 0.08267200809531404
1360 0.3843612927610507
1361 0.8177846065718688
1362 0.02099458410856955
1363 0.8896173430999991
1364 0.02991461542639388
1365 0.35762427352798554
1366 0.47368421052631576
1367 0.99005261126012
1368 0.1214472181993595
1369 0.6097887741645875
1370 0.06595922290429024
1371 0.35689196614832447
1372 0.7820341798989424
1373 0.3026364261788079
1375 0.7641468482254463
1374 0.6913225904266941
1376 0.7505940131629408
1377 0.13710419094347406
1379 0.5116972068250518
1378 0.49520302905550756
1380 0.0715506014195129
1381 0.35843993639026145
1382 0.2158473520898433
1383 0.5860354128199419
1385 0.49739962900035695
1384 0.42337809804741705
1386 0.019568357000880325
1387 0.8952881958228726
1390 0.08311060124017129
1391 0.1837463234915578
1389 0.887731277524438
1388 0.27765489860075604
1392 0.04917363132121309
1393 0.304900090956822
1395 0.25710346236497333
1394 0.019048097052199668
1396 0.25941702072630546
1397 0.05783923142511465
1398 0.513516215734615
1399 0.658240413527728
1400 0.7110935699347977
1401 0.6955733834627635
1402 0.8622564696499042
1403 0.08978930710273993
1404 0.6187852896384045
1405 0.49698196727098237
1406 0.0959158875610597
1407 0.45054379529495364
1408 0.3122470650925697
1409 0.013101722059833761
1410 0.17607788797045237
1411 0.8043450794218457
1412 0.329693407227353
1413 0.44550026611928206
1414 0.8221399019355912
1415 0.2811567263719105
1417 0.04861046679873909
1416 0.802972751467783
1418 0.2585651463238328
1419 0.08937318957817764
1420 0.5587965859958748
1421 0.3357278617795911
1422 0.4787117111427753
1423 0.2904255627283222
1424 0.15819636663346956
1425 0.44113096429416265
1426 0.31530212510405237
1427 0.42974432043265776
1428 0.3916829632075401
1429 0.33771392495877844
1430 0.6100170157535763
1432 0.5251467834688327
1433 0.11599159442196176
1431 0.4500778001904644
1434 0.7719351945337386
1435 0.19979516634842193
1436 0.5866548849926694
1437 0.8484870307576385
1438 0.4842442460291748
1439 0.05087074754624107
1440 0.8995771013538163
1441 0.17280041837525412
1442 0.880223042560021
1443 0.23841070607631645
1444 0.8588493103522736
1445 0.014920149563549352
1446 0.23656938911871195
1447 0.12332605328460637
1448 0.13077007615549419
1449 0.8857153080245397
1450 0.5345772557041484
1451 0.2488420764756673
1452 0.7483634212567467
1453 0.35441667027682705
1454 0.47007877929372005
1455 0.6904804778874726
1457 0.09013998736339743
1456 0.11028515962127511
1458 0.4028597752739589
1459 0.095725345412673
1460 0.5256318519566544
1461 0.3688764789706449
1462 0.5746720039456674
1463 0.6331756468403157
1464 0.05852208440100451
1465 0.7435553549026184
1466 0.39771538271131335
1467 0.03817963015822072
1469 0.7220807650192338
1468 0.1731675026096699
1470 0.22129054009172872
1471 0.07068844845922707
1472 0.5597236116682968
1473 0.22949689725691783
1474 0.34324663494797736
1475 0.20312773341780718
1476 0.515236853967255
1477 0.42608704466650743
1478 0.9014548329010368
1479 0.13942627712614317
1480 0.07614479165887295
1481 0.5695897633719664
1482 0.4142661879309642
1483 0.14566151066672806
1484 0.8163493417956109
1485 0.5017143058201275
1486 0.2922963237926274
1487 0.3746478279119689
1488 0.22619999771008936
1489 0.3328406468345471
1490 0.06250004743303784
1491 0.38007710089312374
1492 0.3550093567094116
1494 0.6042855489169981
1495 0.4038407101294799
1493 0.19188973940563753
1496 0.580726657121305
1497 0.053770822264681654
1498 0.6633035107503079
1499 0.40486451300142395
1500 0.48607704430008625
1501 0.5952054503375481
1502 0.841069157813705
1503 0.6534643607798316
1506 0.20874659670419465
1504 0.6901836887288401
1505 0.47673302737342077
1507 0.19133877850419878
1508 0.23582878013641392
1510 0.42506458519295587
1509 0.47067280728821265
1511 0.04166632612195861
1512 0.7001576522552164
1513 0.03658058322042574
1514 0.02953230598430859
1515 0.009359713324418527
1516 0.3096882467038401
1517 0.23415426588265476
1518 0.536108931887465
1519 0.39258353020606723
1520 0.07374188154459671
1521 0.07644712651699197
1522 0.021167615682248554
1523 0.3274435049265301
1524 0.21492952259810222
1525 0.3638675405759073
1526 0.9190710291638685
1527 0.7171925655114988
1528 0.2752383463389379
1529 0.3237757373518377
1530 0.2798711809855562
1531 0.6714701020685114
1532 0.2057850534422781
1533 0.8904013389541903
1534 0.2515989664918337
1535 0.46284289890299884
1537 0.6646483852517743
1536 0.14510611610274088
1538 0.6527371997908881
1539 0.18942666397291189
1540 0.1004009911416087
1541 0.4309656405075054
1542 0.4444585631285606
1544 0.37710017515032973
1543 0.41068984455224194
1545 0.247705327566697
1546 0.2640729565838485
1547 0.6629112881298115
1548 0.6510076920889057
1549 0.7160555002345947
1550 0.40786026504852646
1551 0.01810980712668104
1552 0.29157674484727203
1553 0.36828290312226936
1554 0.7279230350707001
1555 0.16344917471249332
1556 0.15755577443456525
1557 0.06278264867220235
1558 0.2720222657432963
1559 0.639615545869968
1560 0.8668316589603855
1561 0.9524495270731107
1563 0.13548227476586866
1562 0.9917322419605353
1564 0.3142063282539552
1565 0.5144657218940188
1566 0.5906288753496906
1567 0.3270136229001119
1568 0.39249188595840817
1569 0.20875975873678373
1570 0.005436289375649847
1571 0.22829791148589845
1573 0.09209764161093997
1574 0.4715654464473945
1572 0.67809175939614
1575 0.5375473102657479
1576 0.6648780385392635
1577 0.2698475338703876
1578 0.34829495292069085
1579 0.8982496504288034
1580 0.6787253590747523
1581 0.06956305031188816
1582 0.7403070699158848
1583 0.22602636928989805
1584 0.21072535288115923
1585 0.28306802888654176
1586 0.20734523542698824
1587 0.4167104025223682
1589 0.4074507431429888
1588 0.3332206160441374
1590 0.2772789930918202
1591 0.6397527614566227
1592 0.5226837196767723
1594 0.31846368989189694
1593 0.25806112251707464
1595 0.24313805175315867
1596 0.257839696487752
1597 0.5018586232916276
1598 0.807766505699814
1599 0.4158110436612305
1600 0.13409441528928484
1601 0.9998694297712852
1602 0.8667615718947221
1603 0.6555098000560319
1604 0.41848328311759453
1605 0.7803766806324179
1606 0.5390269143861584
1607 0.5313276588425576
1608 0.6853568731009764
1609 0.19714148923245772
1610 0.9935741105772995
1612 0.3466219604724984
1611 0.197179555680962
1613 0.06945920692410186
1614 0.3101217225909801
1615 0.31853648757659225
1616 0.977574172177716
1618 0.6498120291266546
1617 0.3341248602734374
1619 0.6739959656027219
1620 0.47931770023736847
1621 0.7936749370347074
1623 0.6262995129865808
1622 0.3324872160129752
1624 0.40239494148048
1625 0.18019575606144636
1626 0.8968505253120018
1627 0.10243989582820329
1628 0.7801008259399216
1629 0.2878421431847136
1630 0.1256251583259562
1631 0.46157052342246674
1632 0.7622972083350621
1633 0.18193745489148472
1634 0.2933898018709165
1635 0.1351386802108346
1636 0.353589303056963
1637 0.2450890028128726
1638 0.24995346996111295
1639 0.8341876710997271
1640 0.5165988715330234
1641 0.6314997323178647
1642 0.4102956484619662
1643 0.046778368384562015
1644 0.4298741445592476
1645 0.47052766388392964
1646 0.3931750390431155
1648 0.046854700919465336
1647 0.12496474203050022
1649 0.23648005039142847
1650 0.03324893100887848
1651 0.01911185831763442
1652 0.14018244626210896
1653 0.08814454137868359
1654 0.06846253420118026
1655 0.2608154323808923
1656 0.5483328806755619
1657 0.6724727561628004
1658 0.01992163634474967
1659 0.36924810005772324
1660 0.6590665065234015
1662 0.2349643365204205
1661 0.8795315660212484
1663 0.3327305023182639
1664 0.5642855811953154
1665 0.36748697316283996
1666 0.04440496448600071
1667 0.16503215580722813
1668 0.7305999571682017
1669 0.0666947121123401
1670 0.16073212889292526
1671 0.1286243666226106
1672 0.2095538182640726
1673 0.4203122160152534
1674 0.9234452470111904
1675 0.43287138621539617
1676 0.06693397717530987
1677 0.36421235378921213
1678 0.7264138497997513
1679 0.6598769380238989
1680 0.10362375790776028
1681 0.5367663862926677
1682 0.18117602511615755
1683 0.1228055816437559
1684 0.2771147288943062
1686 0.1913082231058352
1685 0.6724151139967021
1687 0.0628279287851048
1689 0.4965566664336151
1688 0.08169338905491688
1690 0.39235741888342973
1691 0.048592489946543804
1692 0.7064371976908395
1693 0.1791597826529043
1694 0.1046161710744589
1695 0.0890592638348897
1696 0.8060303864055213
1697 0.21629392708018788
1698 0.9946013238946054
1699 0.6267487404008193
1701 0.6978306529716366
1700 0.4175005226446543
1702 0.15921423005937915
1703 0.25401096027020265
1704 0.8138061011760017
1705 0.4146657816029854
1707 0.45298577125044803
1706 0.6826800157907447
1708 0.2917364902040176
1710 0.5875794357311449
1709 0.7574871969000289
1711 0.15673029547980838
1712 0.643134848272937
1713 0.7154649515755571
1714 0.4166342071606821
1715 0.31207876997213546
1716 0.3924150141427425
1717 0.22863900573071977
1718 0.21289594094975112
1719 0.09000563614422978
1720 0.0737902737862293
1721 0.9368455373199279
1722 0.46443858302538343
1723 0.8259730829962293
1724 0.035867319260898194
1725 0.9402763699145332
1726 0.05172623149014839
1727 0.6023829876434162
1728 0.4095390991773605
1729 0.36013882477741505
1731 0.21566329143287846
1730 0.3757667138873942
1732 0.19894338219290325
1733 0.10910448833659588
1734 0.18662609073521583
1735 0.4566502416563443
1736 0.022968871198846476
1737 0.5029302269114322
1738 0.562186282635009
1739 0.18328091024305138
1740 0.024326037911182142
1741 0.07270751811337964
1742 0.34079503241020564
1743 0.07515574362083172
1744 0.6637455121028453
1745 0.0725155694280523
1746 0.22735262652703703
1747 0.028924124159986013
1748 0.7820713537960476
1749 0.7655414550844143
1750 0.9462222558398896
1751 0.0727807370618457
1752 0.04607491068446261
1753 0.5159807292867391
1755 0.052242397244604374
1754 0.8833622588131788
1756 0.4993345792036974
1757 0.28029870238553106
1758 0.4852092663857131
1760 0.12060037780297897
1759 0.10668737984324804
1761 0.18388604640471742
1762 0.16327273583893034
1763 0.3830957624642132
1764 0.08528895656680044
1765 0.1720153199203165
1766 0.3549960986686781
1768 0.09077754761413935
1767 0.27990741959232907
1769 0.2704484482336944
1770 0.393371385099939
1771 0.40257151531696383
1772 0.14703439425026843
1773 0.6248507929982742
1774 0.3622328337630505
1775 0.3147614039384726
1776 0.1106065584792812
1777 0.7363331207283313
1778 0.8833448997285358
1779 0.7610628363558247
1780 0.1304058351201995
1781 0.8475364118500172
1782 0.439361456189005
1783 0.5132194092854451
1784 0.7140751013523008
1785 0.7221691276795705
1786 0.33243205819775745
1787 0.008268678921461816
1789 0.26465137894299384
1788 0.42170324463631215
1790 0.2657082302044815
1791 0.20337165413875932
1793 0.21002600757861897
1792 0.7216561606540913
1794 0.49792917177947826
1795 0.9539509388611704
1796 0.656599703342032
1797 0.03586136839256721
1798 0.7383049475777481
1799 0.2129141299797518
1800 0.45857949933330866
1801 0.2658984267693406
1803 0.09527525417516736
1802 0.994002355416353
1805 0.5109471542303531
1804 0.7879693544487687
1806 0.32094131150399197
1807 0.5969194474206755
1808 0.9997716124715187
1809 0.4382091834337582
1810 0.5049624335781562
1812 0.5062106612067176
1811 0.611540179149443
1813 0.1208760954931166
1814 0.15735214906130013
1815 0.4794544748103449
1816 0.430236983258865
1819 0.3492660114021862
1818 0.34803786560606337
1817 0.7002681299191258
1820 0.025840846055057688
1821 0.2915067619877186
1822 0.21933301550314138
1823 0.5787528948105239
1824 0.9373448094752985
1825 0.6672588558542903
1826 0.20327902174840057
1827 0.1703093487633001
1828 0.3391932106256253
1829 0.4160140327194679
1830 0.1904070752267121
1831 0.2372081673126538
1832 0.12426090262926533
1833 0.7102829724404179
1834 0.5901042895364209
1835 0.4607005354537557
1836 0.6197368098942944
1837 0.1477088702447926
1838 0.2739431943608707
1839 0.3575657842151371
1840 0.2597854205652633
1841 0.6307597312824124
1843 0.4893685127039668
1842 0.27955505250793755
1844 0.08447444478333352
1845 0.03786511996298773
1846 0.794761360575879
1847 0.6385832513709174
1848 0.6569709057948878
1849 0.3091994282709783
1850 0.16722456801378877
1851 0.22995283788712317
1852 0.4522694098157868
1853 0.13224372456967468
1854 0.9097739864340475
1855 0.10407686327516183
1856 0.34277124793156605
1857 0.33926956288417914
1858 0.2946098881230051
1859 0.15288148622677764
1860 0.3028264130819414
1861 0.2070275394553302
1862 0.32426232623046986
1863 0.3518528415100593
1864 0.6173298293362756
1865 0.5305422740713895
1866 0.5805327641186746
1867 0.009957225085109335
1868 0.22296456284368812
1869 0.5481761679194236
1870 0.2848194933321714
1871 0.8371560919706015
1872 0.743423304808242
1873 0.2635923931737931
1875 0.19850560759764427
1874 0.04105734109170877
1876 0.6707900718988907
1877 0.04826157423589278
1878 0.5444882778531377
1879 0.2899449429373128
1880 0.5962696858798444
1881 0.36223435430693995
1882 0.7914675809579628
1883 0.8733240857675488
1885 0.18092680809803918
1884 0.8731173487678832
1886 0.14110035159503045
1887 0.1500872543225883
1888 0.2590758597578152
1889 0.23000350123094365
1890 0.5119101280871545
1891 0.6156871210774827
1892 0.20998404815464897
1893 0.007106026173237969
1895 0.08499086056973726
1894 0.2693105711003512
1897 0.09862771535580525
1896 0.7827252846834128
1898 0.45861852282937576
1899 0.14357498351888087
1900 0.6620728459554369
1901 0.20659779130047504
1902 0.7476976128392069
1903 0.28713719080914357
1904 0.7068449465283854
1906 0.0397861348173359
1907 0.23071660998324647
1905 0.6667948046796329
1908 0.18621044508902665
1909 0.059814395990628495
1910 0.020043322807109173
1913 0.3940692035345538
1911 0.05973534642534486
1912 0.4749184275057298
1914 0.34906577219962476
1915 0.12995156729358415
1916 0.30556258884983417
1917 0.647237119533587
1918 0.30547661022547923
1919 0.2695310741698421
1920 0.47237091217355626
1921 0.29608128141151285
1922 0.8151378684982405
1923 0.611807761306782
1925 0.7820158906070324
1924 0.31053648148450574
1926 0.4158153338894995
1927 0.5978804606872676
1928 0.48013822311631527
1929 0.09453064414735088
1930 0.3233969674638144
1931 0.6005202436446964
1932 0.19490389769231573
1933 0.07947725886525263
1934 0.06148907417829164
1935 0.6920424044427868
1936 0.507071805349082
1937 0.33311488734636413
1939 0.8967921728991971
1938 0.048906555862321344
1940 0.9633406189662029
1941 0.6348600484293576
1942 0.12157355519700111
1943 0.48636431796415197
1944 0.03381104598059653
1945 0.39452561943391523
1946 0.5225434759836375
1947 0.4879841261900515
1948 0.4147747864658781
1949 0.3297868775462828
1950 0.41681921161616975
1951 0.3895326671119918
1952 0.0024045984965866143
1953 0.6032270089383207
1954 0.08908264690792744
1955 0.24050632277772913
1956 0.257948114498604
1957 0.7117562348069495
1958 0.8182530776217801
1959 0.15947661133801105
1960 0.06356447846507303
1961 0.2653573598669944
1963 0.9373155826185325
1962 0.2876823989878936
1964 0.13848379140818573
1965 0.2709117150526238
1967 0.6103526944601159
1966 0.3353066121062198
1968 0.6072957661971208
1969 0.871456519853802
1970 0.1301286132723095
1971 0.49303366970896007
1972 0.025150845442619484
1973 0.6779910743536194
1974 0.10529216929402375
1975 0.5055860353600459
1976 0.31016391770561724
1977 0.7951781626375334
1978 0.4160619522073671
1980 0.25100938440172155
1979 3.471554085821503E-4
1981 0.14743452313489805
1982 0.06461102510004088
1983 0.14176486271606684
1984 0.055223443442817606
1985 0.10707173736893832
1986 0.27478978090890593
1987 0.15567664835438463
1988 0.11513578398473705
1989 0.6289896869684346
1990 0.7635871267905047
1991 0.4734113956922953
1992 0.014077130327563315
1993 0.45383425569579433
1994 0.18075677722436853
1995 0.06843571784690242
1996 0.32412579968596583
1997 0.14092259485530753
1998 0.418103470232965
1999 0.07980101097008743
2000 0.38517230069798813
2001 0.47415635485394464
2002 0.4199536157821002
2003 0.39846916015934036
2004 0.4284317403880843
2005 0.14174989923677558
2006 0.18025811350465934
2007 0.32824636757707226
2008 0.17296675704476458
2009 0.4880579132190897
2010 0.030891391557679934
2011 0.4791984319214326
2012 0.5653477731380545
2013 0.02009094482469524
2014 0.25899285997411753
2015 0.42773562746258237
2016 0.9044128757454278
2017 0.6711486206493694
2018 0.03958980807888388
2019 0.1136417577955146
2020 0.21314568969954564
2021 0.44969964268724555
2022 0.06683144881633314
2023 0.5380806811100751
2024 0.018945136570745945
2025 0.5321898390023699
2026 0.574014719464912
2027 0.2103501184935703
2029 0.36491608165271816
2028 0.7319877579857483
2030 0.004596363227218904
2031 0.0014857183062823495
2032 0.20819488945587947
2033 0.8716836106388632
2034 0.951164693679112
2035 0.6983036226539383
2036 0.12993089911200753
2037 0.006159586670134801
2038 0.8966624947910152
2039 0.14194438272967505
2040 0.019808244061765963
2041 0.0938091321045647
2042 0.4603798422155404
2043 0.6973048264283994
2044 0.4133505337133113
2045 0.9662051886743428
2046 0.7857311750534031
2047 0.7902419282057271
2048 0.6500712447264198
2049 0.2217559925920039
2050 0.07281489512373954
2051 0.41376098271326794
2052 0.38958971006834214
2053 0.5550471526930661
2054 0.9137231787899156
2055 0.8573696196742505
2056 0.30309774283997354
2057 0.2457677417071865
2058 0.4357914232988583
2059 0.14333046291142448
2060 0.9142112313167008
2061 0.27855800128836755
2062 0.9267623222110863
2063 0.08321220778149209
2064 0.33931095886708856
2065 0.5590024774368915
2066 0.06715325407165762
2067 0.5680202742030926
2068 0.7554348749409434
2069 0.054905060105108434
2070 0.009812548975658128
2071 0.7598925682421899
2072 0.12731768188603068
2073 0.10093964129060076
2074 0.15316839892494852
2075 0.1560072999236093
2076 0.34022557692976346
2077 0.6909163462662139
2078 0.37112126616738855
2079 0.029954311089657053
2080 0.1253683020853773
2081 0.41336305620085717
2082 0.19573137189015052
2083 0.1812627766272236
2085 0.03211667660491441
2084 0.6113593608326257
2086 0.23821503887989717
2087 0.2685377049334487
2088 0.3931200781703221
2089 0.017355699063891485
2090 0.7539894092932016
2091 0.9473170418279718
2092 0.8763715485754524
2093 0.45478340046784593
2094 0.5013700542872338
2095 0.29351074462087284
2096 0.6345976870210414
2097 0.63295249606735
2098 0.14494665253566266
2099 0.6168839252905054
2100 0.8700924007680794
2101 0.26405318325694843
2102 0.08237777802306631
2103 0.21915555224108776
2104 0.11411270564919969
2105 0.2912541401651696
2106 0.755698506759051
2107 0.3923665444785074
2108 0.02770889867803196
2109 0.782860627891787
2110 0.0044349765975376975
2111 0.7699557458487304
2112 0.3432387632553326
2113 0.23031866833655615
2114 0.3673095424110746
2115 0.2494223166912232
2116 0.06416233796465655
2117 0.2923890205792796
2119 0.482966318183711
2118 0.5417464551824577
2120 0.2764115025534391
2121 0.13051760903184056
2122 0.17089347327925905
2123 0.3025019818730932
2124 0.07658494169727735
2125 0.8865728571121158
2126 0.2772708210839772
2127 0.49113535966484173
2128 0.9999879680737941
2129 0.017712893725849947
2130 0.02903419107641075
2131 0.3148990689463766
2132 0.5638137828834617
2133 0.03750299292712969
2134 0.5191365878695806
2135 0.5408964206893593
2136 0.9387344441790798
2137 0.032903355054604205
2138 0.3488797609090935
2139 0.17193051665761847
2140 0.017301124109191116
2141 0.3203121497935841
2142 0.43021105735512055
2143 0.521664424391568
2144 0.04899988909836978
2145 0.20333989034312772
2146 0.33849608407444975
2147 0.2893234356007213
2148 0.35868611278980644
2149 0.1413623859213522
2150 0.40374618538183527
2151 0.11745795862239827
2152 0.17070633742254465
2153 0.37512163774353646
2154 0.6261297139500307
2155 0.7057147891297525
2156 0.37693676633947826
2157 0.6927833837559516
2158 0.06516745544149245
2159 0.2892371177969974
2160 0.5187142806099769
2161 0.7346558989149006
2162 0.6059191289132047
2163 0.4489495104057498
2164 0.19913536650302455
2165 0.2322369121521798
2166 0.36334405941442705
2167 0.1140895655861369
2168 0.3784329441440407
2169 0.45727362981995606
2170 0.4973261726511098
2171 0.9492702306085846
2172 0.6398121352957937
2173 0.07448994258430598
2174 0.15860435607869883
2175 0.46732124335868996
2176 0.5987073390528188
2177 0.09827647116215973
2178 0.6906721470576209
2179 0.6500462688580583
2180 0.3095166384924877
2181 0.9043852656374975
2182 0.20930239913466056
2183 0.49530792155560177
2184 0.04913163835638495
2185 0.8215819278468205
2186 0.11466408390356807
2187 0.5488527461077907
2188 0.6026019631962964
2189 0.06815022487694376
2191 0.4145579600393658
2190 0.1711982792491904
2192 0.10429947911265548
2193 0.20701088228553136
2194 0.4916643296620873
2195 0.41950263477602157
2196 0.8255053771213793
2197 0.4595650620653061
2198 0.29595613289431666
2200 0.43748530321436546
2199 0.7459188059200853
2201 0.033169722470045564
2202 0.1379848591279518
2203 0.8840676144946162
2204 0.41329319984613677
2205 0.8529756574211079
2206 0.15577368341160147
2207 0.7389340545506186
2208 0.5350674570312717
2209 0.3988673882650323
2210 0.62069005020357
2211 0.30099155498614033
2212 0.36966786661560075
2213 0.8959998869856455
2214 0.5781682081496409
2215 0.20961713274726756
2217 0.24528588392005252
2216 0.30711535690135383
2218 0.21348223513851805
2219 0.6324809493700354
2220 0.23348806510710615
2221 0.6123703001421847
2222 0.4382343561455254
2223 0.47912015576324035
2225 0.748357057343617
2224 0.6623411103393024
2226 0.19762161088607946
2227 0.7359847447852114
2228 0.16617868065080738
2229 0.9179686711387832
2230 0.36542558647734746
2231 0.03785137000055823
2232 0.2283610171874905
2233 0.41137766350971355
2234 0.04946246078343548
2235 0.13898250554151806
2236 0.14303745043419638
2238 0.2271660405497064
2239 0.9850892662156753
2237 0.04322060712433981
2240 0.0998015954610327
2242 0.3828176461802164
2244 0.01609812789158243
2243 0.07464382285441613
2246 0.026613277245422593
2241 0.24474014128244934
2245 0.4012176168258584
2248 0.17734401067564046
2247 0.004578421029786128
2249 0.44557882567341245
2251 0.5526090207902552
2250 0.1792889540592795
2252 0.5214689926429465
2253 0.3449484474276046
2254 0.1505503776615156
2255 0.4697386266003927
2256 0.6095844764319086
2258 0.6261328912426053
2257 0.3148624180776582
2260 0.40578691941987
2259 0.7544669273936744
2261 0.5384232887963785
2262 0.9131800578852636
2263 0.3371766112356148
2264 0.4125323933657457
2265 0.5570767602849198
2266 0.5190615585435936
2267 0.6449616693580058
2268 0.36687381363882676
2271 0.8334493929330601
2269 0.3364960294691968
2270 0.2672049238913559
2272 0.8023738176653801
2273 0.5158856844346595
2275 0.2537498999107122
2274 0.42768342582633573
2276 0.14244990166273158
2277 0.37956318013987017
2278 0.6692426779166155
2279 0.4403249048018373
2280 0.5157252266028124
2281 0.1397211261422141
2282 0.7129768196158566
2283 0.5408885093217745
2284 0.06814199955843561
2285 0.14141741426044113
2286 0.63193828745988
2287 0.4798949997904884
2288 0.6569665882327183
2289 0.4187728674231068
2290 0.32538891790304914
2291 0.9200294634384762
2292 0.9117369360304802
2293 0.3160067076257142
2294 0.1989153996124633
2295 0.4349949623183406
2296 0.9890757182069965
2297 0.37665137964151885
2298 0.8551432198857778
2299 0.5618941507452816
2300 0.4188711063124065
2301 0.11866235718069477
2302 0.5601006426920658
2303 0.3007640697257176
2304 0.5650215035337612
2305 0.30761766863604195
2306 0.9362435039358368
2307 0.3507620864165739
2308 0.30260883021672796
2309 0.5290353310696619
2310 0.9672915244313255
2311 0.47396730072301263
2312 0.6241150290499993
2313 0.45368031653459534
2314 0.420193135985028
2315 0.8235626303427847
2316 0.7975892610458817
2317 0.5448903216098444
2318 0.07070956346472809
2320 0.6501805609385478
2319 0.290814759265077
2321 0.37307670886087074
2322 0.01444362352271454
2323 0.4570860297447591
2324 0.31657115661478274
2326 0.05491476585744932
2325 0.17754353853780228
2327 0.7743591103076879
2328 0.6084447970342388
2329 0.6091561404395364
2331 0.31915765877024505
2332 0.1304357081277076
2330 0.38331814463579783
2333 0.5032318124209177
2334 0.6682243778763841
2335 0.2095046790549094
2336 0.7896906349239733
2337 0.3703910760993411
2338 0.6266984039980567
2339 0.6814557195777788
2340 0.79808357157919
2341 0.08301366183588489
2343 0.09216321710744765
2342 0.5783770996097497
2344 0.6322108816901931
2345 0.9928575721938316
2346 0.1351819706467782
2347 0.15171968523475
2350 0.15237969487415703
2348 0.4844834322226068
2349 0.10449317844005081
2351 0.20155261768981922
2352 0.17140297072734414
2353 0.082719802948205
2355 0.2590660618531282
2354 0.04842038162713767
2356 0.2300920569445142
2357 0.5129303418323656
2358 0.915471695010899
2359 0.40696744043403454
2361 0.34197606975675626
2362 0.2084444464069588
2360 0.32231030725513543
2363 0.15259846390210577
2364 0.12263378803335756
2365 0.7722211678559615
2366 0.5957577034727731
2367 0.33796029630087354
2368 0.5144267936319256
2369 0.030714694078150827
2370 0.34067513136956595
2371 0.6426863787506677
2372 0.6368558770615345
2373 0.07282688377833933
2374 0.9726343346388381
2375 0.4280670778760465
2376 0.31792115853956604
2377 0.54312175227704
2379 0.9409735608890819
2378 0.5450728843731355
2380 0.4103862707333835
2382 0.041505199236798365
2381 0.03971081776370182
2383 0.04322402447619896
2384 0.33150714144475646
2385 0.4716178508267314
2386 0.12759618029560255
2387 0.5851947184437489
2389 0.06890028591126474
2388 0.4822333553556746
2390 0.834727866458937
2391 0.8013964923327486
2392 0.0463240286292098
2393 0.19421470186502368
2394 0.0021750966481624595
2395 0.09635180083106147
2396 0.1712572048520149
2397 0.01849070895471876
2398 0.6113052971858967
2399 0.458922566662751
2400 0.7064993857413648
2401 0.3186164787107724
2402 0.10444795535077323
2403 0.6821213557300585
2404 0.006098905591644447
2405 0.10731155833509395
2406 0.19906568442791606
2407 0.4123990996869433
2408 0.5690564949997096
2410 0.0941358713688085
2409 0.5898873787135888
2411 0.4006435275275128
2412 0.5122866448586891
2413 0.4145078747117357
2414 0.4980379181268965
2415 0.12457813601491266
2416 0.1545637267707944
2417 0.23989147867095462
2418 0.7052464820425564
2419 0.7544381708222172
2420 0.24032305060519438
2421 0.3101424936993553
2422 0.3188193125010437
2424 0.6190164130338001
2423 0.41814760710240745
2425 0.16046691986060901
2426 0.47199543506285635
2427 0.2657191822788657
2428 0.18300248897611351
2429 0.4928574001330289
2430 0.34486253689774343
2431 0.8968773385814065
2432 0.7511388769250513
2433 0.2686925306950733
2434 0.23030338969619768
2435 0.13870270222280645
2436 0.015204353221227167
2437 0.7848065550754493
2438 0.0831242340923549
2439 0.23394494339702093
2440 0.5950742981437294
2441 0.18988338875927124
2442 0.2913301313232256
2443 0.5335630568161918
2445 0.16652394886801164
2444 0.4220233466886506
2446 0.016003443772923752
2447 0.13744201073496298
2448 0.5459798056493427
2449 0.42740238421475135
2450 0.41094561743914915
2451 0.023009578071983162
2452 0.53427145255952
2454 0.41194334756558115
2453 0.575155256538295
2455 0.7134265781968107
2456 0.7223185457880968
2457 0.41694723585427995
2458 0.35093112048553327
2459 0.2781677122600464
2460 0.38237851588199095
2461 0.07750395281580746
2462 0.06844928850420963
2463 0.6392243032464691
2464 0.7864779904802021
2465 0.6957005385498248
2466 0.07920308038685277
2467 0.5910678530830954
2468 0.15125156554304198
2469 0.2260653975874056
2470 0.04609674078671463
2471 0.28701725782488857
2472 0.10766968370572502
2473 0.038710201264292914
2474 0.09708413796212613
2475 0.10104877246115254
2476 0.08788177310981664
2477 0.2740739060619884
2478 0.8596122504114857
2479 0.23768992494016117
2480 0.3127943677160735
2481 0.006645523662334047
2482 0.9595795746455936
2483 0.7149017741030134
2484 0.9948422913191467
2485 0.2284257119980604
2486 0.701932592792034
2487 0.9165616806776039
2489 0.6971101455473266
2488 0.6240402190512934
2490 0.10827961607872308
2491 0.749085284491327
2492 0.024347155729922982
2493 0.8085423614660616
2494 0.5144134899553032
2495 0.1178986185828323
2496 0.47265805926219523
2497 0.4442213215553181
2498 0.49959412126318276
2499 0.09337376465193653
2500 0.21613263801054755
2501 0.5007631375624316
2502 0.4540154562200025
2503 0.1449319221250813
2504 0.7687451773109242
2505 0.5346585374274632
2506 0.8710713232280201
2508 0.632037297304341
2507 0.49595577835153276
2509 0.2612632700048477
2510 0.5399038391980443
2511 0.1724140784779039
2512 0.9517891693665482
2513 0.043654177545555464
2514 0.4514082216462812
2515 0.16251121801402274
2516 0.030516201481155154
2517 0.5361476614177133
2518 0.13442019972219482
2519 0.3137084753644369
2520 0.34029839479259194
2521 0.8480883394962402
2522 0.4836201001644682
2523 0.01653672152321467
2524 0.38023167184845014
2525 0.06299488305235061
2526 0.7479711941705938
2527 0.2518151519584777
2528 0.419034378172767
2529 0.2269889890415448
2530 0.4368918488295026
2531 0.0894918069180474
2532 0.2530618118191944
2533 0.5112572524756845
2534 0.42767970170095315
2535 0.5407170649731017
2536 0.26015459515030986
2537 0.02858169999357121
2538 0.21348914767156124
2539 0.3545362033750758
2540 0.1741758200300033
2541 0.7104206610347619
2542 0.10482253117532904
2543 0.48205963555709386
2544 0.046132876974102864
2545 0.13425141077594624
2546 0.34208029519801353
2547 0.6581925345564457
2548 0.02383866824905784
2549 0.6565768391404166
2550 0.6101101298585798
2551 0.29253095878905044
2552 0.610555537161052
2553 0.721079379936423
2554 0.36414581049649
2555 0.7140545131391527
2556 0.2665146864119662
2557 0.7005861155886183
2558 0.8798869345634271
2559 0.7194834798514462
2560 0.48064180348548563
2561 0.6417495591349114
2562 0.3410103987586622
2563 0.7801003250831928
2565 0.5477385346092836
2564 0.005989664176713308
2566 0.31078801500094966
2567 0.8602189318243543
2568 0.40955624477359187
2569 0.09526082467466912
2570 0.8649022256198821
2571 0.10974353363733917
2572 0.4757841699995626
2573 0.7175915753137578
2574 0.8731434106553428
2575 0.9296494009896128
2577 0.3702578548743694
2576 0.3508445859275001
2578 0.41324319976691565
2579 0.6843468625873207
2581 0.4315176888820789
2580 0.008242411062533631
2582 0.0
2583 0.5404502217407248
2584 0.8176152474307488
2585 0.6907826745401103
2586 0.944789948489382
2587 0.47760439041897734
2588 0.2108582232771814
2589 0.08969729778015972
2591 0.2919518962861829
2590 0.8109187990801439
2592 0.7444038924332017
2593 0.24222004668153152
2594 0.42916835225081745
2595 0.22886299039081803
2596 0.5539829867829629
2597 0.22583136934058426
2598 0.3874277312352162
2599 0.22795374966433835
2600 0.25536449332033123
2601 0.4225220936464329
2602 0.16397864137791432
2603 0.20770795555044402
2604 0.30752690821861345
2605 0.5130196609525323
2606 0.9932048133756344
2607 0.06456812641782898
2608 0.06100198766482954
2609 0.568836290524869
2610 0.10353003121538645
2611 0.3570303195975214
2612 0.25071976268811846
2613 0.2850799383508916
2614 0.525918388557709
2615 0.8890171038580424
2617 0.6711553518258191
2616 0.4300700616415115
2618 0.052422506345084705
2619 0.37622267612702764
2620 0.11509273574417955
2621 0.7598112774198823
2622 0.8355908349834462
2623 0.09654601379540091
2624 0.2842683186944878
2625 0.2760505337746491
2626 0.06364401931967459
2627 0.9991744893173895
2628 0.021817807537060842
2629 0.9544299765820177
2630 0.37551361040061215
2631 0.009562185481656806
2632 0.9869318934446595
2633 0.2987602584663565
2634 0.2549577857148811
2635 0.27191537450192743
2636 0.962966624599234
2637 0.23777993781751344
2638 0.4542117880662104
2639 0.014775773204953713
2640 0.3402428319271037
2641 0.16191907202991354
2642 0.20269772249862972
2643 0.4733832555972674
2644 0.7848584904307558
2645 0.06572753836451825
2647 0.5118837813768924
2648 0.8563639358410208
2646 0.4555097198353003
2650 0.6309091206314146
2649 0.27817772487122766
2651 0.8515136106784768
2652 0.8767147256547572
2653 0.4499357112057612
2655 0.38213132701418456
2654 0.252098990965238
2656 0.5637287532339785
2657 0.15715190469710139
2658 0.384663458975213
2659 0.04386790680965721
2660 0.40909743960051265
2661 0.3988515736997279
2662 0.684339887391875
2663 0.21777028272290036
2664 0.6029077455593194
2665 0.041496306775039966
2666 0.5727248568605118
2667 0.37502257804763284
2668 0.013821201120381802
2670 0.09394286659178265
2669 0.8159911915160392
2671 0.21063440757718874
2672 0.02774505463966054
2673 0.10545667196619284
2674 0.6868990954417717
2675 0.34486186288998977
2676 0.49645050987646444
2677 0.4470944701019817
2678 0.628287330337197
2679 0.17225671053798278
2680 0.8375481572122785
2681 0.9097062116638804
2682 0.8249703688432549
2683 0.9134809353672934
2684 0.35175503581741807
2685 0.5561578942962555
2686 0.742499843058986
2687 0.7661043868925821
2688 0.03659793512662924
2689 0.3585197146311976
2690 0.13417023823055207
2691 0.16063051088604755
2692 0.03541705344104976
2694 0.8467608041426531
2693 0.21417212325849505
2695 0.6130546379340179
2696 0.5496910217373534
2697 0.9142957154718877
2698 0.16508699267569293
2699 0.5152328300093647
2701 0.8097179825368316
2700 0.9988188613488144
2702 0.8240479898142357
2703 0.3490342973253113
2704 0.08843661412797064
2706 0.11211023790166953
2705 0.10089814230273149
2707 0.27243847766476653
2709 0.007335706224205098
2708 0.4670328207642998
2711 0.2606362224092657
2710 0.30030787515361684
2712 0.023706520415653517
2713 0.16115966370949192
2714 0.4851604488638645
2715 0.08432662328691702
2716 0.1398749168632256
2717 0.07508800824412874
2719 0.16451616618106973
2718 0.4931667513744036
2721 0.48923095299979397
2720 0.9160161698158584
2722 0.11066749514152384
2723 0.21327519467225306
2724 0.40204981531433487
2725 0.0011042531797716834
2726 0.7182319225413115
2727 0.04269758606584167
2728 0.8692313321353459
2729 0.39600862172260204
2730 0.7994561825789961
2731 0.44297860617733154
2732 0.6857535502623401
2733 0.49984729817310947
2734 0.775142380791453
2735 0.5853554517404099
2736 0.0937897572037376
2737 0.22425111746091597
2739 0.19553561213988246
2738 0.16875831579273043
2740 0.38104000590326736
2741 0.3943558457963351
2742 0.4137080538283929
2743 0.17609795200798264
2744 0.530027154615501
2745 0.6983372457175694
2746 0.07537505099111126
2747 0.0425329581294093
2749 0.056010527689225605
2750 0.17339468465970842
2748 0.929064266094004
2751 0.4306065205913409
2752 0.09204950368461146
2753 0.38526050184230054
2754 0.12262938894183685
2755 0.437500510817062
2756 0.11219679948698598
2757 0.4617189359445355
2758 0.4330661317920866
2759 0.7223554710933108
2760 0.35563333031810623
2761 0.3821741092614627
2762 0.537626307828184
2763 0.9099988957974261
2764 0.010387913473429959
2765 0.3388568885451954
2766 0.33430005536555146
2767 0.15679392975504
2768 0.5432520333811568
2769 0.015367789966070473
2770 0.8787512804323712
2771 0.32849611536751
2772 0.22946631300905204
2773 0.29768098555543504
2774 0.38402995619430164
2775 0.6536958982824741
2776 0.05021530820929591
2777 0.41907619314076305
2778 0.562951258664482
2779 0.33529082689027595
2780 0.7340308499434994
2781 0.06377169619211878
2782 0.10009038191684813
2783 0.09787825025639837
2784 0.5932674381321703
2785 0.879171114684213
2786 0.20855231139805355
2787 0.9894680945561818
2788 0.9654663191105071
2789 0.5114444847289531
2790 0.3227792799177541
2791 0.9996185604158168
2792 0.9999999204299451
2793 0.20672140159928712
2794 0.003689300735687272
2795 0.40516938236747074
2796 0.4393242891630413
2797 0.46007096161557814
2798 0.10043158332965915
2799 0.6838859665736223
2800 0.0917203485984227
2801 0.04407020916297442
2802 0.08380455111792161
2803 0.6225568252875768
2804 0.9388454200096344
2805 0.4393452176415252
2806 0.04252775637984363
2807 0.9964677447513997
2808 0.45695130807850926
2809 0.593791001861623
2810 0.11889496546180725
2811 0.043835534134009826
2812 0.23159272044249232
2813 0.05563173813010745
2814 0.37866662133342843
2815 0.34703940737897604
2816 0.06541822830567127
2817 0.07886144060125282
2818 0.19307099095803532
2819 0.8176159897887442
2820 0.9047920392633635
2821 0.4820580487860162
2822 0.41793622424025473
2823 0.12904967207466683
2824 0.6120452935830896
2825 0.11983283114132073
2826 0.10678247718090603
2827 0.15607717199025514
2828 0.5901083327759207
2829 0.9943006988602712
2830 0.7316501149224246
2831 0.21739077243981114
2833 0.02175186230321054
2832 0.0
2834 0.11664969529488088
2835 0.5838181918024334
2836 0.20874978094053367
2837 0.40269606260591045
2838 0.36380663446569
2839 0.17382156919126207
2840 0.5388926470018175
2841 0.9212337609759078
2842 0.9654626912256068
2843 0.5018871139292856
2844 0.24852173601104893
2845 0.563348847338809
2846 0.9423269329247628
2847 0.5484088325439592
2848 0.3038019328605425
2849 0.8659743749995034
2850 0.07976027825545513
2853 0.9556753406622338
2852 0.5007176439536751
2851 0.433031420096649
2854 0.18412875638608997
2855 0.5800150618874906
2857 0.4896652805803643
2856 0.26288477730363635
2858 0.9140996441822903
2860 0.2517017339472413
2859 0.8137144215036572
2861 0.33094778026417493
2862 0.6197279760168517
2864 0.9190369973371456
2865 0.19513239328129067
2863 0.5153377868301543
2866 0.5596571838307096
2867 0.12171645429380758
2868 0.8305952541829663
2869 0.018494760730601436
2870 0.4753681441996964
2871 0.24255798697710498
2872 0.7161658162064252
2873 0.8945585739469819
2875 0.05429791084043562
2874 0.28387404309767783
2876 0.7511259644594213
2877 0.9071035832033844
2878 0.4420458819250282
2879 0.19363332245318532
2881 0.006699711542502582
2880 0.6323263620651499
2882 0.6964259657664886
2883 0.17418489858558134
2884 0.028580848962946874
2885 0.1746303824499179
2886 0.9560605873131065
2887 0.6461574236933068
2890 0.6699390245391602
2888 0.24742004626256675
2889 0.8815191774263098
2891 0.15933737180979357
2892 0.8513496628475239
2893 0.107143438443373
2894 0.50118668250236
2895 0.18059008992230335
2896 0.29762224309821905
2897 0.14961780152652251
2898 0.37955295112066606
2899 0.6417361937911861
2900 0.9627872725793759
2901 0.10312518427733797
2902 0.63382897649663
2903 0.015949046236187675
2904 0.011088590139762641
2905 0.04598660339981025
2906 0.11963896861686875
2907 0.3112238626281682
2908 0.014540581206863645
2909 0.14351318972321836
2910 0.6779237776794491
2911 0.2842426481361593
2913 0.3170809213355148
2912 0.5970437282349011
2914 0.33100470447169794
2915 0.11149856652406895
2916 0.09624181291878217
2917 0.8315665519610517
2918 0.16827752182167066
2919 0.728408028217507
2920 0.667479439636912
2922 0.776000434351472
2921 0.5667329822259899
2923 0.27500293271967724
2924 0.3960544580681209
2925 0.2974756467425267
2926 0.5390813912774747
2927 0.6122895972630331
2928 0.009017334374473222
2929 0.006819882932803008
2930 0.3964363785611678
2931 0.5993985590121375
2932 0.5388242271334511
2933 0.14294782333273184
2934 0.13866554844512502
2935 0.715793337742032
2936 0.24754214305790184
2937 0.21373390462840575
2938 0.49867593292354323
2939 0.011336643619021088
2940 0.4224065517578241
2941 0.06827159471051164
2942 0.15088277970722047
2943 0.4528980878849478
2944 0.7367187397457771
2945 0.131422255802824
2946 0.46179665360207767
2947 0.3504957477990452
2948 0.17600318979748145
2949 0.20016011862213423
2950 0.7935782473876555
2951 0.1565358847174595
2952 0.1264548021146186
2953 0.8051965673637236
2954 0.49273732180869556
2955 0.042413087634649065
2956 0.8277928129671779
2957 0.4625726512038701
2958 0.7286109251743534
2959 0.11600724209542214
2960 0.5267373209853629
2961 0.03976909151559731
2962 0.34361710735036277
2963 0.7832691184289118
2964 0.44759896491845835
2965 0.2850947522818096
2966 0.21613827851572331
2967 0.05479424301003297
2968 0.90958889471339
2969 0.10500093045465876
2970 0.3792641945201388
2971 0.0762487618761552
2972 0.6641963437984673
2973 0.05267335177364614
2974 0.5094204587400891
2975 0.890707813904004
2976 0.1301445029170244
2977 0.8209755255831427
2978 0.3097853784282566
2979 0.5583643309788121
2980 0.19472974849811833
2981 0.4360222842553781
2982 0.02144964835984161
2983 0.22654625089943697
2984 0.33768159980772533
2985 0.19720200195557208
2986 0.47270601385218874
2987 0.3611165520889583
2988 0.5631684556108408
2989 0.4888852717824859
2990 0.3833268708069246
2991 0.6528635321560726
2992 0.15009160395134066
2993 0.0651210742279475
2994 0.09753444541288957
2995 0.03148291877224435
2996 0.6225675540686825
2997 0.3472735400214986
2998 0.6620411741266718
2999 0.229462962031715
3000 0.3798587281511946
3001 0.6547713182854604
3002 0.24606436091472825
3003 0.7803466810056876
3004 0.5991293740582172
3005 0.07860349049428812
3006 0.6217075340343459
3007 0.27257532068420065
3008 0.26791821751039474
3009 0.0026994364821266684
3010 0.23125014234632296
3011 0.43437437418936564
3012 0.3855129586699649
3013 0.5106017425776442
3014 0.08010469311669198
3015 0.6790691502297636
3016 0.4218108823845357
3017 0.9399642699606116
3018 0.17329739830146304
3019 0.37541853072037706
3020 0.14631454181604536
3021 0.25478124495738874
3022 0.04497060384915169
3023 0.04059622579679981
3025 0.4278135297088642
3024 0.15580041536948647
3026 0.6111859608233648
3027 0.38256056668486393
3028 0.36484933317588375
3029 0.38229239594980086
3030 0.782245576153505
3031 0.2747294024988431
3032 0.24961961075735778
3033 0.5227986547679667
3034 0.23785207216229895
3035 0.12911431193267334
3037 0.5002533889984719
3036 0.5473520297004051
3040 0.05759009802002108
3039 0.35282904125675696
3038 0.35387584135794015
3041 0.07765276439589729
3042 0.8163222896067223
3043 0.25221995511146594
3044 0.3757951690701225
3045 0.3015763848771075
3047 0.9385759431280667
3046 0.1304788427301267
3048 0.2141111935579157
3049 0.6818559864282017
3051 0.17302337029893233
3050 0.37899506740877753
3052 0.47355217052046283
3053 0.7831323597565353
3054 0.7179684899119698
3055 0.5504939737187283
3056 0.7715926967035075
3057 0.33310995399112203
3058 0.35403345195879127
3060 0.6779696613661269
3059 0.9471104637524722
3061 0.2426937542453621
3062 0.02356784960450527
3063 0.22414804179983341
3064 0.3193263353201014
3065 0.8814390039565909
3066 0.8899817857905797
3067 0.17063897789984067
3068 0.8718562379228245
3069 0.5922938450267213
3070 0.6218307654690914
3071 0.31245158022064035
3072 0.48311516861633585
3073 0.09455531600194628
3074 0.272831766873332
3075 0.16865102117479586
3077 0.3636796894290166
3076 0.44086030939990023
3078 0.5849541299535829
3079 0.1366459749154832
3081 0.18626584661729623
3080 0.8921124214656411
3082 0.6324357487613045
3083 0.2754128562705806
3084 0.4914509209677204
3085 0.9431762755208809
3086 0.824132163421745
3087 0.5743976070823571
3089 0.8389630331207293
3088 0.2509522731977161
3091 0.015377135831395137
3090 0.597330528618417
3092 0.7097739198630699
3093 0.1422802108574066
3094 0.9973479026165788
3095 0.09391956980180258
3096 0.8367968912591469
3097 0.007847837327680511
3098 0.13640774509806985
3099 0.6530091599476735
3100 0.2977661831790881
3101 0.2268367423703681
3102 0.27164132090514975
3103 0.6781305590255686
3104 0.9886705404977449
3105 0.06953043494889537
3106 0.03208658451588407
3107 0.2992555436205314
3108 0.06406066398579743
3109 0.9232814977734588
3110 0.25587634312948504
3111 0.1192306450351212
3112 0.35095245140778475
3113 0.37363889460239974
3115 0.525193209169767
3114 0.7871693042282725
3116 0.08084702321032078
3117 0.1436733534082297
3118 0.21300995569775621
3119 0.3776439449134709
3120 0.6170751619237909
3121 0.16139751805789382
3122 0.5574127457487922
3123 0.6801242529471951
3124 0.5531732775610411
3125 0.1284721607349665
3127 0.22147626408261703
3128 0.2500049666597412
3126 0.4251772891787318
3129 0.9532965476836488
3130 0.3205779186846529
3131 0.18518293670338432
3132 0.6331259266077336
3133 0.16571593433360787
3134 0.23304051476627827
3135 0.07348867188639405
3136 0.23782823798498537
3137 0.4622020978134516
3138 0.001349823252633153
3139 0.34368998304527965
3140 0.9746861876327213
3141 0.2932140672186968
3142 0.19256163006959062
3143 0.19642878826515126
3144 0.12182657669610601
3145 0.19049661413051225
3146 0.7839076794291752
3147 0.8457896808560058
3148 0.509219070106601
3149 0.4628503057491339
3150 0.6067727033960819
3151 0.7718660943139299
3152 0.25295924453541496
3153 0.5963293832716358
3154 0.9256940032185057
3155 0.10111965269202292
3156 0.7982717949576911
3157 0.052058992427910344
3158 0.3060765509055236
3159 0.3639707733064798
3160 0.6146463374323831
3161 0.4873239321577609
3162 0.3419872792052463
3163 0.04924956039350222
3164 0.1632210774711427
3166 0.7102680219125048
3165 0.5364882994182985
3167 0.8974603819103519
3168 0.6790366390480101
3169 0.1569878935949781
3170 0.19696565420720036
3171 0.7453753186804162
3172 0.21494593465362885
3173 0.031991160285882884
3174 0.12098142097361358
3175 0.7630061126334144
3176 0.7708329644097991
3179 0.01233947622584861
3177 0.36006253696223867
3178 0.14323932434983214
3180 0.42661651341305046
3182 0.026963116372206167
3181 0.1726424227733286
3183 0.596224868551583
3184 0.7103857498156878
3185 0.12751496576942423
3186 0.15517901935129433
3187 0.9440694844204444
3188 0.6720990866946441
3189 0.541457507001406
3190 0.7550077320656681
3191 0.36387322444721687
3192 0.6644640749384226
3193 0.9184482124250712
3194 0.516269231401713
3195 0.6630933452987504
3196 0.9902301823188981
3197 0.8800528482267881
3198 0.5884273615870609
3199 0.017282884642185786
3201 0.3851906957102655
3200 0.3338606578113307
3202 0.12696171469212328
3203 0.34211824461653634
3205 0.38255888414930733
3204 0.4616724136042495
3207 0.05663851736554198
3206 0.10274284937878711
3208 0.36102091418521337
3209 0.7498072803359646
3210 0.7179564858676454
3211 0.1972480656980394
3212 0.146426222501682
3213 0.20125577861750132
3214 0.396771344258086
3215 0.09998082958400198
3216 0.888492684240903
3217 0.08153088117266254
3218 0.13210619987457034
3219 0.6191802501781543
3220 0.17102567970569077
3221 0.23149618079509635
3222 0.2801041782583803
3223 0.2463919812468837
3224 0.006634849022963561
3225 0.6051402162785012
3227 0.09090807933755553
3226 0.8494165461486942
3228 0.9309305876959483
3229 0.21493564233543067
3230 0.49342564979419995
3231 0.7670493560679625
3232 0.5311731335461999
3233 0.21762649481360422
3234 0.16388858194429096
3235 0.29273661173463095
3236 0.034143247754694225
3237 0.5234869323521641
3238 0.5561475692577358
3239 0.47066571892310977
3240 0.015903242556969403
3241 0.7357515912029496
3242 0.11671697964764723
3243 0.8960935740684322
3244 0.5241129641300202
3245 0.2389383433417979
3246 0.21525934068958055
3247 0.04640278796498669
3248 0.19401324622645116
3249 0.23078846020728716
3250 0.3166161382440912
3251 0.8091106583179208
3252 0.1708377706287761
3253 0.8372838589369481
3255 0.2940987760135721
3254 0.3832673543097026
3256 0.612218985531867
3257 0.5657607844424023
3258 0.20531903290021103
3259 0.23773996337386444
3260 0.24034544763510332
3261 0.7801291455231957
3262 0.023468061422425912
3263 0.3743895847199184
3264 0.1905002058908221
3265 0.4924993864021302
3266 0.1753718598231541
3267 0.5781676123107466
3268 0.30619385141759137
3269 0.42038036370700793
3270 0.7805835451538299
3271 0.8676723423355156
3272 0.2298040170864626
3273 0.7728371961166839
3274 0.009791097014498675
3275 0.030418674911986243
3276 0.4370946787990719
3278 0.15123694390529266
3277 0.30535877164317665
3279 0.5384462109521942
3280 0.22034288005577857
3281 0.5543300389487255
3282 0.6999717931678533
3283 0.04907628520886777
3284 0.40411812858468793
3285 0.34897399299959175
3287 0.23399006671545713
3286 0.33330927778605973
3288 0.8200525372214414
3289 0.35346449113273726
3290 0.14471388836222895
3291 0.29316744656731036
3292 0.06028834218998557
3293 0.6474708950805727
3294 0.12136047807171123
3295 0.025280484546977403
3296 0.38192045927859397
3297 0.5268228063745393
3298 0.5440130497929413
3299 0.25558794753886466
3300 0.12994961433485147
3301 0.028804238076424075
3302 0.23083072230807697
3303 0.28564031830380765
3304 0.18540540416280807
3305 0.33956922763112246
3306 0.006684378532762742
3307 0.44424288142549434
3309 0.14050477995535185
3308 0.6839720012088462
3310 0.9999934953536462
3311 0.9835074975389526
3312 0.0848087927255824
3313 0.304095663009902
3315 0.3638377125160453
3314 0.010508914505557009
3316 0.35692604611299855
3317 0.505117816532243
3318 0.11788439348198451
3319 0.018540561285231776
3320 0.19944905485687184
3321 0.13277485323640098
3322 0.767132009241524
3323 0.6530076479778152
3324 0.4381465392167503
3325 0.1299278768355016
3326 0.3967693290310409
3327 0.22343783109863355
3328 0.5260396722449272
3329 0.33782637650647707
3330 0.1070459398702407
3331 0.3229139006986339
3332 0.035901692593861945
3333 0.248206537614362
3334 0.12125023693918797
3335 0.25146952395306266
3336 0.44429783587808563
3337 0.1382273044307877
3338 0.38367598632794203
3339 0.31472275356604457
3340 0.6587750518908105
3341 0.27199720698472185
3342 0.9559696643142691
3343 0.45540738437600775
3344 0.10656525592098093
3345 0.1749794162215212
3346 0.8933320735322959
3347 0.25590085461194634
3348 0.5807231973778919
3349 0.5232189600420813
3350 0.5920291248452548
3351 0.27538978440753986
3352 0.35786526237559657
3353 0.3915643747476712
3354 0.048461438858498886
3355 0.331237426268107
3356 0.05727191428935487
3357 0.9430968249018011
3358 0.7873853201502956
3359 0.9854449479239052
3360 0.9995364306863783
3361 0.9741711203512897
3362 0.23575140643936035
3363 0.13348177939467532
3364 0.49962895316328787
3365 0.09830736487533331
3366 0.0504183452138817
3367 0.10239283428281358
3369 0.2947405487981511
3368 0.3004311406672996
3370 0.03395927765278365
3371 0.5188833934334798
3372 0.5189910225059966
3373 0.06657862033107158
3374 0.2288288806573047
3375 0.29902618317878943
3376 0.3482710640027005
3378 0.015403859899928452
3377 0.004045572639357148
3379 0.8248661814035496
3380 0.13316556464642743
3382 0.22255172491837627
3381 0.0866871277879275
3383 0.1949474713320991
3384 0.19999249900093288
3385 0.7631528618609781
3386 0.5398580352770646
3389 0.5821288534389484
3387 0.8618361527012525
3388 0.3936718024467471
3390 0.6501868518074161
3391 0.8560695746421997
3392 0.36136848003806094
3393 0.4006338194551331
3394 0.6129521370196668
3395 0.6361155180858056
3396 0.514203457163834
3397 0.7400343495449362
3398 0.6529751586502491
3399 0.12450355878721396
3400 0.11497403515989205
3401 0.910787231751149
3403 0.35903848366733987
3402 0.18229687429343758
3404 0.8575339900920306
3406 0.4679165649496841
3405 0.9570760232503952
3407 0.5413126201838431
3408 0.022663893347327848
3409 0.2231640967766702
3410 0.010738871265947771
3411 0.7382968570211925
3412 0.9195290561914214
3413 0.6815139962038637
3414 0.5189556197617141
3415 0.6278593093218795
3416 0.20257958191778722
3417 0.15811042757554716
3418 0.8443345411762938
3419 0.8721726390138291
3420 0.12209550687040208
3421 0.698240831989915
3422 0.4670008655179898
3423 0.03462182450429676
3424 0.28538279402025724
3425 0.7340761399196952
3426 0.05969693074660471
3427 0.2407065313891191
3428 0.3023123367433068
3429 0.8653335978493601
3430 0.3451885188459734
3431 0.6826264117645731
3432 0.08284611700983577
3433 0.8755394585372457
3434 0.10043736139369401
3435 0.7538682868254961
3437 0.8307440286606047
3436 0.7721635618559044
3438 0.8477408747005404
3439 0.6335059279966965
3440 0.8848170255358624
3441 0.3423304505691261
3442 0.26055662644714417
3443 0.18043543043918897
3444 0.929193740403423
3445 0.04474867469812182
3446 0.6182706590321329
3447 0.5857615245396873
3448 0.13125698177859776
3449 0.5444525048705854
3451 0.3308753057062184
3450 0.1321540799795267
3452 0.9396603988159208
3453 0.12462040444081597
3454 0.6740010758067301
3455 0.5188619447039104
3456 0.39450417885038425
3457 0.45374236454468303
3458 0.3460643606543082
3459 0.46758852249541927
3460 0.001244546157591677
3461 0.06708206846993273
3462 0.5188299322218398
3463 0.3939310253643315
3464 0.9348695057303468
3465 0.16594249688238324
3466 0.0091114567532234
3467 0.7737436390596079
3468 0.321337444242105
3469 0.36591395464770954
3470 0.5819285486608373
3471 0.7315976011963032
3472 0.7021847738464528
3473 0.2788259062388735
3474 0.634324902960784
3476 0.0724634931196635
3475 0.09630918504998714
3478 0.8338767852875486
3477 0.5761621115710698
3479 0.08396002141623665
3480 0.940298758747722
3481 0.1056270564802263
3482 0.1269060169074403
3483 0.19508924999391203
3484 0.6205592175731907
3486 0.18156747739193163
3485 0.23307397837902613
3487 0.4870679813797997
3488 0.3459725981819937
3489 0.33556847605790435
3491 0.049151840383080236
3490 0.33528635575922927
3492 0.699301978713808
3493 0.053244414307506545
3494 0.5835783418957284
3495 0.17267674431969196
3498 0.4473386452763011
3497 0.5614016996094285
3496 0.5755208073934032
3499 0.8132053690432984
3500 1.0
3501 0.3890528015482997
3502 0.6853632336719968
3503 0.3856304239109301
3504 0.6515568370706193
3505 0.9962844214437452
3506 0.8560971783221503
3507 0.2968987686247591
3508 0.19231347731395837
3509 0.35684886522192466
3510 0.7046053577080382
3511 0.7755262499981925
3512 0.9825795097504918
3513 0.15268296386851155
3514 0.026629740810196874
3515 0.023679718879294775
3516 0.4680430048412221
3517 0.7760079546203573
3518 0.10563479603024584
3519 0.4966766286471684
3520 0.9087880377457085
3521 0.6440650273148999
3522 0.5479231138037746
3523 0.32676267257807234
3524 0.03590204033527187
3525 0.20270360468988677
3526 0.8201022321115965
3527 0.9120921583847521
3528 0.050633142926003634
3529 0.10350473453048134
3530 0.5856938436541336
3531 0.8714450997083721
3532 0.26954917155847663
3533 0.14967576145863037
3534 0.2195784042048261
3535 0.018832208023659976
3536 0.13163178567109393
3537 0.4439439677988828
3538 0.12711182689252748
3540 0.2911356395066731
3539 0.03409964164796523
3541 0.43479630387230206
3542 0.16101668665607768
3543 0.09990075094846104
3544 0.06949203555341732
3545 0.2627666231247005
3547 0.25249756639693
3546 0.14632570546786297
3548 0.10883936442176856
3549 0.6414048590393795
3550 0.6988248763771479
3551 0.6398125094805598
3552 0.11801949429700445
3553 0.6492290581508829
3554 0.6878231043392439
3555 0.1919249206935023
3556 0.7106916732724312
3557 0.21841859111078735
3558 0.31502495457491125
3559 0.027112003870005577
3560 0.9817305324711162
3561 0.2935486799037469
3562 0.13401573246371964
3563 0.07611318847460746
3564 0.5594474326318208
3566 0.1771717586297946
3565 0.9983540366450471
3567 0.34447226934842484
3568 0.3703541477960251
3569 0.226884850389449
3570 0.36765413546529796
3571 0.6052467207995003
3572 0.12867269724074615
3573 0.24715775625437353
3574 0.24805427437641722
3575 0.2711751930036291
3577 0.3035374251738701
3576 0.5268299010166169
3578 0.6073918066120518
3579 0.0989081778935694
3580 0.7185143279080919
3581 0.6870846100889104
3582 0.10465575500512436
3583 0.4302402652121152
3584 0.3850806120423652
3585 0.2035850443303084
3586 0.1546036523437074
3587 0.18616581543064098
3588 0.91664651560595
3589 0.4349167805217543
3590 0.11715790294995396
3591 0.37033128226620693
3592 0.37714682217192813
3593 0.2016477798000074
3594 0.19112907122712006
3596 0.11174090497656397
3595 0.06257130202136361
3597 0.36141760033952314
3598 0.8314671738391446
3599 0.530268812315038
3600 0.539449216220311
3601 0.4226654456390326
3602 0.5081218439343863
3603 0.6319746790050226
3604 0.15886475958374116
3606 0.6413957217094095
3605 0.7978205288153755
3608 0.742469036681638
3607 0.3056960010407925
3609 0.09463195522219471
3610 0.2805384828817053
3611 0.4797679351642548
3612 0.7374727105497692
3613 0.28590362873337394
3614 0.39897177809172585
3615 0.059708150661427595
3616 0.8169762111544275
3617 0.2173909311542811
3618 0.15407933266566515
3619 0.29645994205501
3620 0.06849604462646221
3621 0.38702210622795985
3622 0.5607465899179223
3623 0.67869322070816
3624 0.2393980411426424
3625 0.06800117427335872
3626 0.2163249596704461
3627 0.3943315263781457
3628 0.506153044617634
3630 0.049098128733773165
3629 0.7137568587913224
3631 0.4090767772226503
3632 0.1220389089738221
3633 0.6312926560265751
3634 0.24093431999387588
3635 0.14821635570980798
3636 0.033493441530986615
3637 0.3401750215095489
3638 0.35513236139934595
3639 0.47882934312439
3640 0.02913492227338614
3643 0.30968154722020863
3642 0.822599821143854
3641 0.2333670947009472
3644 0.16144472543653351
3645 0.4123223584376987
3646 0.07061948580793966
3647 0.5155914001327893
3648 0.08344176465630623
3649 0.00715946255341434
3650 0.05095879305410029
3651 0.5233613221366317
3652 0.9613863222845868
3653 0.04050542838551192
3654 0.31577314022533226
3655 0.012854739536075962
3656 0.18667080123099272
3657 0.05066197213498221
3658 0.6029393790785889
3659 0.39045798209785343
3660 0.10390000489367292
3661 0.2913282010044567
3662 0.1502694750343451
3663 0.2381787611494379
3664 0.7648924270178614
3665 0.17834024454616484
3666 0.3430911848318501
3667 0.2814276336612814
3668 0.7711242732414885
3669 0.016006359632248453
3670 0.9252533586170572
3671 0.3406832658879304
3672 0.8463583320842809
3673 0.427427448339811
3674 0.5209017243759252
3675 0.2715497929536353
3676 0.29977366097458213
3677 0.3288139812700218
3678 0.32585679566761844
3679 0.37359462196921783
3680 0.01507318797733997
3681 0.1082724711043927
3682 0.10240760122948908
3683 0.06218099472540899
3685 0.15254270538556228
3684 0.2375983639326738
3686 0.11780866196790515
3687 0.27274858311591516
3688 0.005951527880099559
3689 0.5946682368962666
3690 0.21918503392809355
3691 0.5027660030059636
3692 0.2369000792575324
3693 0.46791852771523185
3694 0.7682970091959129
3695 0.3335705534570436
3696 0.15653297811487463
3697 0.554013703309566
3698 0.08800669092796021
3699 0.078488826716883
3700 0.20400395476245337
3701 0.2546122683515273
3702 0.12676946706395298
3703 0.7655040051682285
3704 0.5056388541864667
3705 0.2180373373801257
3706 0.2702417246579615
3707 0.2972613313504941
3708 0.49759860906775966
3709 0.5010232161234064
3710 0.4212495892384954
3711 0.1597907953077794
3712 0.06558547201001927
3713 0.25551259620377503
3714 0.7457962234677773
3715 0.7269731069840438
3716 0.11229585055274428
3717 0.17878340397352663
3718 0.6382435362852406
3719 0.6174448979563288
3720 0.0019741641292004815
3721 0.012297452337750148
3722 0.6719130622066602
3723 0.23821175306420028
3724 0.45650345114571733
3725 0.416525082859046
3726 0.9253431187954799
3728 0.07461950677714127
3727 0.2931409918749248
3729 0.4419158897056354
3730 0.2570104529047471
3731 0.7166784943398974
3732 0.3234625830248937
3733 0.05543632083813308
3734 0.5134653637659938
3735 0.9646328023674337
3737 0.16346117953641068
3736 0.25266779744