1 0.7767454588281542
2 0.8414520563415466
3 0.38875040313004366
4 0.3508216931656258
5 0.3175098477569676
7 0.8712943637500622
9 0.48226314591120256
10 0.03605797652266416
11 0.37053764963683883
12 0.5057927313803458
14 0.813976222566544
13 0.9035333279958688
15 0.26079311035860364
17 0.3692762322323353
6 0.27884626214813063
16 0.5198762796895277
19 0.6238678858480603
20 0.2563234053369011
23 0.16214444156845967
21 0.3263709353625479
22 0.637752439300306
24 0.5150343178228011
25 0.16952609520414344
26 0.5145387422242155
18 0.9358716243014897
27 0.3353314283209659
29 0.5057645351583131
8 0.6558714631604536
28 0.36902727377442096
30 0.18473251964105875
31 0.34492562630260093
32 0.29665797957241535
33 0.20142812126161636
35 0.6809344981924124
34 0.3333333333333333
36 0.3354750301194363
37 0.009072744854696599
39 0.31015971023911765
38 0.0494365977406893
40 0.6359981132480534
41 0.49751390163729076
42 0.22111842354014738
43 0.41491384606383286
44 0.5911910263650371
45 0.11429246660611019
46 0.33206486848712974
47 0.5055805535267662
48 0.4241251622274875
49 0.7081292198565069
50 0.555684671759447
51 0.27828178986196017
52 0.820956783400485
53 0.14168027894217325
54 0.9490935670003126
55 0.25296008713372214
56 0.6336212503944838
57 0.99382501782688
58 0.32989383863440364
60 0.5180199540994694
59 0.2587412017353247
61 0.12896328945233365
62 0.20177717839479176
63 0.8452150840494549
65 0.021563744573986757
64 0.3391852955625034
66 0.2361834124638482
67 0.15869333839476532
69 0.6682842448210169
68 0.9774201859468632
72 0.6054893494829592
73 0.5703523369429334
70 0.5499146815237094
74 0.7011479882237417
75 0.5760875034167482
71 0.06748717108969401
77 0.05225095450417399
76 0.12841674233113748
78 0.34230255602310367
79 0.5761815293168229
80 0.9694178408933417
81 0.995391201448681
82 0.9656535508247933
83 0.9956279463112586
84 0.4353433530517826
85 0.611845590051793
87 0.2578270713295482
86 0.36045256039743995
88 0.5138034380410682
89 0.31507436670438516
92 0.12248133950678587
91 0.29819260821139787
93 0.2035084560224765
90 0.3539165568059385
95 0.8421979563214786
94 0.39614771961231626
97 0.14440254155521556
96 0.35173425011661763
99 0.6116658539819467
98 0.20592513366477933
100 0.03712297921281167
101 0.028665945537349212
102 0.6111579817582781
103 0.9671415943527791
104 0.4695318667979439
107 0.0
108 0.6536913061503866
105 0.10288657619206876
106 0.37167059291123095
110 0.11264867730286046
111 0.2969380539637014
112 0.06617836534634629
109 0.5319102000370624
116 0.3274406384895643
114 0.4968247760639898
113 0.02733494852660571
115 0.308809104160886
118 0.9597554243219947
117 0.4294455469252136
119 0.5785555497327722
120 0.43118274678736473
121 0.051801441146960836
124 0.45567776525958253
122 0.47363005265371105
123 0.7870267059756034
126 0.7230709068360792
128 0.2581662034118235
127 0.447745377595416
129 0.19161944712902768
125 6.409338011581429E-4
132 0.3690990177569837
133 0.46360750479765483
130 0.6348183959878034
131 0.02125770615184958
135 0.5214349349843468
136 0.39804308129656674
134 0.7827958332237296
138 0.3408869555605437
137 0.34272617414228795
140 0.5363373541786468
142 0.11232807295933644
139 0.07276584322878117
141 0.08370304896818533
143 0.1126573364510106
144 0.7657521850156288
145 0.010988643240618953
146 0.1273087314138648
147 0.6044572822099852
149 0.5322890307346596
148 0.27659547306479293
150 0.9493945319415111
151 0.9712774459794937
152 0.8699020997314297
154 0.5035852886295279
159 0.5239524253555263
153 0.0425519870691252
162 0.046434343140998494
163 0.5171227975981159
157 0.09027706452561152
156 0.00537693374937626
160 0.9468474899227458
161 0.030224475478834403
164 0.46304159554990065
158 0.4276812206125609
155 0.5183974169152437
165 0.5351369571634621
167 0.2369251702148772
168 0.5130669887325074
166 0.042771366475624316
169 0.8131052035333368
170 0.7754984017971981
171 0.8022365882671965
173 0.12027436341896425
177 0.024738137677069463
176 0.5169977627966168
178 0.5569559083677276
175 0.6370866555563199
179 0.7535491018631507
174 0.24781391393043473
180 0.6748736441035181
172 0.8371076549717413
182 0.06555479304871027
181 0.25777148437122394
183 0.5132852427208916
184 0.6988153095171121
185 0.29333068539457424
186 0.37182176186816135
187 0.3147574688355417
188 0.37915426810414404
189 0.0931090340033116
191 0.7609778971226827
192 0.18025753891210278
193 0.8627667092169395
190 0.31106599594771345
194 0.39602088844475913
195 0.06923167070521104
197 0.07818557781909469
196 0.17176947231642134
198 0.5248600076566384
199 0.04873058761578371
200 0.43183159866439086
201 0.011834382739160279
202 0.5268540089963765
203 0.40975270784555695
204 0.2771891669117764
205 0.17383756181789212
206 0.007922692195476118
207 0.0018063325244265156
208 0.1464365673177478
209 0.3840206603577605
210 0.5327803481477423
211 0.6154997886146784
212 0.29656310103361466
214 0.3551167106207103
213 0.8501966499028355
215 0.3520967261798765
216 0.5627059393229941
217 0.3269894480452376
218 0.3706680635987296
219 0.23052830109036046
221 0.19977153832190453
220 0.5039103773624424
222 0.0
223 0.47933338412229065
224 0.6080117497101608
226 0.39664915876099077
225 0.06521744295166475
227 0.3173581634172611
228 0.2737975129612522
229 0.34033100655048987
230 0.3743226989094609
231 0.28677444616343345
232 0.6857575102225559
233 0.58304638113978
234 0.5825965722973899
235 0.31526920773665584
236 0.13487655209242683
237 0.4593638436328542
238 0.14583366536510214
239 0.08473490405116553
240 0.5832629769236086
241 0.8599739192524778
242 0.21952390178508113
243 0.892155
244 0.08072245050106924
245 0.21428899831755888
246 0.6678976645513405
247 0.35822761418459503
248 0.02646190640558617
249 0.4074896159415052
250 0.126042042111145
251 0.8965746446639303
252 0.9998250904626922
253 0.9901129425082563
254 0.40796209087156776
255 0.736561290718782
256 0.03480662235651193
257 0.20599046723665823
258 0.3727680846059622
260 0.33213832760751294
259 0.76502480151789
261 0.47138699849722865
262 0.18569069092115972
263 0.9187493359057182
264 0.5269206402198799
266 0.236907348593905
265 0.09807757480351077
267 0.6705233277159285
269 0.7687012109474741
268 0.021710676408981437
270 0.3907021999838374
271 0.22179919285736116
272 0.6745593784367239
273 0.33623535692503886
274 0.046273319547745516
275 0.18139724266540824
276 0.34708108726647313
277 0.41422730314337375
278 0.2552187060188479
279 0.32846964520062505
280 0.34338346378386864
281 0.34976428926710224
282 0.181283635840691
283 0.8587787844305745
284 0.4189377939953336
285 0.6501296304433801
286 0.8907133483934951
287 0.5966284109653419
288 0.6811734545746618
289 0.22801905910261164
291 0.2816084531500885
290 0.5100898642849955
293 0.32222571589375143
292 0.4126048188132431
294 0.02501755455377011
295 0.028688537439528962
296 0.9360868922713166
297 0.30694073719581677
298 0.05910951886106255
299 0.08485353750419865
300 0.05823997061370135
301 0.391761102503806
302 0.38342021700253964
303 0.1340475950474259
304 0.34469628917003287
305 0.21372239255884995
306 0.41034787415996005
307 0.2136173204804166
308 0.26988020332183227
309 0.3626664152425247
311 0.9451912323565128
310 0.8200110249633716
312 0.41894822456609054
313 0.673831382408437
314 0.13261237484843658
315 0.08339350724553407
317 0.662418226810458
316 0.4821180277815428
318 0.6817219882879499
319 0.19552898970460222
320 0.7056975835771888
321 0.6574551341038399
322 0.3216040461732519
323 0.4815148538178062
324 0.1564663258507237
325 0.8274462383675312
326 0.11354623730867736
327 0.5864499015631129
328 0.8346532783829731
329 0.09197159089035037
330 0.018594713674821
331 0.24125221950875506
332 0.6276061421451751
333 0.07550929755039625
334 0.06308770683840927
335 0.42303186895469397
336 0.7480397794603599
337 0.3393830897862624
338 0.3808414035963126
339 0.019027060763439574
340 0.41197949808677214
342 0.1354313872605953
341 0.38884611944861525
343 0.9223722317424373
344 0.8798804930726338
345 0.554012156194415
346 0.058648222163049164
347 0.9594800253004981
348 0.5700512806052147
349 0.9379995727702036
350 0.01822960713063698
351 0.6771782735179664
353 0.026978032762157662
352 0.2592685935386726
355 0.3322096663528257
354 0.33287676473667466
356 0.51106991799538
357 0.18735649252140615
359 0.027153747572903442
358 0.1446674666835091
360 0.029554844344564107
361 0.40218578232996544
362 0.19199609168061987
365 0.801474010826377
363 0.3339405451574338
364 0.5816142406192184
367 0.23496065527580295
366 0.17289708489828604
368 0.2875823234742437
369 0.9569803586192145
370 0.07599842101945009
372 0.19502047170023956
371 0.2960617897887351
373 0.25655974508920537
374 0.392417985375291
375 0.06967874523546132
376 0.6912922690612993
377 0.2033004977686037
378 0.6322127302962095
379 0.5733181213137032
380 0.032685864087457585
381 0.3987263983281248
382 0.15659257708477645
384 0.13332557131676143
383 0.3535452907081453
385 0.22188618331209795
386 0.23243225576256152
387 0.6025846256336403
388 0.41179093520600907
389 0.03993095017231744
390 0.5202183742313844
391 0.1665502200251517
392 0.48359940518362077
393 0.41040447432252525
394 0.2268957007802792
395 0.054313381224275134
396 0.35395832968753793
397 0.3429461285179766
398 0.46420345328682044
399 0.020087666687444296
400 0.3881873684098264
401 0.24481217846899336
403 0.10198201290217124
402 0.06339121811291792
404 0.11269248219001955
405 0.11511913958135957
406 0.8294604263234786
407 0.5492232180312239
409 0.5401528471970718
408 0.32072194920790004
411 0.45289260804831033
410 0.5580154480596549
412 0.09709869955824416
413 0.5505078035624352
414 0.09762828059811955
415 0.17213476354172552
416 0.8277758197848885
417 0.15037420403635687
418 0.4644881892675933
419 0.2770006542997449
420 0.29101462448826104
421 0.6386052775647043
422 0.31010025320029333
423 0.5465569411922453
424 0.01427751599029638
425 0.5671444316767446
426 0.3347459860171976
427 0.12565639274756757
428 0.2720675296996487
429 0.5527179543349076
430 0.010387124251469114
432 0.5591837917312826
431 0.2040396839472095
433 0.09504110638288846
434 0.34237332865258846
435 0.2304808681853189
436 0.8869141715692906
437 0.7933749803512554
438 0.1419519363274272
439 0.7254851261147366
440 0.5722285069081704
441 0.0668318763826992
442 0.8197988253012408
443 0.16293782741874732
444 0.8648318842729811
445 0.5007377530025621
446 0.7286581618823759
447 0.23499603217643944
448 0.48402355954011816
449 0.20601036041289095
451 0.9568427303981533
450 0.8061845024892806
452 0.5627745616081435
453 0.5704811128765267
454 0.9998873050551941
455 0.6701043109571272
456 0.02762813941568426
457 0.23856773565866418
459 0.3051268666003133
458 0.2354278861069296
460 0.31018152793240106
462 0.9998004080919632
461 0.08682362173488402
463 0.6654625392765698
464 0.6543814723378119
465 0.06208428227982369
466 0.7665240967949812
467 0.3914262653949759
468 0.9428668067510045
469 0.8286119602417424
470 0.05946083481336116
471 0.6265879096750167
472 0.9281649873639027
473 0.19521142393397298
474 0.411562082929785
476 0.07243317197245099
477 0.08468385393550538
475 0.583033142339675
478 0.520371155942415
479 0.41884082607793394
480 0.22173720038211855
481 0.3519655611503154
482 1.0
483 0.36977945323896716
484 0.5771041115868395
485 0.34930133760425636
486 0.12178531844289192
487 0.5111034372671241
488 0.08310240893643858
489 0.5158461314903396
490 0.388913584560877
491 0.40723186948901113
492 0.635815698340312
493 0.47394282582884273
494 0.5733150069423576
495 0.6351352581542221
496 0.23225030962581927
497 0.25294219724210154
498 0.37197789420949845
499 0.33194247833905804
500 0.6638738328113527
502 0.3497675687220503
501 0.07285213440305871
503 0.44388226348276405
504 0.35269131676286425
505 0.7358682765332845
506 0.5959185249869261
507 0.19780624686627432
508 0.349775312533466
509 0.9927218023778743
510 0.06200005958489378
511 0.05660358737025785
512 0.09621094225251181
513 0.0966932805680019
514 0.10156233917243238
515 0.481919267255007
516 0.33137955297772914
517 0.20995916099309936
518 0.7252099153906469
519 0.598392528072396
520 0.2095782662406219
521 0.015055058140967888
522 0.8327865438269499
523 0.4551558623307963
524 0.3503078659842221
525 0.5081969743450235
526 0.19101605932500046
527 0.6826899827956731
528 0.5149242268626304
529 0.4259100758911182
530 0.1530943782453444
531 0.8739975284164434
532 0.21610782683248927
533 0.20430674562324838
534 0.680505737535347
535 0.48323945531966067
536 0.06401186275420194
537 0.24782569505438648
538 0.08598521629225576
539 0.12038963860664466
540 0.40431392540045114
541 0.07482214162892344
542 0.25026668689934234
543 0.19701065637030243
544 0.1850221748918216
545 0.4811907283874485
546 0.22423053347036917
548 0.1689690035352592
547 0.19474946668662013
549 0.31303009487275896
550 0.7454512423222841
551 0.004568156698014041
552 0.9648394506835339
553 0.030741222732489738
554 0.5033395720147089
555 0.6216098744340222
556 0.28677150958352854
557 0.9917374137353107
558 0.702504106662821
559 0.36499695223466266
561 0.3701672566569133
560 0.6146180357865859
562 0.23596859477268017
563 0.6056247550634885
564 0.00560795721525102
565 0.7866897404168555
566 0.9509078415058556
567 0.49526569215306904
568 0.04600414497442656
569 0.7772734803813711
570 0.32945004148769075
571 0.4559792436636559
572 0.44577917946214174
573 0.4294956125895031
574 0.7193921454249016
575 0.27543018252258744
576 0.3713141840601764
577 0.03692069963092921
578 0.8834909838391832
579 0.07492135269136802
580 0.4862732708494734
581 0.9338508504198489
582 0.010670348679087657
583 0.787639306953133
584 0.6670459910042273
585 0.11083236530914636
587 0.14491153378445673
586 0.33568016759755526
588 0.8671076043224669
589 0.7367255829616194
590 0.5348030773635567
591 0.5647059999999999
593 0.010618609497108156
592 0.5864943189091619
594 0.1739335465806743
595 0.1397591578775068
596 0.2407760429802575
597 0.697700144692375
598 0.14068118799041668
599 0.6056788822066758
600 0.4157428292957853
601 0.07702360251651275
602 0.11632612526177993
603 0.6100484383583094
604 0.42280694848374245
605 0.863932455522491
607 0.37453698688146897
606 0.7681929683252595
608 0.5325061509684148
609 0.279705466423177
610 0.5986696500267121
611 0.6370965557510794
612 0.5460846631715585
613 0.21137421518309746
614 0.2982822603510978
615 0.0030250835466498587
616 0.7133481863743951
617 0.22046620005018147
618 0.45452680358326364
619 0.32746228893882057
620 0.2312812544815946
621 5.208734001851822E-4
622 0.8665414647075135
623 0.018811435666292
624 0.22104520898304741
625 0.19705243741470307
626 0.2670100285380337
627 0.17080411042391544
628 0.9987127423454569
629 0.5666610076775062
630 0.9440084531176859
631 0.2981851605850751
632 0.5072065694672131
633 0.25569845993790413
634 0.31646935256741965
635 0.07834525217260727
636 0.9286498536472113
637 0.16262347905060318
638 0.7327682333033024
639 0.042417696294593785
640 0.9087256792775662
641 0.5577451726140865
642 0.6276394271345628
643 0.518069864821345
644 0.07185149757866958
645 0.5239880969120643
646 0.5618166651818812
647 0.07121169381125306
648 0.033916330984246075
649 0.41758683998021384
651 0.5440841036258164
650 0.08215964549030312
652 0.5289025633273101
653 0.9538042455594892
655 0.4488634676801183
654 0.13758040968506796
656 0.01516219998372927
658 0.232066860847801
657 0.42943187464354404
659 0.19080305722627328
660 0.05863170537626191
661 0.2588985517573133
662 0.21751349172159362
663 0.5351130441363056
664 0.5523907529197009
665 0.999915487462879
666 0.33333333333333337
667 0.5686455133930955
668 0.1745526793523517
669 0.5038371763870118
670 0.9984336918101613
671 0.28949825160410103
673 0.051198912320913594
672 0.8379869455621133
674 0.2925077877296581
675 0.3631321047078095
676 0.3905899838556053
677 0.6217486335550786
678 0.36130663760155796
679 0.0013181156120658523
680 0.08532805657729693
681 0.47347243369496345
682 0.3018751266022831
683 0.240986960206343
684 0.271317776919306
685 0.8673458094762235
686 0.32113949461075264
687 0.03455323506230452
688 0.32286573128238805
689 0.6352285015552185
690 0.28147300097160144
691 0.7116699006634755
692 0.169663411807492
693 0.2250105100047808
694 0.4591423293716116
695 0.5912242893475546
696 0.9147657306973832
697 0.3372093309110397
698 0.8603007406192501
699 0.2505323096006721
700 0.3336570131352763
701 0.13838702584067522
702 0.20850701478632092
703 0.5481702511183438
704 0.08885877585947312
705 0.07959153933297622
706 0.7520095418972071
707 0.40770051932451745
709 0.012500797736499553
708 0.11739643048110987
711 0.21047128247576838
710 0.16393254165314397
712 0.09006874992363796
713 0.12918250056847957
714 0.8752201541771781
715 0.6289198428098375
717 0.22773734527957007
716 0.39093564885060283
718 0.8864651385796423
719 0.5337083475874914
720 0.4059667891488683
721 0.25145006600791786
722 0.9521013082240962
723 0.6754534913282545
724 0.5338565982646354
725 0.3967994255134448
726 0.2968402987061753
727 0.4615669582320181
729 0.4328802549619288
728 0.52707950476263
730 0.10608036777121799
731 0.06233735134388272
732 0.27558895287831264
733 0.6734063884059441
734 0.8303362588067243
735 0.5072898038645126
736 0.4555645636325652
737 0.3151866797893071
738 0.019897759838343656
739 0.8454753115555648
740 0.3205535203342221
742 0.2744208428803499
741 0.13498405666980612
743 0.16984194727668395
744 0.30742417384447907
745 0.03462521766408599
747 0.1908634449795554
748 0.320437701496518
746 0.7256422749749329
749 0.021391315838042362
750 0.43491401977710803
751 0.5669800314163188
752 0.38511306919711624
753 0.25320207209106904
754 0.17531410190207833
755 0.37825071462448834
756 0.13866516244704882
757 0.32357540940064433
758 0.10238967062474422
759 0.6560652468680831
760 0.0500817136535892
761 0.28967646134271513
762 0.0472121720583271
763 0.34928573713568506
765 0.5251366029855764
764 0.6962651461754024
766 0.8722919733269863
767 0.03118042871811648
768 0.08332995692361701
769 0.045197427311636645
770 0.4424592076024135
771 0.8864267875481071
772 0.04444059715430207
773 0.10000477780219055
774 0.09889920872232227
775 0.11729295013666655
776 0.19878925887213184
777 0.755186451977409
778 0.2933435500132442
779 0.3152691208991642
780 0.5065331889136065
781 0.24401799670867966
782 0.13983717655799263
783 0.12346949464823803
784 0.4588611091848121
785 0.39791326774454794
786 0.43929808907807694
787 0.9620355820710578
788 0.005369993492244389
789 0.5149265133529229
790 0.31447949829051314
791 0.361022979277613
792 0.41299119767893266
793 0.9671252476644786
794 0.4679990310383982
795 0.35060146266390335
796 0.09578808980717503
797 0.4174543182374531
798 0.283534095717342
799 0.28434980955101086
800 0.17501231858441457
801 0.3511272265682349
802 0.5093998710405572
803 0.07174866804611302
804 0.3928853052344451
805 0.09562842481859124
806 0.127573119293235
807 0.7460114898491832
808 0.14240312944088926
809 0.2666586804427778
810 0.0664261450856697
811 0.34335539901074535
812 0.2207450666703534
813 0.268599188386082
814 0.5253537467879694
815 0.1276543617810477
816 0.14406617175141015
817 0.5276277403670068
818 0.16968008439157228
819 0.19093661794909209
820 0.7395312859404983
821 0.03171069516354863
822 0.17501126086006782
823 0.7981303930075242
824 0.09670494479857702
825 0.3967006222717847
826 0.05945866471855804
827 0.0656033173292927
828 0.6761345239650658
829 0.5553909818524208
830 0.46703621422581376
831 0.0569157960518656
832 0.39335867380948897
833 0.560782435184231
835 0.9328167396218379
834 0.7810993242759574
836 0.2592817068810448
837 0.16471131989066395
838 0.49307468477877897
839 0.18619722730225866
840 0.12127375934653407
841 0.307746618962663
842 0.18469300527730603
843 0.24425094104887063
844 0.6401600717846423
845 0.14417885914792888
846 0.8709955076840163
847 0.4148314261608399
848 0.6323389088193182
849 0.5433000583287974
850 0.33332802672106937
851 0.9790209042086571
852 0.7229575337477153
853 0.18429230040182856
854 0.3503921930995954
855 0.5045347344887153
856 0.9225784986454859
857 0.18219326951334974
858 0.030036220508618587
860 0.31953596452025074
859 0.49673550216863754
861 0.6013043111961831
862 0.08699067868406325
863 0.30683716902730557
864 0.8929650190094863
865 0.037473937504699815
866 0.577520884521955
868 0.6550453103958122
867 0.514709123155426
869 0.39298705311797555
870 0.04033795467779854
871 0.018416395884473125
872 0.6528806864139169
873 0.04417287814469367
874 0.31970829245201254
875 0.8434341840959164
876 0.3601248801279618
877 0.0489565012116454
878 0.11190829453635956
880 0.6261354394457729
879 0.3918016862579988
881 0.1907199566380445
882 0.9486286592921324
883 0.42624214803671223
884 0.4258812662647928
885 0.02092623859935237
886 0.8489882128029896
887 0.10338209884025812
888 0.29712897222698903
889 0.486115705258006
890 0.007493926184178319
891 0.1005702302514013
892 0.14194520790850254
893 0.8412905246396504
894 0.4349327636454771
895 0.06929073530040383
896 0.12394594126854658
898 0.1016848342167941
897 0.11415435969698985
899 0.7047446553247506
900 0.26468959261474345
901 0.0038713956963872705
902 0.4308825967250321
903 0.47724861328633056
904 0.11679563177884368
905 0.32632819912536287
906 0.5350361061760024
907 0.1729950997288658
908 0.3818577349066599
909 0.2880186605305322
910 0.29144311732283096
911 0.4527932531496816
912 0.701845459370671
913 0.5614605925610264
914 0.3254975856355678
915 0.09552901244265481
916 0.3050469801338915
917 0.11668934863763852
918 0.35472291595989114
919 0.2774010554590611
920 0.5745386079474589
921 0.1761597139231064
923 0.3244817133508624
922 0.28542190863859107
924 0.9059188539171951
926 0.04116644453561485
925 0.26385106419068544
927 0.06114495141927126
928 0.3993926172925522
929 0.05594584073670561
930 0.5544754275996486
931 0.3549123638623476
932 0.4082889606699158
933 0.2452658624476435
934 0.5402869365015321
935 0.09265210477770346
936 0.5125341580761154
937 0.5878271405594256
938 0.14357320170230145
939 0.620756611007224
940 0.4839816787031187
941 0.43643537152313727
942 0.24390715179824082
943 0.25113242417155834
944 0.3007262829134853
946 0.09875987461882878
945 0.4060396194880253
947 0.09794014510386913
948 0.25554588751572405
949 0.2889762837232952
951 0.6274602727033147
950 0.39064234119447255
954 0.09381861362419841
952 0.10847974062797339
953 0.38563769913298995
955 0.5655005891136373
959 0.12454349933297221
958 0.6037301004443193
961 0.13329745723120487
957 0.9336327242030776
956 0.29282797612533107
960 0.4422388298802821
962 0.7876438548328586
963 0.8532774771957875
964 0.8890221708185365
965 0.9045743189546613
966 0.23169529057674196
968 0.08926238706618467
967 0.8134268704892057
969 0.3461599556682442
970 0.19574684859260438
971 0.43448155741880057
972 0.393013412927987
973 0.7924766223964689
974 0.883772292529693
975 0.6685308903950736
976 0.477131940125936
977 0.5337255529009118
978 0.07948970493156636
979 0.5394073730969241
980 0.15835987255639375
981 0.26766988574379885
982 0.39072848736119986
983 0.09704053565604545
984 0.615153131822866
985 0.28980413569726665
986 0.32603719801742537
987 0.14693530266237653
988 0.9089333084592182
990 0.10806606522780514
989 0.03714378775515226
991 0.8427397371023801
992 0.15307813815556143
993 0.30902982681941155
994 0.6434673873369355
995 0.12078694743416915
996 0.382562209189737
997 0.7259779373329953
998 0.6856275839097127
999 0.7627284704727469
1000 0.21261791263889884
1001 0.6170138292783742
1003 0.13336625261927915
1002 0.8367046788126478
1004 0.31475061232589063
1005 0.15772856440134708
1006 0.9545426936014567
1007 0.09413509958882824
1008 0.14085589372502097
1009 0.41997910668319605
1010 0.24451089020947894
1011 0.9445054340768063
1014 0.06626489234035401
1012 0.06401242136309926
1013 0.35330863104302873
1015 0.48203273456315493
1016 0.2862589067507842
1017 0.2318331829856236
1018 0.1902448247466794
1019 0.021856686805750408
1020 0.45019348860247244
1021 0.7953994641427541
1022 0.33668970646546625
1023 0.008380101159538198
1024 0.27469935816231483
1025 0.7046388733124744
1026 0.8908700455651929
1028 0.13625609831424668
1027 0.5330213849562305
1029 0.5302665830250283
1030 0.2183693671172861
1031 0.010108745321233056
1032 0.4398635927987718
1034 0.006587916499164751
1033 0.7609103326416103
1035 0.7360058507482858
1036 0.4173320125690684
1037 0.3054361692975336
1038 0.1698443684562367
1039 0.32352679354010916
1040 0.017871786263965534
1041 0.19764931307609646
1042 0.44943426646512463
1043 0.04156321041595695
1044 0.9329092798790686
1045 0.5344255430609163
1046 0.4757768949038634
1047 0.9869748436382277
1048 0.6307875998894018
1049 0.8757456863392069
1050 0.18239160985968694
1052 0.36123292627657666
1051 0.30265649959988655
1053 0.0253162065892421
1054 0.23501330749178753
1055 0.07306998001899022
1056 0.9867833921584486
1057 0.33278113028782863
1058 1.0
1059 0.2353820337206718
1061 0.3014070076267601
1060 0.06611592309259379
1062 0.6609114409126231
1063 0.190796485648919
1065 0.08161010953300733
1064 0.4921190184757702
1066 0.2643647053949088
1067 0.45971088401469373
1068 0.8105005402207411
1069 0.5733578331602572
1070 0.920906450263943
1071 0.005522217072402701
1072 0.7728486167653319
1073 0.3265910021260954
1074 0.5403280319649749
1075 0.9629761677508536
1076 0.42930599348406084
1077 0.1607461015037484
1078 0.2258499448208363
1080 0.16483570535903036
1079 0.5754298016399096
1081 0.9189972084320567
1082 0.8006734419712488
1083 0.14020923208727024
1085 0.328586931288879
1084 0.4323355663378237
1086 0.4198340583155832
1087 0.06774200871130294
1088 0.012011989355729362
1089 0.25847986709384513
1090 0.34775329930984883
1091 0.8561708774365641
1093 0.5167245472411771
1092 0.6438967641567783
1094 0.2992327535257845
1095 0.34119792907605756
1096 0.11387456150783179
1097 0.9743540090771091
1098 0.3654705516689387
1099 0.6505969386843938
1100 0.4887771247492107
1101 0.338485757872708
1102 0.38863367155722955
1103 0.25023202066228145
1104 0.7208636092125752
1105 0.46777840942259724
1106 0.6424324918536034
1108 0.38339659821129474
1107 0.4983649594165716
1109 0.8690178534785148
1110 0.43291557475037457
1111 0.3026010317882849
1113 0.9059984212227499
1112 0.029754038078806794
1114 0.4953230506991896
1115 0.7275464161007512
1116 0.46407023678116205
1118 0.23754127363298982
1117 0.5059995060403278
1119 0.6728943377717812
1121 0.888601521412494
1120 0.6526463913035122
1122 0.6013597692449743
1124 0.46077531914071723
1123 0.8611810105966172
1125 0.4350407581975525
1127 0.6087558572748742
1126 0.3339922193889343
1128 0.5583907813565108
1129 0.5691339801413923
1130 0.3363220693795832
1131 0.8979467506663702
1132 0.35872756886328744
1133 0.20837538841095116
1134 0.4347597789693865
1136 0.31619847378395677
1135 0.5678082446226684
1137 0.11008438208447159
1139 0.2776209145583571
1138 0.20309482953955277
1140 0.46261626932459915
1141 0.308653598777733
1142 0.36909270533005506
1143 0.21620656801720214
1145 0.322514297337508
1144 0.13120568017202558
1146 0.4624807303596867
1148 0.30610517610129095
1147 0.41992578656979335
1149 0.13802094313438779
1150 0.2828935491990106
1151 0.30759698652427214
1152 0.2308058021043509
1153 0.26658700492838877
1154 0.27890010030563556
1155 0.15113778960008994
1157 0.25521642320760796
1156 0.08839900710347792
1158 0.1662728871916132
1159 0.13585214488992284
1160 0.6832179483584907
1161 0.5479582872282336
1162 0.6071587183405829
1163 0.17832912565067255
1164 0.15346541857806506
1165 0.6132734347197281
1166 0.5009048429863303
1167 0.04282711616770549
1168 0.9755771732387409
1169 0.01303068916337112
1170 0.39357090192408584
1171 0.38331310939757446
1172 0.2633114383975521
1173 0.43170424165211635
1174 0.26146267497694514
1175 0.7036117179712557
1176 0.5357345592857217
1177 0.7198782634305669
1178 0.3203636167229877
1180 0.5935086577295516
1179 0.7252727137037587
1182 0.17332485439474832
1181 0.049715896194331366
1183 0.4652287893568091
1184 0.5015235112887223
1185 0.3133637744507968
1186 0.2742917037128177
1187 0.35979573547804344
1188 0.11960055047997566
1189 0.06879613652966829
1190 0.15250448034313943
1191 0.32904915315930755
1192 0.41675353759831185
1195 0.06596734289755243
1193 0.3807782362366567
1194 0.6405613643488781
1196 0.26773930192373324
1197 0.7297975091555184
1198 0.0377026978179808
1200 0.41688892488742557
1199 0.7054994225132635
1201 0.6836877761587613
1202 0.7713655334266211
1203 0.01564995925549532
1204 0.15157379674510837
1205 0.7811176043877097
1206 0.7415448330014015
1207 0.6982774328122776
1208 0.9514860127388315
1210 0.10579409863867736
1209 0.9209212343668669
1212 0.9997497333551085
1211 0.08704152927301931
1213 0.0467921942230508
1214 0.11929978381599396
1215 0.8975962644655228
1216 0.24724767453057925
1217 0.5302949131258257
1218 0.17265210509685686
1219 0.42100336641175146
1220 0.3386194962231159
1221 0.26710574091995676
1222 0.6677053096531255
1223 0.4751555626913642
1225 0.6829638540118808
1224 0.053934945530549415
1226 0.49456347596177874
1227 0.09246544837210442
1228 0.5945999285670219
1229 0.5122438947358916
1230 0.5430394274832298
1231 0.6213925960741241
1232 0.13443322554914494
1233 0.5834965530109126
1234 0.3917754165623676
1235 0.08743505295200771
1237 0.20755634663647288
1236 0.08268150016378317
1239 0.8066796123775248
1238 0.28617249927972566
1240 0.5994981092293905
1241 0.20628466508681753
1242 0.725656226015131
1243 0.6815175836810304
1244 0.7142159150436127
1245 0.5178347940945228
1246 0.09242576135255229
1247 0.6121550532982677
1248 0.06630558582885462
1249 0.27251348333182146
1250 0.4795519468252949
1251 0.08677489979887563
1253 0.27462667673544566
1252 0.7833146591533435
1254 0.8692567508464046
1255 0.2301259647830145
1256 0.4144461627123443
1257 0.3853002010852627
1259 0.19541199600277542
1258 0.20647610470209618
1260 0.5044563500282869
1262 0.4820194710102921
1261 0.6834616527478944
1263 0.7091576592838963
1264 0.09326869375546784
1265 0.017980163415614765
1266 0.3413333025066827
1267 0.011490991107879689
1268 0.026576807821835902
1270 0.3565941378887682
1269 0.7591491082280145
1271 0.1333298605883163
1272 0.5486195348560908
1273 0.0228132789979959
1274 0.1291536490553496
1275 0.3650234216827297
1276 0.5347963475430999
1278 0.7047502311252434
1277 0.5797678541690208
1280 0.01120211706574132
1279 0.13416628308693068
1281 0.6031356619578098
1282 0.041374179182567736
1283 0.6733474901022959
1284 0.44082054761586587
1285 0.5760319388478183
1286 0.49775087682542934
1287 0.1742114939569557
1288 0.21254781552850077
1289 0.854401363188831
1290 0.09939754114537352
1291 0.3296691028435397
1292 0.11606493882793081
1293 0.32802171209158415
1294 0.11179266762869947
1295 0.32659570972079727
1296 0.5370203986242271
1297 0.21953203353347236
1299 0.7402642300054049
1298 0.045549305191374165
1300 0.3569370246218957
1301 0.6469018081393454
1302 0.8941160857337611
1303 0.5596800799734114
1304 0.09602719389014774
1305 0.21263800612016162
1306 0.4757427458787092
1307 0.020245421852971072
1308 0.4860447854773473
1309 0.20148225924766328
1310 0.16839194597289717
1311 0.5761680369686303
1312 0.9966923808544591
1313 0.5764430956561156
1314 0.146180755728594
1315 0.9541818659726304
1317 0.3975485480852312
1316 0.2335243914925521
1318 0.2028271988678389
1319 0.33069736211981726
1320 0.27836968747599355
1321 0.7042931685287577
1322 0.6025077301890132
1324 0.5953098569948103
1323 0.9636996179755447
1325 0.3463537257532716
1326 0.08014892923939904
1328 0.49240585359287736
1327 0.5953711122288022
1330 0.3714607778782093
1329 0.07434006839254674
1331 0.059619746922654426
1332 0.33080585301003196
1333 0.6622758620543528
1334 0.3276572762405528
1335 0.3650560370276855
1336 0.312373864524871
1338 0.7319826463052342
1337 0.06963662167286641
1339 0.36980056609608825
1340 0.48976162028052406
1341 0.23029385311837128
1342 0.35650653845946423
1343 0.06562269743193405
1345 0.09663413300265693
1344 0.6914240992580257
1346 0.6979870409861617
1347 0.28870067852393727
1349 0.9070162058395851
1353 0.505882056583375
1351 0.06081259610925627
1357 0.1920286144021657
1358 0.11750548652639643
1354 0.4456139493791387
1355 0.5475888780878965
1359 0.06917161726098173
1350 0.2706757399998123
1348 0.1577373290627486
1356 0.44822901792230785
1352 0.026001987143350214
1360 0.12204754843742313
1361 0.06778716852927323
1362 0.26182176308242805
1363 0.8127461159821078
1364 0.010982205342014734
1365 0.7733376031101612
1366 0.24155944664796367
1367 0.4199646957512968
1369 0.276612058377127
1368 0.6460243484415071
1372 0.19017413712754838
1370 0.5843900372406821
1373 0.15023734167844036
1375 0.049271482551320064
1376 0.1848532359733361
1378 0.17451814452016728
1374 0.6050780914437225
1377 0.2968033467190919
1371 0.561672063638636
1379 0.3145659015492175
1380 0.019646812167173663
1382 0.0598351005640952
1381 0.040902395753883034
1384 0.278890617516917
1387 0.1476508454937359
1386 0.30466742351001475
1388 0.8230887050703141
1389 0.13237944088569048
1395 0.9455226349164662
1393 0.035403075153505416
1392 0.3334595675057238
1383 0.028688537439528962
1394 0.5885230249982936
1391 0.07616853593400116
1385 0.5078185895505087
1390 0.7314860024123891
1397 0.18757771901440135
1396 0.164956497068238
1400 0.6242036860962815
1398 0.3917605869733516
1399 0.02631600138505272
1401 0.6845250760390423
1402 0.43000244471326565
1403 0.1410016229555146
1404 0.38055296144768785
1405 0.9770534891520694
1407 0.41678473568861985
1406 0.29595970458077653
1410 0.4703844000269274
1409 0.6254979216202963
1411 0.4521089350096661
1413 0.019481741595957402
1408 0.2785575554985119
1415 0.1721067912458601
1414 0.5561223204164468
1416 0.4253111676889737
1412 0.6831795211466328
1417 0.1250704712749022
1419 0.16117849727720213
1418 0.6768282683384843
1420 0.0016136337239985197
1422 0.3493025273031415
1421 0.07595373445314603
1423 0.22315484297104507
1424 0.01737532899142661
1425 0.04346480976300693
1426 0.45698502378722844
1428 0.45316380030194603
1427 0.7233203615831074
1429 0.7511641266767988
1431 0.4310332057721346
1432 0.490595179573906
1430 0.5060691580621707
1433 0.6464137223298422
1435 0.04620499610153939
1436 0.2873141598542929
1434 0.2467135674062461
1437 0.052126208901314135
1438 0.8103120097830068
1440 0.2564663273920413
1439 0.42634231650466453
1441 0.6054553173223465
1442 0.94590214060498
1443 0.5987068159481271
1444 0.16864901125815887
1446 0.15337816110817387
1445 0.4319356554125495
1447 0.3339049036821185
1448 0.007839981289606517
1449 0.6324454671424947
1450 0.657827628468888
1451 0.45248560558591605
1452 0.6134318516179739
1455 0.388376070855478
1453 0.13384231697877755
1454 0.6791618753580988
1457 0.34886407980057715
1456 0.6144779447294456
1459 0.28503041754673253
1458 0.8251842641114309
1461 0.25827983151359074
1460 0.25617991991817185
1462 0.5168309830206613
1463 0.29066682140439903
1464 0.7758344796690202
1465 0.8075672471768929
1466 0.600222740341981
1467 0.6926040640082958
1468 1.0
1469 0.002243408554809748
1470 0.802492497910857
1472 0.23386690001407467
1471 0.03521975183885002
1473 0.9222146329190641
1474 0.4823524055162055
1475 0.44179974907273745
1476 0.4744638112174074
1477 0.016973193343878402
1478 0.7550515995484933
1480 0.2745863627167923
1479 0.4580007338385057
1481 0.06168571687360427
1482 0.4954775931121969
1483 0.6411116995997984
1484 0.7152421064644463
1485 0.4361230782749154
1486 0.27308798357001535
1487 0.716285140906912
1488 0.36862691653242696
1489 0.6654450601619244
1490 0.3602997773162431
1491 0.5776183457334603
1492 0.04563661646338465
1493 0.22455194350977717
1494 0.2600223471011061
1495 0.3393391004705035
1496 0.4273819001325248
1497 0.005714183187464282
1498 0.40408905410092527
1499 0.6696209114453938
1500 0.42382351852359723
1501 0.6357775168203071
1502 0.530934947424425
1503 0.39409137629220725
1504 0.8430834550041238
1506 0.3350162976078176
1507 0.035587456311017736
1509 0.03137550727785005
1508 0.03978953553768127
1511 0.5867299633252423
1510 0.08639390664767267
1505 0.4074058416199656
1512 0.41412176090365177
1513 0.027750902245151282
1514 0.24284609331303889
1515 0.38490562648640503
1517 0.043298755200844294
1516 0.06858362815629018
1518 0.6214896745847928
1520 0.25021709465326875
1519 0.7467555147452173
1521 0.7149982208361191
1524 0.7125705149395055
1522 0.1726832544966628
1525 0.1869831019898016
1523 0.019514383065708258
1529 0.16443664910647726
1526 0.39917672441535396
1527 0.9305309322267613
1532 0.026991289154603748
1530 0.8027849783417155
1528 0.952360704424298
1533 0.7940704308862756
1531 0.1460580714914715
1534 0.8226238892658045
1535 0.2747078116913425
1536 0.2410206635642881
1537 0.10975268315092472
1538 0.33811558459168684
1541 0.10632036529682624
1542 0.41019092440094745
1540 0.5096976839566083
1543 0.8266492032815167
1539 0.41108358947792395
1544 0.7631192785006945
1545 0.4876391242375609
1547 0.5146250302197413
1546 0.3272539627062014
1548 0.0748628258136167
1549 0.9592566472117197
1550 0.28529707206630617
1551 0.6835690973930183
1552 0.0011157154904991831
1553 0.839760839927418
1554 0.07876800000476435
1555 0.30056190833118684
1556 0.21834406973569512
1557 0.970161692274815
1558 0.7485328769933084
1561 0.25533553563180056
1560 0.01342781630814028
1559 0.26470652800789896
1563 0.9693907674028334
1562 0.016780421821217573
1564 0.9727912125073641
1565 0.14418998141030395
1566 0.5236864835438388
1567 0.40097843206968875
1568 0.9997409432043638
1569 0.8076762629268313
1570 0.15582460637044507
1571 0.42939968807659284
1573 0.5147704048558586
1574 0.2015609618281185
1572 0.3196699605996612
1575 0.5960322690946511
1576 0.5181515227540038
1577 0.7101359643065311
1578 0.17805750670208983
1579 0.36312022803984273
1580 0.35563558972283904
1583 0.37925967454566967
1582 0.4129111090723578
1581 0.861347367796578
1584 0.42110313911175956
1585 0.04830428918941447
1586 0.07958828020468299
1587 0.25233342598554165
1588 0.4367294700550613
1590 0.9194084171938293
1589 0.05521904213583771
1591 0.13780999827139764
1592 0.04511614522465129
1593 0.26771863591072537
1595 0.008888732740751139
1594 0.40215351475091093
1596 0.35245578114063636
1597 0.1338602848677975
1598 0.7349691474644912
1599 0.3297418325357453
1600 0.44863968616524613
1601 0.9491932725233404
1602 0.3673807671433485
1604 0.45017505426364307
1603 0.15376409446042627
1605 0.2813507863846291
1606 0.3287554474755014
1607 0.9597948984025454
1608 0.3234055990078798
1609 0.30838296939403503
1610 0.44448990873859734
1611 0.6738399973969879
1612 0.096774942670427
1613 0.6862440155853131
1614 0.04107554990276252
1615 0.029153966934642755
1616 0.6513353117890813
1617 0.23812699542713903
1618 0.9908170240472904
1619 0.1728222914418533
1620 0.009792212881495115
1621 0.6828173218341471
1622 0.22646481977460867
1623 0.08678609963729032
1624 0.8117619035090997
1625 0.35938616617143715
1626 0.9976197515178039
1627 0.8182569003737237
1628 0.3479908034974315
1629 0.45407582915176703
1630 0.01885429305573052
1631 0.5984347049430595
1632 0.3235608920358873
1633 0.04354984704465978
1635 0.587800200701741
1634 0.47090655622843197
1636 0.6827313770590353
1637 0.4680374599310548
1638 0.3911576071101308
1639 0.05914859985994749
1640 0.19620149036359572
1641 0.27436332075294123
1642 0.46333215252720805
1643 0.12968230501597391
1644 0.8397897476742603
1645 0.06049733725864523
1646 0.4256500060018646
1647 0.9571682809066646
1648 0.8008380247384007
1649 0.7175009775559577
1650 0.27989188755214206
1651 0.3089257174765539
1652 0.2406634202477064
1653 0.3377516364096927
1654 0.10587432239427055
1656 0.03563352328042592
1655 0.15702794213259777
1657 0.0
1658 0.01590682396649625
1659 0.8270547076228895
1660 0.3334010443006057
1661 0.5100577797428101
1662 0.5491776425905818
1664 0.12904348675456934
1663 0.013479914195114464
1665 0.059458410420149425
1667 0.40785808594114337
1666 0.011059772464965704
1668 0.5295201687165574
1669 0.3224473470538116
1670 0.037046210887852454
1671 0.35775592337467566
1672 0.05385543636322112
1673 0.6506705287554833
1674 0.4371126309918692
1675 0.12443364258069728
1676 0.3935087284578027
1677 0.6783894943238897
1679 0.015658587492175163
1678 0.3519797643434107
1680 0.41411477451639955
1683 0.4507381382437064
1681 0.004544475218903897
1682 0.2957797936481241
1684 0.17812546318357927
1685 0.12983433858133642
1686 0.13310972071620636
1687 0.8465659305566061
1688 0.37082108629147986
1690 0.5377357885603521
1689 0.5378340046221112
1691 0.7192263658058057
1692 0.1756291167528163
1694 0.09441021068287299
1696 0.41337932628123675
1695 0.25763971864518387
1693 0.0502990260835628
1697 0.38474206682017115
1698 0.9709947710997988
1700 0.36305797318754074
1701 0.6479937938495088
1699 0.9999506625036703
1704 0.09159405243302678
1702 0.14969194693278345
1706 0.9974267228365445
1703 0.6956886279223722
1707 0.3867975900065035
1705 0.23516786583321966
1708 0.19433199012576538
1709 0.28042741323737236
1710 0.25914088815849345
1711 0.17781745510995114
1712 0.4027674241528458
1713 0.23751114647190422
1714 0.6817760369062208
1715 0.11850447231160237
1716 0.547653174420729
1717 0.314596497545447
1718 0.37620384798317746
1719 0.1243647443486838
1720 0.26091902542441947
1721 0.09536815837347265
1723 0.2750057658416699
1722 0.6086418044367088
1724 0.5204073017294067
1725 0.027430973297316086
1726 0.8974090447789528
1727 0.34009661831425364
1728 0.025722725245725764
1729 0.004666730528402357
1730 0.6804423476317256
1731 0.10856609535877852
1732 0.022135501303783015
1733 0.03002450361785318
1734 0.5566150987035
1735 0.30952325411004006
1736 0.42404846044795397
1737 0.32179424021932335
1738 0.06685000520749096
1739 0.11747003237149542
1740 0.5165408953173101
1741 0.016663745636151278
1742 0.396217340489573
1744 0.11420932825991667
1743 0.5534209844043684
1745 0.512525495444933
1746 0.003906678008849274
1748 0.8167639323231914
1747 0.38813248958820207
1749 0.9694389775935267
1750 0.8224850721846382
1751 0.22800659612125357
1752 0.01315731467636757
1753 0.5587645919516167
1754 0.4946147027062899
1757 0.6128979218949728
1756 0.09822482460794568
1755 0.8720199837021505
1758 0.5697787324815305
1759 0.28228633777606293
1760 0.3987192354995122
1761 0.020564950409681704
1762 0.19756678280230044
1763 0.1675291903970957
1764 0.3367740758938992
1765 0.1312118140989174
1766 0.2671620361269911
1768 0.2367422187123434
1769 0.14729351763517842
1767 0.43223149238480635
1770 0.17068992241060355
1771 0.32463856225656135
1772 0.07249618556970241
1773 0.5135131273581038
1774 0.33333333333333337
1775 0.13636369834713558
1776 0.3362631748492318
1778 0.18684546713480066
1777 0.17067441576254017
1779 0.47709841039578443
1780 0.9255380191883404
1782 0.9779907957258925
1781 0.255097097008044
1783 0.03809369573839973
1784 0.7708713784016363
1785 0.26367310810093236
1786 0.43111035909156814
1787 0.5429374190784577
1788 0.11586774539084561
1789 0.49451389054277384
1790 0.33737017605564495
1791 0.37520683327968535
1792 0.3077826728986538
1793 0.5879634912000999
1794 0.9408516157112956
1796 0.18295959469088713
1795 0.5917046191841259
1797 0.1077070222047789
1798 0.46508876772165164
1799 0.9528797628901766
1800 0.7224117841374281
1801 0.23232527471862835
1802 0.4223132121942728
1803 0.9999621155406416
1804 0.1595497788662872
1805 0.655424039275121
1806 0.4100170950853984
1807 0.3640709492294229
1808 0.22672068121094993
1810 0.04119119216900695
1809 0.4187983043342934
1811 0.3441133538418839
1812 0.9189347227672524
1813 0.98159723123549
1814 0.5596928211093969
1818 0.15959180467133524
1815 0.7378104574602858
1817 0.4002507479343253
1816 0.010921813296696501
1822 0.22016637852856413
1821 0.39970936573993704
1820 0.9090105092250302
1823 0.1952190846494451
1819 0.6951831438754248
1825 0.03729611755677135
1826 0.5897551527810936
1824 0.2874072454545301
1828 0.031196817285520505
1829 0.016326250228979645
1827 0.25886131457235334
1830 0.3403762006303134
1831 0.9106589480628996
1832 0.697462139558884
1833 0.6400792063230583
1834 0.40236672105323507
1836 0.06955786322663059
1835 0.09773496219440715
1837 0.6830732580486987
1839 0.25227357334962125
1838 0.7553484520515971
1842 0.26108033546244047
1840 0.06119904705194901
1841 0.25099918811253136
1843 0.0758761928717025
1844 0.07700353809108636
1845 0.04881135566928765
1847 0.3221712376452608
1849 0.1330139566650833
1846 0.013841198411883979
1848 0.3361664773520643
1850 0.33990329285684134
1851 0.12083350491731104
1852 0.49874270642167745
1853 0.1636600330356288
1854 0.0870324713777998
1855 0.11133916194458064
1856 0.8106165582394975
1857 0.004076761899020872
1858 0.19553044705524864
1859 0.14531781678974431
1861 0.0727567818533691
1860 0.7575999878917847
1862 0.08794834831901133
1863 0.445607852104624
1864 0.6869185777335648
1865 0.006678012827439904
1866 0.6183695246822337
1867 0.5725857708478936
1869 0.6200613846922308
1870 0.7122226156704241
1868 0.24358931048649424
1871 0.6957684413333002
1873 0.06695114364284079
1872 0.524365916527532
1874 0.06830587685477592
1876 0.6562392368219437
1875 0.13992202289556088
1877 0.07051332340236117
1878 0.2356808500958943
1880 0.1146174765567118
1879 0.9678571979698697
1881 0.13736547100543148
1882 0.41110092390154457
1883 0.17061549920467206
1884 0.5080764994417564
1885 0.10305685583472432
1886 0.22272513003948413
1887 0.290896261924196
1888 0.284845680184439
1889 0.3006600195251571
1890 0.0881650315866341
1891 0.19875432299649032
1892 0.09997303864822804
1893 0.826211836703802
1894 0.03881731542570237
1895 0.29761549656127473
1896 0.3748048833107019
1899 0.2867303536929929
1900 0.1373484179227123
1897 0.039078875077665505
1898 0.5706473101722094
1903 0.04372641979797874
1902 0.9017122032695243
1901 0.48901528611954564
1904 0.7467053690412876
1906 0.2731920949953419
1905 0.06350439784436296
1907 0.9231946502322846
1908 0.1592772947438153
1909 0.19680827194301848
1910 0.21038884176533776
1912 0.6423952225949365
1911 0.9795823753457088
1913 0.5154533535751781
1914 0.28749255718627736
1915 0.28351558211515493
1916 0.5536981852357449
1917 0.22586900687315017
1918 0.5648101696731241
1920 0.9741228884701206
1921 0.11577237789106853
1922 0.38647589121441583
1919 0.04388719244112616
1923 0.9083778289884451
1925 0.32834593413474705
1927 0.5239269533767446
1924 0.03707710592220004
1928 0.05948293174471257
1926 0.05468786855843659
1929 0.3394918610946149
1931 0.481910015504522
1932 0.17034761613638041
1930 0.3333333333333333
1933 0.056306137078546675
1935 0.02217019813561635
1934 0.711921630388164
1936 0.15320567501377222
1937 0.37836457371774507
1938 0.10286714790846527
1939 0.0378636857804767
1941 0.12904094398001068
1940 0.028750219647368846
1942 0.5565907976796056
1945 0.3962731098611766
1943 0.00443095560772941
1944 0.5724368154423234
1946 0.11852167702362437
1947 0.7423868560560787
1948 0.12404747902658224
1949 0.08142483402285007
1950 0.5337452676853123
1952 0.20232726214690422
1951 0.3208218172773217
1953 0.6118050998458198
1954 0.14053429121935807
1955 0.23590022719978104
1956 0.1553773398790916
1957 0.21063786197283796
1958 0.059380366977374165
1959 0.16692368534262697
1960 0.033059897852876045
1961 0.03737912373222982
1962 0.10785493340809994
1964 0.8279531731615112
1963 0.05445038061455879
1965 0.7844313743430611
1967 0.31300309033106044
1968 0.33132099141976834
1966 0.19726530881722945
1970 0.9175824239604394
1969 0.5512972940004242
1974 0.11730526464010499
1975 0.8220313471650206
1972 0.016868398923395526
1973 0.272993945753618
1971 0.3112720439913671
1978 0.1427274893881788
1977 0.1585684263144707
1976 0.07009159697331735
1982 0.08636441190594939
1979 0.6899962018961864
1981 0.43124268872082344
1983 0.16657628846791125
1980 0.10129097287592963
1987 0.3223686314531432
1984 0.2141286881179387
1986 0.3300612742801974
1985 0.32122505194317874
1992 0.3256793311856899
1989 0.6076409039947108
1990 0.905173125411096
1988 0.2662616154395997
1991 0.3362634773865964
1995 0.6650058740418535
1994 0.9516613138625607
1997 0.07546661640250243
1993 0.04095058865146547
1996 0.034124801961834005
1998 0.06683707918507388
2002 0.46685133464273637
2005 0.12797581966120294
2004 0.7273878620271993
2006 0.42973964593184405
1999 0.09635416320800697
2000 0.9411022313651418
2007 0.7604764942073122
2001 0.9613253128787056
2003 0.5228169496608461
2010 0.28705455149587566
2011 0.11997640206537064
2009 0.3352218509425929
2012 0.11366172099251516
2014 0.16594245149104128
2013 0.2276417202062943
2017 0.4373593848776583
2015 0.40378003318662825
2008 0.7159263074896045
2018 0.36585778195666907
2020 0.13788425957438044
2016 0.010268263546234033
2019 0.7051204810080418
2021 0.9692453722787928
2024 0.619185476052771
2022 0.31473441765746857
2023 0.3485957109641813
2025 0.3602387568341606
2026 0.2484164986202606
2027 0.767669927330796
2028 0.12526000579552823
2029 0.41647594944596705
2030 0.15532295532829565
2033 0.31019808967049284
2032 0.4161098899617323
2031 0.05154598094763716
2035 0.45521518974646513
2034 0.21390598481622727
2036 0.24659745571803587
2037 0.5943643898643357
2038 0.6525219496140903
2039 0.3502211001063312
2040 0.7151449381117433
2041 0.13241290450410276
2042 0.7513054978116185
2043 0.3287024292804628
2044 0.7912979860764258
2045 0.14478037388527015
2046 0.19148726844735028
2048 0.8022853515850782
2049 0.01778118399483487
2051 0.19222932706502963
2052 0.03850222169118461
2053 0.4883930700962459
2047 0.29458144196865876
2055 0.2699881203123048
2056 0.0717570851280105
2050 0.3467357026136249
2058 0.4214878974567917
2054 0.16508981544377774
2057 0.22982913134179847
2059 0.7113076800499603
2060 0.7005311452268863
2061 0.09685183081338197
2062 0.46355922194143995
2063 0.10770725270889264
2064 0.05002646754580299
2066 0.05024299732372035
2071 0.43659262696927653
2072 0.7161457905670348
2065 0.13025424071478264
2069 0.3944516330010661
2070 0.0977824822551165
2073 0.03710353433160066
2067 0.4677876464312667
2068 0.7764772337454757
2075 0.615527977966226
2076 0.3136091968300302
2074 0.1675460516323393
2077 0.2663879329844183
2078 0.14474480592921118
2079 0.25568553833036356
2081 0.11126528584491777
2080 0.8517203252930636
2082 0.3237194711436999
2083 0.2820815184332296
2084 0.9754466785407409
2086 0.3338227535499804
2085 0.09309935518595594
2087 0.39361613621465874
2088 0.062295120254616414
2089 0.12658214460867961
2090 0.3453643677305269
2092 0.554893268301346
2094 0.39762665602199043
2091 0.11274707317242527
2095 0.441224148718426
2096 0.30858823963686705
2093 0.6447564138798764
2097 0.3097899260372315
2098 0.3695400122780478
2099 0.0591739008722311
2100 0.013327097064589542
2102 0.961146158275222
2103 0.8062185909795376
2104 0.6885481742704206
2105 0.4499189492920692
2101 0.04837748832383229
2107 0.73437353178733
2106 0.5543946141466212
2108 0.9438612571469146
2110 0.318381638229618
2109 0.5118344477326805
2112 0.36743483686294864
2111 0.627934040095662
2113 0.24312236902480314
2114 0.03262065422171907
2115 0.4653458774841421
2116 0.6312689162524551
2117 0.8389118972010406
2118 0.48464960773045956
2119 0.005827788733235889
2120 0.1446945531921332
2123 0.4207290975946099
2121 0.034373617197819825
2122 0.16618919810988303
2124 0.9185925611260118
2125 0.07148523818621227
2127 0.6114159353962856
2126 0.15130120934843827
2128 0.17726167762415987
2130 0.13977498601269894
2131 0.07222590737567297
2129 0.1247948806063097
2133 0.6435456011715566
2132 0.2523419193375007
2134 0.3459272425224805
2135 0.5789811759481772
2136 0.007819958229921957
2137 0.17066480582395332
2139 0.38275052857858416
2138 0.18313879761339538
2140 0.6631093018900392
2141 0.27019426492410675
2142 0.14013003723816142
2143 0.581893005036497
2144 0.5100293683739106
2145 0.577982611867537
2147 0.015323776726641326
2146 0.525544890660188
2148 0.0964229630852493
2149 0.5672456088381178
2151 0.6825324385723661
2150 0.6921189790921058
2152 0.8676056162132691
2153 0.017414259710751227
2154 0.25944866851382437
2155 0.5304383830063647
2156 0.3180356538352862
2157 0.07246759050177766
2159 0.23143051550461624
2158 0.08512960668014743
2161 0.3292396247192639
2160 0.5574086789918168
2162 0.11509661145422151
2163 0.8599429687256983
2164 0.0023102221783713748
2165 0.015073214605265717
2166 0.06748249996458729
2167 0.37215212536437003
2168 0.9156226667113077
2169 0.12376355790109163
2171 0.03400221315174015
2170 0.285767347823689
2172 0.2636545725932001
2173 0.5440293360092263
2174 0.3909949522929342
2175 0.21884591771087986
2176 0.6572267682604724
2177 0.08262072785316227
2178 0.08790954884865751
2179 0.43646415066694466
2180 0.03573867425064065
2181 0.23708384741242353
2182 0.7104024274848993
2183 0.5674207375387228
2185 0.5037862992538463
2184 0.38673053861898954
2186 0.3226269898201307
2187 0.7972141753670644
2188 0.16717533061299092
2189 0.9257489163480507
2190 0.3442951080701845
2191 0.5142614831519314
2192 0.5033264261110059
2195 0.13189985702406345
2193 0.45127138088908814
2194 0.6956111782227966
2196 0.6412341487493571
2197 0.11757282006148191
2198 0.1522220680337993
2199 0.4898102177014741
2200 0.5439236793918719
2201 0.40350149500855026
2202 0.5470915621777879
2203 0.15330089884091738
2204 0.012698191685542046
2206 0.8569840413057149
2205 0.7679042046118034
2207 0.01367499480222215
2208 0.6989291266572238
2209 0.40319935136958057
2210 0.04785832548290727
2211 0.16663752368004317
2212 0.7060968372522497
2215 0.11103257481264295
2213 0.6010534369781918
2214 0.7102005739350565
2216 0.34336647135863724
2218 0.8062152368895911
2217 0.5014088998794054
2219 0.534687902485786
2220 0.2982220725907344
2221 0.4116100610974769
2222 0.2315784008692285
2223 0.4103006050105212
2224 0.09962083471374691
2225 0.4158341610348413
2226 0.1001342575339057
2227 0.36396407348197235
2228 0.34078745351919626
2229 0.23377432984692106
2230 0.5577055847468789
2231 0.22675257055098877
2232 0.19757980689958526
2233 0.4807416807909744
2234 0.7855135724962155
2235 0.771513368765153
2236 0.619268350669281
2237 0.9441866936377549
2238 0.051533000358040384
2239 0.9873815509596741
2240 0.398568787320663
2241 0.7721434846549856
2242 0.8063940499095102
2243 0.5476053341544529
2244 0.005413544019109495
2245 0.8167822706755287
2246 0.08481317525639212
2247 0.447560035132045
2248 0.0736614260270259
2249 0.3812668211455868
2250 0.7364931072705642
2251 0.848721578235609
2252 0.1686586220594603
2253 0.5173855109575188
2254 0.39701440138331157
2255 0.12504382377844256
2256 0.22071573799160565
2257 0.18535616881506625
2258 0.19183896184602986
2259 0.5545960018149787
2260 0.6484925248567397
2261 0.8685214511318826
2262 0.25791283276074
2263 0.07265947449009265
2264 0.37036986157880186
2265 0.11376233914351876
2266 0.1616776577123888
2267 0.7446109986986124
2269 0.17589935656934244
2268 0.3968511554605459
2270 0.0833842189588922
2271 0.27415510697723555
2272 0.06189157362343892
2273 0.48661504711697073
2275 0.02226700387384507
2274 0.30683391787584463
2276 0.6157658199880592
2277 0.199856270604226
2278 0.6174443130471952
2279 0.25131644562554395
2280 0.1456758667232069
2281 0.4468068390857437
2282 0.1757974782772096
2283 0.6307077060578671
2284 0.739540563030875
2285 0.19099403884625415
2286 0.8714628808349026
2287 0.42376271239757785
2288 0.20874403801036662
2289 0.608739461523383
2290 0.20300550135943995
2291 0.050335136874297755
2292 0.7009206364516378
2293 0.19219391524077187
2294 0.39613191359469563
2295 0.20938374847380586
2296 0.12026305295401656
2297 0.19943540901388598
2298 0.7777921771418572
2299 0.2816049709943355
2301 0.626206518329295
2300 0.9057136480713951
2302 0.3610229965821747
2303 0.9827698469353037
2304 0.7484203995956911
2305 0.8850411573009834
2307 0.2744677275965731
2306 0.8688967118430324
2308 0.12085445377736374
2309 0.05364030839080024
2311 0.4139317890841319
2310 0.13191264231247504
2312 0.36603411452900897
2313 0.6848923586886791
2314 0.3600911543710098
2315 0.325458096937745
2317 0.8165806358230728
2318 0.06591052305136189
2316 0.55596458418727
2319 0.40326860493492195
2320 0.008033734623902939
2322 0.8638999573914157
2321 0.9273119742691115
2323 0.3050733095583203
2324 0.5651790794323134
2326 0.009664807137286145
2325 0.3943194663576394
2329 0.35410007259895304
2327 0.3851852709246665
2328 0.17092236585285447
2330 0.07206481745313988
2331 0.6104109434742305
2332 0.23688848394909548
2333 0.22730888570743282
2334 0.29276281308100016
2335 0.30535164043360613
2336 0.5421803460964998
2337 0.1438886778813855
2338 0.03090814838302966
2340 0.5661843722845423
2339 0.286084877636088
2341 0.49433517962326057
2342 0.9167988869858669
2343 0.1785646434537653
2344 0.9852829629951292
2345 0.5937416532873749
2346 0.3904913913925609
2347 0.5928458703450349
2348 0.09471509901206909
2350 0.5498700581411172
2349 0.9655134717753685
2353 0.983084838891932
2352 0.10703246975770386
2351 0.28892612561961156
2354 0.3226878878546757
2355 0.9954540449379596
2356 0.43289610197124645
2357 0.4915877573270383
2358 0.8437916574548137
2359 0.11216657856491868
2360 0.17010375944265896
2362 0.9756645497610724
2361 0.025990441900746276
2364 0.4972217955154752
2363 0.644134980293231
2365 0.47276595948560074
2366 0.9628260492222018
2367 0.8529770206156772
2368 0.19018412313339428
2369 0.851263005187353
2370 0.01894777147160673
2371 0.5955340325608305
2372 0.028030823903194727
2373 0.7722605324729879
2374 0.07422619515391966
2375 0.6423209843218337
2376 0.8138225344688175
2378 0.05447615023161405
2377 0.2954547900679144
2381 0.6196322368857069
2383 0.690631603189091
2379 0.5023473630387908
2384 0.5048710177930043
2385 0.9673198948893228
2382 0.13390505267630537
2386 0.3433931770608583
2380 0.03305053345067581
2387 0.01036546441193595
2388 0.7224305775149599
2389 0.21276699735042198
2390 0.2552477696050995
2392 0.9285813895102936
2391 0.0866380589291299
2393 0.5088437228057499
2394 0.3882665698040938
2395 0.7521682751922928
2396 0.3956116494600375
2397 0.5015540806596458
2398 0.023305301231003692
2399 0.05025508231280035
2400 0.905592893748628
2401 0.13231673286813755
2402 0.6981164385024392
2404 0.0436409435611062
2403 0.5617680259069818
2405 0.1472278786242309
2406 0.46552814765252487
2407 0.26861330745443895
2408 0.21073207252131942
2409 0.2898863846729707
2410 0.3358484489262523
2411 0.461467189993903
2412 0.29250314878413
2413 0.13055094184426927
2415 0.008520590468871502
2416 0.3906858667308373
2414 0.3381643787584479
2417 0.09975078677993499
2418 1.0
2419 0.1350564200811867
2420 0.8506361522363663
2421 0.9819430614525553
2423 0.12764946240151115
2422 0.12798117057481467
2424 0.15561538886032814
2425 0.10540548649951773
2426 0.5015771923295146
2427 0.3155682433867005
2428 0.18187074144555823
2429 0.3716326064119601
2430 0.009317003828959945
2431 0.0195492215922966
2432 0.38956928997687895
2433 0.3852323105590149
2434 0.004590001746307073
2435 0.1729960176511655
2436 0.7845985268836742
2437 0.4074219081785492
2438 0.38863991468880227
2439 0.12793459326036952
2440 0.3997794689955825
2441 0.4686447791286537
2442 0.12688823148747344
2443 0.3553704060081895
2444 0.4995049223123731
2445 0.8801866559498046
2446 0.3591677055988955
2448 0.8668130636731729
2447 0.3191113577244839
2450 0.07998122451179283
2451 0.6125796042150047
2449 0.19324659462265625
2452 0.42072948163803486
2453 0.05063102971294083
2454 0.05677882975594119
2457 0.24489417405514485
2456 0.7830086985064828
2455 0.2525139042357223
2458 0.8497068518931877
2460 0.13444613302008407
2459 0.5311050906081481
2462 0.38937446579434193
2463 0.13871571514419423
2461 0.5424510889053843
2464 0.32174385754967383
2465 0.018403019076531312
2467 0.7318064110764351
2466 0.20145360046017755
2468 0.3919076834909716
2470 0.09823801739521076
2469 0.1521527620655431
2471 0.3363762769665351
2472 0.3433995428546439
2473 0.5803568176022731
2474 0.6753414749175384
2475 0.5346140107008234
2476 0.3400046447711562
2477 0.08801320527051627
2478 0.17708402506434753
2480 0.4842238820553399
2479 0.5717704537242689
2481 0.5913397901199294
2483 0.3163202335737119
2482 0.32210051824137503
2484 0.17064538293022485
2485 0.20369295162717446
2486 0.5120866223065721
2487 0.3239606836211214
2488 0.5207348144684
2489 0.34146347531228155
2490 0.49552455834392706
2491 0.28059819499733346
2492 0.24314770608573627
2493 0.07423089085931896
2494 0.04491741729974649
2495 0.09797888109873358
2496 0.8565436740384185
2498 0.6938004643851275
2497 0.015762123775920418
2499 0.6412427207240121
2501 0.0
2500 0.12982760146432343
2503 0.19687633174687985
2502 0.7620456257220437
2504 0.4322004938519919
2505 0.06519733535514045
2506 0.7168882219107551
2507 0.2605092583497725
2508 0.4082841224601433
2509 0.04154107560272632
2510 0.7743561963316206
2511 0.8004758881403816
2512 0.47657364677194924
2513 0.26940384383603105
2514 0.4733812136219019
2516 0.8871794757963647
2515 0.8469812436622315
2517 0.7623160876109973
2518 0.4687696478778523
2519 0.21859270725481555
2520 0.025599934308185097
2521 0.37115668653628364
2523 0.10612625048125221
2524 0.6803766106783714
2522 0.04913979821800795
2525 0.73556660817161
2526 0.01276275238761069
2527 0.9191041676929482
2528 0.4919577321973471
2529 0.9528705363572426
2530 0.04400836213029837
2531 0.35701389524178406
2533 0.16647920533502025
2532 0.9288897146176284
2534 0.14082810146883373
2535 0.3232212175095349
2536 0.32538550407261924
2537 0.5135528930227151
2538 0.020101754704936203
2540 0.2648606258223608
2539 0.6902525900606776
2541 0.22274311184860907
2542 0.48763734998802793
2543 0.9488375940041724
2545 0.5526234304248807
2544 0.986945413818673
2546 0.003976073598171672
2547 0.15041805087641164
2548 0.7131833559847139
2549 0.33355459801186044
2550 0.42248471458314624
2551 0.6886803398255696
2552 0.38397760226708566
2554 0.5412977382753525
2553 0.20110984257379572
2555 0.463698585167507
2557 0.019414332336249524
2556 0.09464215530429941
2558 0.3384937663779438
2559 0.04675769955734478
2560 0.35648401111615535
2561 0.6163384586312054
2564 0.7468737582469978
2562 0.6545446396696437
2563 0.365792543886689
2565 0.4939170154357473
2566 0.1345398240456829
2567 0.5188056978870254
2568 0.1744062320263544
2569 0.6946566688414341
2570 0.4943114435391776
2571 0.3518884529799677
2572 0.22126515081283918
2573 0.22595622281824504
2574 0.6502049739743451
2576 0.01412897309513387
2575 0.5799251220488592
2577 0.0371555341382546
2579 0.10689889768051053
2580 0.22411976260676605
2578 0.41315917996809004
2581 0.16320370560415173
2583 0.36196597866705216
2584 0.1321498216478745
2582 0.36672668446960444
2586 0.9517358129520052
2585 0.2514369935914084
2587 0.7775626429161047
2588 0.4565225157527117
2589 0.40141631649351683
2590 0.3312808039875621
2591 0.137598936131357
2592 0.2192339431610341
2594 0.3928672513881545
2593 0.3412363198695884
2595 0.35294572783421096
2596 0.09743912844758457
2599 0.8269924480783843
2597 0.08678241650194371
2598 0.2140870931630297
2600 0.3635332412787658
2601 0.47605020100411544
2603 0.9142966663347294
2602 0.44631476360434
2605 0.06189771221844366
2606 0.39903984496579264
2607 0.5173903638789024
2604 0.09386440715965991
2611 0.010655878709503989
2608 0.9112532018040121
2612 0.5836250610681698
2610 0.6537306359198422
2609 0.1616662925205568
2615 0.9590470023515876
2618 0.5741190331583131
2617 0.4132710897088768
2613 0.3354905668850513
2616 0.07955643055575204
2614 0.6966636949668596
2620 0.4802037220608628
2623 0.251052366922525
2619 0.5832459301443808
2621 0.5052022465090812
2624 0.7702248975295024
2625 0.35317409320657533
2622 0.3492484081011236
2628 0.8571293331170543
2627 0.09334143696569432
2629 0.3463180239370602
2631 0.9998747103895154
2632 0.6935032287200336
2630 0.05438395452563235
2626 0.08869324077737194
2635 0.9810027311843166
2634 0.8961251410683008
2633 0.8438189288778813
2636 0.08058396525563585
2637 0.4816390654112616
2638 0.381647480019532
2640 0.018608554055253305
2639 0.7516879328012068
2641 0.486135635019727
2642 0.4102692496217839
2643 0.17829227826252853
2644 0.3852098592599745
2645 0.949094902772905
2646 0.34968177958165736
2647 0.44587115730043025
2648 0.15181539909587655
2650 0.2857731383474635
2651 0.7270377653529547
2654 0.11454686080487142
2652 0.2665661143764171
2649 0.036176771389261224
2653 0.4051653479521795
2655 0.054585015469809504
2658 0.428797880162581
2657 0.39305045336828376
2656 0.06982485124469888
2659 0.6841463648304343
2661 0.16355708873642813
2660 0.512218083736571
2662 0.2563758585289038
2663 0.8823500043034813
2664 0.503114932999726
2667 0.0938942351573209
2665 0.48507220584877725
2666 0.18686811838345876
2668 0.7296343159685194
2669 0.33236452268149513
2670 0.9285942564528625
2671 0.5006398598412403
2672 0.5851580246263881
2673 0.7503929837251458
2674 0.48071509249362504
2676 0.010567648789470065
2675 0.5435078534382
2677 0.3468934505364795
2678 0.6498434108213976
2679 0.756049500022112
2680 0.28435654702433977
2682 0.5206120661523593
2681 0.29623402467419296
2684 0.4627193538576655
2685 0.43099493466290123
2686 0.3358543783435786
2683 0.06073811749253434
2688 0.939781757143649
2689 0.044655082568108
2687 0.3779908259772642
2690 0.618144300517824
2691 0.4393802094240883
2692 0.48353535945221293
2693 0.3356668683218541
2695 0.4855924701608798
2694 0.7927546390880498
2696 0.35313591172082165
2697 0.41922961438744605
2698 0.2221580927149731
2699 0.9140749840773763
2700 0.5661318346902022
2702 0.4438009025459092
2701 0.4044925792218211
2703 0.5624656445462783
2704 0.3364054585938118
2705 0.09823233550411718
2706 0.03198394476554727
2707 0.6030870637959511
2708 0.6675393000483618
2709 0.5061033903259285
2710 0.08310307845803253
2711 0.8625714728142844
2712 0.03788220592197934
2713 0.5546633264040309
2714 0.430499930829951
2715 0.321284842460603
2716 0.09000745615533305
2717 0.09563258712960147
2718 0.43265204092188914
2719 0.37917845666290456
2720 0.5431812707514542
2721 0.9917017997443204
2722 0.048906670256031674
2723 0.17455660242248047
2724 0.18856643502579132
2727 0.7289934692489881
2725 0.057889939433975995
2726 0.8419399556408409
2728 0.4572935175186007
2729 0.7432522403559186
2730 0.5916649599022363
2732 0.33043072927272943
2731 0.25615564042754985
2733 0.11333598803138867
2734 0.3378072194590413
2735 0.5684852353552651
2736 0.3320025167738417
2737 0.061751922953743335
2738 0.6052335604492028
2739 0.06748133967442288
2740 0.6204727050098232
2741 0.5719312136423333
2742 0.6215898527935477
2743 0.37676044044879087
2744 0.020546229131205573
2746 0.8803066998969482
2747 0.26239802277740526
2745 0.04880278429641582
2748 0.4310014176473347
2751 0.9160070225567323
2749 0.34793182670895306
2750 0.28756239491484337
2752 0.41993339758010634
2753 0.3493238650122257
2754 0.3848878641000624
2756 0.2965516964158304
2755 0.1257807410872623
2757 0.5761047303375308
2758 0.7602893011559461
2759 0.01773064395658856
2760 0.259601132703715
2762 0.757492518203718
2761 0.6884995189089113
2763 0.14556327050439455
2764 0.6072359896741765
2765 0.33860294766816945
2766 0.177582749806805
2768 0.322945552571678
2767 0.20104614443911684
2769 0.4062164762855234
2770 0.479605167468816
2771 0.4148041934320161
2772 0.37565145363444774
2773 0.026685363444226364
2774 0.16836272659302703
2775 0.3612915784388334
2776 0.16562558022383098
2777 0.8305795140439608
2778 0.6199650197633562
2779 0.439536202528796
2780 0.7343374831581592
2781 0.5506384333138247
2782 0.3244817521318545
2783 0.0034477755648468916
2784 0.03931666061782958
2785 0.493819614932906
2786 0.24383703918026375
2788 0.9784171847015507
2787 0.9743286243158595
2789 0.6164160084855078
2790 0.11675156189844306
2791 0.18833551870839735
2792 0.12701696154572267
2794 0.447927111782488
2793 0.7200819675210148
2795 0.08520281990656477
2796 0.7774045296327179
2797 0.705029141096672
2799 0.9756498294634415
2800 0.635777455123206
2798 0.7569332453320377
2801 0.009287275975694698
2802 0.7737733111776096
2803 0.03151946261687916
2804 0.14645511670283473
2805 0.6382335990353769
2807 0.1344457568417049
2806 0.3152084802958952
2808 0.2565974229695727
2809 0.6916918152166397
2810 0.37180733519662984
2812 0.7389143478546581
2811 0.737003134416283
2813 0.6466906052433224
2814 0.23425245016990284
2816 0.3841448109489659
2815 0.42066198203240723
2818 0.9061501570187525
2817 0.6734162585192728
2819 0.4318683273653354
2820 0.8496412979371377
2821 0.611720998043514
2822 0.40908566663435986
2823 0.4650643851063822
2824 0.4136817633111039
2825 0.7342597339447867
2826 0.27553798346061703
2827 0.4150705475395394
2828 0.9797977024718335
2829 0.31750473703320964
2830 0.4786487827465002
2831 0.13823636328248096
2832 0.2471619632889965
2833 0.02519741655228197
2834 0.6109873058198726
2835 0.8314996845430743
2836 0.5657922793275137
2837 0.14450817975834832
2838 0.11544423652179568
2840 0.5621340628438335
2839 0.9167770099396654
2841 0.9073976807430716
2842 0.7056835988798432
2845 0.7255169143648162
2843 0.4273264439433112
2844 0.36999869998871643
2846 0.4734786591865555
2847 0.2190338179503166
2848 0.003077261065036744
2849 0.07515608194444504
2850 0.7355206933842744
2851 0.9092796797677628
2852 0.4765342057280525
2853 0.49482329276225867
2854 0.23407770908492934
2855 0.29400682022909563
2856 0.7776061040589664
2857 0.782033085327964
2858 0.007318215440909298
2860 0.5075141672021966
2859 0.6807916530160164
2861 0.7012963562137908
2862 0.92155820561109
2863 0.6417737337758791
2864 0.2591087600193263
2865 0.2521211324879916
2866 0.14249033193208818
2867 0.0900084229133575
2868 0.10717940375160534
2869 0.11818313263063737
2871 0.17081794242667722
2870 0.1190959596952789
2872 0.6873059864114834
2873 0.5710186062019527
2875 0.46202705039638714
2876 0.5647398839512231
2874 0.3221636236117955
2877 0.06985316865823037
2878 0.3047039403192108
2880 0.12128002529596052
2879 0.10553947119883374
2881 0.04648738876833604
2883 0.11323354206653481
2884 0.8363557122462587
2882 0.17019224504079478
2887 0.08448097847667767
2885 0.10420000116783178
2886 0.3197776055644277
2888 0.35352871472331016
2889 0.8308275902398248
2890 0.9699108797228266
2891 0.7788927141006389
2892 0.17047920849264975
2893 0.6423386692154337
2894 0.5112132473711738
2896 0.4470519249291832
2895 0.18757566016970195
2897 0.01590713239863283
2898 0.30629607273484
2899 0.36493795420599806
2900 0.20486085010744312
2901 0.29412842166700853
2902 0.5199123513327464
2903 0.10897584248124567
2904 0.15387619376770761
2905 0.2524598217422733
2906 0.307873251214898
2907 0.6223956331460329
2909 0.5475802070576116
2910 0.41420182554612894
2908 0.6152337847709908
2911 0.06640411493622306
2912 0.547916501641372
2914 0.27835018038807813
2913 1.4946263117563376E-4
2915 0.041477382058320335
2916 0.2416559173593502
2917 0.18753889970536652
2918 0.6006565676594721
2919 0.730429384649928
2920 0.8157172988400844
2921 0.24939572281589176
2922 0.3534664998216487
2923 0.14374824363764105
2925 0.3083276352608428
2924 0.45171520619908256
2926 0.4709993261273094
2928 0.3315901070707938
2927 0.10515171681303813
2930 0.47326762500661074
2929 0.009789116764488025
2931 0.27037907127955696
2932 0.3578118957013551
2933 0.09757444992680397
2934 0.16071469228324312
2935 0.033814945438070926
2936 0.015064343232956136
2937 0.06780465761169023
2939 0.0449052459895673
2938 0.2811917164810428
2940 0.694047736090736
2941 0.1420466070507508
2942 0.12355203235887231
2943 0.5508674789623258
2944 0.44336606612835167
2945 0.04829930490770741
2946 0.7330268377142538
2947 0.2648127059116381
2949 0.19132774637250802
2948 0.6220351138973585
2951 0.35597485393230527
2950 0.9043162041918015
2952 0.10555876701311341
2953 0.7936371529758128
2954 0.70462028549735
2955 0.5414319202737209
2956 0.5458660231787447
2957 0.31518886356720854
2958 0.67030192350592
2959 0.31303148308805134
2960 0.11854317051876045
2961 0.1012171013389239
2962 0.3375956192990289
2963 0.6198406921770673
2964 0.18573918878833007
2965 0.08849781419983542
2966 0.37600999598963125
2967 0.13206639227102043
2968 0.3309918404465434
2969 0.5361450423520912
2970 0.42843482640601227
2971 0.07259942912071665
2972 0.5891916109990785
2973 0.8988408412217809
2974 0.9714443833110575
2975 0.27652364465531604
2976 0.6589037256732371
2977 0.08234575572669334
2978 0.8292577661218488
2979 0.056674104251828936
2980 0.09382539140875357
2981 0.36131623582632194
2982 0.9436896675192216
2983 0.32515520109307533
2984 0.020893482129679897
2985 0.05688246258473453
2986 0.7205018304145563
2987 0.43642242478883
2989 0.2006314724265399
2988 0.548203594614726
2990 0.5692340696353448
2991 0.6497158618900375
2992 0.6666277459805469
2993 0.3351751924791969
2994 0.3249525831454419
2995 0.38797231934052434
2997 0.03737362628643823
2996 0.4499088963438553
2998 0.0629026431524689
2999 0.5769437516648999
3000 0.35988263977850316
3001 0.4346264206419754
3002 0.46898555137685877
3003 0.9733351226731412
3004 0.226514283771286
3005 0.6217691508546002
3006 0.5020163619904506
3007 0.39650986988213444
3008 0.010841453116419193
3009 0.051085087875762304
3010 0.04282384326659376
3011 0.3877879406631089
3012 0.35069303978589816
3013 0.7088312783013387
3014 0.4371718831114603
3015 0.6305066185544257
3016 0.4556858430756012
3017 0.5195021075050412
3018 0.04447324108218975
3019 0.5283124934752911
3020 0.308497109208853
3021 0.23403003733633287
3022 0.12798253123223716
3023 0.46018071940416366
3024 0.5293745427221135
3025 0.40905049002105615
3027 0.0361938195540175
3026 0.2701292694080379
3028 0.1677141740360933
3030 0.6496499228970144
3029 0.631295694253385
3031 0.7667919666746219
3032 0.3258752410005535
3033 0.13788109889751354
3034 0.9377065224079469
3035 0.1527881717777917
3036 0.6881902943909155
3037 0.06448578817762601
3038 0.6831052671794718
3039 0.052652518166011075
3040 0.3714627403736746
3043 0.06776262973889179
3042 0.556646605854291
3041 0.8128345823567229
3044 0.4134389187519882
3045 5.091025216773493E-4
3047 0.25418768841155764
3046 0.6189937238787001
3048 0.1718026487789815
3049 0.45417068686087914
3050 0.4151581582154768
3051 0.24562414355395504
3052 0.04962075748837508
3054 0.05219723829399393
3053 0.031026968881698216
3055 0.47041900104985185
3057 0.03438409442455831
3056 0.08595831582759161
3058 0.33673392029823596
3060 0.37947859347916074
3059 0.29161144714784104
3063 0.3756617183169891
3061 0.22944557824242134
3062 0.017451582926176122
3064 0.6986752347614772
3065 0.20467100931746926
3066 0.099644270209445
3067 0.9976992840579522
3068 0.11785646957894932
3070 0.16318765102017876
3069 0.1781178542289569
3071 0.1818581717215765
3072 0.5452238245530386
3073 0.16372260327048743
3074 0.09264946893605745
3075 0.5617879796676901
3076 0.3832894319424969
3077 0.2396486697134403
3078 0.5629026105133874
3079 0.702611462410315
3080 0.02882932504776497
3081 0.14578028234981935
3082 0.08469876231613058
3083 0.6208375831773957
3084 0.8871283336974829
3085 0.30400629335502416
3086 0.2731609504623431
3087 0.006613919688461328
3088 0.28261877907842486
3089 0.9808809725952098
3090 0.34097295413919226
3092 0.6089683055738321
3091 0.9030885126719814
3093 0.6281686175400206
3094 0.36838801609072813
3095 0.2634181282026772
3096 0.6832406629522224
3097 0.22119759422153687
3098 0.1804733388260983
3099 0.39090096699199806
3100 0.05951962331048565
3102 0.2607956489343111
3101 0.21719522316819823
3103 0.15027304510434794
3104 0.08671276035619999
3106 0.5088008194205403
3105 0.4984605539248904
3107 0.24243413564712132
3108 0.7142140689470661
3109 0.3402003049820092
3110 0.03773613955135412
3112 0.6940996088617205
3111 0.13715120173456377
3113 0.326635065205321
3114 0.4472206747995071
3115 0.04773311396603912
3116 0.005902812649023768
3117 0.2600982922233415
3118 0.2666006547612729
3119 0.29016488613309266
3120 0.34273304897853724
3122 0.28409805059070004
3121 0.41951586434377464
3123 0.6602841681834112
3124 0.36480572171764275
3125 0.5097142520955342
3126 0.7424835262422784
3127 0.5180022647703483
3128 0.12690937267176933
3129 0.14536370985710848
3130 0.004367782480419369
3131 0.11330736711871607
3133 0.5900029414739999
3134 0.797460209887295
3132 0.011993179832811571
3135 0.4549867902846738
3136 0.2949633076005295
3137 0.8123215924931948
3138 0.18750611451039748
3139 0.2906003333300676
3140 0.7764859449744183
3142 0.2908830306546156
3141 0.10952966933040761
3143 0.13983415536173718
3144 0.7754702194357367
3145 0.7253252650690323
3146 0.4329104811303403
3147 0.20068830336816743
3148 0.1824294212645127
3149 0.8049931031171306
3150 0.15931047507728385
3151 0.372052349909174
3152 0.7258467759463433
3153 0.32732991077074775
3154 0.01769745988567893
3155 0.3445627154284157
3157 0.6502948949556747
3156 0.5598148088847241
3158 0.38125563019680786
3159 0.606630103610639
3160 0.9262069527546738
3161 0.24506017832495508
3162 0.34381121379024265
3163 0.24153090499554042
3164 0.05694572087972515
3165 0.6767389511902274
3166 0.49549632325912446
3167 0.5893005720438657
3168 0.6130047325797461
3169 0.05033512093455636
3170 0.013786657978428724
3171 0.7507372640032614
3172 0.8468515899922187
3173 0.7376496550765433
3174 0.6083207271766113
3175 0.9930080265651531
3177 0.6113106207441481
3176 0.5164666350216297
3178 0.39219837168412736
3179 0.15906921491074655
3180 0.2742251754171574
3181 0.46440559831558853
3182 0.36093888809039537
3183 0.037804292621214326
3185 0.9849289317048241
3184 0.9714931417671854
3186 0.25788438390722396
3187 0.9668700194054863
3188 0.3583290984344714
3189 0.6788332398901312
3190 0.3690828137013356
3191 0.3833481072921948
3192 0.0073300721984456765
3193 0.9143422449288385
3194 0.6564499594470784
3195 0.49891358777842343
3196 0.3301091204989332
3197 0.9997668341097548
3198 0.8913279113233648
3199 0.3851074627362088
3200 0.9061649070731856
3201 0.8054746811836857
3202 0.5909268851350845
3203 0.40123201911708023
3204 0.33419170972581463
3205 0.4530396199599659
3206 0.28752341265480946
3207 0.9427305394698708
3209 0.7047614612606087
3208 0.11401972884613559
3210 0.6872170107913411
3213 0.06305660831689255
3216 0.06393578509040475
3214 0.2708829407671777
3211 0.10819713867563155
3212 0.024590083982793803
3218 0.7955313204960834
3215 0.052054082018392255
3219 0.44153318053599505
3217 0.6526334890552238
3220 0.39998187182806255
3223 0.3715539085529768
3221 0.7515995918203353
3225 0.15918990675415856
3224 0.37107682056735325
3222 0.6412951926202537
3230 0.9216136703263872
3232 0.640033576780721
3226 0.9462615416357817
3231 0.12158030046934194
3233 0.6214898580431651
3227 0.017819916720044873
3228 0.11034726351946789
3234 0.005144313381286095
3229 0.34098301809165416
3236 0.9493374454487196
3237 0.027562188373515654
3235 0.31522851715711786
3240 0.16189217703833436
3241 0.48058822329121176
3242 0.7120452413994361
3239 0.37677370229800133
3243 0.1802250224212086
3246 0.999928326714613
3244 0.8900229936627224
3245 0.15599890522597887
3238 0.1923613458012354
3249 0.5736945389274228
3247 0.09954138071015049
3248 0.03950078950432192
3250 0.32374399705912954
3252 0.6188600773397511
3253 0.38856712837082696
3251 0.044865294131603464
3254 0.488850403851341
3255 0.21134749272648878
3256 0.4309182202467976
3258 0.4331069935334582
3257 0.36548015375421766
3259 0.08142113809886616
3260 0.08584030455721317
3261 0.14993277140543368
3262 0.9494889905604981
3263 0.17628174217223938
3264 0.03380045459014592
3266 0.07616163899368679
3265 0.18437912953107594
3267 0.8122872736220927
3268 0.5884988352855088
3269 0.11340343109826877
3270 0.6014482918151854
3271 0.45413721294785375
3272 0.5267540721155596
3273 0.3279864046941758
3274 0.42591845007461365
3275 0.6014601155698123
3278 0.35321100627559665
3277 0.08959312040246609
3276 0.16385486258508464
3279 0.16190037006721159
3281 0.8370740731280849
3280 0.7725096047024892
3282 0.075657081982855
3283 0.3013170295873422
3284 0.22700695639857615
3286 0.9113480957996599
3285 0.6054695116451559
3287 0.43223379622825303
3289 0.152272599509357
3288 0.8864524210607786
3290 0.9648202004538042
3291 0.6982329557565635
3292 0.17138503610269765
3293 0.3602946986734002
3294 0.4397961922367885
3296 0.28305725629804146
3295 0.6722362831791895
3297 0.10059425820958742
3298 0.33179303657854653
3299 0.2232356995837161
3300 0.054482031915019755
3301 0.37993402425213585
3302 0.40185861482153257
3303 0.22146172416379473
3304 0.05457429645982956
3306 0.9868235425514658
3305 0.7781808322313598
3307 0.5863110892649345
3308 0.31301989846585493
3309 0.02862271115702619
3310 0.043430493771221095
3311 0.17223934967851698
3312 0.6324546038765382
3313 0.38305256639266044
3314 0.9082660144898451
3315 0.22549897390298948
3317 0.3661190033370085
3316 0.04868939985070311
3318 0.29539553590333406
3319 0.6379750990078947
3320 0.6258109172908369
3321 0.4155060839740475
3322 0.045959916431955496
3323 0.8425653885194435
3324 0.2366847982931534
3325 0.38762926513419393
3326 0.37574942470508393
3327 0.1732531448733132
3328 0.2115248444702606
3329 0.577702051753074
3330 0.1969736810354685
3331 0.8334809836091729
3332 0.26365761399174914
3333 0.535084804238224
3334 0.5736080975971899
3335 0.3466859227889543
3337 0.38441867684351855
3336 0.2775122711250636
3338 0.9789877392989331
3339 0.4110204742677034
3340 0.8061088018003292
3341 0.2154649899619017
3342 0.38664810198937877
3343 0.29908544401111103
3344 0.1485968377359288
3345 0.5909347682301953
3347 0.20045455906375215
3346 0.6048191859313171
3349 0.17588357664269158
3348 0.1236171821720538
3350 0.5221122351482921
3351 0.173060033695165
3355 0.33065866033743346
3352 0.061877766953144196
3353 0.9911899551709212
3354 0.9853943765918062
3356 0.453255169789732
3357 0.3316622581598771
3358 0.34654294295308663
3359 0.3176044601576876
3360 0.6151249137374118
3361 0.33307158428082023
3362 0.12089685044897466
3365 7.835964256423814E-4
3366 0.2726435247743872
3367 0.9493869322578744
3368 0.3255276318541257
3363 0.27219672814094464
3369 0.11438026042833147
3364 9.910845741607313E-4
3371 0.7825398106975059
3373 0.2881947582825775
3374 0.9908950901867538
3370 0.9314619758445742
3372 0.7054000525476967
3375 0.04223696837132326
3377 0.35199898490794285
3376 0.4028139596388265
3378 0.14815465641305237
3379 0.30250581409295885
3380 0.2935449137646934
3381 0.8631675034991303
3382 0.3055516596280081
3383 0.5790986365367761
3385 0.11565766265009314
3384 0.5698606616916343
3386 0.33363682410700385
3387 0.31911998226050303
3388 0.177786813374172
3389 0.7027791936783042
3390 0.2106368553767257
3391 0.50504528406989
3392 0.45548775852535156
3394 0.36403523324484144
3393 0.5981905648880665
3395 0.2667812356568112
3396 0.4097546136534443
3397 0.2329444388892463
3398 0.16532757868834477
3400 0.644686385154105
3399 0.576312754344066
3401 0.4632893714223291
3403 0.007932303792387987
3402 0.8337498546857117
3404 0.152970481113686
3406 0.6169400906572373
3405 0.18431776834445118
3407 0.5741966772321659
3408 0.43199470639992865
3409 0.5880371468269614
3410 0.08537339265364773
3411 0.22364187379005565
3412 0.057377054891154786
3413 0.033527746811305034
3414 0.07504766715578445
3415 0.4792513486413703
3417 0.10341107061271476
3416 0.7783364445759154
3418 0.9774113722715514
3419 0.6341151168819448
3420 0.3851769135528584
3421 0.17697742964863225
3422 0.4957844184327787
3423 0.10192093007959166
3424 0.20711209813327885
3425 0.6981701107657995
3426 0.03284563986981617
3428 0.4726814580346811
3427 0.5853202675712084
3429 0.13309646907200587
3430 0.1584263506164591
3431 0.8713484702583052
3432 0.7489276515003755
3433 0.4083735348182538
3434 0.45540955205338957
3435 0.06387183474479012
3436 0.3403904784611487
3437 0.6168594829097932
3438 0.46247087337098874
3439 0.06862907327144516
3443 0.08702812451088711
3442 0.053970470156846036
3441 0.90969333664793
3440 0.9159482448871974
3445 0.5527620045770785
3444 0.3005656666604842
3446 0.11634359596690227
3447 0.048524158723115746
3448 0.8045896528112937
3449 0.6194994613408469
3450 0.15673951621928406
3451 0.15969022517945036
3452 0.10466485987872268
3454 0.32813964170877347
3453 0.17556116983072162
3455 0.2876824348644009
3456 0.729539842279841
3457 0.2732192539928536
3458 0.9016214192667618
3459 0.35032553550042533
3460 0.4462155028398894
3461 0.04717475945416358
3462 0.30813009198876024
3463 0.1958155947703573
3464 0.2435968672887588
3465 0.41417337479246147
3466 0.884262837294067
3467 0.3388945821432009
3468 0.5143292307692308
3469 0.32926215296027334
3470 0.44358816010434554
3472 0.3906343378063679
3471 0.40189650603970584
3473 0.30791472511190543
3476 0.2922618128791338
3474 0.49954108497150185
3475 0.002275736510718184
3477 0.719137662277691
3478 0.005763584989546426
3479 0.002975759061417863
3480 0.2564227625853968
3481 0.43977585061188235
3482 0.9821011443338133
3483 0.29777635149376686
3484 0.3335241557301581
3485 0.6996110901422326
3486 0.014127376596156592
3487 0.22658467642068555
3488 0.04539080697683232
3489 0.5065344992023006
3490 0.5083573810653321
3491 0.363535554437793
3492 0.03829353004134887
3493 0.3754443149965163
3495 0.7989915730453819
3494 0.7588103698719038
3496 0.44328530799152854
3497 0.01350136678987027
3498 0.9984774472678429
3500 0.20005720229843346
3501 0.6983451883238672
3499 0.14366054284716248
3502 0.04713807604665899
3504 0.24408342951041756
3503 0.02261870436702086
3505 0.2739256860060547
3506 0.8641776991797853
3507 0.7322744332205439
3508 0.5247107001796536
3509 0.16020889172993608
3510 0.3509200810344819
3511 0.2898763437563864
3512 0.1559513847184312
3513 0.19661850365551659
3514 0.26089155416227267
3515 0.10524237959302903
3517 0.030834680740839577
3516 0.02087792575749446
3518 0.5486635543024643
3519 0.21212008328884424
3520 0.4386365735135629
3521 0.017391002268391617
3522 0.036067730093701324
3523 0.6153978060792853
3524 0.5929509625490067
3526 0.4988532832482915
3525 0.9822436923810072
3527 0.2188060363695827
3528 0.0722280764602849
3529 0.20324161356216003
3531 0.03434549340335536
3530 0.4102591722860159
3532 1.0250048557257801E-4
3540 0.03193633631232053
3533 0.6597760646746228
3536 0.4353892673237361
3538 0.4406387470081882
3541 0.19836264334930698
3535 0.26334912001005517
3539 0.12630367945097185
3534 0.12330203630101272
3537 0.4459033685806165
3542 0.5334669706655334
3543 0.13753412261131565
3544 0.5780128400916661
3545 0.03587103155903949
3546 0.1865526669784575
3547 0.4686425699704642
3549 0.3023889235657946
3548 0.5811934634450632
3550 0.9086096973170605
3552 0.061022686861772986
3554 0.32547278818083736
3555 0.1977492312360235
3553 0.8642525496778891
3551 0.18437044358131008
3556 0.24883928707260133
3558 0.18706706281132085
3557 0.14580602365873305
3559 0.2877024601688415
3560 0.22684482145370385
3561 0.1430251054786733
3562 0.4785709408841435
3563 0.14292729404376298
3564 0.12370084182217252
3566 0.397738808043288
3567 0.08208328728382036
3565 0.06473589299727095
3571 0.3485379326941316
3568 0.4617926662788794
3569 0.041654211718381684
3573 0.503825723196311
3572 0.6524251710019198
3575 0.8635800032266636
3570 0.7807686875740482
3574 0.922565635932908
3576 0.9092756473287446
3578 0.581612389367888
3577 0.4381306986223947
3579 0.9962619006642636
3580 0.5991224805594187
3581 0.05191134729284178
3582 0.4034379890832115
3583 0.19338842908624607
3584 0.35266197229970014
3586 0.5438996461390223
3585 0.3600733804715151
3588 0.34790370566751966
3592 0.14658163708115007
3590 0.28543145411128085
3591 0.21939449493116991
3587 0.3778318142100184
3589 0.793719846021474
3593 0.2684722093581111
3596 0.5201879036187087
3594 0.9474997026291884
3595 0.20038426232984527
3597 0.012128208432159723
3598 0.2105103446550024
3599 0.5658033275011586
3600 0.12481268051309821
3601 0.30552635063664946
3602 0.2817094831015978
3603 0.33083996111191394
3604 0.28789399875171795
3605 0.17443875990888244
3606 0.9110802097033867
3607 0.9376539641963197
3608 0.19878312419171787
3610 0.9006219002862298
3609 0.33321796320924735
3612 0.017693916027414356
3614 0.9222948840724567
3611 0.3755535043426466
3613 0.18381665471846506
3616 0.7294719294960017
3615 0.016429729996128208
3620 0.24108770384024225
3618 0.5513580246915023
3619 0.024413353468315805
3621 0.3369122334308152
3617 0.011128230962782043
3622 0.39612135092532497
3623 0.9053524354378653
3624 0.5269211228251245
3625 0.17691854491426948
3626 0.32700983799256983
3627 0.3893501068212671
3629 0.3606199569564296
3628 0.28748844479120794
3631 0.575654542739503
3630 0.1876114541799027
3633 0.1618411829040328
3632 0.22428880938401818
3635 0.4363859038742199
3637 0.613533115457008
3634 0.21545570676433035
3640 0.3233079887850471
3636 0.36074815711603464
3639 0.06584253279222668
3638 0.15925641012145395
3643 0.46398151418129396
3641 0.5607728492714112
3642 0.6913904026834534
3645 0.09790078868729328
3644 0.44321742751787085
3646 0.2750912503980105
3647 0.22899925048270928
3648 0.9735557350615834
3649 0.1617525547251082
3651 0.3672655291007356
3650 0.13907438155100518
3652 0.17593666834736485
3653 0.8057121515179481
3654 0.3459950562761916
3655 0.5501811340082795
3656 0.18141261374247475
3657 0.3089967542986332
3658 0.15559301305827541
3659 0.7207177160901524
3660 0.43820684814794175
3661 0.3580536557778031
3662 0.19759761815205712
3663 0.30708705346497656
3664 0.2053501677604137
3665 0.07924280278021953
3666 0.3895944742293168
3668 0.5053146222487117
3667 0.30622601151142637
3669 0.576970012970158
3670 0.1844380878587909
3671 0.13483194356765002
3672 0.14117599999999997
3674 0.096411775439837
3673 0.22650344357174515
3675 0.32680109424575754
3676 0.4480619727863414
3677 0.38722053567821135
3678 0.2970816452643766
3680 0.264966378029042
3679 0.09861084083679733
3681 0.801183381550233
3682 0.5535690719795276
3684 0.1488560537585816
3683 0.7940033200920599
3690 0.5888091922793378
3685 0.9835791511264055
3689 0.5938073276089318
3694 0.7326199679446562
3687 0.6041666132372887
3693 0.07293225501321007
3691 0.5868450373176475
3688 0.400778626377957
3686 0.7478582839469022
3692 0.36442217542994737
3696 0.19082391135849236
3695 0.12911800533925344
3697 0.02619174616466471
3698 0.1632424386559036
3700 0.8971932022992908
3699 0.2457533345392024
3702 0.02593520563226139
3701 0.9766368452463152
3703 0.7161714571099702
3705 0.4374280524779225
3704 0.51658627608729
3707 0.08527952511199492
3708 0.22440890732562382
3710 0.6824289329052056
3706 0.31067031366903275
3713 0.1372474758732948
3711 0.5428094767120059
3709 0.3606721165871962
3712 0.8180309551398017
3714 0.26924111659215383
3717 0.07727681473659741
3715 0.08949099901411006
3718 0.15112846571881844
3716 0.2256918441286683
3719 0.36536682526466874
3720 0.15247380205681477
3721 0.49987864994078607
3722 0.7859223573564009
3723 0.22368611153099896
3724 0.7211170699191696
3725 0.7078653402346915
3726 0.15434814244572356
3727 0.2343281700177448
3728 0.8062293704041371
3729 0.7744239920153871
3730 0.6302289586591243
3731 0.11429551017594033
3732 0.7456956057188017
3733 0.7173027712850124
3734 0.6171924450131662
3735 0.7013637148181188
3736 0.129624995154059
3737 0.39689972726597234
3738 0.34966103491077616
3739 0.59761797887