1 1.042718375021301
2 0.9564891711641329
3 0.7769058171750133
4 0.5871273734452772
5 0.9570565396335657
6 0.8316155422874577
7 0.5473203955044865
8 0.9250826059556113
9 0.8279237413622405
10 0.6959368046243495
11 0.8462582975512429
12 0.6545229673537534
14 0.7373263188151923
13 0.6908602882389192
15 0.5609525005017136
16 0.7441484716824829
17 0.7045969453401179
18 0.7365257173210353
19 0.6895147474160835
20 0.7482426841061912
21 0.8082459911773843
22 0.870483581246259
23 0.5846672414891226
24 0.6477226946606858
25 0.8153090405831168
26 0.5708763082130293
27 0.6841292848361157
28 0.6229990989754344
29 0.5299064903037138
30 0.7741350705847463
31 0.7564061886960934
32 0.6886868871597237
33 0.759076201432383
34 0.6295391509825362
35 0.6868875632296927
36 0.41846018556122816
37 0.4995484160402398
38 0.47543486998720447
39 0.39689423561636666
40 0.5413925229516935
41 0.3292832797193778
42 0.4013358986715492
43 0.33422901678676853
44 0.5755680434857376
45 0.482380559853162
46 0.2553149951013943
47 0.682884089876029
48 0.2262641119949759
49 0.6903829159151463
50 0.6157728740889878
51 0.4611505855788866
52 0.8179795778843214
53 0.7209123753736909
54 1.0166048784761461
55 0.7309017253599638
56 0.9874651955713822
57 0.7777103214017496
58 0.9352953125946037
59 0.5683272414119132
60 0.9576679300642101
61 0.5500443722271982
62 0.7277957624287531
64 0.8760987848332943
63 0.557767920521441
65 0.7138631107761926
66 0.6552511488046492
67 0.6718270078263731
68 0.6857224967935279
69 0.5547550436875271
70 1.035928841980788
71 0.6828964548390554
72 0.47664457940646143
73 0.5112919929976412
74 0.6100545468048328
75 0.5143618513177275
76 0.4601874404263679
77 0.4548226203253583
78 0.5526858749989682
79 0.6018644988804063
80 0.5293554337881708
81 0.4519682454818625
82 0.993584841494896
83 0.6217351203211964
84 0.6654246223012416
85 1.622127416830133
86 0.7422133530697642
87 0.7726689502188179
89 0.8728354654709057
88 0.9281451919833515
91 0.8292023853419698
90 0.929530943930459
92 0.9039151417114952
93 0.8463402841914415
95 0.7023196155526342
96 0.9318540260203043
94 1.443998550985769
97 1.1272992430362325
100 0.6401222190713368
98 1.10271151954523
101 0.6828986991042303
102 0.8110022140609421
99 0.8851338421037309
104 1.060241612980975
105 0.7432564547522024
103 0.953004954549293
108 1.0383714147076961
107 0.8664749214444986
106 0.748833086386767
109 0.760724827305193
110 0.7559319938958217
111 1.3057087870036337
113 0.6309972762258963
112 0.8780938873401081
114 0.7348123817173503
116 0.9120359605707802
115 0.653762645900827
118 1.0900759757185792
117 1.1152772903974375
121 0.572475627211325
119 0.6607765787497693
120 0.6877956301703109
122 0.5492789676708572
123 1.1310530722304215
124 0.6337176923299522
125 0.6310693981324975
126 0.5957273263403001
127 1.306386305581761
129 0.6802654190350998
128 0.5352376683308693
130 0.71387206228436
132 0.9118935081008637
131 1.0126169849639597
133 0.5968522389139753
134 0.8673763456183808
135 0.7432563940368782
137 0.7784474456917836
136 0.611951446664531
138 0.595030696949168
139 1.0563525831580807
140 0.6250117975792537
141 0.6540678036511677
142 0.5313540738368931
143 0.7134564511803612
144 0.6808459665801804
145 0.950575432039424
146 0.7188494593518868
147 0.813285548701185
148 0.7144320060326771
149 0.5414268044710661
151 1.0625364296848543
150 0.6291972665790614
152 0.610929616304939
153 0.4290174465823767
154 0.7626587077120817
155 0.4741824594820246
156 0.4211716639015053
157 0.2556451397253684
158 0.5332038190856289
159 0.6309474807803935
160 0.29628583084619275
161 0.6958871627235086
163 0.9230702927483366
162 0.8603953040910906
164 0.7663848956723907
165 0.6409104035647748
166 0.5903049819783838
167 0.5226906289150639
168 0.4237061045451346
169 0.4728343884316157
170 0.4597595917544673
171 0.45816461762185223
172 0.3794602461434531
173 0.47981007810148174
174 0.33304522319771007
175 0.5937649465696105
176 0.4551488314683451
177 0.9242689739270976
178 0.9290162741862441
179 1.4929280917225636
180 0.6415465458699806
181 0.6453534702558843
182 0.6327926865874004
183 0.7454665992840073
184 0.7574474651419727
185 0.6835626215024236
187 0.8856763433307974
186 0.8408225808263596
188 0.5993576474310982
189 0.6939505493650107
190 0.6614758791494214
191 0.7001312499596727
192 0.7751147144394177
193 0.9225530553287979
194 1.074661209587119
195 0.963363412711845
196 1.0547864942001297
197 0.7144972582213074
198 0.5046885568350544
199 0.8388696860581207
200 0.6813176404249709
202 0.7005303290435575
201 0.7951751157507894
203 0.6078163419811736
204 0.6918056230632995
205 0.6096024577097868
206 0.5952850462799838
207 0.8462651646495397
208 0.5433212051531419
209 1.520999684911066
211 0.9165473922791718
210 1.1593465799607767
212 0.906873329654044
213 0.7236605589829823
214 0.5848097251296784
215 0.7119858794778254
216 0.8067864470169599
217 0.934012368434835
218 1.4562494116708038
219 1.4634389909880936
220 0.6096891218224456
221 1.0454155630750386
222 0.4883858142034712
223 0.6454855100394392
224 0.6826800513149444
225 0.9276117977141286
226 0.762895755416533
228 0.5889183216631149
229 0.577767190120348
227 0.7852410619516786
230 0.6578125376416142
231 0.5352615711628754
232 0.4220899866145992
233 0.45391557221759316
234 1.009373528399949
235 0.4029621203029666
236 0.5567249507954983
237 0.527812347124963
238 0.3119549470209
239 0.619067438376113
240 0.2535213333491385
242 1.1798519577860183
243 1.033819877042418
241 1.0468715513007971
244 0.6086059591690874
245 0.6743837348475202
246 0.8814619746557775
247 0.7856496134725073
248 0.8407359548227672
249 0.7738414479996856
250 0.580896750031807
251 0.9566691897574316
252 0.7951207295718329
254 0.38908577903754077
253 0.5417563154987213
255 0.6823761341176576
256 0.8908088107371862
257 0.8869639986389668
258 1.0055005578138683
259 0.7924092721855449
260 0.7456387467725762
261 0.5888172878455697
262 0.6394956584263297
263 0.8339821768088219
264 0.6162267430200206
265 0.5648062765649166
266 0.8272298552374969
267 0.4718127119602782
268 0.4268862472297399
269 0.31729562792528354
270 0.627266607777347
271 0.7627878207286332
272 0.47270709191058524
273 0.7992918898294445
274 0.6708135744511101
275 0.5446290113760927
276 0.6254094587835787
277 0.42307681462767494
278 0.32891358234698687
279 0.3272989134193696
280 0.47859691085923234
281 0.3149909106828521
282 0.29590195410959186
283 0.15890082403499362
284 0.1872502986588072
285 0.2264099719899722
286 0.18423070058557017
287 0.43381783601933654
288 0.2549474923056768
289 0.7916285302518099
290 0.7444187235160817
291 0.8997728114570436
293 0.620656077635002
292 0.7320799606055254
294 0.5589540139047666
295 0.4014452925756198
296 0.6259053761304499
297 0.625626795297012
298 0.45813617889565256
299 0.5300348838383186
300 0.39142930886535887
301 0.42774790764457576
302 0.5286060328326996
303 0.6269717743304418
304 0.4324211006878343
305 0.8537245828805461
306 0.7600689597558834
307 0.7276731414904377
308 0.5350949825632012
309 0.6505489981773087
310 0.42602014265745114
311 0.4660419509349453
312 0.3879051961870001
313 0.2970775732582317
314 0.313960617101816
315 0.43011355261808476
317 0.24662448576036097
316 0.39448892833489324
318 0.2853073867033589
319 0.631991236520729
320 0.32326830172655635
321 0.9729950458488984
322 0.8020883165023039
323 0.6486530264203274
324 1.031842825283604
325 0.8090609743079473
326 0.9181916448593909
327 0.5303449985466417
329 0.6569333036539935
328 0.8843955561898266
330 1.1611473086548991
331 0.7532645983981782
332 0.43941763236676395
333 0.7994812686140522
334 0.47238109099996
335 0.7996772034771183
336 0.636874652744557
337 0.9685358029625183
338 0.9145403188084438
339 0.6021480215039919
340 0.5782408917203647
342 0.8340962997855823
341 0.787456164621274
343 0.48941436014587886
344 0.42289270094626247
345 0.5999367135507659
346 0.6401582399091845
347 0.470463648143576
348 0.5729419284559409
349 0.6417276602510698
350 0.5272837673212595
351 0.49232761306028794
352 0.40768239050914373
353 1.1207869426591524
354 0.8778442098172854
355 0.6466702253511348
356 0.48325708570878706
357 0.6368089919090241
358 0.7429063934676176
359 1.643055021742577
360 0.7167817527815736
361 0.5069807975092597
362 0.47703547168567556
364 0.6002156148155219
363 0.6678315679085933
365 0.5520416871167316
366 0.6662145986789841
367 0.6458910207173111
369 0.7854688837486657
370 0.7547481073102303
368 0.4866703645226664
371 0.7499871274279479
372 0.9475425301090712
373 0.6070815124410807
374 0.6455847192414506
375 0.43224288331366717
376 0.6401283149872913
377 0.8848015467052838
378 0.7911828541211057
380 0.7583691611741606
379 0.7041386323342602
381 0.6187954805517581
382 0.6227632482288114
383 0.9081765081683599
384 0.6949233361905379
385 1.8030918573523231
386 1.0051994881723103
387 0.722993802225899
388 0.8685604738046453
389 0.7278947962484003
390 0.7217745837676747
391 0.7661919943003027
392 0.8302227271651264
393 0.7157010389642452
394 1.0851399236975443
395 0.47137250405425113
396 0.5083431789745517
397 0.45133904190226004
398 0.6754060993293683
399 0.6627077097765274
400 0.510680235111831
401 0.7831864752242518
403 0.9433451125645905
402 0.9338826272133989
404 0.9903842837157958
405 0.7228447273355115
406 0.6507765622497191
407 1.5627945707008477
408 0.7998528532765027
409 0.6605009182380066
410 0.5609121796752702
411 0.5524620078907576
412 0.7773806721063771
413 0.9905868255326297
414 0.46612898847904755
415 0.7026001558578232
416 0.5571320937379326
417 0.7993693383939461
418 1.284684685791031
419 1.7836061992790757
420 1.001328840083204
421 0.877906670131676
422 0.9470000124175356
423 0.6747585135869443
424 0.9682487543521874
425 0.7295263108081675
426 0.9054678031253548
427 0.7838232504779458
428 0.624005046163741
429 0.8305306461524313
430 0.791544506895143
431 0.8380425180763503
432 0.5070058329430244
433 0.8274571628851097
434 0.4390985946090475
435 0.3531600064560857
436 0.5664851057339791
437 0.5272295260314169
438 0.8050330966966901
439 0.49613627477261724
440 0.7620817759430414
441 0.7180245405872716
442 0.6733065826755669
443 0.46026898608408867
444 0.2579973012266795
445 0.40422791937879865
446 0.7218013947677193
447 0.6358574872377556
448 0.3561070537918513
449 0.6435690177941776
450 0.698049227932744
451 0.3509256386427365
452 0.9217902233270052
453 0.6278038735808044
454 0.44383608342356035
455 0.5645307750960084
456 0.6186156540703404
457 0.49161761195192394
458 0.49068307086658547
459 0.4937835140164064
460 0.5247216803966175
462 0.6744257172787823
463 0.6458258261127763
461 0.43504418358979646
464 0.44196222304775384
466 1.0071024883089108
465 1.0782224155758056
467 0.6668512242580799
468 0.9890095474778748
469 0.669372007228417
470 0.7769755194743911
471 0.9544805353299184
472 0.8131628038464991
473 0.9624515257545443
474 0.9025556410483095
475 0.7746666088540525
476 0.9158917651498184
477 0.9337443100624496
478 0.9688847899407339
479 1.0410150102002012
480 1.1497134508352505
481 1.1361950625794301
482 1.3596328895806076
483 2.1491070026162467
484 1.1058692750367807
485 0.8241418448757395
486 1.5501099225946444
487 0.7544203915851974
488 0.713758518937953
489 0.7697314616509123
490 0.8474356521082902
491 0.9929516346843132
492 2.0412676350286683
493 0.9396955835664281
494 0.7858631036161768
495 1.1774037310474685
496 1.2496954903287691
497 1.0410063732913695
499 1.3296235864626782
498 0.8610336222845046
500 1.0805756320597137
501 0.7184475351373526
502 0.6361176111583061
503 0.842826685452331
504 0.7267711045172467
505 0.7048582692964216
506 0.5655777495797439
507 0.5992956523700473
508 0.7513818926060503
509 0.8369318663475913
510 0.5994912428437238
511 0.9807998449152037
512 0.7898856660245203
513 1.2109351456295048
514 0.922655685209988
515 0.8357928879967158
516 0.8725824220182584
517 0.5474259383218542
518 0.8497139084445937
519 0.7573244657412164
520 0.6280068873643525
521 0.7589836519834435
522 0.5117131711052223
523 0.7398519649061983
524 0.469586135862341
525 0.5686317854256061
526 0.32625687724973707
527 0.6885888253955059
528 0.5801987237976097
530 0.7134362169861438
529 0.7289895316652787
531 0.9716199393664685
532 0.7175812239605701
533 0.6184303511740429
534 0.6114976535177793
535 0.7868760078546365
536 0.689351717519484
537 1.299365953518388
538 0.786169096939005
539 0.8240874403308183
540 0.6085960922772898
542 0.9381325556835638
541 0.6462107498398839
543 0.6182282806632292
544 1.0935932477998276
545 0.5091317853042048
546 0.2662563646560867
547 0.48371925396078147
548 0.6662111257265316
549 0.557293396032767
550 0.5726433513765353
551 0.45069620553033
552 0.29141429350732784
553 0.6206449193532986
554 0.922376391593543
556 0.5328468075917201
555 0.8233193044543646
557 0.4908401463958728
558 0.47168897869603915
559 1.0861134289410395
560 0.5612621942281633
561 0.8936707285556944
562 0.8462284803771969
563 1.111136887969958
564 0.7308798118780372
565 1.9224400526883147
567 0.9605589287790013
566 1.0454009207405788
568 0.7888245586133602
569 0.7213894875149797
570 1.0532134921618457
571 1.0425019802151456
572 1.0888431318206206
573 0.7669244707236903
574 1.0090088778439341
576 0.9410797522759762
575 0.789806716095147
578 0.6223113029128288
577 0.5068757198176763
579 0.601183292277977
580 0.5588843503319106
581 0.562173201851807
582 0.6025158889222471
583 0.36413053958642355
584 0.6105075821750701
585 0.6277129211321943
586 0.5234058367864063
587 0.7919095413123663
588 0.3921426934187191
589 0.5153968214808494
590 0.5385427456482098
591 0.5433476754012457
592 0.6757833754928886
593 1.6551998561931653
594 0.7679923277324292
595 0.7286203283113228
596 0.9164050772526853
597 0.7391405995658383
598 0.8630108407271024
599 0.8456079981578066
600 0.698705382782731
601 0.4470519652425767
602 0.4711249964066065
603 0.6266081786968731
604 0.47614374063249004
605 0.6179475275758655
606 0.5550584922726051
607 0.5905832038923474
608 0.6797639640409199
609 0.6352638918071396
610 0.8233624099174829
611 0.8728506977099609
612 0.9260815857866547
613 0.9599860957308428
614 0.7954719800925972
615 0.5496481774953865
616 0.9420664098152628
617 1.6476898335584602
618 0.5434569025827853
619 0.5454565928983258
620 0.8168569222115569
621 0.7018741404860722
622 0.7143064865985398
623 0.7735279525461674
624 0.5972444322911789
625 0.915344464907952
626 0.7985974164814287
627 0.8474898812707147
628 0.6361254148866794
629 0.5115119483865943
630 0.8619820342835602
632 0.44916453128927325
631 0.7537520213769746
633 0.5366754722122142
634 0.654933862976255
635 0.5278821313074125
636 0.5804000905493985
637 0.4278491649177459
638 0.35748403531759726
640 0.6016633910653448
639 0.85944161106798
641 0.8625248702761054
642 1.2571133289428404
644 0.6597606737285617
643 1.1178494656095876
645 0.8453820243360394
646 1.1602775563569907
647 0.9569785111819714
648 0.8461083306421229
649 0.886989798720395
650 0.8148386650497331
651 0.7919018831318767
652 1.2258341503239742
653 1.0521415928375861
654 0.8211448018234208
655 0.5665935249310678
657 0.6341114998421019
658 0.6029998579731902
656 0.8543793676401163
659 0.8035524290445755
660 0.7167775449225862
661 1.2471615099717688
662 0.6276876678571542
663 0.5864448327994608
664 0.7028024173731636
665 0.4892664867617359
666 0.41584900302754124
667 0.5488933317629323
669 0.5351257951295191
668 0.8298632395621356
670 0.4547702218972099
671 0.5956249966500393
672 0.43962452322187684
673 0.9340069971776509
674 1.522814435646174
675 0.8862520850189861
676 0.7366814972421301
677 0.597562549502142
679 0.8972174485615235
678 0.6275120039586892
681 0.5182763719183159
680 0.7505593924626734
682 0.6236940157164409
683 0.5591272684779602
684 0.914293793731431
686 0.7636994289570627
685 0.6783892022955923
687 0.7204404868541038
688 0.6791479592159484
689 1.217983339246888
690 0.7282804340674682
691 0.9058250310210301
693 0.8534364048191069
692 1.200699737547704
694 1.001934427068583
695 0.9404347555100514
696 1.236386296529502
697 0.9183591938468304
698 0.6804397876850953
699 0.7108118545779185
700 0.7972529933145438
701 0.7021950696679329
702 0.8823543715004052
703 0.8887456095845143
704 0.7086094952812405
705 0.5344515590051754
706 0.7153228363888836
707 1.038186949763535
708 0.951700997286175
709 0.9288219562679922
710 0.7540820726323496
711 0.7729076633562058
712 0.7515918252407581
713 0.7509707055740944
714 0.8977543831991385
715 0.7192347533152859
716 0.7427370588318083
717 1.1407697038236122
718 0.631590932816091
719 0.5500014915551934
722 0.834112179993195
721 1.1944463117785997
720 0.5738774869650016
723 0.6188834537413552
724 0.7794722563512524
725 0.6153895992707841
726 0.44467743226705914
727 0.5170840807779415
728 0.7453538846459529
729 0.646295896964289
730 0.6874329141927347
731 0.46574954891235537
732 0.365170098444718
733 0.48767588483406427
734 0.4284215503009273
735 0.4751759918225036
736 0.26357714240723246
737 0.7868103856718355
738 0.4919276353231489
739 0.9491173218091244
740 1.8652329372804053
741 0.7260537984297375
742 0.660492531763702
743 0.832146112261693
744 0.5974294167816501
745 0.9533655176788832
747 1.0212464519923985
746 0.4591093411509534
748 0.9270893194604081
749 0.5313494039876797
750 0.6412540484235265
751 0.9229680935602541
752 1.2294884564217146
754 1.249307382706639
753 0.7816261837946017
755 1.1810582138394998
756 0.8360121373584387
757 1.0823525055191123
758 1.1691345161996705
759 1.1653279553003524
761 1.0840500629202683
760 0.6774736110708482
762 0.8501363964178043
763 0.9986699260085965
764 1.0291008455299704
765 1.0070473178622243
766 0.6393569365916624
767 1.2801948872049962
768 0.9438911536911977
769 0.9118618973046302
771 0.8848406056233731
770 0.785640914823369
772 0.7873127100101331
773 0.889756313453577
774 0.7136595938445549
775 0.9172753986362615
776 0.6345853217175937
777 0.5996834219806757
778 0.7458559485675669
779 0.5574567983071087
780 0.4659808859915823
781 0.7956632684662762
782 0.47050343854355886
783 0.9082032327333184
784 0.6043015369952425
786 0.9178760455642963
785 0.6060946887669451
787 0.5401641418502459
788 0.6537562799253347
789 0.6186524300938795
791 0.8607886776640143
790 0.8054027805285146
792 0.7434451016586986
793 0.642179523867803
794 0.39907751289653925
795 0.7487580858306307
797 0.5530185442440538
796 0.4521824374382984
798 0.6640346627292768
799 0.5445814325413143
800 0.5403987079906835
801 1.1125864486759627
802 0.7067746438477579
803 0.8356163146461494
804 0.7668338935901267
805 0.6899549484317912
806 0.8277178501234962
807 0.8241542495615202
810 0.6579965146860582
812 0.44590156339165826
808 0.6999690574251747
809 1.2093251567445065
813 0.6276210858355342
811 0.6481303039633504
814 0.5075506788152416
815 0.9393061736449742
817 0.9292227519876828
816 0.8530439668641427
819 0.9825582523687845
818 0.7281899146274017
820 0.8443378146875848
821 0.5164076366483047
823 0.5817796655365436
822 0.6215981404031266
824 0.4508606467215126
825 0.5659316231818557
826 0.6083912342926425
827 0.36474769457783246
828 0.4355502739784503
829 0.5139149115762015
830 0.4689475976609753
831 0.7377815312830376
832 0.5625314452360085
833 0.804167385385577
834 0.6744017921460563
835 0.8142707544561345
836 0.8540608364329573
837 0.9463965772641328
838 0.7195293316684526
839 0.5529003715280109
840 0.5433082899760963
842 0.5636513898382941
841 0.5611363231829928
843 0.5970825788141139
845 0.5748287177315436
844 0.602538519848109
846 0.5348064243024788
847 0.6739303529022282
848 0.4228612164593352
849 0.2789418462774768
850 0.9179413734312298
851 0.6656169598073327
853 1.0074935512360612
852 0.5363407768317057
854 0.9265984943168482
855 0.7955576495283827
856 0.48925938753921727
857 0.7727654528138291
858 0.4435787849540513
859 0.7537016475922768
860 0.8255084020359059
861 0.6225981802350032
862 0.43063939454323324
863 1.0809347731207293
864 0.40279932961835974
865 0.8693777126747758
866 0.9436665613813229
867 0.758304164603863
868 1.6386230507531936
869 0.6561212221310079
870 0.6232286439206121
871 0.9207862530217891
872 0.896491898892009
873 0.6460199582724302
874 1.306028974049054
875 0.4462799508751486
876 0.6124575642568788
877 0.48871686499610895
878 0.5715819090956037
879 0.9274154623584298
880 0.47110304308896955
881 0.7891600366904754
882 0.6427606661811538
883 0.738087033026382
884 0.901416436193027
885 0.862529595912928
886 0.8220078992687662
887 0.7220057659820833
888 0.7731272893732878
889 0.6194071141413174
890 0.4283611620975488
891 0.4314686939078873
892 0.5594059473938068
893 0.6958137601002692
894 0.6615394348723193
895 0.6653323223742216
896 0.39874923828022857
897 1.070177691303762
898 0.9782791129910217
899 0.5975217925031584
900 0.6858037934231354
901 0.8709321126518703
902 0.5664369695151439
903 0.6156418081862314
904 0.9423785114182572
905 0.577863020192191
906 0.9477505084142084
907 1.0572765329062892
908 0.5953973822594768
909 0.6295910921940228
910 0.665775316772612
911 0.8484331405044537
912 0.43766874521841576
913 0.9709747395029131
914 0.5494811204840351
915 0.8893193422425658
916 0.6458006628043207
917 0.932123134041112
918 0.8975150320350402
919 0.6507673641013162
920 0.742081089898705
921 0.7128129208712479
922 0.6072596504533064
923 0.5635085642982167
924 0.5646181807376695
925 0.4619764746331111
926 0.5079659609099684
927 0.6861435056231404
928 0.3274599542498479
929 0.6854571553595181
930 1.3324581957259016
931 1.0599544190523669
932 0.8594254384891488
933 0.8571106807459291
934 0.6213399332341658
935 0.5569784262626336
936 0.719102212867545
937 0.5908242815548037
938 0.5491166445273719
939 0.7116243334485285
940 0.5797156178714644
941 1.10680365736837
942 1.0693929557197392
943 0.6036647428580495
944 1.3489810701472578
945 0.8118658790009977
946 0.5755076995809874
947 0.940863724400758
948 0.9945686196442232
949 1.056634143000399
950 0.9897231662541109
951 0.7560410085334327
952 0.6274899879687823
953 0.6339672142530814
954 0.6679346697053584
955 0.7581284055297378
956 0.7419395731663395
957 0.6745164744038873
958 0.6189439593600135
959 0.6207963204253771
961 1.2969369437320863
962 0.7942288823673563
960 0.6554229115445233
963 1.0014987313845871
964 0.6281956504551349
965 0.6725464326645504
966 0.9384245446989864
967 0.8185826841929668
968 1.0499608305614312
969 0.6838212440840602
970 0.6450210041449352
971 0.7770315698857174
972 0.8333260073474021
973 1.1199814455938963
974 0.6308077393131564
975 0.9110237768952576
978 0.5807769273035259
976 0.7770386724679171
977 0.6992655709893952
979 0.5731936275010501
980 0.788049335813497
981 0.625085727234873
982 0.8779250252117116
983 1.0837943089458904
984 0.819160648296169
985 0.6228246666920495
986 0.7375372201065622
987 0.8851747723647927
989 0.6883112047567946
990 1.0624635385135281
988 1.0407113567585635
991 0.5473878828969369
992 0.8310860110954597
993 1.116449808651625
994 0.8322389590137258
995 1.1744263415856748
996 0.7553434597937468
997 0.7110293293562269
998 0.9376042423595995
999 0.6035006751758987
1000 0.7519867133702812
1001 0.9743030548015063
1002 0.6901932976449876
1003 0.38656833401773877
1004 0.5290675450963823
1005 0.5422220324979887
1006 0.6586806783119691
1007 0.8997485183497457
1008 0.5377148572823153
1009 1.0128532648677757
1010 0.8614216943208259
1011 0.9330089126387339
1012 0.7993787979472716
1013 0.6299649114286545
1014 0.6859079814388827
1015 0.722778167567209
1016 0.8501789395942443
1017 0.7481190873651066
1018 0.9916890062036838
1019 0.5863755798658932
1020 0.6853477750522449
1021 0.8108587560502215
1022 0.7203374015616311
1023 0.683552041943406
1024 0.7701526401651251
1025 0.9140591226712649
1026 1.9053341958932855
1027 0.4626253771931048
1028 0.8862459157357052
1029 1.0115246420814472
1030 0.738729159613234
1031 0.6246196413999683
1032 0.47775389765881293
1033 0.8315865168377325
1034 0.6644968456919114
1035 1.009040295861679
1036 0.6796592141983272
1037 0.4432751084093405
1038 0.5247458256537755
1039 1.060822323247748
1040 0.5189351361861736
1042 0.8514405232933185
1041 0.6602305933145631
1043 1.0284505731867963
1044 0.9088515263404809
1046 1.4024438580005618
1045 0.7992514589432258
1047 0.6657178666441588
1048 0.7278343079129515
1049 0.7519690083817451
1050 0.6884876826079117
1051 0.936573522828085
1052 0.8123520251112659
1053 0.4785020877501477
1055 0.839250925730881
1054 0.7842347742572453
1056 0.46922160899755033
1057 0.8213132150128537
1058 1.0606491479381934
1059 0.727482671935387
1060 1.158248773737992
1061 0.6797061106561056
1062 0.7230390038465249
1063 0.5460520058337507
1064 0.808931490750762
1065 0.9048937937379204
1066 0.7835678038246056
1067 0.7958772877455831
1068 0.6066776428660575
1069 0.7064974219169611
1070 0.7788464469379539
1071 0.6520321741433182
1072 0.6851169559256379
1073 0.937321593854607
1074 1.2332699962282248
1075 1.0236142088246676
1076 0.6716019235207341
1077 0.6871625129861931
1078 0.7151489177427927
1079 0.7697161249040941
1080 0.8651599354580704
1081 1.0499169019546262
1082 0.6648139331287551
1083 0.6822542502848209
1084 0.7340955803841639
1085 0.8168354811676432
1086 0.7770389991248831
1087 0.8369596086603432
1088 0.6473676487634847
1090 0.7247499108434966
1089 0.6551577289876461
1091 0.6274989978231788
1092 0.6596542876617266
1093 0.6338256749169582
1094 0.5429810774206938
1095 0.7101549184230861
1096 0.6637357274424531
1097 0.45486960209142635
1098 0.5219623903745964
1099 0.6970860091624723
1100 0.5377438542402908
1101 0.7265583006062297
1102 0.6594592939456156
1103 0.7436810426325674
1104 0.46355325104127737
1105 0.9397214828067411
1106 0.8012662074824134
1107 0.8240928282826081
1108 0.7900506147860875
1109 0.7401798297307975
1111 0.8577812182084313
1110 0.6163199442679914
1112 1.1725523474068225
1113 0.6571981629974706
1114 0.5771183184904548
1115 0.5775976190511544
1116 0.7361306047202154
1117 0.531357828668509
1118 0.88249524606957
1119 1.0062792679998183
1120 0.7533395072152064
1121 0.6964630065947958
1122 1.124820789737414
1123 1.0164046967446088
1124 0.9620684058260229
1125 1.681011487907058
1126 1.0421925200481197
1127 1.0882358874059945
1128 0.7873551235008353
1129 0.6758903787131461
1130 1.160837711355037
1131 0.7893034540292868
1132 0.9547060460877801
1133 0.6018778422140576
1134 0.9489598154855202
1135 0.7704443078199261
1136 0.7569641853116302
1137 0.9213356570189282
1138 0.711300412609978
1139 0.6301764774476001
1140 0.9118633850470694
1141 0.6705231525540337
1142 0.9000320572300814
1143 0.7941064827143383
1144 0.8297730447015316
1145 0.6269502431144481
1146 0.5225656059950751
1148 0.43952614705676213
1147 0.7147879043564689
1149 0.7377905795238832
1150 0.3564266448128957
1151 0.8758425111047718
1152 0.6347032733898672
1153 0.8678843170155225
1154 0.8655880402816125
1155 0.6159404132261902
1156 0.671994476413497
1157 0.5848922471680147
1158 0.45087943802471675
1159 0.4648029097461128
1160 0.4295058179271266
1161 0.4907682736832119
1162 0.31509842529795357
1165 0.29891866179363913
1163 0.2908595468784074
1164 0.18234831939193324
1166 0.2404512425251869
1167 0.5271004475805288
1168 0.3469117252522607
1169 0.7297666533402133
1170 0.8946272509579059
1171 0.9085946953189493
1172 0.6732085060769156
1173 0.6854448452310459
1174 0.7441249419296235
1175 0.6120662314327184
1176 0.6010843849028188
1177 0.4403789779153292
1178 0.4595588440621614
1179 0.6664942506971178
1180 0.8263135112821889
1181 0.49570287752701464
1183 0.9349496184800548
1182 0.7824298798506243
1184 0.9041343736442402
1185 1.1914288852648738
1186 0.8408430534961623
1187 1.2592265150930946
1188 1.8180986698828223
1189 0.8187080312362582
1190 0.8205072429699738
1191 0.923816428412052
1192 0.8470319154202514
1193 0.9972126955891387
1194 0.8417626461724529
1195 0.6120526681627366
1197 0.9058517495754341
1196 0.7234254918950276
1198 0.7428443843565504
1199 0.703813114500975
1200 0.899007121991742
1201 0.9140985151491126
1202 1.1134652651643429
1203 1.145380397879592
1204 0.7699319614425355
1205 0.6930379318255243
1206 0.6801302164033094
1208 0.9751260857602034
1207 0.7838344305534573
1209 1.0696105497890342
1210 0.7258967551974075
1211 0.9865153406427597
1212 0.7992803280445478
1213 0.8954504109611542
1214 0.6802033238695986
1215 0.8843774821008278
1216 0.8493261160400933
1217 1.0266722313144785
1218 0.9675439794015825
1219 0.6290994377643132
1220 0.8680212582634426
1221 0.5174990813374696
1223 0.662013149500635
1222 0.873448711069454
1224 0.824773991646149
1225 0.6230133109717139
1226 0.7821861033715857
1227 0.6912629763140073
1228 0.5257932671867099
1229 0.8455016448489323
1230 0.9419017834260822
1231 0.7904257124241263
1232 0.51480809695859
1233 0.8832502525591558
1234 0.9614790842320183
1235 0.720817959713824
1236 1.0039864094005455
1237 0.6636522376410705
1238 0.6723701537694728
1239 0.7196244234755811
1240 0.684860268535613
1241 0.451607955000103
1242 0.5058618755984681
1243 0.42537585242849135
1244 0.35370301479922744
1245 0.6281295463606612
1246 0.4584378485991176
1247 0.38012787853965996
1248 0.5657323857962239
1249 0.7506443645047983
1250 1.0021027533098839
1251 0.934882250052413
1252 1.0729831203422422
1253 0.9732636560709346
1254 0.7126581602836927
1255 1.3534065522902985
1256 0.7806237692898225
1257 1.4701665462451228
1258 1.0040333072200593
1259 0.6915029899966088
1260 0.679570726749799
1261 0.7913653891898246
1262 0.7319589419190464
1263 0.7874610555943783
1264 0.5303223787275528
1265 1.6462371723006683
1266 1.2443826861003462
1267 0.9394171386369049
1268 1.1924991723572862
1269 1.142872382637493
1271 0.6485806115498963
1270 1.2353807661553116
1272 0.8624703044516682
1273 0.7593573223420991
1274 0.5957133450077415
1275 0.7761881657267456
1277 0.7493117577216901
1276 0.9255611444909464
1278 0.739480651627377
1279 1.1436005156914226
1280 0.8943468408774989
1281 0.7250203301965056
1282 0.7820858926074312
1283 0.6100038564589674
1284 0.6844485796250512
1285 0.7780941232304317
1286 0.6049978297195061
1287 0.8862905890994499
1288 0.5793175854797825
1289 0.6912855842522796
1290 0.7661681705978459
1291 0.7224818565412214
1292 0.6732216681922084
1293 0.3500580640758044
1294 0.6933172123233888
1295 1.4057130029412341
1296 0.5712044364651767
1297 0.6535728940222066
1298 0.9701321199800572
1299 0.8891844131783069
1300 0.6668029809076385
1301 0.6133911318127284
1302 1.0362119266980332
1303 0.7714627864945917
1304 0.7513811959357019
1305 0.6174690297427881
1306 0.7816385530595328
1307 0.5468548617567554
1308 0.6579654077220739
1310 0.556762787131782
1311 0.9950186670607304
1309 0.6368045464199552
1313 0.8896804941306967
1312 0.39819579437131175
1314 0.715791167135534
1315 0.8580405907435266
1316 1.135237990142809
1317 0.9184365302364734
1318 0.8632246646602566
1319 0.6096414662584477
1320 0.6217507812922062
1321 0.42887004581999033
1322 0.66015263871888
1323 0.6419607811644338
1324 0.49082609097106633
1326 0.47572713043396786
1325 0.45480527120275605
1327 0.6575319204664135
1328 0.4788290784583589
1330 0.7628221119863071
1329 0.6811715370381659
1331 0.633292894990886
1332 0.672614261104282
1333 0.754164703583458
1334 0.9398198458798168
1335 0.6704033241051612
1336 0.6761252549254465
1338 0.8032302234593142
1337 0.6758421169435119
1339 0.9357059325434043
1340 1.210441205588302
1341 0.5874028979772955
1342 0.658747948533096
1344 0.6618733233133272
1343 0.7098881375534195
1345 0.8426031206079466
1346 0.7301056950028281
1347 1.031856686340756
1348 0.7334099228466983
1349 0.7054280209843126
1350 0.6778456270758206
1351 0.5373270427841177
1352 0.6027341900505355
1353 0.5331093058173554
1354 0.9059458457498646
1356 0.5936272639197196
1355 0.6117282373841549
1357 1.2960185120505248
1358 0.689286697532198
1359 0.7234537674011208
1360 0.7537814277018571
1361 1.954833734394405
1362 1.0529474888832597
1364 0.8888930032451882
1363 1.232984550067944
1365 1.0691657536317745
1366 0.814776547917587
1367 1.0368173904039526
1368 0.7708364855739916
1369 1.138857788700838
1370 0.6624692961286135
1371 0.6893113323894817
1372 0.9233056175885016
1373 0.887899710061307
1374 1.4093147587733241
1375 0.7238236002682215
1376 0.7281099759454911
1377 1.2674955496577442
1378 0.7578038835273445
1379 0.7126783793850315
1380 0.8078310934860161
1381 1.0149164665343462
1382 0.548975447575356
1383 0.5363552634426995
1384 0.7094074406436972
1385 0.606065290860234
1386 0.6626452899129461
1387 0.6003087546511482
1388 0.6006618222197313
1389 0.70239175331043
1390 0.6845454371314131
1391 0.5868810027998649
1392 0.5835735670583873
1393 0.855299491704587
1394 0.8711773547989884
1395 0.7922237370093912
1396 0.5591044652443651
1397 0.4716462751392887
1398 0.4790458734495711
1399 0.45746271477028594
1400 0.4719191654391142
1401 0.42456256680552984
1402 0.7018813278300684
1403 0.49198135226309647
1404 0.6942164819958001
1405 0.2983956386691428
1406 0.29916149544769294
1407 0.5079441755044298
1408 0.4252710029327255
1409 0.7310685154118273
1410 1.091609771887143
1411 0.6483171235830985
1412 0.8453865674572713
1413 0.9927755637824189
1414 0.5994320422952463
1415 0.9401706864631018
1416 1.096407733701319
1417 0.4161764116651923
1418 0.5457034410006959
1420 0.6536304291909726
1419 0.6065443014448738
1421 0.476602482101125
1423 0.6850860631777861
1422 0.9674593647956228
1424 0.6614558242371992
1425 0.7277345583923441
1426 0.8554129565991796
1427 0.9959482068842737
1428 1.0475623449473068
1429 0.57304140193914
1430 0.554905042384393
1431 0.7496113053007039
1433 0.6062503592828833
1432 0.6357451896039132
1434 0.7219155670762769
1435 0.5836790409137542
1436 0.5738210104468008
1437 0.4800553772290234
1438 0.4310787331278831
1439 0.43952790380788115
1440 0.5801916108124323
1441 0.6534175753748517
1442 0.5835117241957847
1443 0.45353270836380977
1444 0.5383132837551475
1445 0.5242030917629278
1446 0.574837462258898
1447 0.37892944685051533
1448 0.36105512203722095
1449 0.6936014768733038
1450 0.2642162780038117
1451 0.377010605140376
1452 0.29592770298683174
1453 0.3058224224699278
1454 0.3021999128478531
1455 0.374905666114324
1456 0.45304526432390013
1457 0.9529363820932725
1458 0.7614285764331413
1459 0.729123645634007
1460 1.0467003674874633
1461 0.8603920891206012
1462 0.8825581654088018
1464 1.2790785814401955
1463 0.9114754678703646
1465 0.7755668813833047
1466 0.7475588202011682
1467 0.8467791286379395
1468 1.2891230148252981
1469 0.6912788495564987
1470 0.8812242523008829
1471 0.66966888078881
1472 0.8173088285821416
1473 1.4795668271041993
1474 0.736410402367754
1475 0.6845310943534176
1476 0.8675417989761718
1477 0.7456672274669512
1478 0.5281529943066332
1479 0.5826023821460482
1480 0.48252436602103316
1481 0.48270689302994735
1483 0.5513361065108107
1482 0.5575781568187325
1484 0.5970712047229481
1485 0.44744615913349006
1487 0.793029392498869
1486 0.5186331524893101
1488 0.7155050043253104
1489 1.0680209343741816
1490 0.9045850767878677
1491 0.5832234503172729
1492 0.5590626391785182
1493 1.0886293343698734
1494 0.5434560667768485
1495 0.6645883293997213
1496 0.37670963634824234
1497 0.6317298293686847
1498 0.5015773059474481
1499 0.5547072619005903
1500 0.46376556989981477
1501 0.556541955250961
1502 0.39224058010581975
1503 0.7219560813407385
1504 0.4467153414928376
1505 0.8778670517704048
1506 0.5974801577499379
1507 1.280531641263332
1508 0.7048868600573761
1510 0.4615831744360923
1509 0.8368811318885885
1512 1.1075424240853315
1511 0.47461172297896576
1513 0.6290031095539195
1514 0.4770145807918899
1516 0.5758078772135611
1515 0.5732787644523931
1517 0.6242919586846841
1518 0.4160924579103483
1519 0.7832665888053776
1520 0.4600241712308272
1521 0.9574153212663248
1522 1.4161979327359444
1523 0.7263282594680526
1524 0.7704460446660104
1525 0.6930249945164542
1526 0.5388597201197752
1527 0.5701405312600158
1528 0.5311481068191456
1530 0.7965282009237417
1529 0.4290525588080308
1531 0.3991472764590628
1532 0.4170938275579084
1533 0.5870663211393262
1534 0.24804294482876976
1535 0.4998378354521125
1536 0.4259476250042369
1537 0.6995884929290576
1538 1.1164196329658878
1539 0.9399823238605673
1540 0.7865838908925656
1541 0.7875864981523557
1542 1.1767731634246745
1543 0.6751869371785121
1544 0.9577101050498332
1545 0.6198046414182153
1546 0.8251914136236816
1547 0.8626293165001769
1548 0.9421390724439584
1549 0.7859844080546382
1550 0.5188796823452909
1551 0.8340953175030418
1552 0.5965638174441189
1553 0.6658493392573879
1554 0.96794981384226
1555 0.9583569384957777
1556 0.7536894224552976
1557 0.6606072254275441
1558 0.9351355369636516
1559 0.8504317611162285
1560 0.6266206076233449
1561 0.8065498576191679
1562 0.8813216018607013
1563 0.5123020171856789
1564 0.8217128417832853
1565 0.5504360189182413
1566 0.8289751259535683
1567 0.6283224858508418
1568 0.4897757886972365
1569 0.8903810887527143
1570 0.8408190081508048
1571 0.8201925046591768
1572 0.6324992000672066
1573 0.4793944536384058
1574 0.5363155218099813
1575 0.4715081441047042
1576 0.5221958856444582
1577 0.46323961641192646
1578 0.31456139874543965
1579 0.26579233170389577
1580 0.29852793049078236
1581 0.28325868796961134
1582 0.261031965595691
1583 0.5865900878042946
1584 0.3199657217187491
1585 0.7872637983508133
1587 1.8406015089076349
1586 0.9221134322190926
1588 0.7646932521732163
1589 0.9854655827197873
1590 0.9498633792751132
1591 0.7962011727278792
1592 0.6251822955836562
1594 0.8121179715244963
1593 0.9021738719545696
1595 0.5748966824287866
1596 0.5790529395323561
1597 0.6222769974141841
1598 0.9919877252456853
1599 1.009475276950233
1600 0.5503167565417438
1601 1.034662316377939
1602 0.5367866066220472
1603 0.4517027585034488
1604 0.6562288569615262
1605 0.5317218672209831
1606 0.32529477551022856
1607 0.6268821567661261
1608 0.45464163125868984
1609 0.8076159240192705
1610 0.4456313198072903
1611 0.5347330559955242
1612 0.7672600623441264
1613 0.440672795541729
1614 0.48632420869563703
1615 0.49134904499652793
1616 0.5279165196059056
1617 0.7933109954644995
1618 1.0322995722398731
1619 1.103347812645139
1620 1.0476317666159292
1621 0.6319582336829112
1622 0.6840499692233748
1623 0.6127625134846416
1624 0.8564495805272558
1625 0.8357418382701981
1626 0.6731657348322551
1627 0.6336293556355521
1628 0.5916612220236869
1629 0.7267916486306444
1630 0.6342083739139389
1631 0.7757198063559257
1632 0.7283705914634048
1633 0.7974108934980996
1634 0.7620708910803918
1635 0.7822588284169042
1636 0.8828781634614852
1637 1.0641531428971174
1638 0.4928604411439028
1639 0.7398595906775994
1640 0.5521862920570828
1641 0.7862786485781853
1642 0.6644357589549196
1643 0.7059053570931313
1644 0.5492496602582018
1647 0.83002215331919
1645 0.5964777881945291
1646 0.41132653160361843
1648 0.5877836201731148
1649 1.041582814164607
1650 0.8035324370392586
1651 0.7076638526217466
1652 0.6517000161734692
1653 0.965715864355945
1654 0.7234989820514608
1655 0.4861872249601999
1656 0.5648540310229216
1657 0.5610499660450261
1658 0.6907491602345601
1660 0.42469384806883603
1659 0.5200855356529858
1661 0.8811603766069631
1662 0.6214896522782982
1664 0.4711393173147541
1663 0.857652070467681
1665 0.907420515256054
1666 0.6750238335988127
1667 0.9052423554282646
1668 0.798766644584598
1669 0.8774586872890726
1671 0.7551367911475647
1670 0.6209241469040824
1672 0.5036776887229074
1673 0.8681919075270744
1674 0.6196829557521734
1675 0.777896681312439
1677 0.6275765999782417
1676 0.725538508412383
1678 1.16676175554245
1679 0.9335437614355915
1680 0.7921159932816026
1681 0.9862265448790785
1682 0.8153814437251515
1683 0.7039411675591665
1684 0.5880367691663188
1685 0.6489043006773635
1686 0.6756186191246323
1687 0.890900119277724
1688 0.6365330489090271
1689 0.5541966904539624
1690 0.7490113967372258
1691 0.4975465413667977
1692 0.45136119743310904
1693 0.4103888328375298
1694 0.6083671291193131
1696 0.5801898321700407
1695 0.8697680467197311
1697 0.49459922190604233
1698 0.528887984654005
1699 0.9293407308853748
1700 0.589205354610449
1701 0.5221120759271902
1702 0.5071540674021677
1703 0.5448910781982602
1704 0.4194672712987421
1705 0.4879111386455274
1706 0.5274940943091212
1707 0.4970639129582583
1708 1.3066645951358844
1709 0.5806221789261391
1710 0.3725274438816555
1711 0.5749047786526261
1712 0.5174452765946005
1713 0.7266454279072858
1714 0.9765657917235083
1715 0.6214717552525014
1716 0.8855529384327483
1717 0.5660513430099009
1718 0.789107846587564
1719 0.4438802564468401
1720 0.690519806380943
1721 0.6386840196648497
1722 0.5781745644630716
1723 0.43129007463596936
1724 0.64437364597793
1725 0.5108721524357268
1726 0.6767181321042204
1727 0.6652436327499216
1728 0.45243853907310927
1729 0.9651803751376928
1730 0.8538614293155974
1731 0.924457884530442
1732 0.6804687738200225
1733 1.4629182044132072
1734 0.7882060312164579
1735 0.9575681173527879
1736 0.6969376184692303
1737 0.5883764006188981
1738 0.7990823819774858
1739 0.8574210611649623
1740 0.5698230568148984
1741 0.7038885609617566
1742 0.7009880527783622
1743 0.7204537357155124
1744 0.45762620282223787
1745 0.8518124203290374
1746 0.8196526154685517
1747 0.8102743511853716
1748 0.7265129550070408
1749 0.6478865369564624
1750 0.5436612984239361
1751 0.4390430430214104
1752 0.3956147610375686
1753 0.49214982427896137
1754 0.29277815482161573
1755 0.4240343788266171
1756 0.44259995620858766
1757 0.4121010924296974
1758 0.4177302657128162
1759 0.6243772174499412
1760 0.4128483230063509
1762 0.633576784751659
1761 1.0177486981937758
1763 0.9611049224724049
1764 1.007930316603464
1765 0.6505658492796387
1766 0.6475294983631538
1767 0.8718380406930879
1768 0.7050886506921045
1769 0.5049160473884495
1770 1.06810126511593
1771 0.6292093757182997
1772 0.8600516189473565
1774 0.5958431160548892
1773 0.6067891340418432
1776 0.6347595145799805
1775 0.8484490776157401
1777 0.6425846117617507
1778 0.6361167134736851
1779 0.6875924596308053
1780 0.709498500171512
1781 0.6570567638647649
1782 1.4812178646742011
1783 0.6715968961817795
1784 0.885613887030982
1785 0.783243863704458
1786 0.9462754792284739
1787 1.1593404429341092
1788 0.681398960131471
1789 0.7380235813061379
1790 0.7694946874559548
1791 0.7193476563613035
1792 0.59680570453975
1793 0.5258701137685403
1794 0.5541735026753806
1795 0.9318735315355633
1796 0.46878230477349503
1797 0.8184262809369272
1798 0.6145170731876068
1799 0.313741830230685
1800 0.5612534895261788
1801 0.9772555265921851
1802 0.6592844784722107
1803 0.9320344835104262
1804 0.578913316684426
1805 0.43791726002122816
1806 0.5484143864356245
1807 0.5770535713110152
1808 0.7969293533231553
1809 1.0169157215317797
1810 1.1345119210379635
1811 1.051895045021811
1812 0.9391801066948301
1814 0.9117010952297154
1813 0.7451475543814712
1815 0.7487717035216743
1816 1.255205885316429
1817 0.7247940255915922
1818 1.0888906992701621
1819 0.6974427911059266
1820 0.6543094639095313
1821 0.6688482636792051
1822 0.7693024366639316
1823 0.6654652793262396
1824 1.081733779563276
1825 0.677199616117464
1826 1.1378653367225897
1827 0.830760479195145
1828 0.5350124982659283
1829 1.0269321488123009
1830 0.5860898982167353
1831 0.8095975133994051
1832 0.7815013102982057
1833 0.7035997927775153
1834 0.755101587089063
1835 0.5579367456059787
1836 0.46673775261751976
1837 0.4312968779588813
1838 0.6614882888289672
1839 0.7862981181523965
1840 0.6085418993484549
1841 0.6071600195681015
1842 1.03592701001075
1843 1.014293308227958
1844 0.9133868743389901
1845 0.7735935290116832
1846 0.5191356443978539
1847 0.5780590075723239
1848 0.8882196877199076
1849 0.4857124630986037
1850 0.6538628606308149
1853 0.6384547773041565
1851 0.906451457443806
1852 0.7396677584578515
1854 0.6158191224421137
1855 0.4970270668094948
1856 0.6510385780339749
1857 1.0667509481702195
1858 1.5666414275523652
1859 1.1521063359067598
1860 0.9820390548510851
1861 0.8021684435266211
1862 0.885116168811932
1863 0.6623765087266856
1864 0.829816605619579
1865 0.6664784195771083
1866 0.48089164617042374
1867 0.47628581430114
1868 0.4792844905763336
1869 0.6697479567675066
1870 0.7787184586409424
1871 0.5157607201283484
1872 0.662601397883373
1873 1.1716583653513297
1874 1.1507012563364352
1875 1.1097476000741116
1876 1.2545271866478473
1877 0.7445579974405956
1879 0.660938573052415
1878 0.9059115373564698
1880 0.8446286442849085
1881 0.7991658189392314
1882 0.834965850514521
1883 0.9504195255654869
1884 0.6291308098126335
1885 0.7684131419843633
1886 0.9021992268880041
1887 1.1178230028691931
1888 0.8247273204138444
1890 0.9266754655549675
1889 0.9141092514979747
1891 0.8844569887948551
1892 0.7648458737844263
1893 0.717403590228201
1894 0.9723078297724183
1895 0.608466009627438
1896 0.41052284921312543
1897 0.38498550453718383
1898 0.3665156046036785
1899 0.3508778795771579
1900 0.5627322043685611
1901 0.33054359089708674
1902 0.3167079459127131
1903 0.6475626763841571
1904 0.3066236983869642
1905 1.9796954500846724
1906 0.6008244046974124
1907 0.8039864018129442
1908 0.8558789257945966
1909 0.8422731152323382
1910 0.8133036398723381
1911 0.6322676173360553
1912 0.7358323290332944
1913 1.101033370741891
1915 1.0650576892149142
1916 0.8780920217945198
1914 0.976588313824331
1917 0.9193771698332314
1918 0.6886933515265067
1919 0.7148791386874428
1921 0.7609262752001669
1920 1.0833838312193422
1922 1.2052221515918757
1923 0.7738512289840199
1924 0.6442616860651909
1925 0.5421386513057569
1927 0.5314542155472449
1926 0.864831931389273
1928 0.6332770550921512
1929 0.5968917868280229
1930 0.641634968903976
1931 0.997242201753541
1932 0.8149892851678519
1933 0.555128522743889
1934 0.5281927813698801
1935 0.46891359385452086
1936 0.4375734454346993
1938 1.0216609969014305
1937 1.0687338275191876
1939 0.9944292249468097
1940 1.0927581793752448
1941 0.9777274448526351
1942 0.7837736332204759
1943 0.7084930335522449
1944 1.0511517155444903
1945 0.9262980297699144
1946 1.1135985238745998
1947 0.841845817722135
1948 1.0567094405550008
1949 0.7056127789001357
1950 0.8173477263743363
1951 1.1577366013813872
1952 0.7914964700399016
1953 0.8446824193610801
1954 1.0824495239881857
1955 0.7768752498783991
1956 0.9402219122635358
1957 0.7963525719060955
1958 0.5653977418692194
1959 0.8309227173986309
1960 0.4802133188557977
1961 0.6069024721419929
1962 0.5622161984860117
1963 0.5711953016349793
1964 0.591469509713994
1965 0.610673914634531
1966 0.7491143621258706
1967 1.4369641478791593
1968 0.6334298884341527
1969 0.6981154991936774
1970 0.8577389540338836
1971 0.7831948158820783
1972 1.2210842654402478
1973 0.6877394373393713
1974 0.6802462933691739
1975 1.0842800081686697
1976 0.9615190774880247
1977 0.9933042584420021
1978 0.7189294563036506
1979 0.94247179205242
1980 0.6398753281859872
1981 0.5930548533972215
1982 0.51201377839566
1984 0.7897911365811375
1983 0.9862607618637252
1985 0.8266888223978235
1986 1.3312471022135597
1987 1.007066570358869
1988 0.976451638706156
1989 1.1699248275799603
1990 0.6772453069680975
1991 0.9248694639246395
1992 0.7736765119220128
1993 0.9751975220278775
1994 0.7534732427037059
1995 0.8281872990400481
1996 0.9107897912836418
1997 0.851697669769904
1998 0.5826467234463887
1999 1.177423468379182
2000 0.8489669980435046
2001 1.2623151331542573
2002 0.8434067496116568
2003 0.9519633189224322
2004 0.7277172020316554
2005 0.5337992269548777
2006 0.5788694416036854
2008 0.6081579035137071
2007 1.097579351416334
2009 0.6878204229409192
2010 0.7106605343935647
2011 0.6375173317686156
2012 1.0600851540725986
2013 0.7472505889354487
2014 0.8326865838135112
2015 0.8667242398044634
2016 0.794745321111463
2017 0.5652436972908788
2018 1.158546161266534
2020 0.7874350020594062
2019 0.8138691020598767
2021 0.6866729679295123
2022 0.7256072101034587
2023 1.0281038568573095
2024 0.9274909262342291
2025 0.4939341899256418
2026 0.6520063750449454
2027 0.41001874567763674
2028 0.7922236085839732
2029 0.6917222884022894
2030 0.680273565228541
2031 0.7846810200140246
2032 0.45610594342940214
2033 0.7366429373041872
2034 0.750110734867776
2035 0.4819503807344953
2036 0.84683811517555
2037 0.620190320310427
2038 0.473374683718207
2039 0.439826842734729
2040 0.5717719299670543
2041 0.666529956667553
2042 0.5527356903512971
2043 0.5691860977228801
2044 0.41154431382602197
2045 0.4802524360544671
2046 0.30489017049761136
2047 0.537153259781019
2048 0.4312435139619494
2049 0.8409004845899574
2050 1.0419356835796054
2051 0.8395111244048526
2052 0.57801431862152
2053 1.0193951165511401
2054 0.9674685610068292
2055 0.615016469088697
2056 0.6172403931076004
2057 0.823933685270544
2058 0.9588939470745058
2059 0.7399797405464791
2060 0.8259315384966465
2061 0.8457429593937288
2062 1.2297853910480683
2063 0.5790695105022475
2064 0.41344845983320966
2065 0.8543684792658259
2066 0.6903992266659469
2067 0.8243609550889253
2068 0.6610084561372873
2069 1.0232158851553517
2070 0.5188142451770431
2071 0.8283543898986562
2072 0.7142784560507548
2073 0.7978620056565624
2074 0.7451860228121314
2076 0.6730953689218657
2075 0.6057334773727839
2077 0.7511411643043536
2078 1.2893368853623217
2079 1.005286463450624
2080 0.4602161785644872
2081 0.933666225966887
2082 0.9046780609419591
2083 0.6270487673122128
2084 0.8460282739155168
2085 0.7675990387118214
2086 0.7516513053155034
2087 0.6965263407677506
2088 0.6008832154141285
2089 0.8727655197281298
2090 0.5681547330056751
2091 0.5426134583286476
2092 0.578001953716543
2093 0.5603926247614256
2094 0.6071667021823578
2095 1.2896476550560294
2096 0.4446302017559789
2097 0.7109502082904171
2098 0.9832206738755611
2099 0.9180187373798533
2100 0.7441466369935306
2101 0.6505614358088135
2102 0.6492329661443764
2103 0.7108751775003844
2104 0.5891212355131157
2105 0.5222793146253257
2106 0.45106093410175746
2107 0.5510683242696777
2108 0.6042411355040718
2109 0.39344514603485786
2110 0.534189803176034
2111 0.7675283453758401
2112 1.0323754249806911
2113 0.8702913270479101
2114 1.1663975178767314
2115 0.8457533978605998
2116 0.9681091248759341
2117 0.56475764645233
2118 0.7756910273458999
2119 0.5917680980715889
2120 0.666095458864803
2121 0.6295231612432441
2122 0.7678076452812742
2123 0.7363538030188956
2124 0.4762765352021082
2125 0.5889094601083112
2127 0.8433989684172315
2126 0.724939577560994
2128 0.769806386333278
2129 0.7354701932001668
2130 0.6497403953470571
2131 0.9053075570407344
2132 0.6203203467594889
2133 0.7039192263618124
2134 0.8216337065149911
2135 0.8725946325619395
2136 0.630201666291087
2137 0.6819581586449237
2138 0.4972226928339209
2139 0.6772040370033544
2140 0.43296180766408254
2141 0.5558771006174048
2142 0.6786496055250087
2143 0.6892115064695874
2144 0.518305579286863
2145 1.9786808141904484
2146 1.1481491850196341
2147 0.8025763078650995
2148 1.1013725885516672
2149 0.9779850176620806
2151 0.7188107069082061
2150 0.9496492808233206
2152 0.9304562098402657
2153 0.9157519471463056
2154 0.6825337948219579
2155 0.9598427099258894
2156 0.6612799599856044
2157 1.0352684896678976
2158 0.6698731398734203
2159 1.8105173473535816
2161 1.103856144524333
2160 0.8301535698289597
2162 0.6338318415435595
2163 1.4962072150253787
2164 1.1126238153450607
2165 0.9392727540528946
2166 0.6279555945694927
2167 0.7750643625987215
2168 0.7625020045063816
2169 1.4473971258092975
2170 0.575145544729984
2171 0.7153868008975983
2172 1.1967826167457793
2173 0.7589932645944972
2174 0.7612440016191014
2175 1.134276613323884
2176 0.7554915249731462
2177 0.8595071414149216
2178 1.2513497825562703
2179 0.9636159269931214
2180 0.8880700035462084
2181 0.48679812153796426
2182 0.49148313578500585
2183 0.6612082346342848
2184 0.5555151162455692
2186 0.3444139813952099
2185 0.43250660001149116
2188 0.5726295909104877
2187 0.4905017502741453
2189 0.43892022075721515
2190 0.6216711755227297
2191 0.7529214876602341
2192 0.4132678177808853
2193 0.4312871584212339
2195 0.7201899172019119
2194 0.7548567736295244
2196 0.940116624194839
2197 0.6037043797960663
2198 0.7027897040153619
2200 0.6458427371232199
2199 0.8790658277622402
2201 1.4924551026482442
2203 0.8260843518083142
2202 1.1827419892093436
2204 0.9570181903305182
2206 0.43276745587497684
2205 0.6554304433053423
2207 0.9388268427686925
2208 0.6423665320585087
2209 0.9483396010831248
2210 1.5699012622192647
2211 0.7632762911440556
2212 0.7663922279730531
2213 0.6632495070143286
2217 0.60565723592464
2214 0.6262288570517272
2215 0.5063090148861661
2216 0.9984473577852014
2218 0.734629750102943
2220 0.4342056965516351
2219 0.5237403362312522
2222 0.7448631314236529
2221 0.35214041323570416
2223 0.7338101941797092
2224 0.6698811360105705
2225 1.1149082802445007
2226 1.0725698182274082
2227 1.0190988480429966
2228 1.0805318933727153
2229 1.0679788902975798
2230 0.7167171628779027
2231 0.9324452891731771
2232 0.829732793898471
2233 0.8257727220954928
2234 0.7667715134829831
2236 0.45814094530913735
2235 0.5866759722372841
2237 0.6650694724742225
2238 0.7588757427469804
2239 0.7121125935163362
2240 0.5682452667064746
2241 0.6837485111262126
2242 0.9446793068648018
2243 0.8737807169813832
2244 0.8513932211711872
2245 0.8869696231844785
2246 0.8603789520376326
2248 0.5299480570623172
2247 0.5427767963495677
2250 0.529281324987891
2249 0.5707889927462249
2251 0.692936155279125
2252 0.6194878666008495
2253 0.5084827550756392
2254 0.8051945177794385
2255 0.7891256210035573
2256 0.731414176094353
2257 1.25215681365684
2258 0.5978535178902652
2259 0.583135468377739
2260 0.6632543399180947
2261 0.5476545550427979
2262 0.8834990778345233
2263 0.5847492388886132
2264 0.6744626714753197
2265 0.691315522694097
2266 0.5457531905408342
2267 0.9042493891835787
2268 0.6369528886434617
2270 0.6725133733032865
2269 0.950300725936006
2271 1.035010075590692
2272 0.9356151987155297
2274 0.7293056650907765
2273 1.9612469022847427
2275 0.674513914230926
2276 0.8289714623395142
2277 0.8873723893066964
2278 0.8510172384480528
2279 0.5726736290051172
2280 1.2441145945306846
2281 1.0041390167194855
2282 1.1267926669459871
2283 0.8295408964617492
2284 1.4292469317319043
2285 0.7716274432186737
2286 1.0961880658112744
2290 1.1415810771441346
2287 0.6742531786253518
2288 0.8492952485165641
2291 0.9532442802835549
2289 0.8717452585699134
2292 0.8627823971468703
2294 0.4883612836525972
2293 1.022336659334023
2295 0.944644250434125
2296 0.8338486956308381
2297 0.6556430687439145
2298 0.8287857074807641
2299 0.7535365760938963
2301 0.4915407132611353
2300 0.7093300044667591
2302 0.7837561631661781
2303 0.757707499451058
2304 0.4280001014504845
2306 0.9457680005911863
2305 0.6618653548597516
2307 0.8948238161149988
2308 0.9128586283789375
2310 0.6229437433432241
2309 0.8171305999763843
2311 0.7288027339162155
2312 0.662773645358702
2313 0.5901260620519992
2314 0.686335095635279
2315 0.6611961401454209
2316 0.4023964737037963
2318 0.44392809500765434
2317 0.4949646369168711
2319 0.7346775580237351
2320 0.438711282451654
2321 0.6742043557962879
2322 0.7799857187495486
2323 0.8648924000651758
2324 0.751365391443138
2325 0.8268068186221389
2326 0.6527706671798824
2327 0.7650304876391264
2328 0.837300758638697
2329 0.49081750106633326
2330 0.6867121616686576
2331 0.5802925537166577
2332 0.6348750603857523
2333 0.5388629404757067
2334 0.4512324092514577
2335 0.9611306461328828
2336 0.454884857435923
2337 0.5090554731046019
2338 0.9690330043317749
2339 0.6857818708737677
2341 0.4823539420698702
2340 0.5145485457392632
2342 0.9239242642434227
2343 0.4721395370886132
2344 0.6884156128749324
2345 0.731823510114119
2346 0.7895827531435907
2347 0.7877935854330752
2348 0.6052563539907595
2349 0.7091580314343839
2350 0.46977360344931046
2351 1.0722458035825146
2352 0.8440294673416695
2354 1.121716702797519
2353 0.6343489585160325
2355 1.0211371118528842
2356 1.1666705157937693
2357 0.6264543870651618
2358 0.5255975288012683
2359 0.6785490036651969
2360 0.7440809298755957
2361 0.5690307230278191
2362 0.6341905971405599
2363 0.699399309353346
2364 0.7193544966764909
2365 0.8479513955907569
2366 0.8307448632516484
2367 0.816692348667018
2368 0.3800538237279688
2369 0.7173015532858635
2370 1.1351110624522056
2371 1.0026311897820406
2372 0.9950925297800278
2373 0.987569973495581
2374 0.7049111095314163
2375 0.9746990969127024
2376 0.6550700711990188
2377 0.9694445424623641
2378 0.7063375051532774
2379 0.8305805149664901
2381 0.9433495628751571
2380 0.9315088213514137
2383 0.9344900149425421
2382 0.8098694938593887
2384 0.6366214482422521
2385 0.5658390394531934
2386 0.813238910660522
2387 0.9263260156028104
2388 0.6861896952597638
2389 0.5808046382386249
2390 0.6404348102111467
2391 0.7379002890815538
2392 0.7238136045010138
2393 0.5646827360895341
2394 0.5534337484927622
2395 0.571269904745723
2396 0.33524985856643175
2397 0.4127808023848735
2398 0.4789685300095404
2399 0.6621172809643036
2400 0.6163555144044304
2401 0.8221814113850574
2403 0.6387148556550881
2402 0.8866085578723919
2404 0.6340763769272496
2405 0.7652477256136163
2406 1.1202397317617026
2407 0.7699106730356776
2408 0.8236061166428783
2409 0.6917335855238995
2410 0.5573114127086511
2411 0.9922047732758156
2412 0.7125605886072185
2413 0.7915667936563376
2414 0.6518949916696227
2415 0.7933486772549161
2416 0.8343641322168263
2417 0.8869206127750738
2418 1.0288095686751266
2419 1.1523379999832948
2420 0.8988852288247441
2421 0.6896166756715737
2422 0.8068767570117586
2423 0.8735494164483484
2425 0.7014644448324253
2424 1.1859558970657382
2426 0.6225409001078263
2427 0.599622009855584
2428 0.8484437962996209
2429 0.6375268272100889
2430 0.6155097704696185
2431 0.952501309418785
2432 0.5187789755237774
2433 0.7716934639150769
2434 0.7100941244793273
2435 0.794844936052624
2436 0.7328600484117004
2437 0.718589430490638
2438 0.8417841216265011
2439 0.7152959281949761
2440 0.701803401575541
2441 0.5924359702443063
2442 0.7538094065646564
2444 0.651093526520192
2443 0.7099549716804668
2445 0.7349313796735125
2446 0.7808996493814443
2447 0.6431028804048627
2448 0.5714948430887877
2449 0.7445399760214357
2450 0.8438244485094707
2451 0.8115699044223255
2452 0.4996703158809441
2453 0.7130317112688608
2454 0.4700113149452495
2455 0.5763073449381197
2456 0.545305966815592
2457 0.5244432822859041
2458 0.5293623527596668
2459 0.48445780481624506
2460 0.49659047438357096
2461 0.5523415783579939
2462 0.5596051955082373
2464 0.6053188417737615
2463 0.4523726483854496
2465 0.915063839320446
2466 0.6017271860925639
2467 0.9163437632422671
2468 0.8434746662275656
2469 0.7181504020235332
2470 0.6747763600420235
2471 0.5445474462457335
2472 0.5516380297871966
2473 0.392767303606808
2474 0.33948825817618494
2475 0.5639012098026623
2476 0.45540282553409517
2477 0.40729293675743994
2478 0.5168072725575512
2479 0.8035670792056661
2480 0.3423430634148295
2481 0.6136060238999553
2482 0.2886320051679127
2484 0.504596068535331
2483 0.4724405992418518
2485 0.36648505072566145
2486 0.4581996067578654
2487 0.41455241578271046
2489 0.5250035778745346
2488 0.3781262024306501
2490 1.0296902252167652
2491 0.4237450060553074
2492 0.4326589597993147
2493 0.48174840363863686
2494 0.18152272963857036
2495 0.3560440674098503
2496 0.25547281777281367
2497 0.7743338542219188
2498 0.6618681608249108
2499 0.6256640291200123
2500 0.49901356246613243
2502 0.7177127613913521
2501 0.7158089888326093
2503 0.6699699272216207
2504 0.6836205845379438
2505 0.7133563750612312
2506 0.6317461238166603
2507 0.407534372298905
2508 0.5118565437397963
2509 0.5343179527784112
2510 0.8550005453170776
2511 0.7254283227729154
2512 0.46952038646114713
2514 1.0842304045653262
2513 0.9442845381111382
2515 0.7004472068409671
2516 1.0380184233111394
2517 1.3301883920181428
2518 0.8733463121189741
2519 0.6783774940003906
2520 0.6367671078273535
2521 1.0454625483300144
2522 0.7655356965800159
2523 0.7963299020194143
2524 1.2074673285561395
2525 0.6914347482704895
2526 0.6145979476282137
2527 1.031351835643637
2528 1.0901398862760114
2530 1.0409173004618932
2529 1.1151685693996838
2531 0.6867440278518991
2532 0.9831878961720962
2533 1.301561860864333
2534 1.8603893494719559
2535 1.0550195274579637
2536 1.2785162852830618
2537 0.6880782639992026
2538 0.8840284073436214
2539 0.7416160659359903
2540 0.8962852871114755
2541 0.977558987022906
2542 0.8760891273188904
2543 0.7183207656948949
2544 0.754575858849526
2545 0.7048498415216712
2546 0.9165441113521214
2547 0.67258526597488
2548 0.8945928417847417
2549 0.7807838971807436
2550 1.1519611037926802
2551 1.0132965945584183
2552 0.6911895693688052
2553 0.6367273344278244
2554 0.6187380285394039
2555 1.3645967244701822
2556 0.938173647884215
2557 0.8305527836233152
2558 1.1422855088865973
2559 1.2919537249724737
2560 1.0458391244389298
2561 0.7477838065322172
2562 0.6141267644810292
2563 0.5025437254462293
2564 0.6137806239883269
2565 0.41376840375534957
2566 0.5689361355415914
2567 0.7099231478042624
2568 0.4899886475226365
2569 0.5562784882138622
2570 0.9342540496038805
2571 0.8351017844194203
2572 0.5256351247870878
2573 0.8201548550234278
2574 0.3582846061271507
2575 0.5726602097566781
2576 0.44112260389849384
2577 1.0050305340437735
2578 0.811000318871662
2579 0.5908249438857185
2580 0.8618695887680021
2581 0.9171258937861598
2582 0.8679075876726451
2583 0.6426480691964839
2584 0.7093323742305595
2585 0.7558939492537131
2586 0.6367582804754583
2587 0.7826936722736744
2589 0.5132627110681843
2588 0.5618948457652019
2590 0.5218101902136566
2591 0.6038777194826729
2592 0.6299231684301367
2593 0.5352100098624254
2595 0.9927540026353457
2594 0.6566277361124938
2596 0.5557515175852537
2597 0.554043389163588
2599 0.859774643221263
2598 0.5516946303975597
2600 0.590140014331345
2601 0.4538171510702989
2603 0.2780966446044432
2602 0.685602918403758
2605 0.3828745825065468
2604 0.7328674558355948
2607 0.40539427202084705
2606 0.5003866546321954
2608 0.34843205885913037
2609 0.46801333927844674
2610 0.4548541285814195
2611 0.7052956882113788
2612 0.5685387921773127
2613 0.5794750413053827
2614 0.5567923670293308
2615 0.5143787143067443
2616 0.45360314828341414
2617 0.47024315648740106
2619 0.4201530208748356
2618 0.300285921466525
2620 0.5799867444547763
2621 0.562571592332381
2622 0.3722502834613805
2624 0.30894594990672014
2623 0.6097732989198604
2625 0.5206180509236114
2626 0.4774926330358407
2627 0.6354038296368106
2628 0.57683285698762
2629 0.5688955028768465
2630 0.8885751677292488
2631 0.4842399799969407
2632 0.45326140297190814
2633 0.8348218767164871
2634 0.4861663675431423
2635 0.5256913565228294
2636 0.3645701876024698
2637 0.4410731906033992
2638 0.4128942065536432
2639 0.6079342227712633
2640 0.33013443123559527
2641 0.8614929956781878
2642 0.8992137554872589
2643 0.739688653656726
2644 0.9404665458313513
2645 1.165826027094952
2646 1.3768986391869955
2647 0.6212095264717579
2648 0.7194193096819476
2649 0.9678625006900192
2650 0.9635440250383608
2651 0.6868449256740018
2652 1.0878010979050239
2653 0.9852759014663102
2654 0.6216913249010718
2655 0.7692096092875546
2656 0.6818899630393088
2657 1.5455276874343757
2658 1.0548250223654396
2659 1.1094684873742473
2660 0.6892414605242219
2661 0.674164871856655
2662 0.9211500664706118
2663 0.8474548409696014
2664 0.6365430751118203
2665 1.3477687002887633
2666 0.5489149935842184
2667 0.7383857018160461
2668 0.7015768285649921
2669 0.935602156716164
2670 0.8067573503848989
2671 0.9550510450882979
2672 0.6088172651997067
2673 0.7741541930753363
2674 0.5715952857620422
2675 0.7783740150832856
2676 0.9419603257260891
2677 0.9988778930457495
2678 0.6505765221663974
2679 0.8868348269835997
2680 0.3337491063063877
2681 0.8344393051270266
2682 0.6809768335265249
2683 0.3489888827833784
2684 0.468476373145851
2685 1.0762162940650568
2686 0.764643173867025
2687 0.911521819450068
2688 0.5892601387106653
2689 0.7524927820459061
2690 0.720469597711104
2691 1.0153357875360203
2692 1.2756708331617561
2693 1.0433851377455634
2694 1.0092059985138377
2696 1.1243770041485475
2695 0.7506717800041256
2697 0.8965819935521793
2698 0.7175667620491838
2699 0.7860531538614691
2700 1.0522614627400122
2701 1.1410208419988983
2702 0.9080972720860152
2703 0.6559937797483772
2704 0.7091430796380676
2705 0.8360863672778145
2706 0.8405174177775853
2707 0.6326744358902137
2708 0.8494814801085279
2709 1.0001565409397795
2710 0.7960093352738946
2711 0.5615178438908354
2712 0.6305259473245828
2713 0.7991174475664153
2714 0.47266637993277033
2715 0.7055409169247824
2716 0.697306423163178
2717 0.5609530826384903
2718 0.40686776657387413
2719 0.8332784135441318
2720 0.5530284531926228
2721 1.0398570980424726
2722 0.7540103783792639
2723 0.706250381983879
2724 0.567358090766592
2725 0.7325520674061332
2726 0.7063886315403313
2727 0.5193481504726623
2728 0.5628308037128587
2729 0.7371190861392836
2730 0.8049106827912648
2731 0.6089346334125794
2732 0.7814780082296883
2733 0.5591017424960271
2734 0.45489806477062805
2735 0.8053584370390033
2736 0.7965776445763543
2737 0.9762820747140655
2738 1.21949969821911
2739 0.5358304490911747
2740 0.8673100210215707
2741 0.5462644387591165
2742 0.6634445055160981
2743 1.0622401297613926
2744 0.7018788041580344
2745 0.8820147326583113
2746 1.3012196510910266
2747 0.7448823092743201
2748 0.7325991184300592
2749 0.8400774224836736
2750 0.8273742519464439
2751 1.023977407884477
2752 1.1868318093119017
2753 0.8984551848789276
2754 0.9832828766863152
2755 0.9356987646721733
2756 0.9088032299329157
2757 1.1117705640321265
2758 0.7658050452404646
2759 0.7657908951363616
2760 0.6808399442385945
2761 0.8322027080528518
2762 0.6893608002416872
2764 0.7044556392950029
2763 0.809460939634713
2765 0.5931190680942571
2766 0.6213984020059614
2767 0.9867132559857182
2768 0.5644731478681028
2769 0.6930991757148648
2770 0.7071028959855312
2771 0.5913286554095257
2772 0.9525731210237223
2773 0.9301459935839373
2774 0.8446395563447464
2775 0.46300329585827465
2776 0.681171959346124
2778 0.5723466393711943
2777 0.6186559315712167
2779 0.44934864275227593
2780 0.518204357259759
2781 0.472206134930763
2782 1.396158762300401
2783 0.7047947569790265
2784 0.42518533778137935
2785 0.5739931565139191
2786 0.7526787459725929
2787 0.6434629441961868
2788 0.6089605790409127
2789 0.471242843242357
2790 0.5484326820388373
2791 0.46403789165556364
2792 0.6297263793430445
2793 0.44640907747329966
2794 0.43041759118407685
2795 0.73474564523718
2796 0.6555716411637561
2798 0.37119304000075215
2797 0.3627802956316157
2799 0.5394997201475178
2800 0.7396668430298535
2801 0.7488310319771848
2802 0.5591531044662544
2803 0.9202596875842302
2804 1.1837040944226993
2805 0.8548737679179599
2806 0.788832968947641
2807 1.041591125640809
2808 1.0451484278034988
2809 1.1354163785858198
2810 0.5954874366926749
2811 1.1135023259464931
2812 1.1433020801602753
2813 1.036492855051019
2814 0.7112340309903713
2815 0.8026078317203513
2816 0.9413237744805185
2817 0.8985595114654343
2818 0.813124144679258
2819 0.9356718865845816
2820 0.6546055343111343
2822 0.5866222212481066
2821 0.4175997318817985
2824 0.5928283726856577
2823 0.6257355451428742
2825 0.3900819463846667
2826 0.4233957634229653
2827 0.3635554433553602
2828 0.4810799342046918
2829 0.2693579324384192
2830 0.6687586844828167
2831 0.5320624292058569
2832 0.3176052096838838
2833 0.5146466823812843
2834 0.5274903555352932
2835 0.6429839462434113
2836 0.5150561274644311
2837 0.3895167260723537
2838 0.3440521713991935
2839 0.43147357148881377
2841 0.38159943471754515
2840 0.2690750441872583
2842 0.3987104767591391
2843 0.24958286501759416
2844 0.1601413186103137
2845 0.14703449880810285
2846 0.19669115944371396
2847 0.34343197649725704
2848 0.2032668123146582
2849 0.9547498050954567
2851 0.5776424718716587
2850 1.1411640363432638
2852 0.4772385669619939
2853 0.741632848359955
2854 0.2656755136181165
2855 0.4198522306721437
2856 0.24300319239106716
2857 0.2069327640142143
2859 0.5248770291530198
2858 0.5222843650565873
2860 0.4473936652762447
2861 0.5234558965994652
2862 0.6704547261219899
2863 0.43540271397616764
2864 0.5916067242939456
2865 0.6962137068601854
2867 0.616713687692727
2866 0.5525794578164754
2868 0.5376141820604107
2869 0.6910281044027013
2870 0.7020250474336724
2871 0.6241237152426192
2872 0.4233816680114114
2873 0.6474161734608002
2874 0.5615918738708436
2875 0.7686953571339641
2876 0.8823764611794904
2877 0.5366531143561221
2878 0.5462983923531969
2879 0.549008040086163
2880 0.6608786583930801
2881 1.1381405848489512
2882 1.2651883482683517
2883 0.6286935830658087
2884 1.199202618494577
2885 0.7582709868723548
2886 0.6263411250073218
2888 0.561045869649265
2887 0.7673914216919795
2889 0.8784987071201713
2890 1.078405270009726
2891 0.7769641518021841
2892 0.6950010260349441
2893 1.0749500508409682
2894 1.1874443750606016
2896 0.6374130974859435
2895 1.333644904486526
2897 1.2798390254189929
2898 0.9176953591281753
2899 1.1180959268600348
2900 0.7377494114524931
2902 0.7462792499231605
2901 0.643059972806787
2903 0.92650514557495
2904 0.7172173729851711
2905 0.6000758473862388
2906 0.4434877858473106
2907 0.47185275912036373
2908 1.13597826494216
2909 0.6889155018803558
2910 0.716470470048618
2911 0.7571178359017587
2912 0.8021398743800859
2913 1.0054636109392523
2914 0.9382327864103077
2915 0.7317168136721337
2917 0.8065403556132514
2916 0.7048150628622376
2918 0.5625984968058927
2919 0.6869996134267926
2921 0.5868461977250992
2920 0.802804807445317
2922 0.4143720118562131
2923 0.7825260632175854
2924 0.5638503215852702
2926 0.4986522113397899
2927 0.7337172620024842
2925 0.6193522801574642
2928 0.556168228293832
2929 1.1682691514931394
2931 0.8527623048474953
2932 0.7392642744425449
2930 0.9698671597926117
2933 0.9647131540205439
2934 1.158429182275858
2936 0.4833172155462445
2937 1.2804366931846254
2935 0.5741040932242819
2938 0.6905228483017869
2939 0.6393492376935414
2940 0.614535897940877
2941 0.4975854295963282
2942 0.955988267982471
2943 0.9768361385022887
2944 0.5588358354788774
2945 0.6502555236701184
2946 0.7970332935486839
2947 0.8421564866932392
2948 0.700248022561426
2949 0.5364694222753986
2950 0.5848086166997285
2951 0.7202625112770082
2953 0.3312772537022662
2955 0.40405283564443956
2952 0.3493146926992595
2954 0.39029879244676924
2956 0.48954600083834054
2957 0.303716469578202
2958 0.2552471256155493
2959 0.6216490864732792
2960 0.24129843759815875
2961 0.7683698481392278
2962 1.061484656674556
2963 0.9963962176992519
2964 0.817374438589691
2965 0.7894925479577451
2966 0.9640605232219928
2967 0.7841231586548203
2968 0.9232956803405397
2969 0.7076040164254233
2970 0.5276560648739977
2971 0.8726788123009878
2972 0.8612093610314799
2973 0.5950326351655534
2974 0.6832305306107339
2975 1.0373074876767798
2976 0.7370078022294777
2977 1.0400691366401142
2979 1.0886392440258847
2978 1.0103796047803333
2980 0.7201823738711952
2982 0.59210825208677
2981 1.7861600420540822
2983 0.8988020203742034
2984 0.8867279041006957
2985 0.6737144268677568
2986 0.8128484903456794
2987 0.7548678910857102
2988 1.0029507925797008
2989 0.4948227639790111
2990 0.9214635263598338
2991 0.8149818534518882
2992 0.8885078255446389
2993 0.5566354557951843
2994 0.7770523209611596
2995 0.6089654873022362
2996 0.9137938017021058
2997 0.7425527385812405
2998 0.8201012413342637
2999 0.7696918641526702
3000 0.6714454495076508
3001 0.4512701629376416
3002 0.7238550422268712
3003 0.5159747744067775
3004 0.5962143647814517
3005 0.4950190825256765
3006 0.7258832227597374
3007 0.6184437773755186
3008 0.5079134464844871
3009 1.1190246530743302
3010 0.7085063694872915
3011 0.93120401343167
3012 0.656114612029741
3013 1.2065017905097573
3014 0.9751412449271772
3015 0.8938933343924137
3016 0.5540381345076799
3017 1.0143713091985842
3018 0.7687858298974185
3019 0.6569517681304694
3020 0.6709868021579416
3021 0.8530121358921278
3022 0.6326764777814468
3023 0.9224513443008796
3024 0.7210104614735142
3025 0.7449291528223505
3026 0.8178987218554324
3027 1.140078616304458
3028 1.3457714952642639
3029 0.6646032941853828
3030 1.0854526386524195
3032 0.933865982557488
3031 0.9687324625230642
3033 0.7176928634238325
3034 0.8059302066635873
3035 0.8901649039280587
3036 0.8918359525190157
3037 0.6383587669045323
3038 0.9477561526943851
3039 0.9156186253491065
3040 0.7418670877787846
3041 1.1306160133579837
3042 0.9785624467916891
3043 1.598123143367713
3044 1.023646661546753
3046 1.1401073737339391
3045 1.1721599288199753
3047 1.0853781953616446
3048 0.6986972820679054
3049 1.7274681344072784
3050 0.7626679739992118
3051 0.9594554383619126
3052 0.8150258314907879
3053 0.9261171634080225
3055 1.1384323555736635
3054 0.649832998486438
3056 0.7537664241245426
3057 1.0609453291518194
3058 1.0519572041425331
3059 0.9143849061050547
3060 1.1564295086904686
3061 1.0565039719870022
3062 0.8055651461946219
3063 1.1371343348623382
3064 0.7821965266164332
3065 0.8805122485187244
3066 0.7988240626313234
3067 0.6672782687616164
3068 0.6416560820525277
3069 0.6848984395223316
3070 0.5631899937836808
3071 1.2381397345798657
3072 0.7270256396431606
3073 1.6199099392674583
3074 0.750271987356023
3075 0.7991508010648025
3076 0.8051933781113159
3077 0.721874740791815
3078 0.7198340223204778
3079 0.5344795414180392
3080 0.6881493123399892
3081 0.6039314962875032
3082 0.593828980030683
3083 0.4763353597506173
3084 0.5491887263498314
3085 0.4280237474834924
3086 0.449327457863364
3087 0.7940888431945131
3088 0.5169463238701626
3089 0.5263727262291338
3090 1.5494163495643085
3091 0.5588758768729422
3092 0.4835193705525147
3093 0.9973358747430577
3094 0.7275189302900046
3095 0.9124899337107181
3096 0.9154522194802142
3097 0.5877572362113567
3098 0.6173736583411216
3100 0.924489502116227
3099 0.7602518901282098
3101 0.8907525877285595
3102 0.5205393919527129
3103 1.0306131369937328
3104 0.8127420637863836
3105 0.9737302680735371
3106 0.9799702285435767
3107 0.8982396525802914
3108 0.7905128275970605
3109 0.7434049961825989
3110 0.9613889996788826
3111 0.8249114245007991
3112 0.6292606228269512
3113 0.8006235090846774
3114 0.5665695568175522
3116 0.6804605563759739
3115 0.4674687573992078
3117 0.4870158701505527
3118 0.4838521463035609
3119 0.7336543575311878
3120 0.4749702207378374
3121 0.6474511874390126
3122 0.8828897868195739
3123 1.6141145496395617
3124 0.696638789590775
3125 0.5309450497050784
3126 0.7515914102942045
3127 0.607508061304848
3128 0.5508047382546855
3129 0.7644061484330192
3130 0.7236860667957136
3131 0.65452389228087
3133 0.3832619505704454
3132 0.7057681291195254
3134 0.41786146574118915
3135 0.5655620425336861
3136 0.6382536676136299
3137 0.8083756263524711
3138 0.7080606581515898
3139 0.7073121693695879
3140 0.6224553841566176
3141 0.6073568030783574
3142 0.6990254857519502
3143 0.45442781619258577
3144 0.5904328712860538
3145 0.32558116369405493
3147 0.3703725767292477
3146 0.4598222627083752
3148 0.4304335089424382
3149 0.28770729236076464
3150 0.3316375109077822
3151 0.4656496371753123
3152 0.36528871591463447
3153 0.8455790933937671
3154 0.7105569608949377
3155 0.6914523202835464
3156 0.7919490919068362
3157 0.6192135613882035
3158 0.7394189121359083
3159 0.4738687641268183
3160 0.5706238416136107
3161 0.486578299170596
3162 0.395862259003704
3163 0.40203808453693163
3164 0.36319083362899596
3165 0.6424784056943568
3166 0.35311843410650223
3167 0.7348566858223531
3168 0.5059934091085698
3169 0.9216593527623154
3170 0.5362329103027433
3171 0.7119832009679897
3172 0.8135306634593688
3173 0.5237525986754744
3174 0.9088859138907369
3175 0.7828786353839232
3176 0.43385163298211754
3177 0.5686672202800708
3178 0.5867901445602433
3179 0.7745922472166001
3180 0.7317424193536275
3181 0.7512921470085722
3182 0.41942803929370964
3183 1.0142382524015252
3184 0.7710882003581043
3185 0.9333367673139208
3186 1.1034301206668289
3187 0.4521983780389732
3188 0.9028597606597137
3189 0.47960059616805106
3190 0.6873293301948219
3191 0.9463553217633907
3192 0.4334419468699067
3193 0.3357258667976933
3194 0.4814581429941658
3195 0.48352969875631735
3196 0.39315024628577117
3197 0.2219838768082324
3198 0.6850757693329439
3199 0.2880217783965086
3200 0.3930769917339867
3201 1.1372600314758439
3202 1.069948273847035
3203 1.307458610216878
3204 1.1242710363668706
3205 0.8164173314607931
3206 1.6432916782911289
3207 1.5777485886063645
3208 0.8657976940601511
3209 0.6678196330474105
3210 0.7135118333479239
3211 1.0460717000170208
3212 0.6557964013627939
3213 0.7681081888233992
3214 0.7333641238547107
3215 1.0156573733965972
3216 0.8278730538280763
3217 0.7632067157875504
3218 0.4122811258317102
3219 1.6720730876320309
3220 0.3555926911870167
3221 0.6246957084952441
3222 0.45384879129459244
3223 0.7892736956345133
3224 0.5911551889403175
3225 0.22907124530263506
3226 0.39463943451712985
3227 0.5159351441565233
3228 0.5124653446943999
3229 0.520265044131955
3230 0.8522657804740256
3231 0.8737601870441913
3232 0.3300680626188616
3233 0.6182177169416128
3234 0.954613039607509
3235 0.48327874631158774
3236 0.6081967512336673
3238 0.8583604322668651
3237 0.5145021286856474
3240 0.681386879918083
3239 0.5588256506711754
3241 0.6495041063342575
3242 0.5836752709584114
3243 0.5732607820707016
3244 0.8254616893592507
3245 0.3728132388933164
3246 0.4866818017730502
3247 0.6544156952374576
3248 1.4506557503296786
3249 0.9469531491112035
3250 0.5316036224398072
3251 0.593786341862595
3252 0.9148572832573396
3253 0.6564397278916778
3254 0.7244394259887261
3255 0.5440085458604373
3256 1.162017341638454
3257 0.6390191097023233
3258 0.5121251229465925
3259 0.5796489236669469
3260 0.7612690461186854
3261 0.6961356465655262
3262 0.49306635233146173
3263 0.7936994126151049
3264 0.631166482416857
3265 0.6319204109254483
3266 0.7438911401302487
3267 0.8762438471343179
3268 0.7267388278683753
3269 0.6099746767144826
3270 0.5559590838517396
3271 0.6142603125426548
3272 0.6918876397168383
3273 0.6063225085385665
3274 0.4887428951392158
3275 0.6116140779565882
3276 0.7652200105564412
3277 0.4846936665445893
3278 0.4040413390280288
3279 0.9219484382706823
3280 0.5476010478286747
3281 1.1643737685079907
3282 1.1559345000819683
3283 1.2753614302835883
3284 1.1222631047957572
3285 0.8665076459560239
3286 0.9276700418380179
3287 0.5738159463264876
3288 1.1536274208196509
3289 0.7296625881316652
3290 0.807652127225732
3291 0.9255713183088932
3292 1.190213806092523
3293 0.7484737871104356
3294 0.8688935843302389
3295 1.0076235539075966
3296 0.6176376486601994
3297 0.7238642330661876
3298 0.7893867467414974
3299 0.6946077029626146
3300 0.8988878834049606
3301 0.8223237916735947
3302 1.1868667036999143
3303 1.2658813386064518
3304 0.8483965061471848
3305 0.9651722193781015
3306 0.7860708084063182
3307 0.7997678851331649
3308 1.1034689046536381
3309 0.554355730155173
3310 1.1464772440418574
3311 1.1031023567899592
3312 0.6808675310175982
3313 0.624133624540851
3314 0.5387489906102058
3315 0.815094365339376
3316 0.9742922672936751
3317 0.7720852326051023
3318 0.56493853905342
3319 0.6836424553939453
3320 0.7041813703908248
3321 0.9361043592461643
3322 0.5393936698958841
3323 0.6270445165472329
3324 0.6767744808859083
3325 0.595002728811232
3327 0.8420136083598482
3326 0.5371820549829919
3328 0.6386234792004426
3329 0.8851582470808539
3330 0.6417858982293204
3331 0.6193210204195397
3332 0.7877979988435329
3333 0.7372141243526199
3334 0.5203001183783259
3335 0.5609534935648074
3336 0.7523143615197124
3337 0.597152383366099
3339 0.4345117090792836
3338 0.4472093660250895
3340 0.4529625287052589
3342 0.4757996072700276
3341 0.5502127675685448
3343 0.507916907359071
3344 0.477903757292345
3345 0.9822882127489047
3346 1.331628890941842
3347 0.984598398472951
3348 0.668023700042521
3349 0.3661642392029327
3350 0.9083143644207797
3351 0.7160630604120177
3352 0.8380272448757633
3353 0.3572140596736955
3354 0.5994516480620018
3355 1.3565094296995552
3356 0.5905186890689299
3357 0.7505276301158071
3358 0.5968371510986058
3359 0.741159144259686
3360 0.5846967198127697
3361 0.838161248394402
3362 1.0567071154057424
3363 1.1631660141983173
3364 1.1616163678738307
3365 0.9698326362378524
3366 0.7850151269067606
3367 1.1886951246801047
3370 0.8846980438232247
3369 0.6864252166456755
3368 0.9704234342607226
3371 0.8311390709921836
3374 0.7966307204013193
3373 0.955393754573278
3372 0.8971436702453585
3375 0.9975163131604666
3376 0.9722172130212209
3377 0.6785112744543196
3378 0.7928468589010428
3379 0.7263532134627666
3381 0.8382556290144284
3380 0.542445249604554
3382 0.699358832474208
3383 0.5885544568262142
3385 0.5676207940011536
3384 0.6616597680113342
3387 0.7036187821780142
3386 0.7574336123744815
3388 0.41105628888815215
3389 0.3877789592707947
3390 0.6584348480960834
3391 0.5043344608855194
3393 0.8710996549972859
3392 0.4638692879481245
3394 1.0520354140067005
3395 0.8393774932261556
3396 0.7978800911429298
3397 1.0586031126956292
3398 0.6460983856860056
3399 0.9462749086038634
3400 1.0444239307357728
3401 0.8489417483909011
3402 0.5958112227985891
3403 0.8329898970541768
3404 0.6881216628604366
3405 0.5230185030151897
3406 0.9107010510185273
3407 0.7673050718038262
3408 0.3992696565571318
3409 0.6114653236700779
3410 0.7089331911484149
3411 1.1169971233008222
3412 0.9394646557192825
3413 0.7453636991998855
3414 1.1053134089380487
3415 0.7142763070493536
3416 0.620032044182597
3417 0.8056636473248312
3418 0.7644177580283735
3419 0.7296838259763608
3420 0.5784591059486724
3421 0.5076773506044464
3422 0.5244162128391555
3423 1.352355638431904
3424 0.7520742180446689
3425 0.9720823865914092
3426 0.960943744397825
3427 0.8327518185115239
3428 0.7292593793160226
3429 0.6769364726003191
3430 0.8984901873593277
3431 0.7614229294846179
3432 0.851144118394149
3433 0.6246158162622221
3434 0.6208267556079957
3435 0.5072058074162918
3436 0.7280922407679538
3437 0.5297033573949669
3438 0.7933848683179401
3439 0.9949549171193952
3440 0.6122448960922928
3441 0.8632138563048122
3442 1.1000666569795896
3443 1.256115666921343
3444 1.023111041643483
3445 0.9430845578659357
3446 0.6084664505309639
3447 0.861143321373176
3448 0.686113562065029
3449 0.7121243827648281
3450 0.6914351111101392
3451 0.6564104345550503
3452 0.7660660257770704
3453 0.5780594096379714
3454 0.5725902540257846
3455 0.6459985191002763
3456 0.7145616043014154
3457 1.48823531402245
3458 1.4212534720947971
3459 0.9092388911663287
3460 0.6858588102235856
3461 0.7942588186428905
3462 0.939601917413167
3463 0.5807596304436652
3464 0.6822152815724667
3465 0.8372459502020225
3466 0.8333387839653661
3467 0.7904455458851197
3468 0.7785894335101299
3469 1.0131559062214957
3470 0.5571653287070073
3471 0.6337657392250335
3472 0.5673880888885848
3473 1.0656607400674887
3474 0.7779906383543441
3475 0.6946696461012174
3476 1.1231358293480134
3477 0.9559270383902215
3478 0.77575272000071
3479 0.8809022406322963
3480 0.6269375724041429
3481 0.9193162623442286
3482 0.4028879160013831
3484 0.5151977040488316
3483 0.5937128200974594
3485 0.5829063947638939
3486 0.4839899436080129
3487 0.6210283163261862
3488 0.46942897304304726
3489 1.0861015159949943
3490 1.2577062958677245
3491 0.7267477167543683
3492 1.2159732264916445
3493 0.9608501547828703
3494 0.7651480661760426
3495 0.9919710609637888
3496 0.9990432264859714
3497 1.6713515049357512
3498 0.7763563862993673
3499 1.2820792584877505
3500 0.7347255292342169
3501 1.100294976753535
3502 0.5765763439690792
3503 0.7162073174385334
3504 0.7633681900211637
3505 0.8397812095481699
3506 0.5331195820184248
3507 0.42287061884716887
3508 0.6209648358627584
3510 0.8024521795705823
3509 0.5843172680370362
3511 0.3939038062836534
3512 0.42764324523281083
3513 0.4401010873138977
3514 0.5320374933543218
3515 0.7212500031788995
3516 0.4085388543226527
3517 0.568307042735043
3518 0.5212788842576855
3519 0.3211799281279109
3520 0.41192883048470885
3521 0.6083860433278055
3522 1.4248735149268732
3523 1.0288535214029497
3524 0.5906216344177125
3525 0.4239420025459703
3526 0.6897724197748124
3527 0.5890050349105684
3528 0.5565822008427584
3529 0.3325448618783449
3530 0.46786942401573167
3531 0.5593132256987694
3532 0.47744979656949277
3533 0.5858444465216427
3534 0.43389852895771824
3535 0.5199447699477321
3536 0.43192701077634343
3539 0.8338945382371503
3537 0.8985482106888102
3538 0.6781476581774061
3540 1.1527030425602087
3541 1.0976762384524807
3542 1.3919602361074574
3543 0.620002001745206
3544 0.8668888750269913
3545 0.594243720536553
3546 0.7297816442369081
3547 0.6924664676528568
3548 1.0651516725150578
3549 0.8487175679252787
3550 0.8164600336398515
3551 0.80127610404299
3552 0.73698159185929
3553 1.1211523577251052
3554 0.957580167710516
3555 0.9015379525097654
3556 0.8720848963298026
3557 0.9420562321724749
3558 0.8810332497434477
3559 1.0365598550159276
3560 0.7366803262858066
3561 0.9463640245706194
3562 0.6973165905133676
3563 0.7220293638081834
3564 0.6651180474030062
3566 0.8934905060466857
3565 0.9272528945758609
3567 1.0260660815624278
3568 0.7313628886951401
3569 0.6341702785596606
3570 0.9214135951888001
3571 0.5016846256801304
3572 0.48781539886576203
3574 0.6742943079819634
3573 0.8109407314164712
3575 0.777587853237809
3576 0.42344826539466424
3577 0.5576159122546854
3578 0.5542816650769715
3579 0.7687558708963627
3580 0.8288938271624513
3581 0.607971907797299
3582 0.753509889966449
3583 0.5903807814192887
3584 0.5893512413971612
3585 0.9380969008340102
3586 0.9728223032129248
3587 0.8888432174800025
3588 0.7497891661520694
3589 0.6657417549446374
3590 0.7145506167188228
3591 0.8129742007643331
3592 0.6458506252402718
3593 0.5245949921750349
3594 0.6360876182207527
3595 0.4430168716415465
3596 0.6652592517032833
3597 0.6862036449389951
3598 0.6474246103751192
3599 0.989009363347107
3600 0.6009563236932239
3601 0.8082107573729029
3602 0.9209560441079694
3603 0.729811586393836
3604 0.6741412806228125
3605 0.45503371662383435
3606 0.6019318104501643
3607 0.5596318952622172
3608 0.4724182065236928
3609 0.3898703155722906
3610 0.5646117817756506
3611 0.535087902757867
3612 0.6679245146271209
3613 0.20128425840602265
3614 0.4060374961278207
3615 0.6707223284661098
3616 0.35295301838063375
3617 0.8734714740258764
3618 0.7597058967001639
3620 0.6316823591729569
3619 0.9261632173330061
3621 0.8531609433403744
3622 0.4751280700978158
3623 1.1540254864101247
3624 1.3547735686804132
3625 0.7411572284118852
3626 1.2418075002871067
3627 0.6111925905605061
3628 0.4376613478592781
3629 0.4930822838344276
3630 0.42369630992544355
3631 0.6689953092717187
3632 0.5481018121325636
3633 0.6063048366942779
3634 0.8372222433201728
3635 0.6134847586986295
3636 0.8230218148292
3638 0.7453002106678221
3639 0.73909126890789
3637 0.8545048556793083
3640 1.3622900587368498
3641 0.6158831977914928
3642 0.5645099269538192
3643 0.7272788793434917
3644 0.7494251870692089
3645 0.4475219955735416
3646 0.5153077740152602
3647 0.7348572650923019
3648 0.6730078355481829
3649 0.9616927652097368
3650 0.9185400749087601
3651 0.7274591744050938
3652 0.7518374399494132
3653 0.6800025881547254
3654 0.8206712802555677
3655 0.7786510400805357
3656 0.8911013045366951
3657 0.9087884047908238
3658 0.7995443584186325
3659 0.8856953331092646
3660 0.7610506091183465
3662 0.6277585598922567
3661 0.6080524387717312
3663 1.1459296663520901
3664 0.9377352985149915
3665 0.7965676427159608
3666 1.04805203270833
3667 0.8700772270106617
3668 0.7531334409162765
3669 0.6631129924650027
3670 0.585018222604807
3671 0.6546276724492424
3674 0.7071974764508849
3672 0.4519946334283876
3673 0.6710259436497688
3676 0.3793778752957762
3675 0.41792345364320305
3678 0.6120800229449168
3677 0.5100961760847776
3679 0.7504887044626737
3680 0.6068613369341597
3681 0.6502240903884118
3682 0.8474519655937826
3683 0.9987301347692963
3685 0.7211884977949593
3684 0.453439181001157
3686 0.37417257982822916
3687 0.8456177344415147
3688 0.8534377937031351
3689 0.551618899369959
3690 0.45773489308059095
3691 0.505287292600921
3692 0.5285870884608916
3693 0.3996274548625531
3694 0.6113177952033214
3695 0.6523295473177745
3696 0.4319622540311863
3697 0.8052028823338563
3699 0.662525291354649
3700 0.5464826281015825
3698 1.011791256890595
3701 0.8001383367341961
3702 0.7542893472885174
3703 0.6329761548261514
3704 0.7494992234738619
3706 0.9710555559458062
3705 0.7135051342514992
3707 0.48608138461064315
3708 0.6463193449616257
3709 0.5352201210049148
3710 0.5418490670639403
3711 0.8592395128232673
3712 0.745503181440227
3713 0.9897511721324204
3715 1.056131623149578
3714 1.150418168187931
3716 0.8301778389571493
3717 0.8033766795634769
3718 0.8251925091581281
3719 0.8359892072842602
3720 0.5851321946745774
3721 0.7352433349155996
3722 0.7723529369451588
3723 0.8109384591334599
3724 0.6351566205596705
3725 1.1406270468224993
3726 0.5816764859947925
3727 0.7844604082715073
3728 0.5203711923459662
3729 1.1255515426057796
3730 0.9709073392837237
3731 0.8206507291231606
3733 0.8229406198285208
3732 0.7447528092722171
3735 0.6539006366445326
3734 0.7415604044471445
3736 0.7374233643437975
3737 0.7135367415216897
3738 0.8478594646230441
3739 0.5963506791985159
3740 0.8298336292315993
3741 0.6267644193112079
3742 0.6716979334797748
3743 0.5972454972574616
3744 0.9258562115609867
3745 0.9350621744428282
3746 0.7082208899969875
3747 0.7540083769901035
3748 1.099549465255436
3749 0.9162796027415703
3750 1.1588614948099452
3751 0.6057187619303512
3752 0.8691593743498657
3753 0.7708825054549494
3754 0.8058466383596393
3755 0.9335577787017255
3756 0.7658639384872813
3757 0.8029084951669072
3758 1.006203670952016
3759 1.9931442599282514
3760 0.7003108529761979
3761 0.8758734837826894
3762 0.5014546671701741
3763 0.8229517650865086
3765 0.8676102993401258
3764 1.039528904201682
3766 0.7397423754441474
3767 0.8400564469035325
3768 2.0649333193090187
3769 0.6553154439451279
3770 0.7047882501598886
3771 0.5373603780190837
3772 0.5143013027865451
3773 0.7732565760137042
3774 0.7073088554956031
3775 1.0233182780022014
3776 0.6735982309855594
3778 0.9519124978490342
3777 0.8010048851221195
3779 0.9887255636991743
3780 0.7901550427735291
3781 0.7367286077055445
3782 0.8351720992388709
3783 0.8012256127527378
3784 0.5350828136250266
3785 0.8953730551379129
3786 0.7691780762267442
3787 0.6223832836205114
3788 0.6317798153183988
3789 0.50835994314843
3790 0.5228383590765051
3791 0.9009342642306444
3792 0.8549340365056315
3793 1.0229256485444091
3794 0.8924532921011277
3795 1.0040267134079401
3796 0.7415668458994442
3797 0.7747059263169639
3798 0.8152787291063598
3799 0.6475046695533603
3800 0.779567044185104
3801 0.7145634848694778
3802 0.5693816125481826
3803 0.5300606370031522
3804 0.8157830124679007
3805 0.4943168967206791
3806 1.047721923562259
3807 0.869999610389963
3808 0.5629247557489367
3809 0.884537406930877
3810 0.8381297212471422
3811 0.7293613136780186
3812 0.744228865977049
3813