1 0.14876067868780898
2 0.17644289801015528
3 0.3236518399893924
4 0.3113183052697178
5 0.1333184621361944
6 0.5114714963979886
7 0.2724140781215102
8 0.15943600916327094
9 0.33005800796632917
10 0.05576836561087966
11 0.29425645581443527
12 0.05280521109039873
13 0.003940201777471323
14 0.018656872633161497
15 0.7139044398210492
16 0.2654018183554071
17 0.07832571828033448
18 0.5119593894766994
19 0.09289713124859116
20 0.6802028925081458
21 0.0038162403851862052
22 0.3076179319285469
23 0.3708235511952599
24 0.22793894377361218
25 0.314210537568997
26 0.9981095275473082
28 0.13024508512901706
27 0.30181796864750227
29 0.8506809203356643
30 0.01162819429412959
31 0.0741935006243388
32 0.011811312154959567
33 0.05504646536484104
35 0.0069685141862529726
34 0.1767608558644457
36 0.1638674931193707
37 0.3373534924530746
38 0.9881031778614182
40 0.42667853670433353
41 0.24538558011206343
42 0.9643073357163598
39 0.2763234527203724
43 0.23279872248837052
44 0.07156272133313173
45 0.09108137158333258
46 0.10680090520531096
47 0.10454525433905228
48 0.1242609026292653
49 0.40642885617751895
50 0.5419903670179046
51 0.6237474155409916
52 0.5772932126910112
53 0.17646952700264978
54 0.9801336469888896
55 0.08443261471303407
56 0.146705919358927
57 8.099079181553761E-5
58 0.02361712880023917
59 0.07141904475915399
60 0.04785716315108031
62 0.15757205704102906
63 0.4542454861017678
61 0.6766028843794771
64 0.9998148354026676
65 0.11044659591287981
66 0.18023651202401494
67 0.5112052320270368
68 0.20220575137859462
69 0.4082287931685746
70 0.8317028872462758
71 0.3011576656675929
72 0.013066129808858103
73 0.04507171932545062
74 0.3049714300188044
75 0.13786440960077737
76 0.23667590104850617
77 0.38882986360373306
78 0.5875017928717827
79 0.2643250623852347
80 0.5432387922218642
81 0.0023581487239474194
82 0.29087562484557433
83 0.16513917133824765
84 0.09549841497120651
85 0.4375833591824937
87 0.033286761085627344
88 0.3539151410410527
86 0.06641704832151668
89 0.11078746678680663
90 0.67202102732234
91 0.23331647647557943
92 0.16015766776440188
93 0.10995361519976707
94 0.004003352139026475
95 0.034657285250508735
96 0.8717406324658676
97 0.14245805678663062
98 0.4986661717229679
99 0.13451832828726726
100 0.04619667339589215
101 0.1527657106853807
102 0.4549389130956643
103 0.21930953835943495
104 0.13171312735586405
106 0.22535173834560318
105 0.04662350877952665
107 0.3249582805639893
108 0.04260099941681632
109 0.34445104370665497
110 0.48361143515644334
112 0.25263411733461716
111 0.09246760516444218
113 0.3212010006946948
114 0.0526168010715716
115 0.15258447386141905
116 0.03460233258686321
117 0.1979691121130471
118 0.0997682726076521
119 0.32472414187621035
120 0.5750491682025691
121 0.19605674462461095
123 0.3845675611658656
122 0.033571090456990034
124 0.3001187356144302
125 0.2537890148332848
126 0.7668056624813585
127 0.06811215003762039
128 0.06369850070510441
129 0.0475287628697557
130 0.7944425619934595
131 0.1646359791629655
132 0.060196714467205786
133 0.4267786533853149
134 0.775044670141393
135 0.33087277988594177
136 0.9851792186936946
137 0.2450968314990304
138 0.0
139 0.9901071359820108
140 0.08741236606931894
141 0.01293025750601234
142 0.4335251156451373
143 0.67388071213237
144 0.9543335184467461
145 0.2865154442023872
146 0.08637196723130984
147 0.5769707283041005
148 0.3037363252941696
149 0.7897845649199555
150 0.6678250799828587
151 0.8114390657064893
152 0.4980397436245963
153 0.40060432780342525
154 0.6390220652189106
155 0.0861489383437386
156 0.4925024247111831
157 0.7811786212750452
158 0.4470562874966654
159 0.9927964042174217
160 0.39867153710289926
161 0.022540640187698965
162 0.4694463358275279
163 0.05237630364798671
164 0.6622980344161207
165 0.32888016554384775
166 0.01664082720249208
167 0.050561572402727704
168 0.13149593190274822
170 0.21095140971805634
169 0.16018256964000327
171 0.5176946451747123
172 0.6151202767129242
173 0.9756414547288849
174 0.33770533047437923
175 0.24625913402725688
176 0.5143886345659678
177 0.33333333333333337
178 0.353769425499553
179 0.5584924772420484
180 0.1783217780821136
181 0.46762600486518013
182 0.5843333950052721
183 0.20078185032411483
185 0.4116922521175572
184 0.055363251577426886
186 0.3179159337139101
187 0.8405571534556023
188 0.08741236606931894
189 0.783966551373973
190 0.3962197332362712
191 0.19240677757274902
192 0.4807715264750135
193 0.4394570169638016
194 0.01586362449522028
195 0.5786352805985031
196 0.08171002408892138
197 0.19498477664624864
198 0.22033569840151637
199 0.08129803457607825
200 0.304179741397253
201 0.30492635559156267
202 0.7895895799961519
203 0.1721209781365507
204 0.20727243124543956
205 0.07457027817948315
206 0.8730980959642655
207 0.09620755352122637
208 0.8727264634233523
209 0.043076947218931204
210 0.042959264529211845
211 0.7117507681283854
212 0.8329688975024041
213 0.1898624625093875
214 0.5181098961699728
215 0.12392857825830815
216 0.9943326674938185
217 0.2596844754221063
218 0.918479783241127
219 0.6027456771507876
220 0.0955937956350618
221 0.6714556139477198
222 0.10649242865983884
223 0.5689236524238778
224 0.09771986700124016
225 0.012368593367980176
226 0.6809023604965388
227 0.23474549684395246
228 0.12704953582696796
229 0.4996873007316367
230 0.17955283348745055
231 0.7192100788450957
232 0.07129369182838174
233 0.20714363775454442
234 0.5097008405689087
235 0.22222294871878692
236 0.12364274757439853
237 0.16953181486117855
238 0.5793731276838489
239 0.42986461538461535
240 0.3352124330893952
241 0.9949994517501919
242 0.2575889547450377
243 0.43733229833847986
244 0.9993348506108074
245 0.047259474085294934
246 0.42958375636727286
247 0.5673965817069974
248 0.305399094411207
249 0.5393470621691031
251 0.14577227830239883
250 0.15114206333080757
252 0.8218601371875515
253 0.16418183435668016
254 0.047892153528124544
255 0.5442402359571565
256 0.0979753749236613
257 0.19201505173641195
259 0.8127671051593053
258 0.08562618873274362
260 0.010638557605099297
261 0.38248388584767995
262 0.40446891379060573
263 0.0
264 0.41005943772539194
265 0.11083981056328968
266 0.24096438132929815
267 0.004949776370088192
268 0.0
269 0.2983599178552339
270 0.47147002561472345
271 0.3240075151109842
272 0.5153318474784003
273 0.00660054618825395
274 0.8334465701053841
275 0.01233347303117492
276 0.6579932460993043
277 0.004151896457398087
278 0.15474495339790253
279 0.43447499261342376
280 0.4410814801645008
281 0.17361246383073664
282 0.4726847415659286
283 0.19166659583329784
284 0.1335504020200677
285 0.9957943903590193
286 0.7930781505974815
287 0.44983546193337676
288 0.9815534416126774
289 0.07271435877713099
290 0.22168577031182943
291 0.002041762820692552
292 0.7598510560194885
293 0.32164233733981656
294 0.8539706831716161
295 0.8609804590313948
296 0.22503095039299795
297 0.8162957148505573
298 0.07625923883829978
299 0.037915236068359386
300 0.1611370340962788
301 0.2195722670371315
302 0.017664708737979627
303 0.2155932354938895
304 0.788988063248726
305 0.07370639815184434
306 0.04362977990096636
307 0.3000007760867709
308 0.21328410285580784
309 0.0456718223164801
310 0.4251790656806977
311 0.9316489961913731
312 0.03968547102905145
313 0.07734811300020852
314 0.985888426467329
315 0.061069638425227474
316 0.9046887274067777
317 0.17902239415625598
318 0.4605920123762659
319 0.44899317621938933
320 0.47222824620729187
321 0.7700832412013283
322 0.2667810470691703
323 0.13706228605230747
324 0.32982417525390395
325 0.6594137455533106
326 0.8099065671724117
327 0.27649326199559204
328 0.06430918787020096
329 0.08381189372497451
330 0.05937618342950991
331 0.27751052840073376
332 0.424041166664543
333 0.037551892822939754
334 0.18897954393316346
335 0.0633335316667658
336 0.8627537971574073
337 0.02190590550524507
338 0.9042620174356555
339 0.05724875408055312
340 8.368078223623288E-4
341 0.05244706299835326
342 0.19406466653110246
343 0.01826668608161813
344 0.9982294859418279
345 0.2411765699707716
346 0.3222039736401279
347 0.4499399131230199
348 0.45904320946817084
350 0.3069018645810417
349 0.7036536868799049
351 0.14213079040941098
352 0.8260992791391691
354 0.25046199385210755
353 0.5120483639678916
356 0.043506861744357514
359 0.22099235098429912
358 0.10084000000000007
357 0.8256631047881888
355 0.003515819453044646
360 0.18099569961703862
361 0.6396036532801659
362 0.38260576169321664
363 0.42516124363411684
364 0.25316512173916184
365 0.31557909748395646
366 0.5746340823523671
367 0.4366804097921064
368 0.13050241944262947
369 0.059298839371998986
371 0.03218393769322849
370 0.02890229531241018
372 0.6705431408331842
373 0.7422940775055716
374 0.18138354896789743
375 0.8739640535873371
376 0.10491790669170405
377 0.0
378 0.8628036462707537
379 0.22451794224162
380 0.18139737576055168
381 0.7616625974281527
382 0.9122437858807293
383 0.5804733947261637
384 0.05221304653001539
385 0.06050717632555471
386 0.01029434476735209
387 0.07389211022540941
388 0.437636691625779
389 0.1852386711988822
390 0.19531471270885375
391 0.2116960041038611
392 0.2488448689674953
393 0.003087503335265974
394 0.38147562469731144
395 0.016892031592441032
396 0.0935485441407136
397 0.68310203822871
398 0.15069871695412637
400 0.5091631163465418
399 0.24579809201003538
401 0.04623301305134516
402 0.009568766989864783
403 0.026686522233430942
404 0.08960221027627847
405 0.2236705471680933
406 0.553025756749968
407 0.05427526792707021
408 0.22441972769190333
409 0.07756239731126818
410 0.8600683355676337
411 0.7215880184689292
412 0.7579710950818754
413 0.6008190019998083
414 0.5664335616100714
415 0.09195310635806896
416 0.2698702347202198
417 0.05001218850404193
418 0.01794873974360064
419 0.6010092036166015
420 0.4753183110966808
421 0.08526310242124993
422 0.8168208488547142
423 0.033670299629262594
424 0.03030193934422265
425 0.9732953797332059
426 0.37048636842433097
427 0.6045569156286712
428 0.1124337842804791
429 0.6227243375582013
430 0.2657680828159228
431 0.07258037981278066
432 0.596325421474303
433 0.3114101642034076
434 0.1657644697964999
435 0.024015891391549457
436 0.9446669286213061
438 0.9903479190926654
437 0.5901936873932084
439 0.009647709135110783
440 0.7346732319519439
441 0.9999537196076672
442 0.23322046723205275
443 0.9804808228614088
444 0.9999999999941601
445 0.6326636663803891
446 0.27027317234299675
447 0.9999997706041376
448 0.5157633233611634
449 0.1407187640288165
450 0.9336278244999554
451 0.17880394336928607
452 0.08999974499987243
453 0.5405099027851177
454 0.45771773019080997
455 0.7174327388426989
456 0.22212476531939107
457 0.609869909709824
458 0.7465396682822157
459 0.9967663355932243
460 0.8581537576584856
461 0.9773470745485449
462 0.9999831863586321
463 0.3726108985660722
464 0.5193501079849974
465 0.5355586773148133
466 0.13758484587963263
467 0.9268299031041028
468 0.03183274234523935
469 0.49180279897899715
470 0.09062189897666299
471 0.030140623227254363
472 0.7593563380581173
473 0.30817993734720905
475 0.3143393745065569
474 0.14101542634001982
476 0.1368716615820976
477 0.2757885014174214
478 0.35824609697792154
479 0.08657569335889773
480 0.2704781594899917
481 0.19859021818537037
482 0.06335118088604365
483 4.21451809762023E-4
484 0.003960325046594253
485 0.7436427699267057
486 0.4944657467219323
487 0.06385766445328073
488 0.8916105256579088
489 0.6788081539186398
490 0.43626084833354284
491 0.4135311714526407
492 0.22956020945969072
493 0.31765062822194956
494 0.9969135991785135
495 0.013167864730560657
496 0.11789828119231692
497 0.9258628712857282
498 0.4590923783012483
499 0.06313336373500227
500 0.6949543084888884
501 0.10223929662538685
502 0.5164259713681364
503 0.2508182004336099
504 0.1148784537098277
505 0.6813440340873997
506 0.09056626959570441
507 0.23814923339320784
508 0.6174138280573996
509 0.3704967719587682
510 0.8827749326528761
511 0.038140964630597934
512 0.29074378955565755
513 0.26149183832880146
514 0.146790572715847
515 0.011747006146272177
516 0.48895898423724665
517 0.9547079852258221
518 0.3324080091488272
519 0.039142984081927706
520 0.03915708688662722
521 0.8867316397635095
522 0.014661322294038853
523 0.17158721707690575
524 0.13135528206679706
525 0.5865144847606766
526 0.8242524714409541
527 0.6897669294104843
528 0.044280612941015915
529 0.46518915838641484
530 0.33617888435676285
531 0.31983146333380674
532 0.5083449759000709
533 0.8602788428807103
534 0.017291502545591402
535 0.023013770790934595
536 0.014836557218831556
537 0.4418859546164345
538 0.08276804050488512
539 0.1710035624162244
540 0.18823600000000001
541 0.6422728275246296
542 0.1399910313350411
543 0.28471288375153786
544 0.027778013889006886
545 0.9999781575671833
546 0.009234143244647098
547 0.4807402209169323
548 0.11795965198577632
549 0.014282489938428782
550 0.358423276486884
551 0.17340452397810124
552 0.19277598623137476
553 0.2621873236407878
554 0.8019435426372719
555 0.6663286352212109
556 0.45623243885517617
558 0.5024633264579602
557 0.5771461326817396
559 0.9950001029167211
560 0.9639455213076175
561 0.566847796574663
562 0.17943429593064494
563 0.22124799482341606
564 0.4108839203955695
565 0.11084389023079652
566 0.5250268433110287
567 0.09615391351436933
568 0.26898019670122775
569 0.015277286317641558
570 0.04783547324167708
571 0.08153006863159157
572 0.13271863296365333
573 0.49658125411338594
574 0.3398908295231471
575 0.09664419387979797
576 0.4583340960954414
577 0.0060861227515948855
579 0.14361645212856886
578 0.15529064305923293
580 0.417117774697025
581 0.1171797334863695
582 0.5117190379332259
583 0.5300977207728125
584 0.37837875091317597
585 0.2816093722750541
586 0.22236763165338816
587 0.06620880878919491
588 0.31474706375544753
589 0.0061918404758314885
590 0.548229852361598
591 0.8429999759459025
592 0.9714627041477344
593 0.3445524202830141
594 0.36089089863425106
595 0.2748862513792122
596 0.8981288026545583
597 0.852799876624508
598 0.10116754296056034
599 0.0017617194381716393
600 0.27532330973335184
601 0.699004856832061
602 0.6013521895546458
603 0.5151695294327838
604 0.8739665229627376
605 0.09826629184544373
606 0.7596050694059624
607 0.560389664426689
608 0.9209383036424027
609 0.0055095470482161195
610 0.2697924953156272
611 0.041935170759554705
612 0.05328941148591565
613 0.8705920331858493
614 0.10005323710393864
615 0.46525268505621037
616 0.09476848291939458
617 0.03880102767687202
618 0.03840624082989538
619 0.8820591208655237
620 0.01829314749423524
621 0.12626228152757796
622 0.3811805597816273
623 0.5699313618476127
624 0.9933108811302777
625 0.11926528506179782
626 0.3114649585354273
628 0.48766120628660614
627 0.3026820921595473
629 0.21034420600480985
630 0.8303121090775598
631 0.19393645943161225
632 0.12637342621678346
633 0.07481391156467328
634 0.5984549459122394
635 0.00905118916682641
636 0.27922596893653717
637 0.8406233338013079
639 0.21132084186540623
638 0.07826142487662455
640 0.03564240644038298
641 0.13124260267739235
642 0.4690075904286704
643 0.054585015469809504
644 0.05848628441037323
645 0.12258908022817436
647 0.6135978257735984
646 0.623041316467941
648 0.07983362926735645
649 0.8676997186669495
650 0.8978388947807293
651 0.4509458973771367
652 0.10055120491022917
653 0.19222500262165607
654 0.6271502652200724
655 0.19961462288764312
656 0.0710811699307652
657 0.11740927550319978
659 0.7492048393815866
658 0.37967574379488933
660 0.45505183047184017
661 0.8822112349021606
663 0.7838982821490874
662 0.32705235907399527
664 0.9918223846053245
665 0.20416848413639235
666 0.06877958901655701
667 0.2778598232329876
668 0.12048692540626552
669 0.42290125312034293
670 0.7525060392051565
671 0.12145889782025344
672 0.8771906054873463
673 0.47181356821274856
674 0.14023896762499405
675 0.10923999295179178
676 0.38955083991090195
677 0.4410512252553639
678 0.07973452886837597
679 0.3379400062946131
680 0.1149803799074634
681 0.27998476009279843
682 0.31271672526564437
683 0.7989721600394547
684 0.08946703276821741
685 0.3778306384331175
686 0.08764886001824629
687 0.3396535865671669
688 0.3407370915422028
689 0.2052992368503236
690 0.1298084796046904
691 0.43944548052391685
692 0.053523912670169725
693 0.023430958384385057
694 0.5685139422025411
695 0.2204901996822402
697 0.49296749162780656
696 0.19390578301190184
698 0.7916574310501945
699 0.3003620335381906
700 0.3649056077305469
701 1.9065098414040618E-4
702 0.36698560928380297
703 0.5181995800265483
704 0.7183709547291603
705 0.11602548852837816
706 0.30321504730461835
707 0.21620829993664195
708 0.8056641034626758
709 0.448308111985348
710 0.15755860421110207
711 0.08849558187798955
712 0.2527415469238203
713 0.996676779758771
715 0.10184410475587966
714 0.08419981261446809
716 0.46306436563772757
718 0.837895442189842
717 0.29612016822348414
720 0.9327588995154453
719 0.7954983342459696
721 0.5035750454874734
722 0.12526618263042077
723 0.14372813081080332
724 0.7271938471623969
725 0.5276095546319507
727 0.31602937738495857
726 0.6992606338269527
728 0.9600431380743039
729 0.25430822234190353
730 0.7505682044668979
731 0.8095614917741237
732 0.41061282772928503
733 0.0042807181399099415
734 0.010362509463403533
735 0.9559822112944231
736 0.9996306141544807
737 0.3295938096147532
738 0.9993434701868201
739 0.31888143790420925
740 0.1575001577812953
741 0.9977967695319266
742 0.9822495831730151
743 0.1240308187608844
744 0.8779004697601047
745 0.07027733291828286
746 0.29412770412484573
747 0.9270273110923491
748 0.14017549044745028
749 0.5895298596851472
750 0.06209166666666663
751 0.3900677159897876
752 0.924607708360729
754 0.765500984265264
753 0.31877752167441575
755 0.04920310532498605
756 0.7433291004164616
757 0.5463415604996505
758 0.09258915011020802
759 0.3264351071824706
760 0.2046268294332844
761 0.17272359376293758
762 0.016304186496921613
763 0.12081668606532281
765 0.7004341902011737
764 0.11719610590125328
766 0.960769084955098
767 0.032832167691877696
769 0.28597775622865507
768 0.4951440337527178
771 0.2553121500008936
770 0.42656401025280294
772 0.11886975825600986
773 0.647966735812774
774 0.8050256929765731
775 0.3794808592457172
777 0.09063441083049117
776 0.8381656296594258
778 0.20231288802594652
779 0.14224162566882534
781 0.3458520400178703
783 0.044828116825162384
782 0.9214916538292064
784 0.05239509434840435
780 0.11562236374670969
785 0.8366333946427286
786 0.41533470582532417
787 0.97520186832572
788 0.9930507096469631
789 0.9719557936311893
790 0.01292736279297565
791 0.11221096836905159
792 0.09603936102896558
794 0.5127365970165352
793 0.02256739683268004
795 0.0028865241522735086
796 0.25911425162090973
797 0.037058946567262926
798 0.1795512781671388
799 0.027610251784647617
800 0.07340002523341958
801 0.47129739970733275
802 0.1512485490040061
803 0.10024512807103166
804 0.3875799633999796
805 0.656140770037866
806 0.40711740310034944
807 0.15104766445947895
808 0.3832908880182924
809 0.5284951613098412
810 0.3304249796583945
811 0.16396656253556674
812 0.8649236367072377
813 0.1247061225815733
814 0.23655949358295913
815 0.4010665867246792
816 0.2165146603670026
817 0.5465648320556017
818 0.9744208175578092
820 0.08709725447421907
819 0.18211893129693638
821 0.09039355610293127
822 0.19040853980916342
823 0.2730925956838452
824 0.9497691083753158
825 0.9299944571384504
826 0.2488043064489366
827 0.6335840040998283
828 0.9941350163755655
829 0.3448280193649366
830 0.6752775934972425
831 0.5122350571049056
832 0.40104204711922986
834 0.6996133987604065
833 0.036175713999557144
835 0.02108434891674943
836 0.06002286792300611
837 0.703940541912058
838 0.21994866650234524
839 0.2039089308810058
840 0.22472461208320701
841 0.28925081298093824
842 0.8981153110735876
843 0.6695910759199061
844 0.40116036158741114
845 0.2730009792315225
846 0.2153775188431264
847 0.009958089879302787
848 0.7290678304287089
849 0.7845734672210023
850 0.9999999361560915
851 0.5425533646446907
852 0.9873264954942369
853 0.6308878456482065
854 0.3423430450668497
855 0.3781516062423983
856 0.9610533560441263
857 0.6576184277234733
858 0.20486823350224015
859 0.8770126343564768
860 0.03839890914322288
861 0.999351179946515
862 0.9902001720801653
863 0.9991230707997739
864 0.9464010751099454
865 0.44699355916549827
866 0.09851630874463868
867 0.10167605807430528
868 0.12447635847216869
869 0.2307340204035804
870 0.28955506853592433
871 0.10576937222626343
872 0.005124348962984679
873 0.13559861468849768
874 0.024214270189899488
875 0.0851850732510785
876 0.0068727287703835025
877 0.8311161448483232
878 0.8901157811263403
879 0.09567853623676598
880 0.06685564011358788
881 0.07882122415667286
882 0.15427001889668643
883 0.21602835551353142
884 0.5542083397879748
885 0.032654651039269206
886 0.13581238239093846
887 0.1500463329754148
889 0.05107172493113692
888 0.8566870485379452
890 0.04650728648455689
891 0.1250130498043787
892 0.9524984937095776
893 0.2943929743867781
894 0.7509342196076321
895 0.415621830943662
896 0.9038837121911691
897 0.36716814635964934
898 0.29693463920925706
900 0.6975853716788365
899 0.3521057241517946
901 0.004745119968389175
902 0.09267910605725599
903 0.39712906517704333
904 0.0377903959911639
905 0.03560843209851318
906 0.2761394846978771
907 0.709443251999907
908 0.09124063762213537
909 0.9389672799067268
910 0.23474175282709556
911 0.41420520887474155
912 0.8315789820336785
913 0.04609114540616485
914 0.050140264006857865
915 0.5746862241673584
917 0.15995361717433884
916 0.265607678144996
918 0.020478320655863202
919 0.6291799598297683
920 0.42111204376392947
921 0.3641944376431146
922 0.39690158276285054
923 0.7862853699037275
924 0.54223197581801
925 0.03755803345887797
926 0.081089115824818
927 0.10192500215051845
928 0.9989362740977098
929 0.019278805275158725
930 0.07575452229929064
931 0.5784248151569462
932 0.76278456445948
933 0.06514389176174405
934 0.6643609407528194
935 0.39366469596786297
936 0.4577118486459608
937 0.5943815781567567
938 0.29885721772343693
939 0.22885478602182158
940 0.23914567754222024
941 0.18225468937084102
942 0.1965433344796041
943 0.1325540162349471
944 0.9748305866895827
945 0.31564256971481275
946 0.27661813422672027
947 0.37716942105456813
948 0.6444790045547705
949 0.10314360242937884
950 0.0851282299663381
951 0.463746232497489
952 0.8968752983133715
953 0.006269479712321717
954 0.8376990609856889
955 0.07379621293795542
956 0.9191263428403276
957 0.928273339380129
958 0.8879811956619613
959 0.03709802253330217
960 0.919105264613117
961 0.06117609809608214
962 0.26564179467595683
963 0.035885447677426276
965 0.3740443867914372
966 0.07099388997985764
964 0.7440824852128041
967 0.2918570805986362
968 0.046875373535144566
969 0.5922293614824164
970 0.7591701752939671
971 0.22431915346010536
972 0.0011994084295146902
973 0.05545742271051863
974 0.13981939073350125
975 0.22145276414330284
976 0.5432420697530079
977 0.28097238224804827
978 0.040717267626939585
979 0.9677411332953058
980 0.3930824307608588
981 0.7989442054395883
982 0.5025475992282984
983 0.11752886806205146
984 0.12357951323042955
985 0.22493461185221283
986 0.13284793572175238
987 0.34933905088552064
988 0.5692323746003325
989 0.040215168143353186
990 0.006965575270534984
991 0.14935339976383086
992 0.514050514992613
993 0.03640806443826337
994 0.07480472910498756
995 0.3192950775296299
997 0.437195247613254
996 0.12154423078694217
998 0.947656753377327
999 0.2180686100678093
1000 0.33310030835692794
1001 0.004237755135117593
1002 0.6642554594590988
1003 0.010067369656870861
1004 0.16784192145706178
1005 0.17894187270617085
1006 0.3959050083327626
1009 0.06663484007135854
1007 0.0631892658986116
1008 0.2687298504183839
1010 0.049242379098863705
1011 0.0975886528144875
1012 0.14668637490131886
1013 0.4385748929846298
1014 0.261927092447798
1015 0.782182499343009
1016 0.8722929358655076
1017 0.282352
1018 0.043708762581510206
1021 0.02622100075947281
1019 0.5511911577083867
1020 0.24066367650373138
1023 0.16080774601837075
1022 0.3170109865281567
1024 0.16666648504272344
1025 0.07082587851395399
1026 0.8056225956518629
1027 0.7747833360166813
1028 0.46835049410919755
1029 0.9988578480325048
1030 0.9597485939009134
1031 0.999999246824609
1032 0.11944410011581245
1033 0.17654494339243343
1034 0.1342564694072149
1035 0.159819138850898
1036 0.8833459964050484
1038 0.9189132678840529
1037 0.23601197956944223
1039 0.15928404765760498
1040 0.999921785228291
1041 0.10989085097296798
1042 0.24976243591097222
1043 0.413515582326707
1044 0.705836048993142
1045 0.01420466070507505
1046 0.10828667732745696
1047 0.9678264066083895
1048 0.8649109957684954
1049 0.2939844348786536
1050 0.09059165341317997
1052 0.13210768725108957
1051 0.5128221431424655
1053 0.0590717571970235
1054 0.561212915453303
1055 0.22005239689259704
1056 0.13449195702440617
1057 0.4010264446257332
1058 0.3993666358273328
1059 0.17804658507484147
1060 0.06085358432788942
1061 0.00919524328177446
1063 0.11186395378233656
1062 0.8502226530982475
1064 0.10201577264675994
1065 0.7037049513295317
1066 0.816223961425686
1067 0.47316023204833574
1068 0.07902675252442261
1069 0.1605941599871158
1070 0.8962795260721125
1071 0.3294315434560405
1072 0.6684860318754045
1073 0.14907102905050168
1074 0.16080871308725153
1075 0.1540758449767509
1076 0.092769988110308
1077 0.5330634502588177
1078 0.6450606506693781
1079 0.24505897766062398
1080 0.11081805911965083
1081 0.012694091025260713
1082 0.5821103351026065
1083 0.15976345646167275
1084 0.6535724952706264
1085 0.40004581402449907
1086 0.6632749338244941
1087 0.5332835749951693
1089 0.018041245582684717
1090 0.7007873427004784
1088 0.3253638456956409
1091 0.3234130515616161
1092 0.5383473366703159
1093 0.03976421333465528
1094 0.7359572798785549
1095 0.8366199707189317
1096 0.48204177609263293
1097 0.081726710671244
1098 0.9977094114403783
1099 0.615756810803664
1100 0.018839963710544836
1101 0.49289081770400905
1102 0.8277364266366063
1103 0.09053975562485396
1104 0.9976063629347723
1105 0.8764700582272219
1106 0.281395666895217
1107 0.31075400086453825
1108 0.09822082988375436
1109 0.024768151376802345
1110 0.788666152894234
1111 0.3073175294705354
1112 0.7264857830208231
1113 0.8577202677937179
1114 0.6175321866681339
1115 0.8424256569028695
1116 0.2880650533453802
1117 0.11814572379010624
1118 0.31493404675299747
1119 0.18361575409368433
1120 0.17366756736318875
1121 0.0485653860941158
1122 0.3525976899344987
1123 0.018372014286202453
1124 0.5378662346922717
1125 0.09601991761077618
1126 0.11030066084443084
1127 0.4174276106816436
1128 0.6192056909640784
1129 0.04187212693220582
1130 0.22716278157707673
1131 0.22491668467471926
1132 0.23401291053399442
1133 0.19392718345513524
1134 0.005915509234595194
1135 0.15907454589411765
1136 0.020231224523035857
1137 0.8345954437585265
1138 0.23580405987468428
1139 0.4533383341593705
1140 0.09584476295148234
1141 0.9847649316854103
1142 0.3429396276928953
1143 0.3605509092482811
1144 0.5755703356586318
1145 0.14233114227946503
1146 0.9814925401866016
1147 0.7778764826414017
1148 0.5971958452088857
1149 0.2476578917543862
1150 0.5165303086126354
1151 0.23030110897423042
1152 0.05080775484242444
1153 0.39947128112860203
1154 0.007168337572672798
1155 0.8206655118091185
1156 0.44198018288462954
1157 0.7264307480357977
1158 0.9790272826111199
1159 0.9713378342339586
1160 0.5345127061510856
1161 0.3842098623268348
1162 0.2726656814411702
1163 0.9676876545287174
1164 2.6347654498164283E-4
1165 0.6149785344726696
1166 0.2276403380926417
1167 0.3255921003174826
1168 0.8840905038142913
1169 0.03931783910467832
1170 0.329948080334691
1171 0.05070933654281592
1173 0.45312580932636154
1172 0.47278599446889913
1174 0.5108182097795905
1175 0.13745720427243102
1176 0.7282375127408383
1177 0.18348744839342826
1178 0.018939547606766735
1180 0.026451684413989162
1179 0.1634614598742981
1181 0.506437932638376
1182 0.0297611299577388
1183 0.33016167563688564
1184 0.6250682501049543
1185 0.5263105581345037
1186 0.47604472292798855
1187 0.1595181834078435
1188 0.7582769966319018
1189 0.05012571051686383
1190 0.17415801436678324
1191 0.0229845899863362
1192 0.140268849963375
1193 0.17486088787559592
1194 0.20019195393105663
1195 0.09366487385848588
1196 0.018347751472670988
1197 0.7926587552058023
1198 0.6578236500506676
1199 0.4524188306195285
1200 0.34827238095238094
1201 0.014943880770729383
1202 0.015123352483950149
1203 0.01931711486829028
1204 0.30511822760240787
1206 0.47776639997096154
1205 0.8893861782056439
1207 0.33489481345632366
1208 0.3063100766879023
1209 0.6406252282715378
1210 0.36769118170349047
1211 0.5977362472670785
1212 0.019921677419132616
1213 0.0
1214 0.5504920663899565
1215 0.30841129414506135
1216 0.007163556124483252
1217 0.05580154520063711
1218 0.3028822822017615
1219 0.6059332521340682
1220 0.3905723847906682
1221 0.5090199794928185
1222 0.1723506381989165
1223 0.06061421941435374
1224 0.5120663140208318
1225 0.9999995767922677
1226 0.21754998635681727
1227 0.9892749663988143
1228 0.2515740690255937
1230 0.9616160759284093
1229 0.9999986790342236
1231 0.6898606138281056
1232 0.21454771342411885
1233 0.2405721220790645
1234 0.058138051835933416
1235 0.22837330246273602
1236 0.43179522587765756
1237 0.04470524387762022
1238 0.8184905950999238
1239 0.05825875439888283
1240 0.6633396147690946
1241 0.5096542697230244
1242 0.0994920075303398
1243 0.630602043970055
1244 0.8372682388483021
1245 0.2905102146361916
1246 0.13070835830595817
1247 0.9483572405302931
1250 0.2840574718335833
1248 0.7142261840022469
1249 0.29143720668985507
1251 0.3333333333333333
1253 0.11956073111263782
1252 0.29297712565237244
1254 0.03153550648808568
1255 0.4153268743006966
1256 0.06900777587577923
1257 0.12480907225000828
1258 0.1612791949148645
1259 0.048681391843345724
1260 0.40006606704543607
1261 0.180268148674209
1262 0.6778819673968636
1263 0.04850710765190586
1264 0.4357180517717147
1265 0.5214541998057806
1266 0.34315973018999324
1268 0.38343326447160136
1267 0.038545784203246045
1269 0.27707374217845804
1270 0.39712098234921833
1271 0.5023091608669041
1273 0.2407260137209531
1272 0.20769237307695576
1274 0.18611505928252553
1275 0.04947525895757134
1278 0.16641769176254
1276 0.11590910408057999
1279 0.23462620513210433
1277 0.1879134323814876
1280 0.8870827607776649
1281 0.4051742258647871
1282 0.2669535735643039
1283 0.05010061799375084
1284 0.1022534279521264
1285 0.11444147369123191
1286 0.9391012532303433
1287 0.6812754782218504
1288 0.21254781552850077
1289 0.7964889328892668
1291 0.4882746366830641
1290 0.8757611493413068
1292 0.1257340741732059
1294 0.30779899042752806
1293 0.8504607430490169
1296 0.357687067965084
1295 0.38958524170008835
1297 0.028562760508904966
1299 0.01837146812869402
1298 0.9458945940890909
1300 0.8573140785771778
1301 0.9279039462458067
1302 0.276221848287387
1303 0.02970182364205259
1304 0.8353867101566628
1305 0.39561235566336306
1306 0.797939808968617
1307 0.2595153315009604
1308 0.005198085698944874
1309 0.9208080726077958
1310 0.013256835670017985
1311 0.6486604278940763
1312 0.053811910454895286
1313 0.10708134224879838
1314 0.05582716743225564
1316 0.11509984435237892
1315 0.05133976763349896
1317 0.18996378206846795
1318 0.8653641207997164
1319 0.8060043204011575
1320 0.05576836561087966
1321 0.8942848084923547
1322 0.34820920973827124
1323 0.8646663263019522
1324 0.09850949730266938
1325 0.7514289409344724
1326 0.846502391867128
1327 0.0865924792064511
1328 0.7515801391204624
1329 0.2727276926774665
1330 0.16388917418975535
1331 0.7769753040021883
1332 0.4060118633763134
1333 0.025267692442498605
1334 0.7115155531460201
1335 0.4463520205751183
1336 0.20104573523415573
1337 0.9870204441219247
1338 0.5496724861752971
1339 0.27213832413945555
1340 0.6912903801123516
1341 0.1381813022808135
1342 0.11353738534740698
1343 0.18395257930987136
1344 0.3520968321104328
1345 0.661475118453973
1346 0.4702506006790041
1347 0.6105459779054491
1348 0.025010214037535224
1349 0.7069041272264822
1350 0.6036810216161157
1351 0.9712303810905836
1352 0.9813167954667461
1353 0.021255390397624817
1354 0.24203027004113717
1355 0.01244878841574213
1356 0.20209275575411184
1357 0.7258331651805375
1358 0.39221872390675855
1359 0.12292129545451833
1360 0.1255066291131414
1361 0.06466514334173519
1362 0.16704534070936122
1363 0.2201593760596813
1364 0.29720401838188026
1365 0.40733871896576335
1366 0.10572297095462563
1367 0.1925873198813482
1368 0.2042681386173252
1369 0.1550309344524214
1370 0.28696070598069107
1371 0.004710147182590651
1372 0.0070810264121724045
1373 0.06092950174516459
1374 0.32462653903975336
1375 0.15512479462253637
1376 0.556795878240971
1377 0.012198302717441371
1378 0.020520974071230942
1379 0.5197088347801299
1380 0.15348628566727673
1381 0.008064720668648648
1382 0.670081482261555
1383 0.6001541817249483
1384 0.5298466460544398
1385 0.31083021666745575
1387 0.4595270909679837
1388 0.2504848632460128
1386 0.10256984225394465
1389 0.43297896232989525
1390 0.2971888537282251
1391 0.07031228210444114
1392 0.27170510096770184
1393 0.17093933769701486
1394 0.5227800458137111
1395 0.30353625484628577
1396 0.7947811046707007
1397 0.7986738286553839
1398 0.009569220370250606
1399 0.47699780790825796
1400 0.19099789870332998
1401 0.014994655196920377
1402 0.37444852309551735
1403 0.9997126924568733
1404 0.08678917195721672
1405 0.9411891029938256
1406 0.18711902301520306
1407 0.13009905596505786
1408 0.12098705733908563
1409 0.187884360274509
1410 0.25041795534583283
1411 0.048426532840045215
1412 0.5930222876165271
1413 0.9132434021154793
1415 0.1882394952196456
1414 0.021916972530735854
1416 0.4425167561014252
1417 0.9853710251281258
1418 0.044972646590860386
1419 0.6485892938810264
1420 0.2440677936799777
1421 0.6466833315098569
1422 0.1724924563049697
1423 0.22383715636201088
1424 0.8465922349698372
1425 0.2421385034709665
1426 0.13322424125200444
1427 0.43000978912800747
1428 0.3333333333333333
1429 0.061048688904681084
1430 0.12890642898551882
1431 0.1918403692501073
1432 0.37313180436007143
1433 0.4610152996031565
1434 0.29452674400754403
1435 0.7956105553031428
1436 0.38212940120919886
1437 0.19200075072012016
1438 0.41290431904291075
1439 0.3158805109309245
1440 0.3927998235295431
1441 0.036101388784045306
1442 0.8015347017083597
1443 0.4568859535985203
1444 0.9271496635899615
1445 0.6109275552970292
1446 0.9844229672848321
1447 0.26549274298650044
1448 0.9760520795574658
1449 0.9852586983423184
1450 0.7537244780333291
1451 0.9967771296301011
1452 0.07489909457837894
1454 0.3550723700378989
1453 0.9742123267020972
1455 0.9516239720013718
1456 0.47368374515343237
1457 0.26235689225417147
1458 0.25907218757666145
1459 0.10735174366176442
1460 0.09510067183790913
1461 0.5634566303992179
1462 0.8156482893686681
1463 0.30790541877055777
1464 0.38626610851186083
1465 0.7868896981603348
1466 0.5601686291240228
1467 0.6273285892634183
1468 0.5864844708675166
1469 0.2576405216085247
1471 0.550998871066953
1470 0.09203422962287952
1472 0.07287420970692567
1473 0.005333237226716597
1474 0.0032095304944263067
1475 0.3224150513184311
1477 0.12546095253329817
1476 0.05935470130976464
1478 0.5417945525018854
1479 0.5466985151978379
1480 0.3452960101771913
1481 0.5122979915164615
1482 0.0022480882116934177
1483 0.008794096110496948
1484 0.9072835904827857
1485 0.3703690699015152
1486 0.9963492024396756
1489 0.6255612135845051
1488 0.9999500499606113
1487 0.8890197813479185
1490 0.29033524458411875
1491 0.3093359844923262
1492 0.02640302633738274
1493 0.8012475671742896
1494 0.37456816571678836
1495 0.2232108516889167
1497 0.3476134651861222
1498 0.8640702368837662
1496 0.009260968514324007
1499 0.9614554490660278
1501 0.19871846215458552
1500 0.5113669504577585
1502 0.763062546051004
1503 0.9056128538480889
1504 0.17183983549812692
1505 0.25734156635047334
1506 0.059117157691046356
1509 0.7757339282742313
1507 0.2925943792984018
1510 0.4536241757987967
1508 0.19369366564412235
1511 0.9873277120108379
1512 0.1479667119745653
1513 0.3899473709930808
1514 0.034764497722728806
1515 0.24516481520079333
1516 0.33015501500515054
1517 0.34726360736974643
1518 0.5428670017390992
1519 0.0
1520 0.7806307895089786
1521 0.2915580123935779
1522 0.0023665800641396095
1523 0.6742193564885751
1525 0.969769409197059
1524 0.571855973712577
1527 0.11574046199851484
1526 0.0010979706153287868
1528 0.3290944132687603
1529 0.5537934344592413
1530 0.999054873715772
1531 0.41148619267917935
1532 0.009924070753951705
1533 0.11645077268395138
1534 0.5916718940379838
1535 0.10171214695696339
1536 0.31304163023181436
1537 0.44234323453258606
1538 0.11846332929509462
1539 0.7767481219841471
1540 0.5482076496232138
1541 0.607373454370245
1542 0.5005039720803923
1543 0.6307191488981554
1544 0.010893464696520751
1545 0.1585083511011066
1546 0.7733820340562614
1547 0.7691958848295226
1548 0.07375253271440055
1549 0.2826959990793317
1550 0.07034037561547189
1551 0.750767622873712
1552 0.0032303245937642406
1553 0.8349997577500847
1554 0.4149133857382375
1555 0.9664378360719452
1556 0.21590968362610038
1557 0.34796639110885735
1558 0.14473704813011262
1559 0.37311952998468834
1560 0.9522164042997484
1561 0.14327585711980126
1562 0.16735121047202386
1563 0.13432845927826886
1564 0.9570284341965477
1565 0.013006121019289378
1566 0.30675533029441654
1567 0.31989503152505283
1568 0.02179894939264166
1569 0.382247191905133
1570 0.9837248703029453
1571 0.08108503666442854
1572 0.31325135737161913
1573 0.004272884889287501
1574 0.9211146622186484
1575 0.010928771387604197
1577 0.07124296850461148
1576 0.9289859444252538
1578 0.05340629244129363
1579 0.9218004206640475
1580 0.9652445099852528
1581 0.6014014618040441
1582 0.36556038334720037
1583 0.8808512904735657
1584 0.014681899062167384
1585 0.5755099287139732
1586 0.0013597913677098953
1587 0.10353580721997813
1588 0.11133389780324239
1589 0.3162140364295875
1590 0.1712260921461586
1591 0.18289138355904713
1592 0.734362786162305
1593 0.2822361141200238
1594 0.7635698839662337
1595 0.9660949390255542
1596 0.10170105265350979
1597 7.708339281126567E-4
1598 0.7738248269803175
1599 0.6843376639283538
1600 0.6817519768234674
1601 0.33135785965315545
1602 0.004553977411342632
1603 0.6260120088338198
1604 0.32661284932687196
1605 0.8463745095031685
1606 0.9697750988848081
1607 0.44374396994565246
1608 0.9213876867373114
1609 0.9948980597210447
1610 0.13145551147260726
1611 0.5409127314833597
1612 0.05024637828018174
1613 0.5023539218654752
1614 0.4245837264999027
1615 0.7192055300830384
1616 0.2796237723557873
1617 0.1762136030427632
1618 0.2316532889747941
1619 0.0012090674887328858
1620 0.18973811236234137
1621 0.18971965802125032
1622 0.244384320802497
1623 0.1631570612187927
1624 0.053584834968304906
1627 0.06000048960007827
1626 0.009397813021797373
1625 0.06161137358653856
1628 0.5507283381418588
1629 0.748566264884337
1630 0.7367213105341109
1631 0.7377328972602744
1632 0.27710232385840816
1633 0.03116828409515403
1634 0.1958898863820117
1635 0.01613024486379043
1636 0.28070133056322794
1638 0.060833694710355976
1637 0.08579921387562335
1639 0.14930556703159029
1640 0.08794684333335823
1641 0.6309042367084738
1642 0.2926787907171939
1643 0.1436351294329687
1644 0.4956518626219901
1645 0.1160868894337099
1646 0.900987085505553
1647 0.6149401206438789
1648 0.9877859507445524
1649 0.12146039151262174
1650 0.1288584994109162
1651 0.40978868799186025
1652 0.41613696586020593
1653 0.003163845996997068
1654 0.9384889323722003
1655 0.4570547126162949
1656 0.7430110930674532
1657 0.28656728973038353
1659 0.3579309196813294
1658 0.0971926539615769
1660 0.1640559106900446
1661 0.2088068027348714
1662 0.0
1663 0.11224521657675157
1664 0.8444626798258322
1665 0.4811303852693108
1666 0.14267858099780284
1667 0.002347676386996663
1668 0.3441823484399561
1669 0.5319368954654214
1670 0.8820960579571814
1671 0.1690616965129019
1672 0.15138440163582073
1673 0.131058996096715
1674 0.04984417984101025
1675 0.7179670761569975
1676 0.605228242076683
1677 0.08258961585664089
1678 0.7838109808052551
1679 0.023947645283562937
1680 0.2742148444113954
1681 0.19251063767331053
1682 0.5662122423721289
1683 0.2520513611567501
1684 0.7893159217818713
1685 0.10102089008983767
1686 0.12211217418771704
1688 0.19534454688133163
1687 0.0756757501826352
1689 0.08333428685851595
1690 0.0851624918655829
1691 0.14004364181327478
1692 0.8996093166115597
1693 0.6621132680217584
1694 0.9765921700734518
1695 0.28797504872035923
1696 0.21319683282225463
1697 0.004857536401297169
1698 0.9994172400959382
1699 0.043613722013561874
1700 0.5561979219457901
1701 0.750836899398533
1702 0.1370003523301337
1703 0.2044733353917998
1705 0.4249146201574639
1704 0.1630776927782835
1706 0.9585224159541598
1707 0.9963153502334985
1709 0.2758622374158427
1708 0.6629471974651401
1710 0.5643829600921919
1711 0.125982950877558
1712 0.4631182973108019
1713 0.5148941644123365
1714 0.030217905551859405
1715 0.1392761834948925
1716 0.3130091498566594
1717 0.2157159547231338
1718 0.310858385908287
1719 0.3533088541941908
1720 0.0032366548835167206
1721 0.22969539513058812
1722 0.19631106646463764
1723 0.30551415344227006
1724 0.07511717417199912
1725 0.7965264899262938
1727 0.6637476188304753
1726 0.0030591780431441034
1728 0.2978134708831679
1729 0.02481409675574156
1730 0.8910957337205551
1731 0.002645118942654053
1732 0.0959336677528837
1733 0.9098010933904135
1734 0.1977518374405534
1735 0.051771031550225464
1736 0.06514630112773173
1737 0.32481823477627036
1738 0.1898924745236487
1739 0.07831852101456446
1740 0.046404079453809
1741 0.3092380938036477
1742 0.03238914463462198
1743 0.1755981917298559
1744 0.613821120274362
1745 0.6964225644240325
1746 0.9802453969859571
1747 0.8106548993679321
1748 0.8417585033059964
1749 0.42442225102513026
1750 0.3778900706748905
1751 0.1512467679958542
1752 0.12997867267525773
1753 0.8198782433552976
1754 0.011428363265454794
1755 0.8237969578103165
1756 0.19841252173068324
1757 0.314576844214184
1758 0.9904794237041663
1759 0.12343464607445818
1760 0.014432495354787
1761 0.2535840034528786
1762 0.10359810078754925
1763 0.164414829957075
1764 0.03933972357705512
1765 0.6190271676237861
1766 0.805010994560822
1767 0.2657012265642169
1768 0.29428831998689503
1770 0.6621180376639754
1769 0.34354332468840704
1771 0.6808634269121366
1772 0.22570526650684541
1773 0.12980595288256674
1774 0.4170249598221615
1775 0.18425216645305084
1776 0.4401214764806674
1777 0.3301951003094447
1778 0.21742061018282233
1779 0.01039996011520577
1780 0.25577933613269277
1781 0.12026850168828589
1782 0.5167471116609051
1783 0.13452256649430425
1784 0.023036020920409395
1785 0.0116004042030386
1786 0.2957814684704311
1787 0.6513541430499512
1789 0.633382637388394
1788 0.17933089236054056
1790 0.2839902257509067
1791 0.5906689217537234
1792 0.19090246575060482
1793 0.9996409935321335
1794 0.14397956261485856
1795 0.9439027698633339
1796 0.9259852550085291
1797 0.9997593917626821
1798 0.73239722272757
1799 0.7338360873904847
1800 0.5869185015055055
1801 0.011219458937642274
1802 0.5488190589951102
1803 0.22061609261009935
1804 0.943599356214983
1805 0.9290760368426504
1806 0.6075693714471205
1807 0.7046669233300401
1808 0.016371635024680385
1809 0.21067717454014098
1810 0.1979679092421868
1811 0.23969347617740944
1812 0.10477385077260172
1813 0.7540789112707907
1814 0.4958151756618597
1816 0.3271770029099595
1815 0.1400834378441089
1817 0.10830298181297093
1818 0.19136254905760922
1819 0.2587942982501102
1820 0.9869286293461047
1821 0.09188648475272528
1822 0.9415819381385259
1823 0.686652463728102
1824 0.06280445794065967
1825 0.04867444935127952
1826 0.5607320073943144
1827 0.015553557248498062
1828 0.3422197198021045
1829 0.7639588111091011
1830 0.03805233995906837
1831 0.2629008904369696
1832 0.11666608334971111
1833 0.27427400191837853
1834 0.13921446246564104
1835 0.008135913466029482
1836 0.35023742074188424
1837 0.32652986880519574
1838 0.6072078113344548
1839 0.9890540869757388
1840 0.925326536010942
1841 0.09162853812031607
1842 0.27201254321549745
1843 0.5054110775380685
1844 0.1274209302227323
1845 0.23547436224025622
1846 0.5767084180321014
1848 0.043613722013561874
1847 0.19435423003594368
1849 0.1652048270630776
1850 0.8502983413141338
1851 0.3826678705131118
1852 0.15845114368448218
1853 0.01834830191062837
1854 0.27939238417000867
1855 0.13473008175268972
1856 0.8314525767005205
1857 0.1577605946623911
1858 0.03813890291834501
1859 0.17112248797152102
1860 0.656371295149873
1861 0.06196047750206007
1862 0.2364360428958138
1863 0.4118866349468654
1864 0.07740883330180029
1865 0.8762700103565018
1866 0.2467967562706454
1867 0.6568996994350336
1868 0.03194832217334948
1869 0.42826615562149684
1870 0.860293896785615
1871 0.04769126242000639
1872 0.23451298976051446
1873 0.31018112452013896
1875 0.3721513960422751
1874 0.12886080376634065
1876 0.2664528910730533
1877 0.07381106226324848
1878 0.3831772785237124
1879 0.5070427619590858
1880 0.25680884820353966
1881 0.9174924522534769
1882 0.2132721195979482
1883 0.04321247740253378
1884 0.18448248133048442
1885 0.832452406292492
1886 0.4193508487345383
1887 0.46085368562040807
1888 0.7850969318995412
1889 0.640356480586708
1890 0.30283432872287375
1891 0.16758542643596006
1892 0.6209272568873052
1893 0.03956903162367134
1894 0.11492982458523865
1895 0.08119571033305834
1896 0.12363754680840576
1897 0.37910352225784844
1898 0.9552953691846158
1899 0.8992125960511993
1900 0.37147255809564167
1901 0.5164395224082335
1902 0.20039414255823987
1903 0.16919649341558415
1905 0.4094828149635322
1904 0.6771086088794125
1906 0.1575441296464512
1907 0.03982516409442558
1908 0.0443137318449053
1909 0.9989382714755238
1910 0.8331162858507855
1911 0.2836170649119008
1912 0.1135535299930055
1913 0.8169663461123138
1914 0.18453613377242795
1915 0.2933677236372625
1916 0.8492002948621101
1917 0.795173557874814
1918 0.16184371708302062
1920 0.37898802928988834
1919 0.8207852792357095
1921 0.10772977848400091
1922 0.6469869784005023
1923 0.5040809122944013
1924 0.05741589845069741
1925 0.5526054360782497
1926 0.09394532616978761
1927 0.7408490317635206
1928 0.11499107795781335
1929 0.14025517476444926
1930 0.014732752577941556
1931 0.7568262535378447
1932 0.2823363463864048
1933 0.13991737158963669
1934 0.21192183829626257
1935 0.07123063690874122
1936 0.997274842950183
1937 0.8885284649285639
1938 0.13107743549928164
1939 0.732343846227942
1940 0.038070706275378834
1941 0.5446449289338026
1942 0.007332996075446852
1943 0.12569866822990755
1944 0.20195066559873473
1945 0.13571817011151582
1946 0.5104001128511325
1947 0.30648636203539514
1948 0.8354617780445578
1949 0.006306941572735159
1950 0.6737366438372849
1951 0.026766024996949182
1952 0.014170779749932758
1953 0.8567488354834726
1954 0.5848059750356063
1955 0.6500762362250452
1956 0.4366851339997603
1957 0.5233208292603715
1958 0.24259844889872315
1959 0.9886863287714972
1960 0.18224668506037422
1961 0.9736692054004483
1962 0.48812590281983526
1963 0.22217947505831243
1964 0.007714210194120433
1965 0.9976227355076569
1966 0.46995429183788334
1967 0.06164745788997601
1968 0.016721580129562204
1969 0.24017447798469288
1971 0.018541974130149273
1970 0.7009746680398202
1972 0.45657306896525557
1973 0.12664883685724374
1974 0.10256445649781223
1975 0.08453407389098097
1976 0.003011610946871644
1977 0.29277551793435164
1978 0.24596604461905436
1979 0.6493438821667459
1980 0.07519481833822488
1981 0.1416117524723775
1982 0.07184735634016633
1983 0.24313348785152147
1984 0.021483113258740506
1985 0.07345063455550771
1986 0.017817063308162764
1987 0.013667183830563876
1988 0.22402663260042902
1989 0.06804733541311953
1990 0.85407804793992
1991 0.0925446905584435
1992 0.012754552758000417
1993 0.08806773728042469
1994 9.496469351636478E-4
1995 0.4108405266181586
1996 0.15509775925404246
1997 0.03660301601381945
1998 0.8465317495250361
1999 0.018080583441621736
2000 0.1890419758433992
2001 0.32826380902345953
2002 0.45375776855007366
2003 0.062096098994699735
2004 0.3609054799794509
2005 0.1310161065872485
2006 0.13315229254048647
2007 0.5835302154359954
2008 0.11454735016209765
2009 0.6411707663108485
2010 0.20705773148044418
2011 0.23251424664576137
2012 0.09069176824573971
2013 0.04631605506926605
2014 0.599611780852135
2015 0.17228899697780356
2016 0.032965751568198184
2017 0.8907338308930329
2018 0.5959965784839398
2019 0.10852655459405249
2020 0.6810990163864108
2021 0.0
2022 0.17911573917441165
2023 0.13299726467638512
2024 0.9784293969106155
2025 0.5502663735696547
2026 0.1481932596497497
2027 0.07506785115588414
2028 0.09818184012063767
2029 0.14583344401042153
2030 0.08113932451813953
2031 0.0062530490434081825
2032 0.016603867072455793
2033 0.19933547499474752
2034 0.2589149248243661
2035 0.0
2036 0.1835441818171779
2037 0.04082939938525476
2038 0.409294540705574
2039 0.2999649163851207
2040 0.24433033406099078
2041 0.060439244807173685
2042 0.0046282681454718234
2043 0.9813918432711961
2044 0.6076872884484075
2045 0.9600982576091379
2046 0.15501651684470136
2047 0.8810445873774
2048 0.5395502099071795
2049 0.4562493438718996
2050 0.2962136229943576
2051 0.44570816827598464
2052 0.05830718922525431
2053 0.10111401315618553
2054 0.08926584504373397
2055 0.11037557044274858
2056 0.23779268241807802
2057 0.4776898457201276
2059 0.4269215651452925
2058 0.562787693333862
2060 0.3860810706428986
2061 0.21587249674976156
2062 0.5497395503845501
2063 0.1877976915984906
2064 0.09337376465193653
2065 0.050769512246903195
2066 0.3732488715549088
2067 0.1928545393354155
2068 0.10084000000000007
2069 0.6015521184192933
2070 0.307467435304706
2071 0.8080154724132309
2072 0.15890792906499754
2073 0.02612001222478537
2074 0.009474269376598388
2075 0.925554806555325
2076 0.4566214458625351
2077 0.2749129169976689
2078 0.05052236929337265
2079 0.8827090633504495
2080 0.06545428919023175
2081 0.07753975510460108
2082 0.07717504697331577
2083 0.0029187175475527466
2084 0.009541872184033729
2085 0.07219390212403631
2086 0.34161290649017817
2087 0.20403109373057837
2088 0.2943929743867781
2089 0.1560982579082841
2090 0.1369045450681821
2091 0.3248178239383533
2092 0.0016079952300183103
2093 0.0430073781502253
2094 0.4119011744896166
2095 0.31125417006147993
2096 0.006087781061805855
2097 0.9460766752465282
2098 0.30992756422285517
2099 0.04213518155862351
2100 0.3616017713627684
2101 0.26334531198954586
2102 0.8940971812530224
2103 0.7641535061212068
2105 0.803429270436361
2104 0.10141221805413746
2106 0.007117311774191686
2107 0.2922672219922476
2108 0.8479218468272853
2109 0.5977215123901022
2110 0.4997942157476193
2111 0.0016964612172846447
2112 0.0
2113 0.22380355949672537
2114 0.5182736012532061
2116 0.46219009843807074
2115 0.3112448650007089
2117 0.5717251386720157
2118 0.15997090936355385
2119 0.38076986449694394
2120 0.37283854581596204
2121 0.7741466876943341
2122 0.049314923024901966
2124 0.17252419852197765
2123 0.030395381786953325
2125 0.18346688095117933
2126 0.43451682032209266
2127 0.14328341167291475
2128 0.20486058232071205
2129 0.2421385034709665
2130 0.03598974755652282
2131 0.07222759169386468
2132 0.30734312470922626
2133 0.4202500105927811
2134 0.32589149938323564
2135 0.23568332247450027
2136 0.9237339637057217
2137 0.037632003917155946
2138 0.8997616195256812
2139 0.35268519690506384
2140 0.38295841957575066
2141 0.056251186001835665
2142 0.3637104090581015
2143 0.22376533803030896
2144 0.9294240818038931
2145 0.05935569578232137
2146 0.029818142893177708
2147 0.08153518572195584
2149 0.11772464899343339
2148 0.004494876505502821
2150 0.5437169096464635
2152 0.13150660240202933
2151 0.08679868417583197
2153 0.14179074654719304
2154 0.43826243108543583
2155 0.1971402494675996
2156 0.5608973061269713
2157 0.5077505211035436
2158 0.1882476923751402
2159 0.0811052716635016
2160 0.28242101612011905
2161 0.0019682183683314433
2164 0.19350788103741104
2162 0.17567117259157408
2163 0.5360391349912295
2165 0.1800497660171258
2167 0.09649936797110176
2166 0.24146325232003374
2168 0.30000026153842124
2169 0.6755960575921768
2170 0.9896015805026308
2171 0.3920552601954233
2172 0.6704823371286166
2173 0.3546241709528621
2174 0.1270456679795489
2175 0.9131977128167743
2176 0.9646587723391463
2177 0.17394778178603423
2178 0.05979435998284119
2179 0.3412464883903119
2180 0.22669924311211653
2181 0.4294426428700572
2182 0.50397023210394
2183 0.49182787615716184
2184 0.008438677829291873
2185 0.7346510629254781
2186 0.5097031356998364
2187 0.018154172577683828
2188 0.006727608387365043
2189 0.022099058331595735
2190 0.04186545536458772
2191 0.8786916587140509
2192 0.1557775775063714
2193 0.4595566955391567
2194 0.41252108798498277
2195 0.228922487578378
2196 0.15670437257584457
2197 0.04084976402573924
2198 0.6307049639296667
2199 0.04279953479664769
2200 0.9699416366651575
2201 0.5358852628069093
2202 0.6983157716793693
2204 0.2595073685556004
2203 0.400264364548202
2205 0.3252503166166935
2206 0.00660054618825395
2207 0.1948227026664795
2208 0.9241774197433955
2209 0.5769851629152039
2210 0.4105385527330486
2213 0.7851908820315735
2211 0.3324564593735077
2212 0.028269566010824556
2214 0.018292059902114334
2215 0.0014554519800510563
2219 0.9441835120430099
2218 0.262948611926682
2221 0.1238190698154517
2220 0.27528118056440964
2216 0.010096303379244196
2217 0.16164941186986628
2224 0.3833092751165976
2225 0.36542138644349204
2222 0.46940028208260975
2223 0.01937079940808731
2226 0.28993880926899696
2227 0.1074698561828691
2228 0.025639107917820918
2229 0.8328099825316095
2230 0.16149663390900026
2231 0.33914305169522047
2232 0.004378254046181857
2233 0.06663796686612636
2234 0.061855489424944066
2235 0.25021221565016194
2236 0.20074281781625214
2237 0.3323926946780361
2238 0.9895810879941059
2239 0.12457441401126097
2240 0.23356572562424457
2241 0.6193563867237225
2242 0.3574775691872298
2243 0.4204915182383683
2244 0.12062580908150486
2245 0.39012298494440406
2246 0.5155285230172073
2247 0.41883492362195646
2248 0.5983424710900219
2249 0.4099449481518549
2250 0.9561515216976093
2251 0.3109584140781768
2253 0.4173570986008847
2252 0.3645949984126025
2254 0.39207589064392917
2255 0.1757523152528717
2256 0.22972979181886272
2257 0.12733779603175238
2258 0.012709018907914538
2259 0.37962626840216696
2260 0.28039740334575086
2261 0.00411094942912511
2262 0.31919778990120623
2263 0.07654327162191821
2264 0.3250880335626831
2265 0.7895685927216037
2266 0.2217037030463142
2267 0.17291885365849233
2268 0.829471490815966
2269 0.010416039496658437
2270 0.2672765031796907
2271 0.03807137152465409
2272 0.10547849013147467
2273 0.33003779202665395
2274 0.7829835832347948
2275 0.6109427893362803
2276 0.8771799335403847
2277 0.13081347941468624
2279 0.6828667479093501
2278 0.18318211609377835
2280 4.414236419392181E-4
2281 0.13202957003493312
2282 0.4618589393433861
2283 0.10386448286418049
2284 0.26772840810235266
2285 0.7529361355580002
2286 0.1020475465984684
2287 0.23357685518670526
2288 0.12510379611553676
2289 0.6417142872583687
2290 0.5342613140176498
2292 0.012697612129483697
2291 0.24919875927980834
2293 0.21385510011436595
2294 0.009803333333333329
2295 0.9769476265083419
2296 0.1787411274711093
2297 0.35280222672192807
2298 0.034804174159368303
2299 0.04049957381425154
2300 0.022482650023140132
2301 0.6511895788064029
2302 0.064981763348842
2303 0.7444205399033366
2304 0.44102627810724404
2306 0.04203830181670944
2305 0.5062386357943118
2307 0.817622792442771
2308 0.021201941964527116
2309 0.8168389926890397
2310 0.3834249361372639
2311 0.0636040237735673
2312 0.191028617248116
2313 0.2933153824477911
2314 0.7207189448862528
2315 0.05942485752077992
2316 0.8879987008158425
2317 0.3726400631912525
2318 0.3197698830086588
2319 0.43920108064493546
2320 0.585031383591386
2321 0.35801683109190824
2322 8.189658709513744E-4
2323 0.7097995000851639
2324 0.5330451672800917
2325 0.17828121213320208
2326 0.11469512429189539
2327 0.063627710944796
2328 0.25088335127391254
2329 0.2595673591439939
2330 0.4691087876068875
2331 0.11517935353013929
2332 0.1413041771030338
2333 0.36543129902791416
2334 0.34050889697138953
2335 0.6359946481784851
2336 0.8493111027806313
2337 0.459789722478969
2339 0.08487561297469905
2338 0.2575364489758266
2340 0.3868849800055013
2341 0.9388411019870835
2342 0.997512982147748
2343 0.41102956235013605
2344 0.9999128683225607
2345 0.9964209952465958
2346 0.023474400520311453
2347 0.08398935023873616
2348 0.18793831596675387
2349 0.23797821149091053
2350 0.763302997219046
2351 0.29787301209064365
2352 0.13462631345271575
2353 0.3562127501166407
2354 0.41943946713843966
2355 0.10717856693436738
2356 0.4832325168352871
2357 0.24226997296546135
2358 0.9947253437937615
2359 0.3285403103367078
2360 0.5758075268278842
2361 0.9207884290942215
2362 0.5319766976917046
2363 0.2623270227603871
2364 0.13994221982338828
2365 0.5844720148805913
2366 0.20606689950668003
2367 0.17066642730662834
2368 0.31338049035400095
2369 0.35507771548642647
2370 0.1756373016796057
2371 0.003746566506279473
2372 0.10474264415555432
2373 0.5788034740978352
2374 0.05691428397194381
2375 0.16401465042399468
2376 0.02656989804309007
2377 0.09685856185415606
2378 0.006739020089676004
2379 0.5465782237041595
2380 0.18420982077934464
2381 0.4448018176816717
2382 0.0026734084833162208
2383 0.3478045108769109
2384 0.161971157683797
2385 0.2776291591898102
2386 0.015244030432085198
2387 0.11157614542076184
2388 0.047986894146986085
2389 0.0010836666908759327
2390 0.06233537402230478
2391 0.21177353084726663
2392 0.33371072331389295
2393 0.030754034588016576
2394 0.16249972109390684
2395 0.5825574646627089
2396 0.9421054026957435
2397 0.2718946375309127
2398 0.5652175341313745
2399 0.10723785140456937
2400 0.9792485384855516
2401 0.08899319801016418
2402 0.041406607464900526
2403 0.00906546703519097
2404 0.11881086371118611
2405 0.14518856152006124
2406 0.06314187434296964
2407 0.7168827675867709
2408 0.005328277263168577
2410 0.3066453479165651
2409 0.3102273891105401
2411 0.03733336597333856
2412 0.34726010076840697
2413 0.019333654720194004
2414 0.3647939491923243
2415 0.031707697828705944
2416 0.04620462601705386
2417 0.3107110788861538
2418 0.00425446206346876
2419 0.4280862879805087
2420 0.26654149900189616
2421 0.13459473593087945
2422 0.06457672910904788
2423 0.25529800523586343
2424 0.3210043114015082
2425 0.3022511120056851
2427 0.47368432585223696
2426 0.14750764306379147
2428 0.5036846429326164
2429 0.5454277550558057
2430 0.22251137755097053
2431 0.36141824745031287
2432 0.24324118901868855
2433 0.49482207615762913
2434 0.3001669656442509
2435 0.18545882774508607
2436 0.44174937316917073
2437 0.08711280079491941
2438 0.002302773340066087
2439 0.7182607691324991
2440 0.14238453653338556
2441 0.1536735002347054
2442 9.929122303056327E-4
2443 0.4540626534686556
2444 0.3652866303292164
2445 0.6880125042425392
2446 0.4018762642245642
2447 0.2492922582682664
2448 0.8163536804102539
2449 0.0395722142384773
2450 0.24122060876044826
2451 0.29315150673492446
2452 0.06470933436314637
2453 0.003185065114360227
2454 0.9657719149284497
2455 0.7391680741527826
2456 0.017864762353434625
2457 0.15244890357226196
2458 0.2221847934836084
2460 0.7994285703708232
2459 0.6108116181661947
2461 0.031128856379416227
2462 0.8154691346352807
2463 0.3977567050229918
2464 0.9996918039678662
2465 0.23697038136615906
2466 0.08581500420776857
2467 0.36420822263770813
2468 0.3200113165306347
2469 0.1468936264688557
2470 0.21228330951289873
2471 0.37161067924285823
2472 0.1555505828075669
2473 0.886629480815189
2474 0.40313485891155665
2475 0.807361826043197
2476 0.2193872970894856
2477 0.34530871767862814
2478 0.03302838901509878
2479 0.4958380602552772
2480 0.010465415893977533
2481 0.9782282196444333
2482 0.9288539128313461
2483 0.3979458616932672
2484 0.9940321094781427
2485 0.9833622460644739
2486 0.49671635658420504
2487 0.21370643082370944
2488 0.22850543478858845
2489 0.2583004835937047
2490 0.9021930958581728
2491 0.1454557145612895
2492 0.9632988031404695
2493 0.9999394262232453
2494 0.07142895408176929
2495 0.6023345745640097
2496 0.5965759839023043
2497 0.4841162221187396
2498 0.14858829033203805
2499 0.5899189771225444
2500 0.5678640559309942
2501 0.36563653799609824
2502 0.2336771596343074
2503 0.6374619695073706
2504 0.933646675811481
2505 0.576683949516776
2506 0.25878435254346815
2507 0.8883031130910026
2508 0.10150440450295595
2509 0.154999145750299
2510 0.9220149479222406
2511 0.36178623773565033
2512 0.013942726431154824
2513 0.4854790130164523
2515 0.5375953217049994
2514 0.33626986926480157
2516 0.2703704148098333
2518 0.09122928124374341
2517 0.0031325315619832373
2519 0.3461850574538429
2520 0.5708669401392259
2521 0.2168370163380326
2522 0.3965509898685511
2523 0.44045462246863665
2524 0.19329152954789897
2525 0.9748971346812741
2526 0.006114425085800648
2528 0.8560488849907801
2527 0.38351860013740213
2529 0.5099159313535085
2530 0.43633515371475917
2531 0.29945055907348134
2532 0.05783092701408522
2533 0.0209897617824842
2534 0.16237121024416246
2535 0.0074754599146406005
2536 0.10804057448051749
2537 0.42889462023423963
2538 0.33869844131575566
2539 0.07731326407969542
2541 0.9402848976594572
2540 0.3713123557031311
2542 0.09853979953653295
2543 0.31180565796111603
2544 0.01678405197986089
2545 0.08216199940848933
2546 0.05874407832646335
2547 0.09140561136330436
2548 0.8752450556021631
2549 0.031979186354293206
2550 0.26368649738416866
2551 0.11721595982768349
2552 0.18207564020901093
2553 0.3569083416357214
2554 0.02933768552186537
2555 0.03369096106560895
2556 0.03944680341630149
2557 0.045706678638684765
2558 0.7293765709596414
2559 0.8944392009391312
2560 0.6509513452008894
2561 0.08502056224270853
2562 0.9997652113710929
2563 0.35526334920373953
2564 0.6132073678193072
2565 0.1396946089211159
2566 0.8828791697926469
2567 0.06201507992306512
2568 0.2755711593633971
2569 0.35494887377841444
2570 0.29694640234220204
2571 0.3229455790201029
2572 0.4130093466291239
2573 0.8664319940056426
2574 0.09426559916632574
2575 0.017251669507974642
2576 0.34114606448244356
2577 0.30392166666666665
2578 0.2079244061684022
2579 0.1577173227777467
2580 0.2978957849619533
2581 0.07635566264936253
2582 0.03667473616895716
2583 0.3108106245434121
2584 0.00565113442213019
2585 0.057478392075512114
2586 0.3876732382583797
2587 0.03571414115656589
2588 0.24606709116712513
2589 0.19631530693840263
2590 0.5164706085261009
2591 0.0619083015318203
2592 0.35244576651160714
2593 0.9977147332117087
2594 0.9542088525721417
2595 0.6181689530658317
2596 0.9999884973269608
2597 0.6112883593251576
2598 0.7881019733772183
2599 0.7953229106396178
2600 0.02830219184606118
2601 0.150641177576357
2602 0.8331803328984894
2603 0.9776132752288338
2604 0.9995266866483055
2606 0.016017861340365785
2605 0.5441861936182746
2608 0.9999998819720597
2607 0.7939179276734007
2609 0.8769642923322142
2610 0.0070679146948469836
2611 0.8470697539446698
2612 0.4181752988794633
2613 0.045977202404621734
2614 0.5798317599038628
2615 0.36290485288544155
2616 0.01913841738977655
2617 0.13053291778216117
2618 0.1475965604525608
2620 0.7076092536698796
2619 0.32922425872032246
2621 0.38735099384472416
2622 0.6164825436445193
2623 0.4168142627771395
2624 0.6009622255797611
2625 0.020958113548373306
2626 0.7297188156509449
2627 0.5868494395468075
2628 0.47407132093641335
2629 0.6086949948445659
2630 0.4993701657139162
2631 0.6355128748442951
2633 0.8442551332831502
2632 0.20377695607723983
2634 0.99139219092302
2635 0.29389539580360774
2636 0.8630579980714129
2637 0.5177074402210156
2638 0.9725258385052165
2639 0.9451832151887513
2640 0.9537392830508302
2641 0.5537085979101017
2642 0.146803602236775
2643 0.016715188600732397
2644 0.052064244201267075
2645 0.007276838539097445
2646 0.7355617587078287
2647 0.549755602844119
2648 0.5853165843614463
2649 0.9574918910657451
2650 0.7390951346743257
2651 0.14878271592984885
2652 0.07400903450068547
2653 0.23554208673990776
2654 0.9069159619439209
2655 0.6297734152188379
2656 0.08291694578060473
2657 0.09988828401151184
2658 0.7147240686288301
2659 0.50909052132218
2660 0.3257533995579271
2661 0.953374543382608
2662 0.08676922332825754
2663 0.1533543905214954
2664 0.15888280084461795
2665 0.027412440143405117
2666 0.12097350102888235
2667 0.5892353673889256
2669 0.9084873521941763
2668 0.8309828630144068
2670 0.25265438602923945
2671 0.3354512317372947
2672 0.7252644841175963
2673 0.6608659962002585
2674 0.30670117490564014
2675 0.6991434774102492
2676 0.5738289801517837
2677 0.009960236266069547
2678 0.30297525767823436
2679 0.48615389443786233
2680 0.14539570506089056
2681 0.14275870961502818
2682 0.9347171451457368
2683 0.9868785064303668
2684 0.7351362527395278
2685 0.6273066445854838
2686 0.44626290087738074
2687 0.8180598753629379
2688 0.008721450531696618
2689 0.0
2690 0.28663645177414654
2691 0.5815275745821766
2692 0.856546962284277
2693 0.22553370437946504
2694 0.02963966748074059
2695 0.006538004004045775
2696 0.09836071447766812
2698 0.20784688157237718
2697 0.7178176969193523
2699 0.7550154245615539
2700 0.3404062955014932
2701 0.0817771031075636
2702 0.4584220422029894
2703 0.1444492959611842
2704 0.6930517283403714
2705 0.07502981462168165
2706 0.11796246098944113
2707 0.357206387008286
2708 0.6749191176250408
2709 0.11400202400827046
2710 0.051259972977809994
2711 0.0727417090857716
2712 0.03124988932293977
2713 0.22929072976567372
2714 0.39698993200998
2715 0.7464401147490574
2716 0.04733818868107138
2717 0.1748890951752374
2718 0.11136301991264258
2719 0.2153179859655518
2720 0.989389884280434
2721 0.05933286958056697
2722 0.1635541244686407
2723 0.6760708393197447
2724 0.49343386397316696
2725 0.2891154013952145
2726 0.49068407918614093
2727 0.6005707394514496
2728 0.2967559352106422
2729 0.20702976911621931
2730 0.3652757602175548
2731 0.4021862094949161
2732 0.8660754756427463
2733 0.176552310183665
2735 0.35643471011515765
2734 0.2431048362443315
2736 0.2687427830924805
2737 0.16410721534155906
2738 0.3366157622294911
2739 0.3092267655907349
2740 0.2000335030501535
2741 0.37616242751466095
2742 0.716721900635287
2743 0.45861791185092426
2744 0.9612654089769154
2745 0.05872451299407956
2746 0.44631807113775496
2749 0.23639983805876916
2748 0.02956972847288532
2747 0.28813653902858943
2750 0.015443749347731461
2751 0.6352783163609488
2752 0.26804152546931315
2753 0.4601604644454399
2754 0.32155439241047834
2755 0.27533634540847896
2756 0.36870053317749263
2757 0.024934142477417744
2758 0.8652070511433777
2759 0.8770878655620146
2760 0.13779214205190815
2761 0.6660231982947603
2762 0.1245395463946051
2763 0.07492726641488426
2764 0.37617148002979434
2765 0.6524534332690153
2766 0.42221615409996477
2767 0.18190843307625149
2768 0.4820256661201282
2769 0.10351022400336365
2770 0.0714682947682013
2771 0.8403476136447957
2772 0.7470886362248776
2773 0.2042507672130242
2774 0.46971678187997096
2775 0.9886962912367077
2776 0.047327725886389616
2777 0.026666198222253416
2778 0.8571446550662234
2779 0.059091620351320484
2780 0.22752748334501957
2781 0.09545462448348006
2782 0.40577244283276226
2783 0.40473685620359245
2784 0.18341670820396713
2785 0.1439589902260913
2786 0.3292054234320645
2787 0.15765763178721526
2788 0.027492093818155944
2789 0.24843151594465082
2790 0.9988146170950513
2791 0.10182783974810344
2792 0.35696527762274805
2793 0.07930269092986439
2794 0.40485862979247944
2795 0.028440056125896604
2796 0.47957737863192057
2797 0.24893740753295146
2798 0.5725602380536325
2799 0.800136663373994
2800 0.9760500928204557
2801 0.13411067446386804
2803 0.1400215503140201
2802 0.302753269960804
2804 0.3791410447743057
2805 0.2565253153787777
2806 0.2016605319132888
2807 0.09212649190262623
2808 0.19743215487622887
2809 0.4038403378234076
2810 0.14249977846868636
2811 0.6324109994688341
2812 0.49773084644597
2813 0.05734761456041726
2814 0.10320220452179656
2815 0.41152868715993546
2816 0.030545249993147262
2817 0.022855166044047078
2818 0.46271320196580346
2819 0.08717747328934948
2820 0.20554813457577045
2821 0.2240267303198211
2822 0.25373550822485647
2823 0.11148415809723841
2824 0.521124368997847
2825 0.08955186010281191
2826 0.9364574946353001
2828 0.43296021958854874
2827 0.013291616982638827
2829 0.25735328584580364
2830 0.11598579228644999
2831 0.009852037297805857
2832 0.7253861207709743
2833 0.5502530076208697
2834 0.9829768764174182
2835 0.07052627453418328
2836 0.6507223880225256
2837 0.9071520312606502
2838 0.5012353547351127
2839 0.5904454612977886
2840 0.4955407954499134
2841 0.999913889076011
2842 0.1927945457328279
2843 0.2739708322417256
2844 0.07700626144558495
2845 0.948355398535155
2846 0.9763247190943394
2847 1.1007073879490887E-5
2848 0.3983754669806822
2849 0.7670954783998387
2850 0.009926891570509964
2851 0.6182045861726121
2852 0.9335097066848637
2853 0.22089537696597314
2854 0.1456407642980585
2855 0.9996316584917985
2856 0.9999412414959535
2857 0.8386143220421215
2858 0.98619852331401
2859 0.0044172444536580095
2860 0.8376944261816084
2861 0.4120594561612944
2862 0.39739233711509686
2863 0.9922958255758455
2864 0.25438476800601256
2865 0.018659467228690114
2866 0.17512405448229096
2867 0.9528906056236729
2868 0.11671089147887183
2869 0.262948611926682
2870 0.41597670527491376
2871 0.26209579157451196
2872 0.3295146470169548
2873 0.1671485755922273
2874 0.10631214037370637
2875 0.8132778865888574
2876 0.20642155434263254
2877 0.20837798797819296
2878 0.9548459336295241
2879 0.5396067318966336
2880 0.17370821297701775
2881 0.5228952061020854
2882 0.7585567460469244
2883 0.20966151481183595
2884 0.17813282072740874
2885 0.14833743627305493
2886 0.04098323763076382
2887 0.06073754151353768
2888 0.2834648936697101
2889 0.7800793076772878
2890 0.018912547589916433
2891 0.4726534065162017
2892 0.0328318124747711
2893 0.13931912305278837
2894 0.05474982711027624
2895 0.3889901477231897
2896 0.4929017149575039
2897 0.2598069571297084
2898 0.44389804479165235
2899 0.2912674649434064
2900 0.13831434118879646
2901 0.08030483232687076
2902 0.12456797781411112
2903 0.31928885089658776
2904 0.10218423865032931
2905 0.5227975135167809
2906 0.062499540264268384
2907 0.44887318329145215
2908 0.023345898121036674
2909 0.6515621534523172
2910 0.9423272915986499
2911 0.0
2912 0.28067696929066116
2913 0.31155416766887273
2914 0.14476833276049023
2915 0.0
2916 0.3313082665980556
2917 0.06336549474901013
2918 0.40245660588481863
2919 0.007360105157047292
2920 0.5030553963170242
2921 0.8476156096026708
2922 0.8037007269909665
2923 0.8189870890788761
2924 0.0030651795823426723
2925 0.0074891112419069785
2926 0.9399919088494363
2927 0.0
2928 0.19786658792481385
2929 0.278987673637637
2930 0.2902150876542799
2931 0.26833411498376086
2932 0.2252107566890128
2933 0.3760612395596055
2934 0.0803281917633407
2935 1.585926131811941E-4
2936 0.6663471904132436
2937 0.3691096390342593
2938 0.38229922290127877
2939 0.2211976530615842
2940 0.0011787133982427652
2941 0.23737427073808387
2942 0.8183723352124304
2943 0.13467948134550697
2944 0.18472318854984593
2945 0.08300821286466369
2946 0.12186356669350716
2947 0.035537809290596085
2948 0.9957609829377637
2949 0.042613504882676886
2950 0.1523232639910648
2951 0.8680050189107525
2952 0.4794296878819268
2953 0.7563963103556519
2954 0.46603281537064334
2955 0.4457987927100262
2956 0.18814919467860866
2957 0.057749639589622044
2958 0.5232309018998551
2959 0.5272377388802179
2960 0.28909740997127664
2961 0.2931420928838261
2962 0.0703045605142171
2963 0.019370119189334678
2964 0.032607482765471665
2965 0.2926210060278618
2966 0.44312445938091843
2967 0.43307028337234366
2968 0.0642457344496347
2969 0.6985689698308383
2970 0.5271742047802224
2972 0.0
2971 0.9886522364229333
2973 0.3943482649256756
2975 0.6775888554308772
2976 0.39285718865120556
2974 0.09611535209165373
2980 0.5226514364171233
2978 0.385435853000091
2982 0.1531323238449089
2979 0.14466660848521443
2977 0.2983807006858065
2981 0.02500548881766585
2985 0.06175782761885205
2984 0.3425367689290994
2983 0.037500245052672944
2986 0.036495237983514735
2987 0.1188175424552576
2988 0.02035979032702477
2989 0.20785849850559743
2990 0.41316855101358463
2991 0.856582611522579
2992 0.42173149194042275
2993 0.07143490075614367
2994 0.5988779898466258
2995 0.013297976955056303
2996 0.11832097102440894
2997 0.09708730653220721
2998 0.01892711744562347
2999 0.5835589737227771
3000 0.8431259633446715
3001 0.3471600730595199
3002 0.07293756401253182
3003 0.8457856238875219
3004 0.25153554743378753
3005 0.5728846526228369
3006 0.016461669715124028
3007 0.42019546138422187
3008 0.09216539499706812
3009 0.017073184384296232
3010 0.9494651699660775
3011 0.17082216874732173
3012 0.3609768370524274
3013 0.11792186655320443
3014 0.05134796212124371
3015 0.024861792832951025
3016 0.31994750797911115
3017 0.4076365303350159
3018 0.4999199562624088
3019 0.26261139301518877
3021 0.06635751760074185
3020 0.12461578150470608
3022 0.2900432315082951
3023 0.11146790130029138
3024 0.038011416846111194
3025 0.11284910088945188
3026 0.12142941367081601
3027 0.354693844792201
3028 0.039113862407833516
3029 0.6009496482057859
3030 0.006932244578389246
3031 0.2609051894934082
3032 0.15336360937294122
3033 0.2590143998292706
3034 0.5441097541332582
3035 0.23565532981527965
3036 0.3435254727716536
3037 0.72522120780423
3038 0.4275716185914079
3039 0.16017054437370978
3040 0.3961841013955453
3041 0.0411868014234566
3042 0.5024607058670204
3043 0.11450380694330328
3044 0.12732974591069451
3045 0.03521155425514848
3047 0.009443288435476377
3046 0.37796415258916793
3048 3.16975723066642E-4
3049 0.4261847195128938
3050 0.7204589151982719
3051 0.10109287713876047
3052 0.6512220243693511
3053 0.09269682639508678
3054 0.2588291700044027
3055 0.9076154939346649
3056 0.8248145355748745
3057 0.17149739856818086
3058 0.17563908071560635
3059 0.36887605316049193
3064 0.2574557522917066
3063 0.6890937403682044
3062 0.030497237915212347
3061 0.6339648927074011
3060 0.03809457505662614
3066 0.06985316865823037
3065 0.1657889297783647
3067 0.6233769961209077
3068 0.021890113307667925
3069 0.2885440422756866
3070 0.6491445445257369
3071 0.3164057069918026
3072 0.07072485125944451
3073 0.34267145906288093
3074 0.4723105627679733
3075 0.04154307610353762
3076 0.06687900416851758
3077 0.16554056091351974
3078 0.3120278067974341
3080 0.03191479741961614
3079 0.3723281646824088
3081 0.003653712392174097
3082 0.46909431466026213
3083 0.4218536618398925
3084 0.3407236551963689
3085 0.43042313171053054
3086 0.9235389318619498
3087 0.032744029493260836
3088 0.40540600146108147
3089 0.8674696944404903
3090 0.3887144478728677
3091 0.7342604158345417
3092 0.9623421559428696
3093 0.25692457795913276
3094 0.14978635865729026
3095 0.6068237475248085
3096 0.24015809764336485
3097 0.978724674061066
3098 0.0969550192200681
3099 0.7498818345319268
3100 0.9133472798583935
3101 0.8943536043182809
3102 0.03498122434656935
3103 0.9624267394880148
3104 0.5635735388970156
3105 0.033490825427743336
3106 0.5477390849726804
3107 0.16170140271645428
3108 0.8343088648838721
3109 0.36497174536781046
3110 0.10066147902038738
3111 0.19108334082133124
3112 0.8034225780306584
3113 0.009149248630904138
3114 0.06410199128858914
3115 0.006944208991659325
3116 0.0013581534404716617
3117 0.1995425374370224
3118 0.6408637489753376
3119 0.2958327710940663
3120 0.969583158188081
3121 0.4323228842651543
3122 0.4159625636182883
3123 0.40874603454782865
3124 0.16798718310338903
3125 0.5969513881162162
3126 0.15436289392347272
3128 0.1124025836039002
3127 0.30567680726916396
3129 0.20708082866477714
3130 0.142104796952884
3131 0.575943062633471
3132 0.5226819378403146
3133 0.22932950581765404
3134 0.16425073759031242
3135 0.11682850675210303
3136 0.034552452213550064
3137 0.22000535875435812
3138 0.14672755420502645
3139 0.9205924825803732
3140 0.012301010737439
3141 0.2606776249580678
3142 0.957773553352545
3143 0.01951184318876704
3144 0.18799366597479034
3145 0.10327616817507468
3146 0.4497889961586503
3147 0.09155810426481478
3148 0.7711214528911919
3149 0.35637669371054753
3150 0.33540845823600934
3152 0.5813216139763122
3151 0.35306944568222126
3153 0.3773281087152983
3154 0.39442574340793624
3155 0.3761737009553483
3156 0.25714305697950735
3157 0.2798143657747906
3158 0.8232677008351421
3159 0.27065645377879904
3160 0.8251070362348119
3161 0.2020729783966394
3162 0.21559664148639257
3163 0.30188652011373973
3164 0.9582364186433057
3165 0.21578906398889808
3166 0.27326086118282567
3167 0.6176391350298107
3168 0.13621071768915793
3169 0.18382712028142764
3170 0.34897435040686237
3171 0.37400148148148143
3172 0.9910094044959963
3173 0.11989105171916632
3174 0.14620495124262736
3175 0.24072635085156704
3176 0.1548782681664807
3177 0.504754253125637
3178 0.7430700395160921
3179 0.9398644756900892
3180 0.4259202178830507
3181 0.1946791884826181
3182 0.4467227054496525
3183 0.014862727286965034
3184 0.7134862637746988
3185 0.9991199763824463
3186 0.38567000760833525
3187 0.9892346809382137
3188 0.013559946164757631
3189 0.5857511748038016
3190 0.6205160457144289
3191 0.962381229695842
3192 0.9407134153070987
3193 0.5391210185999552
3194 0.2500235590630329
3195 0.903431743230956
3196 0.49662324216983794
3197 0.20179651667366288
3198 0.9999026692829311
3199 0.5710297185074867
3200 0.4671428352249861
3201 0.21986013890958633
3202 0.2993346724611177
3203 0.04227975743502048
3204 0.047564496454359506
3205 0.373513174657742
3206 0.0019164939326350254
3207 0.5498547140020388
3208 0.052342497730746056
3209 0.12479520998977109
3210 0.5558529039178138
3211 0.015428038845840458
3212 0.3257788458297014
3213 0.2068471842336388
3214 0.2868816329533729
3215 0.3865074793320857
3216 0.49420591214066206
3217 0.4311246292975035
3219 0.4230014966197038
3218 0.9989735705398576
3220 0.9996333335224239
3221 0.18910299633273908
3222 0.578205309667211
3223 0.4282367578677144
3224 0.13562613025228126
3225 0.9912919693787219
3226 0.028370115437270894
3227 0.7735870830536258
3228 0.8680470594686105
3230 0.18030951404343934
3229 0.41095895196099774
3231 0.9994526732146893
3232 0.1193320664540676
3233 0.8575261196779452
3234 0.6188508622144107
3235 0.14437273367138065
3236 0.5624891763092709
3237 0.2112301332153086
3238 0.9600161531732312
3239 0.8024476616672914
3240 0.32775858407623043
3241 0.40426231397822715
3242 0.17295535500058407
3243 0.09693106238635092
3244 0.35755331335226825
3245 0.4320989915618142
3246 0.08887156947470919
3247 0.8739001459436372
3248 0.6132046822221039
3249 0.42357021456898153
3250 0.9904593264866459
3251 0.352282652114223
3252 0.09657140398288344
3253 0.815948536147383
3254 0.27856085936811076
3255 0.25243486631568224
3256 0.39041861870382666
3257 0.79940578725713
3258 0.4705569385558608
3259 0.18759756846384315
3260 0.8486327146479866
3261 0.917751004159108
3262 0.2033337016668508
3263 0.22937650703115145
3264 0.26337687776426466
3265 0.6826423910667377
3266 0.3723241933905758
3267 0.766274292161944
3268 0.055962269075456345
3269 0.03925726945561896
3270 0.4610390634971822
3271 0.2698702347202198
3272 0.3695918863954146
3273 0.2779593099043821
3274 0.0769278214259491
3275 0.9167037496148249
3276 0.13736206958292196
3277 0.34811518496575167
3278 0.0022862136558471423
3279 0.267529515628906
3280 0.008368053517986022
3281 0.07549855707786174
3282 0.11597371132585141
3283 0.36635281391975066
3284 0.5448472474111038
3286 0.4779206740493443
3285 0.16472033039722014
3288 0.9741384339844981
3287 0.6665068486724729
3289 0.5445772531744368
3290 0.7734769090990453
3291 0.0
3292 0.2879392860285698
3293 0.0014132142789777483
3294 0.2798639535116478
3295 0.4288912494717244
3296 0.19389120510952962
3297 0.584524928775403
3298 0.958476851390791
3299 0.10222733640624693
3300 0.3286497257026054
3301 0.1533197138733193
3302 0.6875261820471513
3304 0.20929541927537196
3303 0.0018235144214929846
3305 0.23762505968197936
3306 0.3333333333333333
3307 0.006093036137547967
3308 0.012106638525597051
3309 0.2573802231935842
3310 0.2673519542232632
3311 0.9307238844889456
3312 0.09688250922381483
3313 0.3277956928600647
3314 0.1499326415957069
3315 0.12837335548607043
3316 0.8663371023673337
3317 0.0013098105299787098
3318 0.9430381789776763
3319 0.7648765675222678
3320 0.9734040460898874
3321 0.4877840132837295
3322 0.30979576714224244
3323 0.9325440340875388
3324 0.7948093717503544
3325 0.8798537092642971
3326 0.24018034704142116
3327 0.9793381327860754
3328 0.3372714534430747
3329 0.4600574934851531
3330 0.4724786251474781
3332 0.7312091319916995
3331 0.0
3333 0.24533542829886926
3334 0.14087575254757767
3335 0.4141330050720249
3336 0.29794826894850135
3337 0.3312215567057555
3338 0.6913597862711022
3339 0.4139899845181683
3340 0.2233015445822763
3341 0.19362933987387002
3342 0.23430869934009427
3343 0.41973390358262164
3344 0.12529232269205917
3345 0.02704322386354002
3346 0.2735145362587781
3347 0.09526349951746543
3348 0.9566830793283416
3349 0.07227029915087234
3350 0.0053914284261071
3351 0.9983989808703417
3352 0.30832603319908786
3353 0.4009646773678174
3354 0.9711534198928671
3355 0.7091755656193551
3356 0.03715183232846515
3357 0.53101327991108
3358 0.9810137716326638
3359 0.11570943627271854
3360 0.2330506002225848
3361 0.6733151758281766
3362 0.8712690570274346
3363 0.23543683611790908
3364 9.814623238085056E-4
3365 0.06118169337172319
3366 0.41485537807630285
3367 0.1640142261159022
3369 0.12465513432954659
3368 0.026201122275010043
3370 0.36829268044908325
3371 0.19757416156870175
3372 0.26884437564711067
3373 0.1649172669178114
3374 0.5190296324862123
3375 0.5361917103379531
3376 0.6403578508987852
3377 0.01488031316429964
3378 0.3111101792593214
3379 0.7780331603555715
3380 0.7648445060722364
3381 0.15588258688751974
3383 0.6064304936454412
3382 0.48399502919885073
3384 0.8784674969123872
3385 0.9309273062737408
3386 0.1412442086419352
3387 0.11452451168397702
3388 0.3424637975413154
3389 0.15450283505871892
3391 0.05615462484988333
3390 0.34361196860017346
3392 0.1973297343290732
3393 0.042605603175539186
3394 0.31722940448831966
3395 0.14640883004944324
3397 0.1523819617914072
3396 0.32940723439315334
3398 0.31862667833152714
3399 0.23440802996820193
3400 0.8985071064021057
3401 0.24774336514055437
3402 0.15946905773675185
3403 0.5765203685606413
3404 0.7160356193425559
3405 0.7412000537076002
3406 0.19851079721052314
3408 0.8367335320376699
3409 0.8603038209758014
3407 0.664007133521611
3410 0.002462696832033564
3411 0.05835578393580761
3412 0.1149136978466517
3414 0.002971609075220495
3413 0.031954583681510315
3415 0.10289052709236769
3416 0.8115262594008008
3417 0.9966193585557684
3418 0.813528714333055
3419 0.2939727761513113
3420 0.09157470246877154
3421 0.2459888672828479
3422 0.02888126855538421
3423 0.32344780841769516
3424 0.2778702534041123
3425 0.18815847357628587
3426 0.05207243175392116
3427 0.15427652949121126
3428 0.1236844012465474
3429 0.16948721189181246
3430 0.4704071539063571
3431 0.08803930424750611
3432 0.5695608858638603
3433 0.002115430451414271
3434 0.30074135401647173
3435 0.07028802210030209
3436 0.3439136510913191
3437 0.7614138300866626
3438 0.2070615403755474
3439 0.03624706104910418
3440 0.20631362416215804
3441 0.037844739119292765
3442 0.38458729446982404
3443 0.585387214924206
3444 0.47677887124756707
3445 0.1763375422556201
3446 0.5336812297992116
3447 0.1201351988489765
3448 0.594490430879369
3449 0.052840973983224
3450 0.3279069544570251
3451 0.36631380779328765
3452 0.025852218356038063
3453 0.6297885973089322
3454 0.782905540897371
3455 0.06796722927915809
3456 0.028638492017167706
3457 0.22802718118032916
3458 0.009822404756080053
3460 0.3875961973896271
3461 0.1739462076226214
3459 0.04292090072025591
3462 0.20825474226226035
3463 0.29829345559839304
3465 0.9739856878837456
3464 0.15231033972386265
3466 0.779159987105682
3467 0.7669439927198861
3468 0.5538827862775709
3469 0.05828233335836405
3470 0.4742711424569437
3471 0.4064215160247157
3473 0.2709854339495946
3472 0.9704955662595158
3474 0.38886796348387304
3475 0.39971523318148783
3476 0.3893315013139584
3477 0.6219427862838626
3478 0.3491125403171292
3479 0.4442103131835129
3480 0.29067891680603725
3481 0.30426001364163174
3482 0.14175951686961855
3483 0.14785933920263375
3485 0.6184409439759261
3484 0.2806345606331537
3486 0.011278480199628646
3487 0.37274485732801504
3488 0.13716848607937715
3489 0.05364795006815504
3491 0.08005749756621201
3490 0.7555475072234492
3492 0.6109838520661366
3493 0.24940410490414244
3494 0.09069351343429458
3495 0.014420397104144025
3496 0.3076179319285469
3497 0.40683545610962
3498 0.8569596546552403
3499 0.3474776564066485
3500 0.06804297286337618
3501 0.3619812893277283
3502 0.03957383705821445
3503 0.32843577946109936
3504 0.13345755805702725
3505 0.8746873515790563
3506 0.9935412850197526
3507 0.11610038172571219
3508 0.995490765181694
3509 0.7466436391449673
3510 0.2131663070822019
3511 0.19895329897733036
3512 0.4302327420228433
3513 0.9326946888876357
3514 0.942558324652099
3516 0.5376877545916329
3515 0.22196964691638885
3517 0.8725233820680548
3518 0.9708754929800629
3519 0.99076733609523
3520 0.9251764260535885
3521 0.3455622637643842
3522 0.5978370170469806
3523 0.17082986272947764
3524 0.2570137445647445
3525 0.31443502637529236
3526 0.32762360026039444
3527 0.7958989739804545
3528 0.01930840461985611
3529 0.035873803615739046
3530 0.9504975394148051
3531 0.37175305776266043
3532 0.20656328307576363
3533 0.3199338110985154
3534 0.782939426000132
3535 0.24082648830663192
3536 0.12949598053927916
3538 0.09290549484849243
3537 0.30431309382475014
3539 0.4174402212042722
3540 0.6104420919822503
3541 0.363414438331671
3542 0.5432372633021312
3543 0.004531987817081825
3544 0.08988721550308353
3545 0.15274502369552875
3546 9.795395614600392E-4
3547 0.9082132643736548
3548 0.010068585957185334
3549 0.3976928511085204
3551 0.19599201993909549
3550 0.728788917426527
3552 0.7164904744926422
3553 0.4109437869907352
3554 0.3258044438855339
3555 0.43970277390770546
3556 0.02820561104529054
3557 0.4930055921868663
3558 0.060790763573906566
3559 0.11471375454755307
3560 0.3022152800524194
3561 0.1846897835853738
3562 0.09211002455139598
3563 0.5211940818474775
3564 0.15890407322200437
3565 0.26474895657405406
3566 0.8444469085875481
3567 0.18386425644909613
3569 0.9915589838066788
3568 0.0681818746310571
3570 0.2603193912386889
3571 0.05172215613171065
3572 0.9947990633226176
3573 0.12767058789292288
3574 0.0
3575 0.9999014296574297
3576 0.7868453362912559
3577 0.2849299836171301
3580 0.8562592485755636
3578 0.7939780616471114
3579 0.9956297433884786
3581 0.13742715348321174
3582 0.9797763732755214
3583 0.9364424093564144
3584 0.7749312065619686
3585 0.4429846773705168
3586 0.09116037666736175
3587 0.69250856911056
3589 0.5339903694509119
3588 0.10818714322355907
3590 0.4525624861307236
3592 0.0623628498179143
3593 0.34222664292699706
3591 0.4478487600018071
3594 0.9649607779875599
3595 0.29193689128657635
3596 0.15902898560369894
3597 0.44127046319703606
3598 0.6258812869006031
3599 0.5111108460038056
3600 0.07111099525926698
3601 0.15165286954284476
3602 0.013114529319994163
3603 0.32527754587383384
3604 0.5923907144189642
3605 0.08457528207731674
3606 0.004154532434389357
3607 0.5232538836501546
3608 0.025383365205666277
3609 0.4090384472613148
3610 0.411866001729649
3611 0.0757338768718198
3612 0.014390072977703122
3613 0.18980034708937707
3614 0.3084084193490862
3615 0.12307034202995507
3616 0.9256859595976906
3617 0.6989549191097404
3618 0.8569063503397683
3619 0.1490765387495998
3620 0.10077588638201715
3621 0.26764731691182925
3622 0.21681419423993684
3623 0.0194171312094341
3624 0.19803411496620843
3625 0.48941480878825233
3626 0.16203253785571828
3627 0.8701795611586276
3628 0.18402127726500112
3629 0.4274361610206986
3630 0.15182853609267302
3631 0.2578107472453161
3632 0.05165927511851964
3634 0.1161139712012798
3633 0.2969945718315874
3635 0.42618102171148514
3636 0.5315426422321579
3637 0.8954816693252786
3638 0.5630765271128174
3639 0.8783399215764539
3640 0.7694121588227164
3641 0.8253008109843255
3642 0.23196834228828442
3643 0.9019696001045773
3644 0.33316862045210777
3645 0.06893608088335211
3646 0.08607816058912195
3647 0.14150974412597953
3648 0.34983304285966926
3649 0.34779242244916986
3650 0.07536474266005516
3651 0.01705299504415986
3652 0.015424552111124984
3653 0.340224118920961
3654 0.08407016630113238
3655 0.00331665440170371
3657 0.1703912325613531
3656 0.14723571179689865
3658 0.39611757896005395
3660 0.6982417069610966
3659 0.052138420370661825
3661 0.34368428652846594
3662 0.048789732128193014
3663 0.3560196071847027
3664 0.2681196501474977
3665 0.33744995050594995
3666 0.022654504619854958
3667 0.13386226604899115
3668 0.19296687943216403
3669 0.011799201451468752
3670 0.09398477860530303
3671 0.10122704811939731
3672 0.28301241582329695
3673 0.18337631815981292
3674 0.8497006111066979
3675 0.9282943937560506
3676 0.14699156434820448
3677 0.2879153633484034
3678 0.9471622832698874
3679 0.7900578909315653
3680 0.0255314577638788
3681 0.010624382957683984
3682 0.08788405263928949
3683 0.40617086392908985
3684 0.12789476538545624
3686 0.049220971763449445
3685 0.0
3687 0.061008517334291176
3688 0.667237268446298
3689 0.8353186987457968
3690 0.9371532485028002
3691 0.366358528660329
3692 0.653707094008533
3694 0.994328020939287
3693 0.19475679176400645
3695 0.6177601488529664
3696 0.17640993634522784
3697 0.4152417253125315
3699 0.4255318918062565
3700 0.42658745976199447
3701 0.013378545374223172
3698 0.05356610750588288
3702 0.3357075806519734
3703 0.015564924298725104
3704 0.34844165894924606
3705 0.23048672323976588
3706 0.44078235146680356
3707 0.14516083922986694
3708 0.0017340260925840505
3709 0.25101199945902813
3710 0.2592482088653496
3711 0.26383597122892666
3712 0.3878345294640214
3713 0.3333333333333333
3715 0.12657234598299458
3714 0.6264548576253962
3716 0.0682386337606557
3718 0.637275095374808
3717 0.15823455353113047
3719 0.025791241926440656
3720 0.36815667886000863
3721 0.0
3722 0.20533928171941207
3723 0.06853539494003925
3724 0.9906146604659581
3725 0.005102598396103162
3727 0.10381453261504558
3726 0.5017565749894245
3728 0.4983966330709641
3730 0.35130515038580756
3729 0.1994682979430455
3731 0.23521236