2 0.640366
1 0.753922
3 3.0441190000000002
4 0.41900800000000005
5 0.984364
6 0.7785150687106042
8 0.948733
9 2.1186249999999998
7 3.7435637979239997
10 0.8555698657440003
11 0.7274500000000002
12 0.5993396898974532
13 0.9864569855488321
14 0.547093197924
15 0.047054156439243044
16 0.19154737549492462
17 0.3977616621716683
19 0.780754157401
18 1.7793998505959998
20 0.774848044996
22 0.9578439999999999
21 0.8259297783452768
23 0.8872550000000001
24 0.8558830000000002
25 0.2613122165791313
26 0.39697544640151383
27 0.13420037819916453
28 0.2933967801527425
29 0.1918366375311178
30 0.22593099999999988
31 1.1707768644510892
32 0.12955948607937717
33 0.4266243916960002
34 0.19111193034688184
35 0.9105741979240001
36 1.1784320000000001
37 0.8362750000000001
39 0.23199496110912654
38 0.314705
40 1.1872550000000002
41 0.7019610000000001
42 0.330392
43 0.23634599999999995
44 0.866666
45 0.012405528611485805
46 0.6838882533919483
47 0.292921
49 0.5694484792152863
48 0.09768399999999988
50 1.1406669080601886
51 1.2252310000000002
52 0.7296927574010001
53 0.8626166757605196
54 0.10503299999999993
55 1.536274
56 0.3479975606698342
57 0.13708609326674015
58 1.0278470000000002
59 0.6100074360869661
60 1.1860455024999996
61 0.5586880000000001
62 0.9032749999999998
63 2.1060499999999998
64 0.7814088868092088
65 0.78472830569207
66 0.33232037649283286
67 0.40588540238400017
68 0.4294239999999998
69 0.578602990879285
70 0.6756721845922609
71 0.8233165897770038
72 0.872476
74 0.18215921039537805
73 0.013065954753261999
75 0.3205880000000001
76 0.73930536990125
78 0.15476394948100003
77 0.907842
79 0.8461960519039999
80 0.769680829604
81 0.7279570000000002
82 1.4911750000000004
83 0.25173143502500017
84 0.11940662099722443
85 0.618628
86 1.1617650000000002
87 0.8439580265463363
88 0.665417253205162
89 1.219818582084
90 0.8015884154342995
91 0.5579811143156652
92 0.10048304160400057
93 1.0401970000000003
94 0.41117043601169834
95 1.365686
96 0.80098
98 0.7794110000000001
97 2.3441159999999996
99 1.164881738241
100 0.011764000000000108
101 2.06442
102 0.7487087384143958
103 0.9074799901411332
104 1.286275
105 1.5343130000000003
106 0.9317334974972149
107 0.920588
108 0.8209133166864129
109 0.5358980000000004
110 0.6042094219142626
111 0.5156860000000001
112 0.24997400000000014
113 0.5651531152860507
114 0.7789612401358073
115 1.311866
116 0.6636989842862961
117 1.6876280000000004
118 0.6852578888716792
119 0.15980400000000006
120 0.2768953705658311
121 0.78102
122 1.2264710000000003
123 0.48432304948099997
124 0.6763208465559962
125 0.683333
127 0.7423207674241592
126 0.373826
128 0.3974254466146987
129 1.477832
130 1.255883
131 1.1468869999999998
132 0.817540791696
133 0.8089151509062815
134 2.673619457925506
135 0.8480400000000001
136 0.9019619999999999
137 0.27503363670418046
138 0.8171515667360001
139 0.3869025865289717
140 0.15927816872477552
141 0.9149800000000001
142 0.7440306731223862
143 0.6600159350249999
144 0.01913000000000009
145 0.30542403687675057
146 2.669608
147 0.21062457075600005
148 2.0253740505959996
149 0.787234
150 0.32720106320399994
151 0.049493489118949796
153 0.30006599999999994
152 1.2774500000000002
154 0.026150235266187427
156 0.048449000000000186
155 0.2812267701117612
157 0.5143097117885838
158 0.607569507717069
159 0.16415675444552558
160 1.8279502921116555
161 1.5897676609
162 0.1651677626447321
163 0.1628108794365395
164 0.32176880450915246
165 0.030221000000000053
166 0.8
167 0.11646322170241374
168 0.788235
169 0.6947634433090408
170 0.13663816629785333
171 0.876488
172 0.7754910000000002
174 0.7
173 0.0166670000000001
175 0.7000283183206313
176 0.5399686685889372
177 2.728415
178 2.1970599999999996
179 0.5693010000000001
180 0.23854599999999992
181 0.09272927838656164
182 1.034135527766113
183 0.547979
184 0.3778931699779251
186 0.4365563454725817
185 0.20922500000000022
187 1.4637269999999998
188 0.772005
189 0.55
190 0.8890701083712007
191 0.5957973506769806
192 0.941255
193 0.8226796428293506
194 0.317131429604
195 0.8609064946560001
196 0.8916299999999999
197 0.5422695668761699
198 0.8362740000000004
199 0.5301859999999998
200 0.6833692700688683
201 0.7943640169087351
202 0.6922610000000002
203 0.7289303583925706
204 1.129536
205 1.034242
206 1.3277245045278134
208 0.346036
207 0.6220101596379501
209 0.6970580000000002
210 0.8467866858723003
212 0.5745120000000001
211 0.404674957401
213 0.5446643867449428
214 0.008553630076345797
215 0.4992240000000001
216 0.19803799999999994
217 0.7153400505960001
218 0.6628535262345943
219 0.721568
220 0.08137300000000014
221 0.8666670000000001
222 0.5377817602335364
223 0.11559637562500003
224 0.9006029465484022
225 0.3124091177641726
226 0.06905565070394526
227 0.789432207616
228 1.01214
229 0.13349852066179246
230 0.7893128080403607
231 0.6100143152140904
232 0.08680495647092523
233 0.2986838702002166
234 0.4101967433338717
235 0.3206025742409999
236 0.696079
237 0.7592209999999999
238 0.05301237862399999
239 0.907572
240 0.6882349999999999
241 1.8107840000000002
242 0.028569552529920994
243 0.07640700000000011
244 0.06154379031583579
245 0.39310349465600014
246 0.24735980307600003
247 1.0319548758412587
248 1.095098
249 0.261765
250 0.7879670523317577
251 0.28529400000000016
252 0.6694357401
253 2.2270890000000003
254 0.45837613422143897
255 0.789639
256 0.7144010000000001
257 0.5804378972781699
258 0.16521737004422232
259 0.5791951170621501
261 0.7708061681825492
260 0.3092514096890002
263 0.4715690000000001
262 0.6049760717731221
264 0.2561446067507307
265 0.608299538724
266 0.7800001249811893
267 0.8448761006250001
268 0.3257749999999999
269 0.3970380641975979
270 0.4205880000000002
271 0.16274499999999992
272 0.7241973879069227
273 0.6756529999999998
274 0.1394071541515347
275 0.8342780000000001
276 0.3397810000000001
277 0.9040094577690001
279 0.6250804941103865
278 0.4418889933885472
280 0.763171
281 0.07654738304667297
282 0.5541061561607659
283 0.708915095365378
284 0.508176
285 0.19826632736781202
286 0.05851387215942383
287 0.906265
289 1.394518888150168
290 0.765687
291 0.817564
288 0.38329900000000006
292 0.06116653710954756
293 0.25507506826760706
296 0.33691196039999993
295 0.512922666436
294 0.05695019816267344
297 0.06097267366399994
299 1.1164889805545635
298 0.18335400000000002
301 0.8098366865538538
300 0.41039734979924203
302 1.5323519999999997
305 0.6701059852127862
304 0.48162207920592626
303 0.8362750000000001
306 0.585294
307 0.2176340000000001
308 0.14850278380536386
309 0.8604724217610003
310 0.719795308516
312 0.40312935914039183
311 0.4039448774835962
313 0.6588240000000001
315 0.5991632629487598
314 0.4773658460073644
316 0.761752
317 0.4813521500940394
318 0.12363857695438885
319 0.0649010000000001
320 0.721962182977183
322 1.6146126521991577
321 1.9365398664359994
323 1.134144582084
324 1.9757349604000003
325 1.3710519786240003
327 2.355665989380909
326 0.47989504552100004
328 0.9516076332703138
329 0.3990242181325543
330 0.19142054526670482
331 0.42291837562499995
333 0.9175074390838591
332 0.597059
334 0.0011536536500852401
335 0.9043889999999999
336 2.0578440000000002
337 3.0092859999999995
338 1.0911770000000003
339 1.9489516496706953
340 0.772724037376
341 0.0628804024649034
343 0.7386180498435764
342 0.10000000000000009
344 0.26840061232900014
345 0.4562399794283585
346 1.3425209872059718
347 0.9979576166089998
348 0.590668050596
350 0.24809316957456756
349 0.3783623094801878
351 0.8595160842890001
353 0.7845189259721908
354 0.3065402806922813
352 0.357153029604
355 1.0864677401
356 0.19019700000000017
357 0.23701310238939133
358 0.9161739270256606
359 0.10438523404299871
360 0.9578420000000001
361 0.8028834071219425
362 0.8683931349899967
363 1.8355430000000001
364 1.009498400752901
365 0.5666978301884662
366 0.878447
367 0.10437496040000016
368 0.9208333359376384
369 2.0834510519039995
371 0.6892150000000001
370 1.7166660000000002
372 1.309805
373 0.7622928426035627
375 2.5293406750709346
374 0.7301066937952579
377 0.3233446901982764
376 0.668606954064
378 0.645755791696
379 0.70305009
380 1.8804672781300538
381 0.6642973951879967
382 0.421384
383 0.5934773961184969
384 0.6614845052160001
385 0.7261800801444116
386 1.3869618780869215
387 0.437907218441816
391 0.7577208535827259
390 1.4960800000000003
389 0.873717273664
392 0.3794120000000001
388 1.295098
393 0.8147059999999999
394 0.32932632925218897
395 0.4277458919216375
396 0.4675352914479294
397 0.06849930256624281
398 0.798438
399 0.5251679680250003
401 0.635667
402 0.4343140000000001
400 1.1779712095865065
404 1.353922
403 0.7978436415304719
405 1.416154948668251
406 0.1685466257419841
407 0.5254079762773101
408 0.18335471726244945
409 1.3083320000000003
410 0.6242873425297544
412 2.074096295663055
411 0.6776742288202517
413 1.054166850596
414 1.088166
415 1.6382687855058224
416 0.4152633448356675
417 2.2389855024999994
419 1.2754900000000002
418 0.8557886804091044
422 0.2747657709028477
420 1.2168309187153337
421 0.5813730000000001
423 1.3743799999999997
424 1.484424
425 1.1205900000000002
426 0.14633498032503128
427 0.8117650000000001
428 0.871569
429 0.4870030000000001
430 0.06598399603383798
432 0.07256535827599997
431 2.0961490000000005
433 0.16354200000000008
434 0.6215750000000001
435 0.7032677643388913
436 0.941176
437 0.00637715313738163
438 0.5480400000000003
439 0.7221576736409968
440 0.9978510082673497
441 0.860313941873565
442 0.6107151039125036
443 0.031118978718302603
444 0.6161998807023361
445 0.47647
446 0.21898593302508207
447 0.2572557506635029
448 0.599019
449 0.22509000000000023
451 1.700982
450 0.7245090000000001
452 0.5718503901658365
453 0.5660330000000001
455 0.39931213143271826
454 1.0492787720908783
456 0.23368005250748802
457 0.3823688234234004
458 0.43326704928733184
459 0.5108877583888825
460 0.13039299999999998
461 0.08244000000000007
463 0.1906197025100449
462 0.05795336235360356
464 0.734313
465 1.0046921243675877
467 0.9397463680936611
466 1.3950980000000002
468 0.48313978538510716
469 0.654954852623002
471 0.38700403410578166
470 0.43706918207344514
472 0.1241647711489029
473 1.1346985327240302
474 1.89136
475 0.29874591112657023
476 1.0856575025000004
477 0.5070516736640001
478 1.0245098399494388
479 1.5168100000000007
480 0.5250917072837382
481 1.6295
482 2.0374359055326936
483 1.5360289999999999
484 1.5047689999999998
485 0.8392160000000002
486 1.6532383871559173
487 3.606507580871308
488 1.238236
489 0.457164172543548
490 0.16224928098659208
491 1.2085080000000004
492 3.1383009999999993
493 0.43790904552099996
494 0.4281189751929131
495 1.086701
496 2.3903119999999998
497 1.37353
499 0.34850697013563137
498 1.244190821761
500 1.3118354053822554
501 2.2205880000000002
502 0.9670791416690812
503 0.3254889999999999
504 0.3756957070230036
505 0.8097733172176025
506 0.7989721798010001
507 0.9303299999999999
508 0.659823666436
509 0.47630673463147377
510 0.8573680000000001
511 0.3068630000000001
512 0.15239500000000006
513 0.5082616951111414
514 1.134402
515 2.116058265744
516 0.5775930000000002
517 0.611623
518 0.6515602030759999
519 0.1484523574195531
520 0.02008059812683427
521 1.2063248416
523 1.0499277891240002
522 0.577359229604
524 0.7907820000000001
525 0.561782060516
526 0.3068630000000001
528 0.38133140266834986
529 0.8028794428228694
527 2.254568783878663
530 0.31308413261785306
531 0.32941200000000026
532 0.28053860400066566
533 0.7213535714492203
534 1.109803
535 1.0308379376559393
536 0.50098
537 0.32192283605233163
538 0.7485077419823458
539 0.5919357420607425
541 0.2644150000000003
540 0.32142871190449895
542 0.7998192766292447
543 0.8034500574010002
544 0.6205870000000002
545 0.7598039999999999
546 1.418626
547 1.164706
548 0.6192167068734697
549 0.9874220000000002
550 0.9357522202241476
551 0.28949816011260254
552 0.9357310698883112
553 0.39903500000000003
554 0.6795212474897669
555 0.555882
556 1.256057292175189
557 0.13255086977260513
558 0.02452500000000002
559 0.7952500000000002
560 0.34812283597323845
561 1.8401950000000002
562 0.5507589457168884
563 1.5509810000000004
564 0.7152138221416322
565 0.974261
566 0.7349760883851749
567 1.884059
568 0.6213394140160002
569 1.4458982210731575
570 1.725877901132325
571 0.48235300000000003
572 1.3729747979240001
573 0.20236975775509639
574 0.18633430818075314
575 0.040980000000000016
576 0.23921500000000018
577 0.020613282293047597
578 1.1539210000000002
579 0.945099
580 2.259390522116
581 1.8250021789857616
582 0.17287286297600013
583 0.40822846512899996
584 0.7113590000000001
585 1.1894288000360007
586 0.691338
587 1.2349992187240002
588 0.7382359999999999
589 0.6591030901363643
590 0.3569935240496671
591 0.6587890000000001
592 0.867653
593 1.4022620000000001
594 0.1801817369373495
595 1.52647
596 1.0688729604
597 0.830401
598 1.038894552533905
599 1.4299140000000004
600 0.8147647688045133
601 0.942942
602 0.3687332667408604
603 0.40301200000000015
604 1.028008894656
605 0.8988760167294388
606 0.55
607 1.0804349999999998
608 1.3013160000000001
609 0.47152294241738907
610 0.5770939097777743
611 0.7765380600323788
612 0.6651100000000002
613 0.5405613184473583
614 0.5103570000000002
615 0.08688000000000007
616 0.022258133135087177
617 0.5936871310154086
618 0.9498086455210001
619 0.020772956181326352
620 1.1192579999999996
621 0.26887880411035914
622 0.4960521736255224
623 1.534553861278262
624 0.866242
625 0.85545
626 0.6446362629760001
627 0.3124506750640619
628 0.9859125506592401
629 1.247899887876
630 0.7794120000000002
631 0.483333
632 0.23266377640000013
633 0.2657472890877266
634 0.297712
635 0.2372050000000001
637 0.8477750000000002
636 0.32041373879808943
638 0.3825142886119895
640 0.13039200000000006
639 0.23823398802500018
641 0.15539225
642 1.9184788360940603
643 0.9214979999999999
644 1.964135
645 0.5990200000000001
646 0.9026179178927962
647 1.5509800000000002
648 0.5066969030009999
649 0.6495609999999998
650 0.4616051919504922
651 2.5007409999999997
652 0.5213695290466871
653 0.39572212935522555
654 2.1323540000000003
655 2.780182
656 0.999688312002313
657 0.446078
658 0.5274678718275332
659 0.7421560000000003
660 0.7072455542155274
661 0.6401960000000001
662 0.9441169999999999
663 0.4634358401808828
664 0.2847180128809521
665 0.38436100032566034
666 1.119563
667 0.7355997218428864
668 0.7569235283360001
669 0.8431379999999999
670 0.7623029019027191
671 1.1970600000000002
672 0.34314775774266604
673 0.7047303620191567
675 0.36102500000000015
674 1.7323540000000002
676 2.722066801729971
677 1.182797
678 0.0018409999999999815
679 1.3950980000000002
680 0.28683000000000014
681 0.546120574115077
682 0.09489944150277507
683 0.41912300000000013
684 0.14440036141466916
685 0.3423050000000001
686 0.06430637562500019
687 0.7071435959129937
688 0.2363873744000633
689 1.5228399887187634
690 0.8611550000000001
691 0.49845375714514617
692 1.588966025401729
693 1.3824748171516157
694 0.33674400000000015
695 0.32183864418304897
696 0.733101
697 0.8626764946560002
698 0.2225490000000001
699 0.788309021761
700 0.761618873560111
701 1.2071600000000002
702 0.2754890000000001
703 0.3911770000000001
704 2.1500009999999996
705 1.2641267053560041
706 0.4930001755146529
707 0.9285470000000005
708 0.6622910831324211
709 1.121634
710 2.4735830000000005
711 0.06861632759289549
712 0.14817700000000023
713 0.23412189975215303
714 0.680314196051192
715 0.3728528693792308
716 0.20686358486304268
717 1.4107839999999998
718 0.671908
719 0.18487600000000004
720 0.6321182296040002
721 1.505788503619044
722 0.5049020000000002
723 0.4303920000000001
724 0.553922
725 0.655883
726 0.07701944984166387
727 0.4049020000000001
728 0.06021742886805871
729 0.8479836525850029
730 0.43627400000000005
731 0.7296471493290357
732 0.27313600000000005
733 0.6820594095772243
734 0.4116476031427607
735 0.588517211904
736 0.1213031646569891
737 0.3676501601
738 0.6586976214833404
739 0.47232419714121043
740 0.920122614258977
741 0.8729870000000001
742 0.34800543886718255
744 0.9655713337906724
743 0.4407405434866054
745 0.881515701892901
746 2.1477658802593
747 0.663726
748 2.2107840000000003
749 1.4479858175285496
750 0.5331004691911831
751 0.19920727366400004
752 0.18488053984038416
753 3.675489
754 1.9598040000000003
755 0.8309856052409998
756 0.64673
757 0.2543418624359999
758 0.8957800000000002
759 3.033333
760 2.557843
761 0.46568600000000004
762 0.6409143347834714
763 0.9343413130525029
764 0.4653012300589103
765 1.5656860000000001
766 0.0935302018855324
768 0.8928910690005691
767 1.103921
769 0.5681247463862154
770 0.473039
772 0.08137299999999992
771 0.8446285683821152
773 0.47745100000000007
774 0.25272493202999147
775 0.26114208699454555
776 0.7054788300013923
777 0.6137859999999999
778 0.4897331313474164
780 0.21827455749815328
779 0.6289177984256034
781 0.3742799291667316
782 0.6406334171256163
783 0.9370709999999995
784 0.7708985724027277
785 0.8679528941843049
786 1.4168436402509175
787 0.7387379851693683
788 0.21277893039778037
789 0.36720300000000017
790 0.996137650596
791 0.009718543087150922
792 0.07652752108382921
793 0.38558000000000003
794 0.1289654667965494
795 0.6691806138409999
796 0.3694888866768562
797 2.5845012736640003
798 0.09901900000000019
799 0.813652
800 0.04607800000000006
801 1.694182153831443
802 0.30224978605259745
803 1.8012754228746386
804 0.8641240000000001
806 0.36764700000000006
807 0.8248690638124647
805 0.555935993656125
808 0.909288688896
809 2.220803342991685
811 1.0608786870440003
810 0.7917163684546655
812 0.878888050596
813 0.5989280000000001
814 0.4553815786240001
815 0.6353893180547872
816 1.9617640000000003
817 0.7014902519483812
818 0.5294800000000002
819 0.3603567865532604
820 0.8910664967968589
821 0.24071269007603746
822 0.07647000000000026
823 0.29391492370072125
824 0.8696080000000002
825 0.6661300267930479
826 0.304902
827 0.37418555558248867
829 0.4534849250116978
828 0.8800979804427675
830 0.5555129590943133
831 0.8201649489326348
832 0.31479199999999996
833 0.3597692138409998
834 1.5398292067051826
835 0.6159334818549801
836 0.5955357582885833
837 1.246078
838 2.1007904544564644
839 0.3396869936215674
840 0.32654402176100006
841 0.6764337244429764
842 1.530394
843 0.9294119999999999
845 0.681659
844 0.7520188674701075
846 0.09902000000000011
847 1.442144280650085
848 0.23311300000000013
849 0.553802197924
850 0.6281252633439378
851 0.6694427935378608
852 1.29711198949016
853 0.7017914230178428
854 0.23418800000000006
855 0.5827470000000001
856 0.6210421494810001
857 0.01862600000000003
858 0.39702372197204927
859 0.6704377118851644
860 0.40027299823184825
861 0.5325235315510719
862 0.334174949481
863 1.6245401082001358
864 0.7375877589225226
865 0.7913096172999291
866 1.1839048273481108
867 0.7294130000000003
869 0.6821029770789747
868 1.1990200000000002
871 0.5112539355447862
870 0.6847099986113486
872 0.575779103889
873 0.5709724736640001
874 1.2960800000000001
875 0.1640220000000001
876 0.6518689752249085
877 0.28898900000000016
878 0.534314
879 1.249364248736191
880 1.0317807081785093
881 0.6368529080727103
882 1.2464871820839998
885 0.30098
883 0.9746520000000001
884 0.5753809999999999
886 0.812621
888 0.7815940000000001
887 0.4536665742677515
889 0.3358033775170851
890 0.39732757862400003
891 0.7768417036057153
892 0.460788445521
893 0.937254
894 0.772392
895 0.5633203407741345
896 0.2520200302335973
897 0.26960699999999993
898 0.6101139622883169
899 1.377451
900 0.6265020000000001
901 0.14803900000000003
902 0.8907180000000001
903 0.757843
904 0.5769641168251625
905 1.1862730000000001
906 0.49166600000000016
907 0.824775666436
908 0.5642320628946432
909 0.08431300000000008
910 1.414026
911 0.8302426870440001
912 0.43176802806143555
913 1.1277576185313143
915 1.2872540000000001
914 0.7602892646680016
916 1.2472040000000002
917 0.6304057322313165
918 0.22310993264400003
919 1.048041
920 0.59195
921 0.2262524181955838
922 0.5138386590226328
923 0.7940689999999999
924 1.3144511916959998
925 0.50098
926 0.7911760000000001
927 0.41013130131964215
928 0.5281851321103328
929 1.017646
930 0.24821500000000007
931 1.5960280000000002
932 0.13347700000000007
933 2.455372145853845
934 1.281882182601959
935 0.19256393502500013
936 0.33146094214718747
937 0.31328919910980635
938 0.868534
939 2.4068620000000003
940 3.0116499999999995
941 0.17954401402332532
942 0.8294220000000001
943 0.6623837493561558
944 0.3981490000000001
945 0.010921554655604071
946 0.7139680899259577
947 1.067648
948 0.875491
949 0.4981178766625947
950 2.289472
951 0.6990190000000001
952 0.8053303255448517
953 0.6157991067035649
954 0.5366157529350498
955 0.634462864976
956 0.42428706984797526
957 1.0295889999999999
958 0.2322929798270551
959 0.4965838434314509
961 1.2555722657440003
960 0.6637250000000001
962 0.9109807873484441
963 0.735949130049
964 1.041177
965 1.047017
966 0.9244495728090001
967 0.33188484198164603
968 0.9276580000000001
969 0.017880435072149425
970 0.843346462964267
971 0.04010901903383424
972 1.0740891567422548
973 0.25601652573369316
975 1.0912180000000002
974 0.5951145960969593
976 0.7519600000000002
977 0.5882623541431775
978 0.8826559999999999
979 1.5419047218343442
981 1.5049020000000002
982 0.532247791696
980 0.43823600000000007
985 0.6186080000000003
987 0.3618733113593411
984 0.44091990555116717
986 0.6493218005503186
983 0.45759800000000017
988 0.28953802222113456
989 0.8927778108650157
990 0.4497524077197361
992 0.666991
991 0.7863811334834205
994 0.8631509749009714
993 0.6999653289053539
995 1.064216162716032
996 0.8394222024468061
997 0.41078400000000004
998 1.7944100000000003
1000 0.59345
1001 0.12454419792399984
1003 0.6761977174738218
1002 0.4859167959709998
999 0.32996251594150544
1004 0.010784000000000127
1005 0.8234995520846589
1006 0.9011140000000002
1007 0.926897786477256
1008 0.195098
1009 2.0000213744
1010 1.254301
1012 0.8280438281089655
1014 0.338236
1011 0.7216894712315501
1015 0.6758156735613312
1013 0.491267210777091
1017 0.018569000000000058
1018 0.499319
1016 0.9354769999999999
1019 0.916931599769
1020 0.33084580576236733
1021 0.7045700000000001
1022 0.7082672657440001
1023 0.4631615870909096
1024 0.8969821011871014
1025 0.24924767473501164
1026 0.023997000000000046
1027 0.9303920000000001
1028 0.4031711604691448
1031 0.47297605807889265
1032 0.772972401259356
1029 1.042067705625
1030 0.827124
1033 0.2558830000000001
1034 1.048544181030457
1035 0.3088240000000002
1036 0.851961
1037 0.05784300000000009
1038 0.8334293559641996
1039 0.6706805011370129
1040 1.2339850709578741
1042 0.09743906809325065
1043 0.9322355193596422
1041 0.16826700000000017
1044 1.693138
1045 2.02951
1046 0.6479222202098207
1047 0.7901750883513652
1048 0.26328878252716836
1049 0.42036364075378163
1050 0.11559044706248767
1051 0.7878616289
1052 0.4131260000000001
1053 1.1330133288959996
1055 1.1958399999999998
1054 0.6872550000000002
1057 1.1382360000000002
1056 0.382131
1058 0.28972200000000026
1059 0.4796227590041451
1060 0.7146344490926853
1061 0.584932408172582
1062 0.44379991296524657
1063 0.942158
1064 0.9384511335879756
1065 0.45231013411644005
1067 0.6703587544385221
1066 0.6125870392697141
1069 1.012005
1068 1.7388700000000001
1070 0.8961552828389778
1071 1.700366
1072 0.11615162960400016
1073 4.084964
1074 1.6014260000000002
1075 2.320588
1076 0.7431631494586912
1077 0.42254900000000006
1079 0.7548835208981286
1078 0.8297465494312533
1080 0.5709749096657457
1081 0.8888902163458712
1082 1.5481996845277075
1084 0.12629033534191714
1083 1.2600726289239088
1085 1.2226180810200498
1086 1.2094069848895999
1087 0.9243020000000002
1088 1.1165698629760004
1089 0.18522301748124437
1090 0.23429192571197643
1091 0.4021288065136356
1092 0.3837790000000001
1093 1.4467165139266467
1094 1.3937317070622488
1095 0.7289423683025082
1096 0.31885200000000014
1097 0.29879100000000003
1098 0.701732
1099 1.008823
1100 0.865932850596
1102 0.4051251679633726
1101 0.24761900000000003
1103 0.9940310000000001
1104 0.4693571237354194
1105 0.861802960681
1106 2.3614858664359994
1107 2.1308445366990885
1108 0.6626680178389941
1111 0.16930187322886314
1109 0.30921409696400004
1110 0.8518713150855107
1113 0.41407899715969265
1112 1.277668929924
1114 0.864708446400877
1115 1.0967302951807627
1116 0.35920277948569646
1117 0.7734798398317719
1118 0.8345695494810002
1119 0.530994
1120 0.8539200000000002
1121 1.2305409999999999
1122 0.7515365354647494
1124 1.479411
1123 0.3957477401
1126 0.6032697555054334
1125 1.0503653280336407
1127 1.9147247500000006
1128 3.236498
1129 1.1765170000000007
1130 0.6989010567425094
1131 0.917028294656
1132 1.0257829184160001
1133 1.3690381890841123
1134 0.872302
1135 1.2480380000000004
1136 0.40438897241947247
1137 0.7239924973451339
1138 1.051995
1140 0.4124620000000001
1141 0.7404752362012281
1142 1.389187
1139 0.539215
1143 0.6608402819972987
1144 0.75
1145 0.5064985565171325
1146 0.618591394361
1147 0.8394392869148487
1148 0.10762780707235346
1149 0.5162246057993142
1150 0.5918940207052722
1151 0.47145499999999996
1152 0.766241
1153 0.04399782714228324
1154 0.8487672364729735
1155 0.6865734053828352
1156 0.019415645521000058
1160 0.7708839999999999
1157 0.8240404173897764
1158 0.9089882096382537
1159 0.29379550505206375
1161 0.635113
1162 0.63123
1163 0.5538346418709725
1164 0.5313720000000001
1165 0.8372193279703709
1166 0.8343140000000001
1167 0.793623328461796
1168 0.313627
1170 0.6767847265622836
1169 0.5104602691027891
1171 0.591275893830551
1172 0.7539210000000001
1173 0.8154045843185125
1174 0.609429328948234
1175 0.028261419396156673
1176 1.6319298946559997
1177 0.3921967721288373
1178 0.047197415225000205
1179 0.5573686983619441
1180 0.18069800000000003
1181 0.939515
1182 0.6986137322412378
1183 0.04901601264900002
1184 0.714706
1185 1.52647
1186 0.7614589386607831
1187 1.959127010513826
1188 1.4656770000000001
1189 1.389201391614786
1190 0.7679530297878651
1191 0.6796959999999999
1192 0.5440971312094341
1194 0.9532460000000003
1193 0.7494630000000002
1195 1.781780182084
1196 0.8754900000000001
1197 0.09803900000000021
1198 0.396916545823581
1199 0.36662700000000004
1200 1.1372540000000002
1201 0.3781238690953772
1202 0.4156869999999999
1203 0.7435249227448948
1205 1.5655878770250002
1204 0.7911650756255932
1206 0.49340917658563854
1208 0.043382850596
1207 1.4586826927707708
1209 3.2831046609000003
1211 0.8023200000000001
1210 0.4298665665514778
1212 0.6041239999999999
1213 3.406757
1214 0.856986381983373
1215 1.9976567099372062
1216 2.970190073664
1217 2.211822436823131
1218 2.8254968415999997
1219 1.8556834998185405
1220 1.540322
1221 0.269461066436
1222 1.0088230000000002
1223 0.550832627998805
1224 0.8836841998552237
1225 0.6676469999999999
1226 0.8510839808730402
1227 0.48530200000000007
1228 2.75077
1229 0.32297674269518484
1230 0.19425800000000026
1231 0.22451100000000013
1232 0.799874178624
1233 0.23341600000000007
1234 0.7272702968650584
1235 1.4106020000000001
1236 0.8032685284744483
1237 0.9416611625964699
1239 0.33331100000000013
1238 0.26323196645569635
1240 0.8932789999999999
1241 0.9232870475471344
1242 0.583858755556
1243 0.9405621828564839
1244 0.833334
1245 0.030551325226995774
1246 0.8786749603999999
1247 1.5049019999999997
1248 0.7615821921987813
1249 0.7703692339396986
1251 1.1002030183682179
1250 1.4475401233978802
1252 0.35841600000000007
1253 0.9261710000000003
1256 0.178487931222844
1255 0.23402549816528095
1254 1.9445810956668816
1257 0.5897453151655989
1258 0.8211081980371313
1259 1.8586739786240003
1260 0.6913750000000001
1261 0.40882300000000016
1262 0.24505281488801406
1263 1.0127460000000001
1264 0.7162388277200658
1265 0.547059
1266 0.6854890871575323
1269 0.49306097176078556
1268 0.780069466436
1267 1.1636507980215354
1270 0.2992096296641325
1271 0.9094930000000003
1272 1.6676469999999999
1273 1.051932912649
1274 0.8455774306443616
1275 0.8986324509112802
1276 3.0715150000000007
1277 0.7829220731877182
1278 0.13516053130609662
1280 1.0519610000000001
1279 1.462884
1282 0.9023222946560001
1281 0.5223170051791788
1283 0.3019650943266299
1284 0.054902000000000006
1285 0.6394490000000002
1286 0.382741
1287 0.152515613841
1288 0.4427399999999999
1289 0.07232478176400003
1290 0.13183186786748002
1292 0.6423099999999999
1291 1.5997899999999998
1293 0.3428097548765967
1294 0.5817173480731412
1295 0.7861830000000001
1296 0.22245899999999996
1297 1.0676470000000002
1298 0.2118257401000001
1299 1.0715679999999999
1300 1.3742052310013866
1301 0.41078400000000004
1302 0.9762375390553546
1303 0.06837709108099999
1304 1.1074940000000002
1305 0.13193500000000014
1306 0.11994700000000003
1307 0.9225592240140199
1308 0.3735299999999999
1309 1.3784747367602785
1310 0.10238093361923051
1311 0.9342072350258512
1312 0.47548999999999997
1313 1.156322
1314 0.5117095617315993
1315 0.5507366880326978
1316 0.875491
1318 0.15799174542515693
1317 1.3722382657440002
1319 1.0547711221111664
1320 0.6456539999999997
1321 0.416666
1322 0.349373277219559
1323 0.37172560217074513
1324 1.056866
1325 1.4733935647995409
1326 0.855645
1327 0.8982509350250001
1328 0.5385705725377177
1329 0.12713337548167788
1330 0.7740769999999999
1331 0.753799133261791
1332 0.745199474241
1333 2.263724
1334 1.255998907097186
1335 1.0512400000000002
1336 0.90795
1337 0.3719343532929238
1338 1.2591789310278252
1339 0.19343173196208574
1340 0.5776107455263977
1341 0.569607
1342 0.40306700000000006
1343 0.5825494030789269
1344 0.49117600000000006
1345 0.9467399107500314
1346 2.552778
1347 0.21862600000000043
1348 0.259804850596
1349 1.5551230000000003
1351 0.835758
1350 0.8058416943336847
1352 2.0132060000000003
1354 0.1352930000000001
1353 0.8111562374158428
1355 0.4029522144945079
1356 1.053268374333754
1357 1.0119532736640002
1358 0.7434271260371939
1359 0.42046945805565983
1360 0.13805395525983033
1361 1.383383369561
1362 0.4892171576623483
1363 1.3112799999999998
1364 0.7138611961063316
1365 0.5068629999999998
1366 0.028093000000000146
1367 0.7127264967051017
1368 1.5148543820339044
1369 0.512908401750348
1370 0.1379096666666666
1371 0.9170331060198873
1372 0.49151734024188953
1373 1.865686
1374 0.535423472516257
1375 2.324452
1376 0.49339954953116827
1377 2.018926995524285
1379 2.10098
1378 0.09814205430399214
1380 0.8667765518975418
1381 0.6018767481213486
1382 0.294928456641
1383 0.322050554649
1384 0.6440357594896675
1385 0.8117582810533249
1386 0.5734952599246392
1387 0.9330399389106865
1388 0.5981482601085963
1389 0.432872262976
1390 0.8481145769896943
1392 0.6971195283360001
1393 0.7327137125536712
1391 0.891834066436
1394 1.431798797924
1395 0.757941
1396 0.99902
1397 0.3985879959200035
1398 0.2863736987504962
1399 0.23235300000000003
1400 0.6722423151853865
1401 0.06938200000000005
1402 0.27549
1403 0.635294
1404 0.1454053870341494
1405 0.8119536736640001
1406 0.32651600686399995
1407 0.835294
1408 0.5040772240529551
1409 2.3828603787237217
1410 2.999084132631446
1411 0.445601314934281
1412 0.10845880361218652
1413 0.852866
1414 0.964171303665583
1416 0.560934
1417 0.10757566409999986
1415 0.6060900000000002
1419 2.1696089999999995
1418 1.1679420885944076
1420 0.22103468857139263
1421 0.6882664533276599
1422 1.4062599299145215
1423 0.32203545186874183
1424 0.10428977033321085
1425 1.244194
1427 0.9264700000000001
1426 0.3352687674485335
1429 0.8893019920308046
1428 1.661764
1430 0.15196100000000023
1431 0.1892465529489029
1432 0.858388
1433 0.034174949481000194
1434 0.08929972792899998
1435 0.1169953184160002
1436 0.16045374010000013
1437 0.14714855740100008
1438 0.803921
1439 0.5990714344908877
1440 0.055099485962062156
1441 1.722549
1442 1.2452467569590298
1443 0.728431
1444 0.11721225734607743
1445 0.794659
1446 0.8900168811393113
1447 0.8788710573605766
1448 0.6509069999999999
1449 0.598902
1450 0.5311600000000001
1452 0.396619
1451 0.9052291804142019
1453 0.854277589122954
1454 0.7263918984363357
1456 0.6932400000000001
1455 0.672949
1457 0.5777735814774068
1458 0.75703056619737
1459 0.9173928651290002
1460 0.18129062391909234
1461 1.134752
1462 0.7736683006440593
1463 1.2999844845901463
1464 0.820587
1465 0.6779269223520361
1466 0.3245180000000001
1467 0.05851767146794762
1469 0.7163176145960002
1468 0.7717946963458986
1470 0.07340892429872503
1471 0.9083190000000001
1472 2.538219479424537
1473 0.5865751773743233
1474 0.6385695663047278
1475 0.6176480000000002
1476 0.36847467791989863
1477 1.882242
1478 0.929411
1479 0.558602
1480 0.49509800000000004
1482 0.7558449550351829
1481 0.21569911382456097
1483 0.4899959999999999
1484 0.2524210000000001
1485 1.7990199999999998
1486 0.12196774466270188
1487 0.19127246499678052
1488 0.8063739784681379
1489 1.075276
1490 0.03184098109023015
1491 0.9456793756249999
1492 0.448113
1493 0.49011974009999976
1494 1.1938930000000003
1495 0.03277999792399999
1497 0.2709419245183523
1496 0.621708066436
1498 0.5489051056018575
1499 0.623249465744
1500 0.037361130225000094
1501 0.46351
1502 0.652941
1503 0.534313
1504 0.9369899391252652
1505 0.9834329024853419
1506 0.2659050650354256
1507 0.8401960000000002
1508 0.5959915397828912
1509 0.785023749937551
1510 0.6645708280140803
1511 0.44901900000000006
1512 0.4480390000000001
1513 1.0735279999999998
1514 0.24882504838979957
1515 0.050688999999999984
1516 0.7343991946225933
1518 0.16336879735068588
1519 0.8404149999999999
1517 0.8253771149540732
1520 0.8852940000000002
1521 0.5071480000000002
1522 0.6904988803033609
1523 0.780379165534817
1524 0.5869590000000002
1525 0.12115501068740933
1526 0.08186544206419821
1527 0.943323
1528 0.938504
1529 0.27156899999999995
1530 0.07254999999999989
1532 0.20636958474059086
1531 0.9297314045977435
1533 0.5749113707153799
1534 0.26922786583201475
1535 0.7402852920823029
1536 0.9040206622847416
1537 1.477454065129
1539 1.0854364223371074
1538 1.629468
1540 0.32838900000000004
1541 0.5618042203200353
1542 3.002662
1543 0.6287882982787346
1544 0.0839531102333757
1545 0.6016184630725043
1546 1.681344
1547 1.827614556267646
1548 0.5339580737452935
1549 0.4767635372260248
1550 0.9922325006119808
1551 0.6792735486422312
1552 0.022637347079578412
1553 0.5480400000000003
1554 0.4029458455210002
1555 0.4185216909925677
1556 1.512971
1557 0.643137
1558 0.8989390166090001
1559 0.6183166364041177
1560 0.1399367142143865
1561 0.23582820129173387
1562 1.1296225820840002
1563 0.6371455567731232
1564 1.7835500000000002
1565 0.8315310468876256
1566 0.5992777827195606
1567 0.8048596158703487
1568 1.505665679940982
1569 0.7636214430985256
1570 0.05070727975851863
1571 0.6407629684240943
1572 1.2840535784418796
1573 0.75433280411738
1574 0.6354370189440002
1575 0.6983660138890069
1576 0.5225733308898415
1577 0.33363806540215174
1578 0.8129591039125036
1579 0.5514381534630277
1580 0.231225465129
1581 7.594263291932357E-5
1582 0.3824250000000003
1583 0.712744
1584 0.12415146528694487
1585 0.601277328881554
1586 0.6751820000000002
1587 1.5138628072199782
1588 1.3460790000000002
1589 0.6180640000000002
1590 0.8067715712346091
1591 0.6980081666073097
1592 0.6903838439523315
1593 6.349244112615615E-4
1594 0.15379792998615804
1595 0.3132478527310185
1596 0.9107850000000002
1597 0.7251320000000001
1598 0.49964655621264453
1599 0.3485353133108176
1600 1.0730860000000002
1601 0.697459
1602 1.976593856087127
1603 0.5944171714708848
1604 0.6550877044540631
1606 0.9712319603999999
1605 1.093136
1607 0.7108786603973157
1608 0.729412
1609 0.25294
1610 0.6634011157225626
1611 0.9039948217610001
1612 1.274481
1614 0.358182131403445
1613 0.641184
1615 0.9605130559545649
1616 0.3472711170560001
1617 1.795098
1618 2.4847080000000004
1619 0.903834
1620 0.362802535212827
1621 1.0519610000000001
1622 1.1328196217610003
1624 0.9373770000000001
1623 0.804999488889
1625 0.4950914510427895
1626 0.09847281898814186
1627 0.49975722772384823
1628 1.6055650387124476
1629 0.25732900000000014
1630 0.8862739999999998
1631 1.9378116946560004
1632 0.9284320000000001
1633 0.4431063378517768
1634 0.8182992590452334
1635 0.8231464323594697
1637 0.0010817052845928377
1636 0.8457460000000001
1638 0.8542274716276947
1639 0.320128538042932
1640 2.0830719999999996
1641 0.375003
1642 0.219403183056591
1643 0.26185230701619666
1644 0.7110428465651718
1645 0.4360708416000001
1646 0.6555279184160001
1647 0.3856179630791967
1649 0.5454917827200778
1648 0.5813740000000005
1650 0.08235300000000012
1652 0.9176460000000001
1651 1.7517340000000001
1653 0.3947529999999999
1654 1.210783
1655 0.08472685253604274
1656 0.3336007354890001
1657 0.7016042574503017
1658 0.31846943532100025
1659 0.836936
1660 1.1519610000000002
1661 0.6392150000000001
1662 0.08986574010000004
1663 0.3078430000000001
1664 0.12763927366399996
1665 0.2654592046590627
1666 0.889469923721
1667 2.5385267401
1668 0.8714282857142858
1669 2.4883754152249997
1671 0.4181694888890002
1670 1.032352
1672 1.5541744553640002
1673 0.5359970000000001
1674 1.0558819999999998
1675 0.0726791668359077
1676 0.7382340000000001
1677 0.43247200000000013
1678 0.6304371917093352
1679 1.226412
1681 0.35884400000000016
1680 1.222548
1682 0.9252200000000004
1683 0.31840009465600017
1685 0.2751836437819277
1684 0.937275650596
1686 0.2854573320695628
1687 1.474206
1691 0.16176500000000016
1688 0.4453580135176336
1690 0.7993647612365592
1692 0.06231224431218707
1689 0.82031229406899
1693 0.7178416159464849
1695 1.5676480000000004
1694 0.9258027092898513
1696 0.6886479177209477
1697 0.9034950138180191
1698 0.6209110761389898
1699 0.5535301160883224
1700 0.5107840000000001
1701 0.33196756073568134
1704 0.5178904215298451
1702 0.43823600000000007
1705 0.4823559626423448
1703 0.5539210000000001
1706 0.5931919999999999
1707 0.8794120000000001
1709 2.449480790593338
1708 0.16127734683098716
1710 0.55739264453596
1711 0.6704780000000001
1712 0.07202652929911046
1713 2.2357587118081685
1714 0.37219356156224426
1715 0.7370655541763553
1716 0.22510598840798424
1717 0.5512415273749671
1718 0.422703335431186
1719 0.06862800000000013
1721 0.7517911485869364
1720 0.27156800000000003
1722 1.6421560000000002
1723 0.5697445185585617
1724 0.8391622871977469
1725 0.940196
1726 0.47727239707271446
1727 0.002214549480999972
1728 0.10494957247018855
1729 1.0916566398346845
1730 0.0680050000000001
1731 0.887256
1732 1.5094009999999998
1733 0.7291370000000004
1734 0.25784300000000004
1735 0.391756764178174
1736 0.7970590000000002
1737 0.5379560000000001
1738 0.785432415225
1739 0.25781504326868543
1740 0.5861041600000001
1741 0.92549
1743 0.2494394695857605
1742 0.9233398681467286
1744 0.5847586286156395
1745 0.15637112989774038
1746 0.7264999999999999
1747 0.80098
1748 0.032778997924000075
1749 0.348036
1750 0.29620968888899996
1751 0.560857021761
1752 0.41675048131478865
1754 0.8807850166691853
1753 0.39582519169600006
1755 0.3024426276530702
1756 0.5404335928659546
1758 0.49343256306189887
1757 0.763523
1759 0.4868218815490469
1760 0.6523042065183781
1761 1.8656880000000002
1762 0.6763380000000001
1763 1.900598383607001
1764 1.2482139166090003
1765 0.0840759841568024
1766 0.04495748313964587
1767 1.9994259820840006
1768 1.028431
1769 0.831764937942569
1770 0.4701348206363798
1771 0.21281715383144273
1772 0.15430300000000008
1773 0.22758068888899996
1774 0.5696079999999999
1775 0.236275
1777 1.338236
1776 0.5003978296039999
1778 3.1761717672302243
1780 2.173528
1779 0.12156900000000004
1781 0.3065993063758632
1782 0.8336151796860133
1783 0.9225520000000003
1784 0.12374066051600008
1785 2.8068793457855765
1786 0.4978570000000001
1787 0.731077
1788 1.0124288508021742
1789 1.7500000000000002
1790 0.797773
1792 0.6383387561071974
1791 2.1637259999999996
1793 1.7437617899612354
1794 0.1679132007690003
1795 1.0205890000000002
1796 2.5539199999999997
1797 0.19616290624805854
1798 0.5389275338900874
1799 0.5959220000000001
1800 0.05079699999999998
1801 0.76170799837192
1802 0.07722371622514891
1804 0.8961440000000002
1803 0.5611561607062969
1805 0.04498440651301394
1806 0.6245100000000001
1807 0.4141135478277562
1808 0.23915967366400004
1809 1.1720050000000002
1810 1.2529420000000002
1811 2.6266627072870374
1812 0.26550938719594686
1813 0.6695384042683741
1814 0.35071399999999997
1815 0.31126048888900004
1816 0.3745100000000001
1817 0.730517397177959
1818 0.2532319896668494
1819 0.28982600000000014
1820 0.9022159740626665
1821 0.5784309999999999
1822 0.7889624668746886
1823 0.4185969999999999
1824 0.9941180000000001
1825 2.0109164519040004
1826 1.2452130722207044
1827 1.1147070000000003
1828 0.18264750044599598
1829 1.5375624164882125
1830 0.7950069892100651
1832 1.955337627172711
1831 0.49215600000000026
1833 1.287404507689
1834 0.35686246246564113
1835 0.8623904515861341
1836 0.881141
1837 0.10611792986163882
1838 1.830094
1839 1.00126
1840 0.7082094842638055
1841 0.9030776487523215
1842 1.0590120320380765
1845 1.8774520000000001
1843 0.3932021530948142
1844 0.16843970396325658
1846 1.1433145461372944
1847 0.7738460207052722
1848 0.197009
1849 0.07888820238400007
1850 0.5423807671445691
1851 0.6243033168723037
1852 1.460786
1853 0.05155406194767271
1854 0.6598040000000001
1855 2.407101978789571
1856 0.7617659999999999
1857 2.2715690000000004
1858 0.005855778930979549
1859 0.41279286097347523
1860 0.8841995293285457
1861 2.1319220000000003
1862 0.8379218496305666
1863 0.22232700000000016
1864 0.08777902435687146
1865 1.0657477401000002
1866 0.3188582653315792
1867 0.8131800896715223
1868 1.1352985315374544
1869 0.7174922669430681
1871 0.9759500000000001
1870 0.4465917143316652
1872 0.40490099999999996
1873 3.9794099999999997
1874 1.720766
1875 1.179585146876615
1876 0.7645380932667403
1877 2.95240849183652
1878 0.6966078289602902
1879 3.508826
1880 0.07458280859082089
1881 0.9382360000000001
1882 2.1950059121445697
1883 1.1937165281044593
1884 0.9060799640999999
1885 0.28122400000000014
1886 0.899065265129
1887 0.42646399999999995
1888 0.07843100000000014
1889 0.7766850000000001
1890 0.17099618208400003
1891 1.3458965415130295
1892 0.21532010449128403
1893 0.03514886741156445
1894 0.04045118987638052
1895 0.16092079169600026
1896 0.6341749494810001
1897 0.7158340481960289
1898 0.4024340117915507
1899 0.7310296505960001
1900 0.7450700498399975
1901 0.8067248553640001
1902 0.33517701345900874
1903 0.971568
1904 0.8070787118311677
1905 0.4578785979239999
1906 0.5762248809322956
1907 3.1869497091239998
1908 1.920590065129
1909 0.8099547630362662
1910 1.750001
1911 0.5788358525654522
1912 0.7580739307556998
1913 2.1742785313564825
1914 0.20490037204099987
1915 0.09375500000000003
1916 0.42405052423033374
1917 1.1352950000000004
1918 1.0303920000000002
1919 2.440026227952127
1920 1.4649117674588952
1921 0.6931499999999999
1922 1.1882250000000003
1923 0.685796717121
1924 0.9440907212249999
1925 0.7911346667807926
1926 0.825491
1927 0.4759864517225807
1928 1.2124168814770846
1929 0.6392149999999999
1930 0.46826115024978565
1931 0.028005361909217763
1932 0.3031300000000001
1934 0.037825593675218094
1933 0.21419668223250077
1935 1.0992305820839998
1936 0.9115410946047445
1937 2.2309830149737984
1938 0.6623773215048387
1939 0.7248620424027028
1940 1.0353500000000002
1941 1.4049030000000002
1942 1.2096829909601985
1943 0.03983300000000012
1944 2.7046598884590853
1945 0.9082969999999999
1946 0.7059552296040001
1947 1.2185690000000002
1948 3.0041298946559998
1949 0.12979745059600023
1950 0.03147696663876087
1951 0.8624779364670004
1952 0.8340795891884768
1953 0.3745228463336383
1954 0.7786860083910343
1955 0.3872549999999999
1956 0.6916573130390302
1958 0.42287400961305655
1957 1.3339098112701555
1960 0.20294100000000004
1959 0.07860195568108752
1961 0.583163549701234
1963 0.5350250000000002
1962 1.594117
1964 0.30000000000000004
1965 0.8806332479512855
1966 0.8011111806894357
1967 0.3665626919505206
1968 0.12041999999999997
1969 2.9018106963999992
1970 1.404902
1971 0.4913746879053884
1972 0.014342000000000077
1973 0.9325977125015987
1974 2.095432993296
1975 0.5328340000000003
1976 0.7993330424199048
1977 0.12770700000000024
1978 0.023112000000000132
1979 0.17998953196900014
1980 0.6557401026569731
1981 0.006551528459419864
1982 0.8852940000000002
1983 0.07088895365477144
1984 0.604902
1985 1.366990662976
1986 1.5264610739150093
1987 0.23464907836900006
1988 0.38278249874416326
1989 0.5902855866553212
1990 0.37201045059600024
1991 1.204902
1992 0.9315870000000002
1993 1.677452
1994 1.1720447778903924
1995 0.8854999604000001
1996 0.6922189617495059
1997 0.8127440000000001
1998 0.4444119124793328
1999 0.4648277361038089
2000 0.8769357473343958
2001 1.3363320663368017
2002 0.47365109577821873
2003 1.3909823675701414
2004 1.1421560000000002
2005 1.3088239999999998
2006 0.4200156570970559
2007 0.1460821903349332
2008 0.4537
2009 0.955858882944
2011 0.03551042411173977
2010 0.5801795783371939
2012 2.4460750000000004
2015 1.6025336622641417
2013 0.23287193366927306
2014 0.8598307651994185
2016 0.17735383737824506
2017 0.005309252979496026
2018 0.4213144152250001
2019 0.31849311264900004
2020 2.9641330296040005
2021 2.685777
2023 2.5246900000000005
2022 0.7012886589157482
2024 1.598038
2025 0.4695659829866936
2026 0.7113598834192675
2027 0.15845054956703897
2028 0.387254
2029 0.29794180401738823
2030 0.43859157534773696
2031 1.0803930000000002
2032 0.09356448416754692
2033 1.265547984144
2035 0.5372520000000001
2036 0.9368449999999999
2034 0.2803521685527124
2037 0.41078000000000015
2038 0.363229
2040 0.4172050830857853
2039 0.6846823056
2041 0.558260869754776
2042 0.30699595988569944
2043 0.778432
2044 0.18706014413990513
2045 0.928233865744
2046 0.20294199999999996
2047 0.4205889999999999
2048 0.6984743383470482
2049 0.8035738416418359
2051 0.43411057120464924
2050 1.0370718966946482
2052 0.42549100000000006
2053 0.35910415365275195
2054 1.019587
2055 0.972356645521
2056 0.4342140000000001
2057 0.3151573538605954
2058 0.32482598959249986
2059 0.3088240000000002
2060 2.638912714188179
2061 1.8124026835206755
2062 0.8643714794261455
2063 2.4710219136051643
2064 0.20084600000000008
2065 2.5997713990490077
2066 0.23493279828900016
2067 0.7680722949839787
2068 0.6716578900826663
2069 0.5434104836042952
2070 0.5098040000000001
2071 0.31036089465600014
2072 0.8245100000000001
2073 0.08725500000000008
2074 0.2755185174217112
2075 0.7839941570294909
2076 0.7722793382600063
2077 1.5198772571282368
2078 0.5774510000000002
2079 0.23903713847514085
2080 0.14459852674409523
2081 0.3794120000000001
2082 0.24215599999999982
2083 1.001422450596
2084 0.5234008537939078
2086 0.4986143333333333
2085 1.3290027401000002
2087 0.678858157401
2088 0.7532040000000001
2089 1.4810159999999997
2090 0.37352900000000006
2091 0.8435243101661067
2092 0.0034907774243171374
2093 0.5087431531890239
2094 0.297966856218293
2095 0.4395800000000001
2096 0.8281374088232958
2097 0.35201078229111293
2098 0.7599126276668323
2099 2.1282595336218213
2100 0.8772469999999999
2101 0.7775125126490001
2102 0.613476435823368
2103 0.12058799999999992
2104 0.5157434522604075
2105 0.37167099999999986
2106 0.1335381945598635
2107 0.646440494656
2108 0.4061811746282793
2109 0.31705964361499084
2110 0.7031870505960001
2111 0.7602550146368079
2112 0.20163747599778525
2113 0.11046571298390262
2114 0.4355057664802866
2115 0.651143274241
2116 1.063775
2117 0.39077680978684937
2118 0.442156
2119 0.8598030000000001
2121 0.0894080120004841
2120 0.887877
2122 0.09770742593397075
2123 0.8262656717037163
2124 0.493687652735171
2125 0.938428489636
2126 0.47156900000000007
2127 2.7427140000000003
2128 1.0577587236000003
2129 1.0631392343375226
2130 0.34192313892900006
2131 0.9660140367631531
2133 0.436895480625
2132 0.3781850000000002
2134 0.2804269428522801
2135 1.646539266436
2136 0.7773337687278767
2137 0.2914649762841688
2138 0.21453199315077898
2139 0.7278581331529488
2140 0.5177339094810001
2141 0.8176680000000001
2142 0.1941427900249999
2143 2.341506230976
2144 0.5782314755520259
2145 2.588816073664
2146 0.9166670000000001
2147 2.775033488889
2148 0.403921
2149 0.2892959601640004
2150 0.399117826007738
2151 2.331119487044
2152 0.09414225175538449
2153 0.42254900000000006
2154 1.155363266436
2155 1.174774
2156 1.4912156364506794
2157 0.36862700000000026
2158 1.0803150000000004
2160 0.26086994045341116
2159 1.4945259350250002
2161 1.422584597924
2162 1.5892599999999997
2163 0.9737132383999998
2164 0.5180889752617222
2165 0.931373
2166 2.669608
2167 1.648039
2168 3.2050018193527174
2169 0.22879202795743048
2171 2.7205880000000002
2170 1.96778
2172 0.9974025474387476
2173 0.2721298736640001
2174 1.9901960000000003
2175 2.187848
2176 2.0229476240413593
2177 0.9051217607490629
2178 0.453921
2179 1.0108150000000002
2180 0.15852899999999992
2181 0.377329
2182 0.21274499999999996
2183 0.7414178180139341
2184 0.6500000000000001
2185 0.4934900000000002
2186 0.82745
2187 0.6152304971353797
2188 0.8417475698401485
2189 1.3208925280028743
2190 0.9330336507460046
2191 0.6957732055041537
2192 0.2929950375995506
2193 1.589215
2194 0.6688263546269273
2195 0.9101469095391415
2196 0.5557969999999999
2197 0.8725362566952475
2198 0.11180816407617589
2199 0.8009800000000002
2200 1.4127355213331596
2201 0.8768369777098168
2202 0.5835052880410001
2203 1.065688
2204 0.9984305720495688
2205 0.7214531999649119
2206 0.46793926886426257
2207 0.1799707289278587
2208 0.2169099725945014
2209 1.0992989024069357
2210 1.2919275024999999
2211 0.657165
2212 1.5804160000000003
2213 0.31703632888458877
2214 1.2253623125507807
2215 0.682355
2216 1.1662225977895748
2217 0.6177634348403122
2218 0.4640470000000001
2220 1.580870607407242
2221 0.07941200000000004
2219 0.6325690000000002
2222 0.02950449102603092
2223 0.5696080000000001
2224 1.4108630518207843
2225 0.45819600000000005
2226 0.7000816657440001
2227 2.6199427687290004
2229 0.7961039217610002
2228 3.188302
2230 0.9252964487005879
2231 1.8742931404704788
2232 0.2644214552371402
2233 0.9447034031476753
2235 1.5676480000000004
2234 0.9121362973976689
2236 0.7809471785387226
2237 0.6245100000000001
2238 0.11408005059600002
2239 0.452998
2240 0.06246800000000019
2241 2.230624589444
2242 0.36156199999999994
2243 0.7784319999999998
2244 2.850002
2245 0.6829899604
2246 0.7891220000000001
2247 0.566622066436
2248 0.25961808227297334
2249 0.820509179628004
2250 1.6514080000000002
2251 0.47504670997760157
2252 0.8209489999999999
2253 0.9326507045672368
2254 0.6677085126490001
2256 0.8312469394150717
2255 0.21887180574916854
2257 0.09141809009933688
2258 0.1135060000000001
2259 0.3448110000000002
2260 0.6699430412200547
2261 1.112798
2262 0.390582978049
2263 0.11666700000000008
2264 0.009553354006988979
2265 0.3885512239721533
2266 1.3592700411594765
2267 0.7581167630975743
2268 0.8514565132258831
2269 0.8495229278172816
2271 0.05392100000000011
2270 0.401454
2272 0.8311469441123975
2273 0.5878438449312344
2274 1.2938014515911143
2275 1.322548
2276 0.22620993490739205
2277 0.8960407229168614
2278 0.5191653882427296
2279 1.4078009999999999
2280 1.4467695099074949
2281 0.926322
2282 1.8797404032010003
2283 0.571429239881976
2284 0.3507549015314001
2285 0.759170672563654
2286 0.4240834138410001
2287 1.010759081225
2288 0.25094483140606116
2289 0.19294100000000003
2290 1.923835173229264
2291 0.6410676682273839
2292 1.076471
2293 0.857616325072416
2294 0.548692090731036
2295 1.0668119999999999
2296 0.7653729642323748
2297 0.7487199353058561
2298 0.648730920933525
2299 0.09607981122451204
2301 1.987280216644
2300 0.81435
2302 0.19559215365343158
2304 0.5481709555560002
2303 1.0088230000000002
2305 0.6873022495843095
2306 0.3250710000000001
2307 1.2460790000000002
2308 0.3362669603999999
2310 0.1925264895832448
2309 0.9691265485850737
2311 0.06585722826561802
2312 0.1431380000000002
2313 1.0950169999999997
2314 0.1952879999999999
2315 0.5950979999999999
2316 0.900426997924
2317 0.49126174403933165
2319 0.3708641476000001
2318 0.05980399999999997
2320 0.759483
2321 1.1156869999999997
2322 1.012745
2323 0.44999999999999996
2324 0.95
2325 0.03776347278796632
2326 2.0870516444997786
2327 1.550248
2328 1.9703468191210003
2329 0.705167666436
2330 0.585294
2331 0.8885055786240004
2332 0.8139690205318548
2333 0.663726
2334 0.41453590807266916
2335 1.1911760000000002
2336 0.7303799981504854
2337 0.29773706004916956
2338 0.5552672248779675
2339 0.21470600000000029
2340 0.2008017769579582
2341 0.7056763445543586
2342 0.7979844728532355
2343 0.7066799783392269
2344 0.7283695720578048
2345 0.9751832524078423
2346 0.015932050596000003
2348 0.6833340000000001
2347 0.09477446643599996
2349 0.22573453554502376
2351 0.7382360000000001
2350 0.5474803134657158
2353 0.9552325406831008
2352 0.3635839999999999
2354 1.9705091513598643
2355 0.8977925130345492
2359 0.4931380000000003
2357 1.28888158827378
2360 0.8552763408066435
2356 1.1135708416000003
2358 0.41870895683640263
2361 0.5980388571428571
2364 0.3211970000000002
2366 0.97353
2367 0.15257400444275093
2365 0.9356901276983011
2362 0.2500000000000002
2370 0.8934937513462915
2369 0.7744977895311731
2371 0.6843130000000002
2363 0.9399547916960003
2372 1.2720429999999998
2373 2.004938862253786
2374 0.8199990000000001
2377 0.39607900000000007
2378 0.5427520198313585
2376 2.516010555556
2375 0.8512605817939587
2379 0.32916341336574195
2380 0.0985831618890789
2381 0.607372
2383 1.4990189999999999
2368 0.77353
2384 1.8825412736640004
2385 0.5470205895096105
2382 1.0911760000000001
2386 0.2026124704933172
2387 0.4021139347860869
2389 0.6685150175655619
2388 0.5996700433436033
2390 0.5003834736639999
2391 0.322489465344
2392 0.22849901651831805
2394 1.6418940000000004
2393 1.5412081746585156
2395 0.38368995493769154
2396 1.6926440000000003
2397 0.2576752267357685
2398 0.6942934380914796
2399 0.3118110080814158
2400 0.5533479350250001
2401 0.2167787438724147
2402 0.88993097804407
2403 1.222548
2404 0.6511609979240001
2405 0.9298309722481239
2406 1.2284309999999998
2407 0.6383767465516292
2408 1.153922
2409 1.1143925645620139
2410 0.42178958204176964
2411 0.16697636107990887
2412 2.5141399999999994
2413 0.45565135796355904
2414 0.905195591524
2415 1.275491
2416 0.6680863282674774
2417 1.4005799484001848
2419 0.6680309669704455
2420 1.761767
2418 1.4756743372424006
2422 1.381998
2421 1.1303910000000001
2423 0.754902
2424 0.0025073395817287736
2425 0.7302230000000003
2426 0.6006379999999998
2427 0.9352231022329363
2428 0.558422375625
2429 3.0147060000000003
2430 0.4828490000000001
2431 1.2865151986869112
2432 0.7840668573540843
2433 0.5480389999999999
2434 0.5053026391578799
2435 0.463519
2436 0.5516126269060257
2437 1.3658760000000003
2438 0.3736912742410001
2439 0.5975449924882271
2440 0.921332
2441 0.7577324530285042
2442 0.31972800000000023
2443 2.48137
2444 0.6685642246421306
2445 0.2037960000000001
2446 0.8027182055342386
2447 0.2580343068412294
2448 0.8606022969640001
2449 0.7991730000000001
2450 0.5166308138410001
2451 1.5295989603999998
2452 0.731263855364
2453 0.17708026507675023
2454 0.968629
2455 0.1175715263899393
2456 0.62993000652246
2457 0.3029395353624802
2458 1.2560667601902342
2459 0.979411
2461 0.05392100000000011
2460 1.5194598608476053
2462 1.1953050200910902
2463 0.09107864741604788
2464 0.795287
2465 0.5164650790035485
2466 1.4535809193680624
2467 0.8289738068441574
2469 0.698399
2468 2.904902
2470 0.150631066436
2471 0.26891200000000004
2473 0.764706
2474 0.784314
2472 0.18194299999999997
2475 0.9064510000000001
2476 0.25277509121713915
2477 0.19630400000000003
2478 0.8617640000000002
2479 1.085066557401
2480 0.0950979999999999
2481 0.8416596087318293
2482 0.865686
2483 0.051416081669181546
2484 0.44665476198398657
2486 0.9449859118348185
2485 0.7191087229168615
2487 0.19626046389641738
2488 0.7348320000000002
2489 1.3225480000000005
2490 0.2069132534993423
2491 0.859013598282578
2492 0.37071024019667664
2493 0.721568
2494 0.7600650652146197
2495 0.8279451089418369
2496 0.1943357350833268
2497 2.5506899999999995
2499 0.4802241894203061
2498 1.0174707378631167
2500 0.7546219226205354
2501 2.3166659999999997
2502 0.057392359546395655
2503 0.3445545657765099
2504 0.4558820000000001
2505 0.2895183435972113
2506 1.081776144127762
2507 0.48649705105023305
2508 0.6496687401
2509 0.5990190000000002
2510 0.1445012432662489
2511 0.42331643320723217
2512 0.9766869999999999
2513 0.7009480629361808
2514 0.6877455000000001
2515 0.7696632830784212
2517 1.263726
2516 1.1840400000000002
2518 2.5297985025000003
2519 0.11807831047714568
2520 0.806227001010716
2521 1.34804
2522 1.3644762563548862
2523 0.5716479999999999
2524 1.8981128296039997
2525 0.8075615150775699
2526 0.789872918416
2527 0.7754909999999999
2529 0.038550536656358776
2528 0.5452500101211999
2530 2.4811199999999998
2531 0.8617650000000001
2532 1.6412162499999996
2534 2.475912
2533 1.7147059999999998
2535 0.7982937686828706
2536 0.8467494771106115
2537 3.62951
2538 2.3174909999999995
2539 1.5990180000000003
2540 2.346258808452945
2541 0.3762863735351445
2542 0.3962800194635562
2543 0.579412
2545 3.520810969385841
2546 2.3127439999999995
2547 2.8194980736639996
2544 0.6033215628428392
2548 0.2892159999999999
2549 0.7838229999999999
2550 0.7236900569435574
2551 0.5149961694210268
2552 0.42153647424099994
2553 0.5543288749427797
2554 0.14607800000000015
2555 0.32982610083402886
2556 3.284808837918991
2557 3.112849251237086
2559 1.014706
2558 0.40966138833593857
2560 0.16960700000000006
2561 0.015021985282716921
2562 0.8680792600865429
2563 0.3182398416000001
2564 0.08118301135819798
2565 0.7064293320535676
2566 0.485465
2567 0.8604688735982525
2568 0.042396268877616716
2569 0.8790376974318593
2570 0.27647100000000013
2572 0.43431399999999987
2571 0.17633340850197143
2573 0.3059487401706884
2575 0.45594252833600013
2574 0.22335143036953098
2577 0.996812
2576 0.6217073916960001
2578 1.283333
2579 0.4607900141668855
2580 0.2188113126490001
2581 1.821619206414366
2582 0.14597000000000016
2583 1.3294819999999998
2584 0.32266276044789133
2586 0.4401949999999999
2585 0.10499815391795095
2587 0.6468031339341007
2588 1.0323540000000002
2589 1.535243669045281
2590 0.5730827075306097
2591 0.3021034208688915
2592 0.38857707862020185
2593 0.606976051904
2594 0.712505605444
2595 0.439179386975152
2596 1.42839
2597 0.9039210781134859
2598 0.863495013841
2599 0.206934633135464
2600 0.46666377363460065
2601 0.7419414629311183
2602 0.4054428043806453
2603 0.24411699999999992
2604 0.126026353641
2605 0.8041239016051809
2606 0.10551008715373311
2607 0.369799
2608 0.7494261862769438
2609 0.6015623756250001
2610 0.6477074195135804
2611 0.6245856918168855
2612 0.6449897010854662
2613 0.18114316008739267
2614 0.895608788752507
2615 0.8000010000000002
2616 0.8505104173897765
2617 0.007913999999999977
2618 0.04313800000000023
2619 1.098524
2620 0.18952759329382984
2621 0.29234936994597605
2622 0.8551137040591464
2623 0.733852262976
2624 0.8234326818767074
2626 1.3460790000000002
2625 0.6891079999999999
2627 0.9397608913992894
2628 0.856554
2629 1.123780540961539
2630 1.137529559025
2631 0.04618800000000012
2632 0.6936879221198851
2633 0.08166917245410588
2634 0.839216
2635 0.10141200000000006
2636 0.4658662857142857
2637 0.08709672328832019
2638 0.21497653624614976
2639 0.641444726092151
2640 0.1984995346151504
2641 0.16999601018947508
2642 0.5074195953629455
2643 2.899156091028879
2644 1.6460800000000002
2645 0.43355900000000025
2646 0.6418134003839999
2647 1.2205890000000001
2648 0.566783262374923
2649 1.1366110801286748
2650 1.6717612074324777
2651 0.7911810000000001
2652 0.8033719122359344
2653 0.8289265234571332
2654 2.191886600769
2656 0.496232
2655 1.1666679999999998
2657 0.4950920000000001
2658 0.9052292994465947
2659 0.661850372042137
2660 1.1850579936639998
2661 1.0980948519863583
2662 1.249471
2663 2.3620750086783637
2664 0.7735290000000001
2665 0.3697529129627899
2666 0.8297160000000001
2667 0.3068630000000001
2668 0.35599637775134296
2669 0.2180863975389753
2670 0.8681410316162883
2672 0.139899
2671 2.0519620000000005
2673 1.1791569990746746
2674 0.7116918459759171
2675 1.137942
2676 0.758151
2677 2.646612
2678 1.3234210048136987
2679 0.698769662196886
2680 1.2121689603999999
2681 0.9288325462526519
2682 0.31796341522500016
2683 0.8168540000000002
2684 0.39351916458049685
2685 0.06332155021788921
2686 0.09752658419969529
2687 0.7575582826435645
2688 0.9479972830445208
2689 0.8261134882644433
2691 0.7177960000000001
2690 1.959802
2692 1.1223700000000003
2693 0.5049330000000003
2694 0.9274510000000005
2695 1.5118789999999998
2696 1.6754909999999998
2697 1.1754900000000001
2698 0.7306504797811002
2699 0.14481715636594641
2700 1.009343
2701 0.7980400000000001
2702 0.15732300000000032
2703 0.8228340000000003
2704 0.802948786025
2705 0.3908419999999999
2706 0.49084418641302197
2707 0.6898476538238933
2708 0.7416045481460231
2709 0.6739231003967718
2710 0.341382499388746
2711 0.8638620000000001
2712 1.304898
2713 0.7558
2714 0.07671408763725296
2715 0.18587336847006397
2716 0.4789758070274098
2717 0.06467724027333528
2718 0.1751293934911533
2719 2.2781160660575646
2720 1.542711021204805
2721 0.7131620000000001
2722 0.6803434047788057
2723 1.388135718416
2724 1.196521187047361
2726 0.8991102507987594
2725 0.5411997996667084
2727 0.6929240000000001
2728 0.351272423025
2729 1.0794503830863087
2730 0.1824137401000001
2731 1.7728286865313485
2732 0.5649744217610002
2734 0.5931379999999999
2733 1.1692504500560907
2735 0.5985312230905
2736 1.3195873138704075
2737 0.14771735181658285
2738 0.47848371283521407
2739 0.6766092707070135
2740 0.79867
2741 0.7467958411929437
2742 0.3110254876975165
2743 0.20595090227601154
2744 1.577464260516
2745 0.14297346574400005
2746 0.30882300000000007
2747 0.961765
2748 0.40902064396899074
2749 0.20023499999999994
2750 1.6608539999999998
2751 1.2399156223535701
2752 0.08401473893496325
2753 1.4186020000000001
2754 0.43431399999999987
2755 0.5722433167084557
2756 0.11132329309503164
2757 0.40172627908744696
2758 0.1676470000000001
2759 0.26001937364713035
2760 0.8437530000000001
2761 0.409311
2762 0.5192468007386941
2764 0.463318
2765 0.06568600000000013
2763 0.6715690000000001
2766 0.1735300000000004
2767 2.146077
2768 0.713335
2769 0.8374359346838227
2770 0.7752516746738106
2771 0.8153922930018356
2772 0.864139
2773 1.2208329604000003
2774 0.6422957705632071
2775 0.6127440000000002
2777 0.8617650000000001
2776 0.830392
2778 0.852882517475567
2779 0.3098594415600202
2780 0.7785947615302511
2781 0.25893600000000006
2782 0.44442369948552884
2783 0.03876564351490874
2784 0.7491830510056298
2785 0.9666280698262821
2786 0.9042559215043801
2787 0.07193700000000014
2788 2.7029750000000003
2789 1.34609
2790 1.0479397184160002
2791 0.8617659999999999
2792 0.4265066950949623
2793 0.7258415800563709
2795 0.694958949481
2794 0.6323530000000002
2796 0.569420837243946
2797 0.941176
2798 0.4505075595880055
2799 0.6077395379126538
2800 0.34284803623944793
2801 0.22103000000000006
2802 1.944876
2803 0.9225193169145387
2804 0.1530223888890001
2805 0.47428053163554296
2806 0.4649075147691287
2807 0.5542336795557886
2808 0.32590302925438613
2809 1.9029420000000001
2810 1.4961779999999998
2811 0.8413120000000001
2812 0.565687
2813 0.06888323234267087
2814 2.9573201685267065
2815 0.01568272762758982
2816 0.9884323819690002
2817 0.3691008238240001
2818 0.16946400000000028
2819 0.9059691401104809
2821 0.43774200000000013
2820 0.4492529999999999
2822 0.666666
2823 0.5598621327302992
2824 0.5624384578313253
2825 0.8456663260043148
2827 0.8029305108009999
2826 0.29900562145596
2828 0.840895216140495
2829 4.8771238728539945E-4
2830 0.12649200000000005
2831 0.4801517704488434
2832 0.8095100609491674
2834 0.780393
2833 0.39440110421353736
2835 0.02827000000000013
2836 0.6149939886001023
2837 0.9020490000000001
2838 0.7820052651289999
2839 0.4510517026233757
2840 0.8950191051510289
2841 0.9038105820579314
2842 0.5901959999999999
2843 0.5818093554889698
2844 0.253661074176
2845 0.407843
2846 0.8841777475554777
2847 0.6560421722809231
2848 0.6437040366056759
2849 0.9639328957145012
2850 0.409416
2851 1.2558850000000004
2852 1.0641365490477328
2853 0.8432230000000001
2854 1.4764830000000002
2855 0.999194477442152
2856 0.6458763967566583
2857 0.3787083921798178
2858 0.6286188361696764
2859 0.2553896931362687
2860 0.2309361106258584
2861 0.19219838145843904
2862 0.663798021761
2863 0.14226000000000005
2864 0.3037231143827215
2865 1.0525269999999998
2866 1.4813719999999997
2867 0.6725500000000002
2868 0.7011131200778624
2869 1.3029557200088557
2870 1.4563391366705292
2871 0.9274269146864538
2872 0.2658613155477856
2873 0.03633065209478725
2874 0.2954205968841091
2875 0.6205890000000001
2876 1.069606
2877 0.04538991841600004
2878 0.35392100000000015
2879 0.0761010000000002
2880 0.41191337129906125
2881 0.38952403040000005
2882 2.37549
2883 0.3543938999914535
2884 3.1337579999999994
2885 1.6660877568493364
2886 0.8009727303110028
2887 1.273514168531008
2888 1.9426545374825477
2889 1.2565800000000003
2890 0.21621331249850906
2891 0.5701471171001384
2892 0.7679206674496146
2893 1.1898106982420382
2894 1.6504882801975687
2895 0.3055543479846039
2896 0.4694479789073427
2897 1.155948916609
2898 1.322551893131145
2899 0.5518138457511004
2900 1.5949038023840008
2901 0.7382350000000002
2902 1.7085800000000002
2903 0.37482500248716133
2904 0.4950970000000001
2906 0.541458
2905 0.022549000000000152
2907 0.0014031320891676469
2908 0.33177617048100017
2909 1.0194093663609538
2910 0.9121656170430812
2911 0.7788164360116983
2912 0.19192630372735997
2913 0.8495805354348693
2914 2.560817779874272
2915 0.4648816034684129
2916 1.0959619999999999
2917 0.6687289390106197
2918 0.07137878484467652
2919 0.38398521955897125
2920 0.1718638100712253
2921 0.49457995622399986
2922 1.00294
2923 0.1743901718222962
2924 0.5511692736639999
2925 0.7723363019359492
2926 0.8824165178314509
2927 0.6246836668037398
2928 0.1581202279148705
2929 0.849018
2931 0.6534644831445622
2932 0.8694759493700173
2930 1.4831048026889666
2933 0.37242393827703
2934 0.6485450000000001
2935 0.1676470000000001
2936 0.562746
2937 0.19734254217578662
2938 0.05990185988601755
2939 0.45758600000000005
2940 0.6598040000000001
2941 0.8483959999999999
2942 0.20331276634945183
2944 0.3072956125801556
2945 0.09456158494696319
2943 0.4548192261622379
2947 0.5122155134909294
2946 1.3819900000000003
2948 0.35384431841600006
2949 1.5019120000000001
2951 0.45751000000000003
2950 0.2197800000000001
2952 0.6441757493395041
2953 0.36764700000000006
2954 0.288156700769
2955 0.3047310044795457
2956 0.305423
2957 0.25784300000000004
2958 0.8056137294908994
2959 0.7096325660719007
2960 0.32128756462626334
2961 0.696790876517386
2963 3.2855716330239995
2962 1.0766419999999999
2964 0.913010666436
2965 2.4531713979239997
2966 2.0415039999999998
2967 1.1687242244164449
2968 2.030392
2969 2.4205890000000005
2970 0.756081528053102
2971 0.39705800000000013
2972 0.2781070000000001
2973 1.3279682629760001
2974 0.6698376233541652
2975 0.1138929999999998
2976 0.32284905098637645
2977 1.6216709744116018
2979 0.1305716892433173
2978 2.3041159999999996
2980 0.669608
2981 0.07368069428015267
2982 1.8820077088005414
2983 0.2754890000000001
2984 0.08502820991291649
2985 0.908754217599665
2986 1.2225500000000002
2987 0.6414128591297706
2988 2.4841740000000003
2989 0.8167550180890002
2991 2.9303930000000005
2990 2.3343119999999997
2992 0.9064195404413925
2993 0.6378277352604298
2994 1.137078
2995 1.5456117049449205
2996 2.191077410596
2997 0.10882400000000003
2998 0.21941664552100004
2999 0.5655097103330584
3000 0.809338
3001 0.7482691041982276
3002 0.7086000000000001
3003 0.5367045676151049
3004 0.7732636065937026
3005 0.7950969999999999
3006 1.0060350167294392
3007 0.19212083638146354
3008 0.5886285262250002
3009 1.3716899486373448
3010 1.40098
3011 1.8996560000000005
3012 0.5951569999999999
3013 1.4558820000000001
3014 0.8099320000000001
3015 0.901961
3016 0.759812228736495
3017 1.8794110000000004
3018 0.836406658516522
3019 1.3713342495260588
3020 0.7158269669434325
3021 1.3323539999999998
3022 0.5040490108891734
3023 2.5774489999999997
3024 0.09159201576364828
3025 0.6946290000000002
3026 1.4327220000000003
3027 0.24310500000000013
3028 0.7458901555053086
3030 2.4780036609
3029 0.9283784275904313
3031 0.7507254724471067
3032 1.348266
3033 1.067646
3034 1.4211732195357911
3035 1.396986348042294
3036 0.37804037706981153
3037 1.8320979916960003
3038 1.6731999999999998
3039 3.097716
3040 0.3406137232170112
3042 1.5264710000000001
3041 3.2114219999999998
3043 1.5302753882691957
3044 0.3690053451060764
3045 0.7921401043396383
3046 1.5629609999999998
3047 1.075846
3048 0.9667277400999998
3049 0.8395786696010001
3050 1.879412
3051 0.40526697219215924
3052 1.0949881677177447
3054 1.3950980000000002
3053 1.560368156665375
3056 0.4903344152250001
3055 0.0884205200788879
3057 0.9171477274373503
3058 0.8515675989378175
3059 1.636225381075896
3060 2.5294913178436635
3061 1.244117
3062 0.4046719697531531
3063 0.7247130471550669
3064 0.23887325059600006
3065 0.3303353631438657
3066 0.6598268753012109
3067 0.9442834293759998
3068 2.755846
3069 0.7224803602420999
3073 0.5771535853314167
3070 1.012688
3072 0.1127450000000001
3071 1.5877192217609999
3074 0.761146294656
3077 0.8323540000000003
3075 0.880369
3080 0.24897475179676776
3079 0.602576
3076 0.3245887624851067
3078 0.2963265597445392
3085 0.46801346313907155
3081 0.05445884010000013
3084 0.7910964890979714
3082 0.7423516958610037
3083 0.7559447401000001
3086 0.7263553592642784
3087 0.7018518976381958
3088 0.020623282516117225
3089 0.07041298756552195
3090 3.4337384605160004
3091 1.050647823689
3093 0.6300876936915245
3094 0.18881500000000018
3095 0.5551808517029442
3096 0.6254900000000001
3092 2.4696059999999997
3097 0.34067570692066806
3098 0.555426702976
3099 1.7764679999999997
3100 1.8801530244603308
3101 0.7966027372804247
3102 0.4224190000000001
3103 1.4688156736640001
3104 0.34218936531599997
3105 1.295097
3106 0.567496
3107 0.43823499999999993
3108 0.6297637344861522
3109 0.1115363903478932
3110 0.6648067119597543
3111 0.6725193001427807
3112 0.933334
3113 0.1578440000000001
3114 0.35573199999999994
3115 0.7375071494810002
3116 0.7057200000000001
3117 0.8255402002709668
3118 0.5872560000000002
3119 0.8190389999999999
3120 1.115861353935047
3121 1.4088239999999999
3122 1.061284460739614
3123 0.8568420894494371
3124 0.6785765344319123
3125 0.5328346138410001
3126 0.12648104552099992
3127 0.4318313476745532
3128 1.716768804599979
3129 0.6674909809009066
3130 0.18101600000000007
3131 0.39856400000000014
3133 0.018270461719434583
3132 0.2728384618631132
3135 0.5383283219881619
3134 0.237311772721297
3136 0.2335900000000002
3137 0.8649509604000001
3138 0.3201219937790843
3140 0.8421784316896659
3139 0.24573304091274673
3141 0.38137200000000004
3142 0.8980437579913845
3143 0.08079095839860129
3144 0.811765
3145 0.37282207871889317
3146 0.8526310543151301
3147 0.8612452555152305
3148 0.6824356302889432
3149 0.6507315723923253
3150 0.795470963577688
3151 0.8135642345950632
3152 0.2852950000000001
3153 1.1714386510180879
3154 0.7976450643401951
3156 0.26273762111464394
3155 0.5930153347189774
3157 0.08525099999999997
3158 0.09316750280493524
3159 0.7872540000000001
3160 0.8258350896482783
3161 0.5699365193542554
3162 0.09701800000000005
3163 0.3356935234337442
3164 0.7367490453218231
3165 0.9308684456835776
3166 0.10306153345827052
3167 0.08323650667917293
3168 0.6900427633429406
3169 0.26153446512900014
3170 2.7756585262759463
3171 0.4706294482150264
3172 2.1827419695619854
3173 0.586275
3174 2.0735539999999997
3175 0.9260223483592749
3176 0.7918657577500847
3177 0.5418979556187443
3178 0.45392301984347827
3179 0.06686232757195236
3180 2.1742990653470384
3181 0.5796859999999999
3182 0.23562194164468186
3183 0.4398904367369828
3184 1.3395983756250003
3185 1.4802528433639266
3186 0.5985804491154854
3187 0.37337041522500014
3188 0.46372499999999994
3189 0.05767466666666676
3190 1.7903961046760004
3191 0.18834832480843855
3192 0.20585673681753255
3193 0.623798421761
3194 0.18238700000000008
3195 0.515815358375965
3196 0.16782293371062362
3197 0.626716450596
3198 0.09313700000000008
3199 0.5735649199618595
3200 0.6335930000000001
3201 1.437254
3202 1.6057686462221985
3203 1.5394118521759996
3204 0.1376790000000001
3205 3.0480409999999996
3206 1.2989910000000002
3207 0.6897694931322726
3208 0.5215589418135591
3209 0.5889218620908452
3210 0.8479484560249382
3211 3.2813739999999996
3212 0.6997417671485233
3213 1.6693259499039999
3214 0.39722930539155166
3215 1.718628
3216 0.4265896390732997
3217 0.4361330000000001
3218 1.4186280000000002
3219 0.22415954934819693
3220 0.931978028701081
3221 0.6586291124034745
3222 0.26163899999999995
3223 0.17745100000000003
3224 9.799999999999809E-4
3225 0.2193442664508507
3226 0.35589000000000004
3227 0.4412557126490002
3228 0.726472
3229 2.6999988732183597
3230 0.5163227557261956
3231 0.31886
3232 0.04881600000000008
3233 0.6163402386831923
3235 0.9157870000000002
3234 0.910510087044
3237 0.646880697982305
3236 0.7960780000000001
3238 0.12367605323771769
3240 0.7173173126490002
3239 2.0612399999999997
3241 0.6552640308745257
3242 0.5781253278323252
3243 1.7214318402494497
3244 0.7183905086861535
3245 0.17677696632493944
3246 0.31202488181195803
3247 0.33174286925959395
3248 0.761041543025
3249 0.2799040213093147
3250 0.1258284345038987
3251 0.9419865177878066
3252 0.7641184571857964
3253 0.538235
3254 0.9421580000000003
3255 0.9370412587394039
3256 0.43805047799517394
3257 0.03722823210356885
3258 0.0699035533238812
3260 0.767546800769
3259 0.13442756687616986
3261 0.28924198214703556
3262 0.9049010000000002
3263 0.937820853968547
3264 0.2611079999999999
3265 0.434358
3266 0.4468238118891674
3267 1.9782700030760003
3268 1.5471322296040004
3269 0.0825410000000002
3270 0.041633539676625864
3271 0.750826
3272 0.7984250000000002
3273 0.3331807203610757
3274 0.5454220747528942
3275 0.5983549227171556
3276 1.022549
3277 0.6157077664379955
3278 0.5265259552686536
3279 0.9421570000000001
3280 0.26636220774597463
3281 0.5019112005068855
3282 0.7510017335252553
3283 1.0414726320779792
3284 0.6781863490348907
3285 1.7036296393960002
3286 3.1432174657439997
3287 0.7457968184006776
3289 2.364643915449901
3288 1.134313
3292 0.6627449999999999
3293 2.337086
3291 1.7539210000000003
3290 0.2299533386532726
3294 0.8747390000000002
3295 2.3630101716068834
3296 0.4778647228234554
3297 0.4789768778325254
3298 2.018120163314639
3299 0.8064699684000002
3301 1.4374851470131473
3300 0.3026445321
3302 1.6390520000000002
3303 1.5198250000000002
3304 0.4239942349337795
3305 0.8166659999999999
3306 3.079053836189834
3307 0.380308615098909
3308 0.8856660000000001
3309 0.548564
3310 0.7239377158890001
3311 2.26322795274125
3312 0.40527899999999994
3313 1.5688144030760005
3314 1.1383880000000002
3315 0.10301719106153051
3316 0.5389924507933426
3317 0.42331300000000005
3318 0.5019460000000002
3319 2.102939
3321 0.24607800000000002
3320 0.8468750164604466
3322 0.6475021354364012
3323 0.0134152127858862
3324 0.2558342528556887
3325 0.3362450000000001
3326 0.010018000000000082
3327 0.906863
3328 0.5095996697151239
3329 1.6533352506843018
3330 2.0502483577097577
3331 0.8581223920681001
3332 0.9852462164566684
3333 0.587657411758715
3334 0.8138196870440002
3335 0.23097900000000005
3336 0.9133830000000001
3337 0.90567
3338 0.37664021212754284
3339 0.8637513165487258
3340 0.250197
3341 1.4485141189455766
3342 0.46790114948100003
3343 0.23943473381883362
3346 0.564705
3344 0.7897304902457256
3347 0.7202331292250002
3345 2.715418089875919
3348 0.9640979999999999
3349 3.04898493331981
3350 0.5553789098661213
3351 0.6288300000000002
3352 1.142158
3355 1.5205880000000003
3353 1.6849211468886407
3354 0.911862
3356 0.44423036906073693
3358 0.6222017573205245
3357 0.902941
3360 0.057844000000000007
3359 0.7925140000000002
3361 0.9106814369312517
3362 0.2371230000000002
3363 1.184461
3364 1.7155280000000002
3365 1.181373
3366 1.6862873621214274
3367 0.7586869307816693
3368 2.451962
3369 0.2800543889808824
3370 1.57745
3371 1.4062239695725245
3372 0.511131
3373 2.2553599999999996
3374 0.6871360000000002
3376 0.6427551262662123
3375 0.22190494117080317
3377 1.4845833224890008
3378 1.5284320000000002
3379 1.2512769608999996
3380 0.5935944971570346
3381 0.2984046379620768
3382 0.7382340727275256
3383 0.7655505614358675
3384 0.45765542176100005
3385 0.779601234449
3386 0.7741647487775702
3387 0.8747294554350138
3388 0.7816823678041396
3389 0.37991946335011406
3391 0.9277975455210001
3390 0.677511712649
3392 0.03693400000000002
3393 0.05287098488949771
3394 0.6235169924150967
3395 0.28884600000000016
3396 0.6825572228107848
3399 0.08332776782467044
3397 0.09988893761210682
3398 0.304266438817957
3400 0.17798033585298367
3401 0.39673124924771497
3402 0.5482083175040002
3403 0.5121476579560003
3404 0.2583536059560003
3405 2.0250019999999997
3406 0.9333811007690003
3407 0.8971488217610004
3408 0.8715689999999998
3410 0.7234102807238196
3409 0.3172923993113918
3411 0.5802507116426856
3412 2.4401980000000005
3413 2.07353
3414 0.530870298458771
3415 1.0914171329566813
3416 0.9299671833832617
3417 0.7504810000000001
3418 0.644118
3419 0.7637240000000005
3420 0.3673441287143169
3421 0.48080400000000023
3422 0.4943545018889999
3423 0.4035502793023731
3424 0.16123782370467543
3425 1.3085897749613002
3426 1.3124909999999999
3428 0.5913933495199519
3427 0.7423817400999999
3429 1.0916196387694186
3430 0.856573
3431 0.5774448529960383
3432 0.7741974586176374
3434 0.343380122807322
3433 0.8806212800820379
3435 0.07825200000000021
3436 0.937654
3437 1.4208404553640002
3438 1.1242539916960002
3439 1.0643420000000001
3440 0.23716493153005858
3441 2.134314
3442 1.7033540000000003
3443 2.567543820875538
3444 1.2562720000000003
3445 2.396578
3446 1.7950624597646192
3447 0.8300528906369852
3448 0.5892160000000002
3449 0.39540611384100033
3450 1.255883
3452 0.45586083837911473
3451 1.481374
3453 0.4270829999999999
3454 1.2441302605159998
3455 1.197208
3456 0.665222
3458 1.3970589999999998
3457 1.24468
3459 0.8832236515655001
3460 0.8660585995443809
3461 0.5073689713465777
3462 0.7885952556638682
3463 0.6970509858624141
3464 0.863726
3466 0.22350657481141134
3465 0.764821316225
3467 1.187482
3468 0.602344
3469 2.0020945317759224
3470 0.8394410000000002
3471 1.3602010000000002
3472 0.08017417581617439
3473 1.1582117478465161
3474 0.3716410000000001
3476 0.908920000769
3475 0.29487187572540163
3477 0.6152312278083287
3478 2.350968
3479 0.4778229854362784
3480 0.4094634426500736
3481 0.8950980000000002
3482 0.4580958062410001
3483 0.338236
3485 0.1968104293826114
3484 0.6374260000000003
3486 0.477885636968731
3487 0.35685500000000014
3488 1.1530880360750693
3489 2.7519599999999995
3490 0.7009800000000002
3491 0.4003277758386823
3492 3.783334
3493 0.279288853475135
3494 2.0519628256974967
3495 0.09959545536183723
3496 0.4142042795455454
3497 0.11528099999999997
3498 1.3107850000000003
3499 0.513740935025
3500 0.43957955269685933
3501 0.23829100000000003
3502 0.5649404719000565
3503 1.566511
3504 0.06446819253029057
3505 0.7053456598477287
3506 0.165686
3507 0.362803270489
3508 0.8990199999999999
3509 2.2083791282080023
3510 1.018963377769
3511 0.4284893619309925
3512 2.2424825138714395
3513 0.707601
3514 0.16543247366400005
3515 0.3271306243433971
3516 0.484893803615739
3517 1.3619005824482169
3518 0.4265620000000001
3519 0.22866778896378107
3520 0.789947455364
3521 0.17517076298044398
3523 0.35183300000000006
3522 0.9286196736640002
3524 0.4459778218741528
3525 1.2686120000000003
3526 0.09124900000000014
3527 1.006864
3528 0.471568
3529 0.6115503057860614
3530 0.18921600000000005
3531 0.4281841241074377
3532 0.1762945736962609
3533 1.270154
3534 0.1019996763654587
3535 0.15392099999999997
3536 0.04126784479986467
3537 0.05022709490837283
3538 0.6147050000000001
3540 0.09877500000000006
3539 1.598555
3541 1.0903915321000002
3542 2.449050266484244
3543 1.546079
3544 0.0705987006963309
3545 0.5788667153641895
3546 0.07574190358878607
3547 0.8409747181224476
3548 2.8144109620777185
3549 0.25629892963737855
3550 0.12136782331739782
3551 0.7656693582932967
3552 2.4671210077788235
3553 0.10453607675372845
3554 1.0811449574009997
3555 1.0137032784233866
3556 1.282329
3557 1.510368
3558 0.6181150964640001
3559 0.709246
3560 0.671507679448865
3561 1.029108741085456
3562 0.47324454169519536
3563 1.559804
3564 0.5617639999999999
3565 1.465686
3566 0.2942894590431717
3567 0.2809278063378564
3568 0.5763751306580717
3569 1.3274510000000002
3570 0.03705105348565452
3571 0.05260859792400008
3572 0.01786500000000002
3573 0.750222
3574 0.6750970000000001
3575 0.3416975946541818
3576 1.61636916525947
3577 1.036275
3578 0.688221055524
3579 0.30724700307599995
3580 0.5555041355030561
3581 1.2785256870440003
3582 0.5132878416000001
3583 0.7340395317127919
3584 0.5421579999999999
3585 0.9448832986978474
3586 1.51055
3587 0.2086840000000001
3588 0.34826231549982145
3589 0.1069168645004479
3590 2.4468823461277607
3591 0.8306770000000001
3592 0.6040572736029066
3593 0.887572543449
3594 0.16740193635127
3595 0.27656866207857567
3596 0.833990066436
3597 0.944131
3598 0.754769177616
3599 0.6166026888890002
3600 0.1733950406994414
3601 0.75
3602 1.0881291439957559
3603 0.508428934321
3604 0.8486481255069143
3605 0.7383447220557987
3606 0.745098
3607 0.378501006689
3608 0.7165675277073547
3609 0.6863758927949312
3610 0.8460030000000001
3611 0.3257231099854403
3612 0.854902
3613 0.10199459792400001
3614 0.48335960960900004
3615 0.9504859999999999
3616 0.554903
3617 0.29034699520100005
3618 0.0759510000000001
3619 0.655883
3620 0.7412692352685688
3621 0.708823
3622 0.414595333124
3623 0.5003404914748814
3624 1.0598030000000003
3625 0.3617650000000001
3626 0.8592049216927762
3627 0.900787
3628 0.5348411020284836
3629 0.7200871744490001
3630 1.2931380000000001
3632 0.839289
3631 1.2320422657440002
3633 1.197058
3634 2.3829834421613745
3635 0.21629446217612647
3636 0.5550239700435029
3637 1.1267838105008108
3638 0.984059
3639 0.905034
3640 0.19275796938162792
3641 1.4637239999999998
3642 0.8652459567887689
3643 0.08464800000000006
3644 0.660614
3645 0.6590492888889999
3646 0.3370674743290001
3647 1.0653332842566716
3648 0.0933696161264479
3649 2.481275487044
3650 0.5047107803179061
3651 0.5204981914256783
3652 3.3656870000000003
3654 0.021166693524788838
3653 0.42608141507617714
3655 0.6579330000000001
3656 1.7275402401889293
3657 0.3077030000000003
3658 0.812745
3659 0.705647