2 0.4753144783587719
1 0.3631328721920101
3 0.09252200903104273
4 0.06218890166707792
6 0.44255338542326017
5 0.5564950929032608
7 0.37844906957555063
9 0.047342170613183146
8 0.48361972186667557
10 0.07832308633511433
11 0.21344157752898726
12 0.044843398017175365
14 0.029850235018744436
15 0.4266690178623678
13 0.5033957680167541
16 0.1636969055271005
18 0.08628696432202405
17 0.15523838378921415
19 0.4282655665446407
20 0.44207116370378324
21 0.524642370910101
22 0.10771361695398023
23 0.0741935006243388
24 0.7285694624844957
25 0.26630812229191525
27 0.18859724023208968
26 0.4830414603056063
28 0.24964189326267522
29 0.8694702870247377
30 0.6072208518594164
31 0.05907900134699928
32 0.22924643106705
33 0.3386612429728553
34 0.24238727199087592
35 0.2293277222394983
36 0.2859091362579386
37 0.0
38 0.6380720721078206
39 0.024911731648346532
40 0.6184690700088306
41 0.003395896763527183
42 0.7021063238201481
43 0.48423005565862703
44 0.08705467617348643
45 0.3017933703604986
46 0.49238571486972743
47 0.3679889143674899
48 0.01055260692947371
49 0.4340973340233726
50 0.06396006760156801
51 0.21739130434782608
52 0.1982398191067244
53 0.5621778117243563
54 0.5429437773796679
55 0.2999572553303835
56 0.4429007914953077
57 0.9892157360049332
58 0.9955852540580462
59 0.9856056187520138
60 0.4242663472887908
61 0.7751723644597371
62 0.9977638322486413
63 0.7214544135204642
64 0.3408742224813743
65 0.745581829613834
66 0.5718375787183985
67 0.652122340813775
68 0.48341229745511416
69 0.42684838279251613
70 0.43085652820939657
71 0.384287128630832
72 0.027814080655246178
73 0.29680810751410347
74 0.4078438645854214
75 0.6116110450705684
76 0.07017562172955412
78 0.27002598044854836
77 0.2869531539723384
79 0.6248177652222302
81 0.42743729718975626
82 0.4575751869007678
80 0.2956678167547028
83 0.42068564260626407
84 0.4428140673946679
85 0.3553820422962502
87 0.2678387679018294
86 0.6843245793933643
89 0.2360685249889681
88 0.8899413238276305
90 0.43806404465180004
92 0.4715023497005532
91 0.1401497221376025
93 0.10576937222626343
94 0.4996224700431666
95 0.3171033758606705
97 0.1984603623827676
96 0.5879891692790518
98 0.07321228529763721
99 0.014163761382532728
100 0.4207527367584493
101 0.6408302954987067
102 0.20551336800651365
103 0.6434976142819944
104 0.06069993137484632
105 0.44349320470081416
107 0.05445962585125143
106 0.19293597048461253
108 0.4275943458155035
109 0.2536855091004034
110 0.6965755999846692
111 0.3909286844646469
112 0.06366068916257218
113 0.32802597427909685
114 0.15595025670331128
115 0.2960248755127428
117 0.029468247185845963
116 0.059834663932278945
118 0.06599697371756208
119 0.48520424804389994
120 0.3447550673633627
121 0.7242602754524048
122 0.5433808786647832
123 0.1992634795351754
124 0.2726590265159151
125 0.06810944732252225
126 0.5798628320526893
127 0.061386329542356836
129 0.11340218230762843
128 0.3732915961815718
130 0.3986300379563365
131 0.046467553588985
132 0.39689652513096507
133 0.4329161494158644
134 0.2415565454635191
135 0.3680737109777604
136 0.14125433197034148
137 0.3583130823276773
138 0.5847594896823687
139 0.5839587585868387
140 0.5572547796681614
141 0.4499566624135502
142 0.37154181519876545
143 0.005929492537620221
144 0.11461837687001439
145 0.002364917739085089
146 0.32532249135996816
147 0.35739759586878433
148 0.8985590000041099
149 0.12848225312938105
150 0.5994662756981862
151 0.6226406105278715
152 0.6516239422077899
153 0.31428560855190885
154 0.7272182926922065
155 0.1712160986151543
156 0.790441656211516
157 0.3219755738757787
158 0.6414344464371826
159 0.5753171071240808
160 0.0964906198063343
161 0.10307996623054785
162 0.058641933662606276
163 0.43444794787248686
165 0.6027052846860331
164 0.465517115041628
166 0.5673160293082131
167 0.15613639923042744
168 0.2055755238011748
169 0.20674944295146652
170 0.5647642266146317
171 0.7942935113484527
173 0.903793301326758
172 0.4454975597625577
174 0.11570251417251481
175 0.6750787983342268
176 0.7021212352815183
177 0.0069856622674831755
178 0.37938625318249386
179 0.3720766283495911
180 0.4380663349184591
181 0.2405414061555601
182 0.6304218181818182
183 0.08888896084656761
184 0.026094391309840106
185 0.15629570417887836
186 0.006125150557228404
187 0.49106669930478053
188 0.36503713644930713
189 0.5259844353043125
190 0.6252606606058992
191 0.025077938895905576
192 0.4855843129773603
193 0.16560554503847674
194 0.5159456491311182
195 0.7086039588055645
196 0.10364914375823168
197 0.6500560622591403
198 0.7078417762624117
199 0.2662722131577942
200 0.5562132022689482
201 0.42185924700624755
202 0.16780390396972006
203 0.10810821454662178
204 0.7431051911390992
205 0.6021510394502857
206 0.16395922413767122
207 0.09876358751225343
208 0.10544115493731966
209 0.06561178006872301
210 0.4155736237195563
211 0.29765047497319486
212 0.08256596852163725
213 0.4007055253071369
214 0.5116293751127052
215 0.8224570069337075
216 0.4990531230265746
217 0.5460782698286302
218 0.2661120540509656
219 0.03865936200234765
220 0.16602481167685032
221 0.35888044491252524
222 0.2730574835630517
223 0.15875993358168763
224 0.21254065245441114
225 0.17649999142023962
226 0.7784152167886541
227 0.49617630625429415
228 0.3600421407324228
229 0.494705183866107
230 0.6039844168383333
231 0.02745989121788608
232 0.002214883594206126
233 0.5151690648882293
234 0.3703457929540262
235 0.459940706707043
236 0.2802329126567084
237 0.2464228500324846
238 0.9858126639589567
239 0.5406546053217084
241 0.1380982469545796
240 0.3477993667955017
242 0.4483458044998612
243 0.9640458507386299
244 0.8686338208636044
245 0.9576535835071852
246 0.49977988480509744
247 0.45418295096944467
248 0.06213966836250617
249 0.04812187019303329
250 0.16877768336749385
251 0.5813285754366702
252 0.1741967901206961
253 0.06134744072086455
254 0.9558849448561809
255 0.5311536961815463
256 0.04927213568748712
257 0.2806122426853401
258 0.3233212895232113
259 0.6231872317318147
260 0.38941407340242923
261 0.5495269389325848
262 0.30191905196942137
263 0.23694513812794282
264 0.4850191231677784
265 0.743322241806363
266 0.33131441598576694
267 0.8751137186029742
268 0.7206028646730261
269 0.2375363953004785
270 0.07109139147760545
271 0.12862393990112447
272 0.0065616983886283295
273 0.20964525440229548
274 0.1455406555131841
275 0.136393030796998
276 0.6904221500759243
277 0.5771195178198912
278 0.12729624132702794
279 0.0671639802850672
280 0.4682511447619765
281 0.12693967221705377
282 0.26100410270438895
283 0.7341878202991817
284 0.9170812285723998
285 0.38982842478120894
286 0.5100541023094373
287 0.2187681565303306
288 0.6584272876634378
289 0.2587580385043432
290 0.4736298708698802
291 0.5852904527713358
292 0.04336078970087575
294 0.5982531218304671
293 0.4714924231274604
295 0.06286487298979396
296 0.3221978815635428
297 0.4605340386151055
298 0.010709395310787614
299 0.6930028042099968
300 0.6202042877882854
301 0.03559907119365291
302 0.13122907719044627
303 0.1058033669262483
304 0.4841278513537477
306 0.2147740513526034
305 0.6255374330136103
307 0.14035030510415605
308 0.6724528278647195
309 0.8352398394309967
310 0.4142271288921753
311 0.16623999999999997
312 0.6154310704535882
313 0.6721768677836243
314 0.20148542858633528
315 0.6428694605858977
316 0.4333330499998584
317 0.6127749568015283
318 0.1167558773113945
319 0.23395067668854033
320 0.7682198618551574
321 0.047492654534114866
322 0.017795950771615728
323 0.19559670001758522
324 0.14951161083361048
325 0.016294365765009457
326 0.6328878584185191
327 0.2946726244291762
328 0.5566371096102968
329 0.29121484245278706
330 0.5633500838743947
331 0.4195179786278367
332 0.03573643851459385
333 0.7586279303513567
334 0.1614255048790512
335 0.4081262305311471
336 0.6026383757709384
337 0.06223633011075253
338 0.32015732591553914
339 0.12168418268680228
340 0.6252222758693784
341 0.3782729468629113
342 0.27403927491706365
343 0.15719718775401315
344 0.05521457036387328
345 0.6632406777636886
346 0.6580978623700295
347 0.2586012296608414
348 0.4292257088342656
349 0.8215382606768908
350 0.30246121210908355
351 0.4995520424517427
352 0.8179778409914209
353 0.044216655460682965
354 0.4050344104016627
355 0.18068978712957298
358 0.4380022340178654
357 0.31849817421428794
359 0.6277369894656987
356 0.120087967269673
360 0.3082843537451868
361 0.2974345526762979
362 0.4506824253418317
364 0.3039273692240682
363 0.20432866640682326
365 0.532574574912451
366 0.15629401801315818
367 0.461622496246288
368 0.9120755262866903
369 0.09259338701726673
370 0.029147751312163395
371 0.219470767108086
372 0.7987903555923905
373 0.3322750684319312
374 0.30625250497893125
375 0.3539977677010937
376 0.36118873451304706
377 0.22504793525329683
378 0.813044822839958
379 0.7534628453062601
380 0.14334947682345092
381 0.8622311856691168
382 0.23997261120059704
384 0.798556313618226
383 0.025588336788217207
385 0.42838042386945246
386 0.0520070857860054
387 0.3006600195251571
388 0.08978204493394432
389 0.8575292460992447
390 0.5802063003848557
391 0.46184028155212803
392 0.06719759915427433
393 0.048093082184423736
394 0.3759858798845062
395 0.032313277376442094
396 0.3659813381537792
397 0.028925659022632787
398 0.7588000325136471
399 0.005151519556722857
400 0.5904687193253343
401 0.15789372220777634
402 0.8646077524867553
403 0.17454649356526328
404 0.1531636939666078
405 5.2271135833452E-5
406 0.29593838175153886
407 0.8010616380529268
408 0.2695497221743919
409 0.6547169925001243
410 0.32788154838497335
411 0.8678769286651302
412 0.5234790691568858
413 0.035052703891623384
414 0.7215232329760909
415 0.11613906541375123
416 0.6029147146829124
417 0.0043757812782366096
418 0.43226897737693554
419 0.2680212122283272
420 0.25086965065970346
421 0.25838598632756055
422 0.39456295562998883
423 0.24877693186286795
424 0.021178855475359467
425 0.01515236581654676
426 0.3153887266974815
427 0.7454100583187859
428 0.038572790889964265
430 0.4454890555276088
429 0.16316066819295544
432 0.23583781534754944
431 0.04123147610393894
433 0.15639793930950333
434 0.09725849192965551
435 0.5722672253021083
436 0.3691546409203852
437 0.05640322420168249
438 0.34223689688730036
439 0.8846819284762882
440 0.4564593697859982
441 0.15515674391990394
442 0.30352092029793865
443 0.026168262055316846
444 0.9955989558255909
445 0.10865534710990644
446 0.7375893093761093
447 0.9804173214072588
448 0.8857209469501948
449 0.5033726641280294
450 0.4298548092755092
451 0.5070147167410476
452 0.13598081919109392
453 0.4939761151319109
454 0.7181091091781568
455 0.500079096524222
456 0.08918896226970686
457 0.1335050571102138
458 0.6654932635008323
459 0.18714938830132558
460 0.13034899126060082
461 0.6348693266971542
462 0.48580405860335585
463 0.31963245057484174
464 0.9899590655752599
466 0.5106186397178283
465 0.22194315420973088
467 0.3448274929114088
468 0.9295695781257987
469 0.027091402886615466
470 0.1529773077908195
471 0.8860472682355811
472 0.0020642047983910404
473 0.849970452333532
474 0.3753192148074808
475 0.4717867079356615
476 0.01243791508877433
477 0.23139767441078957
478 0.6695180141909113
479 0.09571527530835189
480 0.06739442421353986
481 0.08579144006645043
482 0.324159714261791
483 0.1458318264741102
484 0.5615088078856195
485 0.3361918630465355
486 0.01413141989750811
487 0.3593818833646618
488 0.19239638191937414
489 0.08576945773092426
490 0.005889161992675579
491 0.360969866825212
492 0.24668323431597866
493 0.5940387959935152
494 0.12449871823419544
495 0.32803167745023026
496 0.41695356333571276
497 0.10512798382646406
498 0.07297274945209448
499 0.08137395498540555
500 0.02017274891892936
501 0.1378715735103481
502 0.1876672936674867
503 0.33380482279734336
504 0.8907801086904193
505 0.0023640850004887806
506 0.5422127797366986
507 0.7743645784523522
508 0.5130897902779084
509 0.9078017529609484
510 0.27489754195274646
511 0.15485117950115324
512 0.030859349724494927
513 0.07931111455353664
514 0.4565693545105168
515 0.22402265004739186
516 0.4381589537518496
517 0.07886182088453685
518 0.17317582614593388
519 0.4171857781908975
520 0.15162472819933087
521 0.3772637029619243
522 0.18295520323022268
523 0.4511768605619154
524 0.39455838169273716
525 0.0
526 0.8536962636711264
527 0.09281310239039266
528 0.5058138529272376
529 0.3762460883407841
530 0.5103091218497195
531 0.08235265442515764
532 0.694855645933076
533 0.5362491167975831
534 0.12879677834336475
535 0.5486797609672488
536 0.11220397393441477
537 0.05851364684253302
538 0.12871834651658332
539 0.6183499512820507
540 0.03878767293375164
541 0.14109263067641703
542 0.3143827380762126
543 0.7902283402983449
544 0.7709716939983059
545 0.049042112795551804
547 0.17161716171617158
546 0.06992054543423694
548 0.7925993086643621
549 0.9827738455268078
550 0.629446282349417
551 0.2664228345943732
552 0.5491805505914124
553 0.8614821177095545
554 0.7637715634169101
555 0.13903889025817384
556 0.9824864479018038
557 0.5237958330105332
558 0.42580137345808583
559 0.29872813686254135
560 0.9783152687512927
561 0.0898112972631279
562 0.6154608702406187
563 0.037813487252623776
564 0.05387521955742753
565 0.13403693897411487
566 0.10147843617029056
567 0.17150966645187193
568 0.335467521825389
569 0.06669921445496846
570 0.09105354634500369
571 0.4878174561726674
572 0.03448264311194346
573 0.05569585931750394
574 0.29012081878774953
575 0.3459527086434218
576 0.3425418707913316
577 0.44043795444786804
578 0.1557456023637582
579 0.6072544650679877
580 0.454583674123815
581 0.12110012322086586
583 0.767753908113675
582 0.9657163284906518
584 0.6881059710702745
585 0.9854739608029081
586 0.40388930604282797
587 0.24785648118838094
588 0.11008555011183023
589 0.07168913755446678
590 0.17663232361694628
591 0.2560564958088782
592 0.149967385590615
593 0.11751716194084147
594 0.06634512442057193
595 0.40909707964738007
596 0.12063504287946351
597 0.1104768475949713
599 0.28668111191870427
598 0.7804784933292296
600 0.21091779760970694
601 0.12602925686743235
602 0.17888229095078273
603 0.23230604982206404
604 0.5364946504001344
605 0.7340647458867071
606 0.9970219581651352
607 0.34810990177093487
608 0.3137096549739468
609 0.697593718366983
610 0.2604362140554649
611 0.32699585894494915
612 0.6297943281030972
613 0.3384933853649891
614 0.5665879693567648
615 0.12117331650337022
616 0.12804562885253
617 0.033653840259805494
619 0.6905562181734736
618 0.6
620 0.24601454857024252
622 0.4312627059768916
621 0.7000420815136738
623 0.17812146224054645
625 0.010676163271443799
624 0.6268615381002657
626 0.8065595534331306
627 0.427174679268272
628 0.17564678033883582
629 0.4706531460792299
630 0.7393283213839947
631 0.6617426084888547
632 0.018058550631634578
633 0.3232352832812954
634 0.2618753587393248
635 0.2667030344589158
636 0.7548880353648816
637 0.3318912433835547
638 0.5547567129202579
639 0.3616120972190674
640 0.28033524230936163
641 0.47337714150734594
642 0.5927274041057605
643 0.401015265972909
644 0.1652656570737697
645 0.026669090669040406
646 0.0167767623836762
647 0.2318608863589956
648 0.404417157224511
649 0.421964439119331
650 0.049010934615878736
651 0.48256279041679395
652 0.8853518945020421
653 0.40252547069783534
654 0.5183423164913203
655 0.5552447738666944
656 0.5251407274853636
657 0.2804010097705638
658 0.7979458222808525
659 0.12595345179478148
660 0.5304934684243265
661 0.46619236027926
662 0.16001605487656073
664 0.23743107362958157
663 0.9657021913833572
665 0.14905107754019217
666 0.021100204271175343
667 0.2448139804825772
668 0.011149126037102173
669 0.8285098938126054
670 0.15650867067432656
671 0.34012146105477514
672 0.8157031076634044
673 0.36535146563570925
674 0.3745455701534768
675 0.3089093766574476
676 0.5117016322430626
677 0.32143778760399544
678 0.6517058592290733
679 0.4995500555336865
680 0.34321438709359803
681 0.5005130548732579
682 0.06878585932799237
683 0.039413295830361954
684 0.11838462397420065
685 0.6365309024652763
686 0.46367789885359634
687 0.37731284690652106
688 0.7505631006876156
689 0.5738284767593761
690 0.04382204970627163
691 0.06993222630607902
692 0.3241842062003362
693 0.08115016056081525
694 0.1577457308948472
695 0.44985219042990465
696 0.06939920941668773
697 0.08186582825843733
698 0.5827883156650016
699 0.5840492301013475
700 0.0010780390338689225
702 0.08141779750542834
701 0.043331366421835965
703 0.5048183788476126
705 0.2645865677324655
704 0.02625639449810446
706 0.1894531081932713
707 0.6277719723177881
708 0.33548932380673596
710 0.7671998875686126
709 0.6647028791381516
711 0.4496702925132886
713 0.4714273993731847
712 0.5171212223655914
715 0.740386498966485
716 0.9234479489651464
718 0.20941562292718988
714 0.2500318736523749
717 0.6625407044912907
719 0.6642620716395475
720 0.12176559900369076
721 0.6497208753926609
722 0.3333333333333333
723 0.7131462886926786
724 0.14578912080064976
725 0.7114720010781775
726 0.21103700842719295
727 0.13715648136529046
728 0.15327131142549988
729 0.19979359356623871
730 0.4919292777205043
731 0.3374050271195362
732 0.2816658869669405
733 0.2427972207711553
734 0.1870714657255638
735 0.7861666807399872
736 0.3185999877900451
737 0.8648997217368214
738 0.9874200118679134
739 0.46987329949737633
740 0.6608730741545912
741 0.9834344321849179
742 0.5773047839444773
743 0.0404206843578251
744 0.02487691394687245
745 0.6192310560961555
746 0.8651508916613647
747 0.10100980910912957
748 0.4472637046277206
749 0.9406826376921988
750 0.22254613182246444
751 0.25554051417417917
752 0.2790949299545367
753 0.6851394152068836
754 0.056765341803054266
755 0.5508401134911075
756 0.5769495711044569
757 0.360028843686749
758 0.35620862910903384
759 0.1417722172728564
760 0.5938913463331071
761 0.0014973846200506805
762 0.1834004140430051
763 0.36276563114665655
764 0.146463498510739
765 0.03408477291526742
766 0.4768009883913783
767 0.10900488318633228
768 0.005517356799596057
769 0.23141658456752273
770 0.05352443665844032
771 0.21406781354949006
772 0.42433639072226
773 0.7212862525884014
774 0.5778651735817976
775 0.18096651483883358
776 0.569076846779156
777 0.7055497893301937
778 0.4205031786655264
779 0.1607676971923402
780 0.3373282321599509
782 0.7370100984858289
783 0.010537221954045568
781 0.27837749291343983
784 0.03848832175174837
785 0.35496076434586216
786 0.3992696255520236
787 0.6522808180370105
788 0.30652539811737833
789 0.5961352352306973
790 0.21759441696145343
792 0.5069417386917825
791 0.042714049446588374
793 0.8389336937556381
794 0.011421532395818513
796 0.5365190318738474
795 0.6741917867894733
797 0.5214796456982098
798 0.2608390285294927
799 0.36399555428609637
801 0.11999955200017916
800 0.09273398189531985
802 0.6671797598667722
803 0.3634050065632895
804 0.2673211282006142
805 0.45134072493853616
806 0.05846753292843868
807 0.16907973531106127
808 0.32982878465790444
810 0.15929761342338453
809 0.3983619985486063
811 0.7394560125671482
812 0.16050787895007762
813 0.37534255794311566
814 0.19015297480389587
815 0.5654510386115374
816 0.2181365970231963
817 0.43252235710190484
818 0.38414998306624437
819 0.28742555505731904
820 0.25650426202652143
821 0.03965046658395817
822 0.43625431384453167
823 0.6980509514539367
824 0.0798877396839077
825 0.39285765397260314
826 0.2808231260555865
827 0.20302308181826867
828 0.32618448800531025
830 0.11476545462015449
829 0.08995886741568669
831 0.27022396672732746
832 0.6447436108916007
833 0.10514692654897884
834 0.20127656063575244
835 0.6829417800870718
836 0.42912659509460055
837 0.6327737146627177
838 0.8529029109401899
839 0.6307878593337295
840 0.3134981611475494
841 0.03391536712182132
842 8.232722835132771E-4
843 0.3463816859521566
844 0.2555681063360097
845 0.6603774276560336
846 0.6055123893463219
847 0.10925127373622304
848 0.6648982301586411
849 0.7416835917422265
850 0.8344271329854147
851 0.8934776084040327
852 0.9789979161966655
853 0.12851686606433668
854 0.2634174428196195
855 0.7273317790142825
856 0.6126980768960928
857 0.0841746524729002
858 0.9406706695769581
859 0.25307696885570696
860 0.28829608815578267
861 0.3865528192726164
862 0.4431370701192154
863 0.9804412685243913
864 0.07857232664864532
865 0.030363423671117724
866 0.00463262810880235
867 0.36568454643536336
868 0.31473441765746857
869 0.22358995349705174
870 0.5416435011217247
871 0.4366163109089973
872 0.16848936197914252
873 0.8232096382508903
875 0.6909157180717399
874 0.020000163200026108
876 0.862181599474161
877 0.054756969254050075
878 0.13163936944348248
879 0.14199692888244467
880 0.1444675406204651
881 0.6428572704081177
882 0.14285714285714285
883 0.6695746103409898
884 0.3266024223053604
885 0.03474147486992546
886 0.24722281645376193
887 0.029973702299479547
888 0.718469064017372
889 0.5835544573943593
890 0.3070330341959097
891 0.11069209560728087
892 0.4112435172873494
893 0.06701440907846605
894 0.8002526575681859
895 0.328913953825345
896 0.14337863643375753
897 0.09607378775972913
898 0.4121715387328099
899 0.0026782414633552314
900 0.3784874319265109
901 0.2500753370750338
902 0.30295578484348606
903 0.0705535653791708
904 0.8870885421548925
905 0.3468872715215992
906 0.13597375664040234
907 0.5404158396100607
908 0.35816171989549334
909 0.021600945725909013
910 0.37531793933348334
911 0.31095172580771097
912 0.14049646491833365
913 0.30008343140480176
915 0.8607082399425771
914 0.39041261490422896
916 0.010528753022237698
917 0.08236608593107912
918 0.6302922611365107
919 0.19471098808488413
920 0.28829426132368935
921 0.4486406109873579
922 0.45585915661855037
923 0.23279397562639417
925 0.2846184312303925
924 0.573262814253217
926 0.6771784291803817
927 0.24586873261320424
928 0.6302901090762875
929 0.042201277440199365
930 0.01456587225148057
931 0.3821984378260167
932 0.13583389518004318
933 0.9413644464335638
934 0.1174019689925334
935 0.4566030072828304
936 0.3284482753729188
937 0.7131312703135272
938 0.0325180390156357
939 0.2210567792465108
940 0.4876744482240459
941 0.42836755324736897
942 0.28219444427823426
943 0.15079543417008762
944 0.07637677299664287
945 0.0811251656010406
946 0.4896855084134861
947 0.005763584989546426
948 0.5086502992060583
949 0.8732578275437759
950 0.5917963085437192
951 0.20305546777339045
953 0.30555861756048375
952 0.13532460684756786
954 0.3912421334396446
955 0.059381505967294156
956 0.18903325133424329
957 0.4269005708423055
958 0.04410098998514105
959 0.4970605875364853
960 0.020915748839904675
961 0.1540216238814081
962 0.2919897912118324
963 0.28301050087202145
964 0.771648512491427
965 0.015244030432085172
966 0.21081077602517326
967 0.44856602766480014
968 0.03307272445109049
969 0.4123101346562535
970 0.3119567389590683
971 0.18273940442104677
972 0.12797169666071603
973 0.27956202753702497
974 0.1412972969182273
975 0.012173506293904967
976 0.009162341090214354
977 0.10425480687475817
978 0.35903751721540506
979 0.15539336664338885
981 0.48789203642302104
980 0.7143790472664238
982 0.1921397623043098
983 0.7853176488590036
984 0.26007694072804693
985 0.05171232328741582
986 0.8412746295542672
987 0.1546105603414848
988 0.054479451893398936
989 0.7560058298042133
990 0.43138582839754697
991 0.022447977579498526
993 0.4047272207161842
992 0.49565582843563166
994 0.2746411819509726
995 0.17755893257813177
996 0.5512465203194081
997 0.5157930003478225
998 0.6789608188169802
999 0.639300288716721
1000 0.05380353447860761
1001 0.5743272903242466
1002 0.6184934508935336
1003 0.6185863082087257
1005 0.35952016586841273
1004 0.004431240006596545
1006 0.8683386886040293
1007 0.0384990212963433
1008 0.8123491642121347
1009 0.26330659625403724
1010 0.0496042289232152
1011 0.6391023603325906
1012 0.20384819712507696
1013 0.5176347549122382
1014 0.09278153321595863
1015 0.180062399311211
1016 0.7723866581960924
1018 0.45128826806453676
1019 0.1163887516487033
1017 0.388208467645137
1020 0.46095739964250243
1021 0.8026157893779335
1022 0.3814782358922614
1023 0.05556838807369607
1024 0.48015968914822377
1025 0.3760122778334358
1026 0.4235486120272129
1027 0.3256856885572267
1028 0.8804652531985354
1029 0.33993713846256723
1030 0.023705456208131394
1031 0.3209306789733418
1032 0.9035121495578265
1033 0.9792447370835362
1034 0.3627763509399755
1035 0.49898150534788205
1036 0.3661725312005969
1037 0.06508116901125977
1038 0.3918650448446373
1039 0.45807657450558026
1040 0.46820272525314344
1041 0.32404622419009826
1042 0.1017295855934834
1043 0.379185633971441
1044 0.021439718752383034
1045 0.08129683718452688
1046 0.08733144704504882
1047 0.7320656459328195
1048 0.1321090012379041
1049 0.6863169355561803
1050 0.28284900616625763
1051 0.13518970963833682
1052 0.5959067265405811
1053 0.5915443375214386
1055 0.6868090155238166
1054 0.2814871534330192
1056 0.7807414065932804
1058 0.23308241760445428
1057 0.28635656480596045
1059 0.5611247248783942
1060 0.005128479333809106
1061 0.38786825701416333
1062 0.5441198062036686
1063 0.04615351187968584
1064 0.6809082934634104
1065 0.6029107087191905
1066 0.22647080849225643
1068 0.789785163225295
1067 0.44400914096334143
1069 0.41939154278972446
1070 0.05895188960100583
1071 0.5445168294466204
1072 0.26996593605659364
1073 0.33388461838968875
1074 0.17893043015992185
1075 0.2929883915514878
1076 0.6385541653676231
1077 0.40559473926340867
1078 0.787034260393136
1079 0.036602906555597475
1080 0.06036874836331838
1081 0.23943739670703762
1082 0.12282096566261497
1083 0.870850225727638
1084 0.9774185819231607
1085 0.08777438488225232
1086 0.08507341034551101
1087 0.6842088426340646
1088 0.21213666794786168
1089 0.7728773602729675
1090 0.02367013720905629
1091 0.2965777624368317
1092 0.19790460147908873
1093 0.14398744765374114
1094 0.721599391551802
1095 0.08878787508076302
1096 0.26829883118539777
1097 0.37539136175208504
1098 0.22296399817871115
1099 0.9218960130265618
1100 0.4619505259435014
1101 0.6991871098552304
1102 0.23192226767118096
1103 0.44790777293218775
1104 0.1948889215974347
1105 0.4095912098232614
1107 0.17739927844149894
1106 0.5837563919022433
1108 0.15850323698497104
1109 0.8208689627267374
1110 0.22890289823388044
1112 0.5223007904442657
1111 0.28087047946832033
1113 0.4752530790267603
1114 0.18745037821055377
1115 0.5787771280999713
1116 0.15365387732576274
1117 0.40229863495833823
1118 0.1042024285562728
1119 0.5487506417513165
1120 0.4735512190826418
1121 0.6017837398913007
1122 0.26627864965972464
1123 0.0539162863284203
1124 0.10383611179128913
1125 0.2911679188857172
1126 0.418994143465574
1127 0.271952490455439
1128 0.3809111209643797
1129 7.836023996992462E-4
1130 0.02884869474202292
1131 0.5997900874247137
1132 0.7487939217246493
1133 0.02845456944893686
1134 0.24964849741521336
1135 0.1620553086507922
1136 0.09900604940019281
1137 0.15417127341240974
1138 0.1247818883973064
1139 0.08897043312041585
1140 0.1025333267046867
1141 0.3255808864487122
1142 0.3925191021050407
1144 0.12480237151496422
1143 0.34302972156471717
1145 0.7931221682590422
1146 0.8081703269510843
1147 0.19621989358523959
1148 0.5343228685274111
1149 0.02029120093683105
1150 0.2269985137989149
1151 0.6303521190504338
1152 0.354966091344299
1153 0.24092841555341077
1154 0.13599109932307918
1156 0.29808993126377326
1155 0.0789311266501231
1157 0.18357509813277634
1158 0.05697814740753826
1159 0.3879044551420476
1160 0.34119844738021904
1161 0.19977681584380919
1162 0.1245270771925613
1163 0.10392582498153752
1164 0.7818773286609827
1165 0.45531893564086817
1166 0.03878322418071029
1167 0.12438288966608793
1168 0.3424495779490869
1169 0.2613385614286191
1170 0.4565814550941247
1171 0.4660249220247471
1172 0.1854501971304945
1173 0.85942077104824
1174 0.05142864041443076
1175 0.1396678954525948
1176 0.17193296662382812
1177 0.5608839932091988
1178 0.020566038812481563
1179 0.10334398804522721
1180 0.3355407154295655
1181 0.30973458427965855
1182 0.5286254666283194
1183 0.7753033806031314
1184 0.519760490614475
1185 0.7261629514264615
1186 0.1017808510006871
1187 0.486708029183987
1188 0.05986174021970893
1189 0.24017447798469288
1190 0.1585341092148203
1192 0.13253211419700967
1191 0.11740233826364073
1194 0.061125942902005
1193 0.17797706633696989
1195 0.5689953044382593
1196 0.7818342687652428
1197 0.5107493966564408
1198 0.2765197780806932
1199 0.095029958879376
1200 0.021985802638023657
1201 0.3132647000403969
1202 0.20860677626332463
1203 0.04255322447132064
1204 0.4171698434719695
1206 0.057416876120045784
1207 0.8759984157740824
1205 0.29999190293517364
1208 0.5170653340242183
1209 0.03960411871389074
1210 0.5024101235946088
1212 0.7321333729231052
1211 0.02736495221854187
1213 0.39178875889618786
1214 0.5789858856748836
1215 0.49550415525233676
1216 0.04366641108449532
1217 0.43882539594638875
1218 0.9459772326137659
1219 0.45087648188714563
1220 0.061203412662775
1221 0.24193582882421935
1222 0.6514807666167142
1223 0.35089593079562115
1224 0.15310070553910837
1226 0.9907783717313126
1225 0.4334405406046659
1227 0.15944939974626304
1228 0.3810104756659616
1229 0.9859879529263814
1230 0.6858464484374072
1231 0.14405388106211783
1232 0.2040420044252699
1233 0.34384218631842606
1234 0.2896081620879976
1235 0.04210032890125443
1236 0.4500841688989802
1238 0.6123776314054891
1237 0.2574410730293361
1240 0.32558366465332483
1239 0.17500191998373146
1241 0.5616199469098233
1242 0.22322598986054296
1243 0.18062501038151063
1244 0.32290312470981525
1246 0.19889604429554353
1245 0.13885306620184162
1247 0.33273603878028707
1248 0.9213921653340615
1249 0.7551206021203652
1250 0.21810865806568058
1251 0.3546650588919274
1252 0.058007545000978294
1253 0.8175567624313821
1255 0.20803344895128625
1254 0.038097531927720536
1256 0.19959053853787173
1257 0.10414183523997227
1258 0.06995071068765377
1259 0.4469121787210863
1260 0.6368623185486578
1261 0.391795707583612
1262 0.6179481506614944
1263 0.32227998114320383
1265 0.4115966028235817
1264 0.3884437401158513
1266 0.06373378981800236
1267 0.2239186179904177
1268 0.38503242064372484
1269 0.05367814206278161
1270 0.07466074051509979
1271 0.27055376647757423
1272 0.14494044575030923
1273 0.4907818244623946
1274 0.43949808426980574
1275 0.474616967084651
1276 0.2646174552914817
1277 0.28319436605663356
1278 0.6314222508585166
1279 0.41795106776292734
1280 0.7910314224429592
1281 0.009779777320842273
1282 0.8499439160795018
1283 0.43266618339893903
1284 0.6306146058462584
1285 0.37049877534821873
1286 0.04388719244112617
1287 0.23950126947208134
1288 0.30182747356264916
1289 0.7439221559855976
1290 0.17665089354252234
1291 0.2247353846153846
1292 0.36851544978380807
1293 0.3518547963842922
1294 0.1791764534608176
1295 0.16886103251157536
1296 0.21524113142794052
1297 0.2697104973390049
1298 0.29063776075276726
1299 0.39649462456152723
1300 0.3523500972410933
1301 0.07044030261783406
1304 0.4224508270026226
1302 0.3328032195701925
1303 0.3968036932642796
1305 0.7878011345024758
1306 0.41495365917635746
1307 0.47942248990598146
1308 0.48310706633450096
1309 0.33824392724867575
1310 0.19798148101325386
1311 0.1406446240132939
1312 0.6623118689950042
1313 0.045771662253015474
1314 0.42525596731763504
1315 0.026756237905622694
1316 0.5003849123038762
1317 0.7380990361464677
1318 0.03271343918035005
1319 0.6603426083566306
1320 0.2516659221450681
1321 0.022305389505375903
1322 0.04252312512581549
1323 0.04072616036293863
1325 0.7354205496586564
1324 0.8715746514337072
1326 0.6541230580775883
1327 0.2919607796592857
1328 0.39692376032368654
1329 0.30917106678084777
1330 0.0034726034432075994
1331 0.27918719908287354
1332 0.04939898818158826
1333 0.5982228026070043
1334 0.5995373401219365
1335 0.10305406291881558
1337 0.5667526258329254
1336 0.599665071928531
1338 0.19781600477097583
1339 0.31202524566645523
1340 0.3672481367980473
1341 0.44490931671363604
1342 0.37198054937104097
1343 0.1776584754986377
1344 0.5887396697580441
1345 0.4707107262805542
1346 0.703460497374545
1348 0.1643717269877668
1349 0.3623055693336894
1350 0.1486280805849756
1347 0.02060542061558437
1351 0.05311500869423751
1352 0.2186145461010735
1354 0.6737889828077334
1353 0.9080962714050119
1355 0.017727677139831925
1356 0.6996856445296239
1357 0.2745210431469302
1358 0.34821363780737774
1359 0.27406346554216227
1362 0.04926917655671231
1360 0.533127175338675
1361 0.10972894402034797
1363 0.089234709493324
1364 0.1014661785585922
1366 0.5980119940157577
1365 0.2565871797369128
1368 0.5723003933494395
1367 0.6721997069774999
1369 0.20700845399839207
1370 0.6421881322862975
1371 0.09371752844533474
1372 0.30609785912972076
1373 0.08358488205119732
1374 0.4506192863112982
1377 0.003967897658909682
1375 0.6034115256190586
1376 0.4549307200571114
1378 0.18519962288950678
1379 0.26339119466473043
1382 0.6711629120661788
1380 0.4535215368377904
1381 0.0993143535863303
1383 0.11400925870196917
1384 0.31065542970377324
1385 0.2424879692330294
1386 0.41125009845249305
1387 0.3712378259078919
1388 0.43782012372312074
1389 0.6593469359938912
1390 0.061306277255360794
1391 0.46822790375795503
1392 0.28991899124755943
1394 0.3200888502938597
1396 0.12538009368795772
1393 0.01420466070507505
1395 0.4946983693921
1397 0.43374864456278034
1399 0.3278141530499819
1401 0.7869890345552297
1398 0.5302548066940577
1402 0.5753514597206861
1403 0.03151816684632745
1400 0.02816972227742565
1404 0.3136927836758463
1405 0.028927090127978648
1406 0.06399889023982246
1409 0.49870727555802946
1407 0.38457388636591266
1408 0.35048204092141233
1410 0.5760130213799279
1412 0.2760597612396501
1411 0.14951161083361048
1414 0.10793705789876737
1413 0.8324679339770196
1415 0.48116286223647436
1416 0.4543642822235973
1417 0.9455826624259164
1419 0.8288279084235791
1420 0.5493370748370853
1421 0.5353899512944742
1418 0.6272611631286702
1422 0.8087342307966895
1423 0.1258342987113974
1424 0.5221621723151901
1425 0.12082524874174937
1426 0.46899523732889886
1427 0.7203582610208557
1428 0.15013717542035288
1429 0.0711375932227178
1430 0.11959151038597819
1431 0.38342264766399
1432 0.2617611151087784
1433 0.8259679359459676
1434 0.15770730292383733
1435 0.07264882041309552
1436 0.4604487069526306
1437 0.7406853499593331
1438 0.12050544158134899
1439 0.27310858965839874
1440 0.6004292019638695
1441 0.10239831091056009
1442 0.024270682046383232
1443 0.46428634311217754
1444 0.5425513705197315
1445 0.1515152902765678
1446 0.35704092980942853
1447 0.5774650199792989
1448 0.19904066180148644
1450 0.7650824840180688
1449 0.5966062264796441
1451 0.045976270312096994
1452 0.07868806153378165
1453 0.5962601374037916
1454 0.9286646242149145
1455 0.8224250692412581
1456 0.8295129416732357
1457 0.02952072228050942
1458 0.5562119384532622
1460 0.26432896134980693
1459 0.19978024665074673
1461 0.14325033069224444
1462 0.42510981199912834
1463 0.12457441401126097
1464 0.01179686921068604
1465 0.036572484128882685
1466 0.8632493464701063
1467 0.5432973456032809
1468 0.036637301710701495
1469 0.6922773048937391
1470 0.16815573538170733
1471 0.09556499134600654
1472 0.38823650137138105
1473 0.08531807360499578
1474 0.28785518068493193
1475 0.2229434276840207
1476 0.6290289055396731
1477 0.046467041363626595
1478 0.5761427553079619
1479 0.47550985678890534
1480 0.495635112669386
1481 0.8492290626974632
1482 0.56075253400815
1483 0.41132642388027957
1484 0.25660273728959826
1485 0.6202936672902059
1486 0.8864341992171387
1487 0.47652253909444137
1489 0.6765315308671052
1488 0.02395278523608943
1490 0.3419116848610564
1492 0.0808276875340549
1493 0.291414236097407
1491 0.6888612825256223
1494 0.34148859865532705
1495 0.1668870392906834
1496 0.14873138044921874
1497 0.01169888847295461
1498 0.08532425584454237
1499 0.26466987449774293
1500 0.5090688632203275
1501 0.5719178620519815
1502 0.1240651534179304
1504 0.0662776769376612
1505 0.2887583822988574
1503 0.42150860664227746
1506 0.3633264412659619
1508 0.602926102139662
1507 0.048027475505714186
1509 0.12558459032925298
1510 0.4619639318860684
1511 0.34868112229198367
1512 0.009035170234233432
1513 0.42905284245473574
1514 0.792859426068134
1515 0.32535797600804284
1516 0.6609061038393897
1518 0.10707025748335798
1517 0.08695707181807509
1519 0.19547844899417813
1520 0.543700025123718
1521 0.19518051699080174
1522 0.1726524468201897
1523 0.19841508187957452
1524 0.37808692477641365
1525 0.43388863830150703
1526 0.002342177711688826
1527 0.1529931675852694
1528 0.5308575768523226
1529 0.3271508616617087
1530 0.2290799809793338
1531 0.15908324321316927
1532 0.22862082408578094
1533 0.28186104752642127
1534 0.430428706785559
1535 0.17543911449679545
1536 0.7789871226024
1537 0.35285299120314984
1538 0.10328632561161312
1539 0.32549398170976623
1540 0.25294405452202356
1541 0.5851344887459261
1543 0.2808015146028931
1542 0.10383128601821447
1544 0.09627032158650979
1545 0.8892824457647226
1546 0.7183314311336885
1547 0.5688170405666889
1548 0.08256907082341104
1549 0.9000361313044082
1550 0.39068477213478303
1551 0.4269567875866793
1552 0.9514571955614629
1553 0.4207166746493067
1554 0.7449380080620206
1555 0.02079091948223908
1556 0.7092624654654266
1557 0.9842518420236802
1558 0.7396704175295411
1560 0.1781806129382963
1559 0.8692333204921469
1561 0.5764854249171897
1562 0.06914157182781133
1564 0.4211659133550943
1563 0.3729105462519834
1565 0.5391384526057362
1566 0.979903377681201
1567 0.30832059866723116
1568 0.7061591447621128
1569 0.11497226706033614
1570 0.8087878264306608
1571 0.32653868572684447
1572 0.16565057505689815
1573 0.4241757716218322
1574 0.8418818825670252
1575 0.7067553452875155
1576 0.29484319604215803
1577 0.3564181156564967
1578 0.1677409076381895
1580 0.5364880982962855
1579 0.24895964065884746
1581 0.5899087522908141
1582 0.6699115231505733
1583 0.4503803860336866
1584 0.4172932429425287
1585 0.045683079506860465
1586 0.36247322457541076
1587 0.37400253006179374
1588 0.34084709676863245
1589 0.32186068094565895
1590 0.046571776554682226
1591 0.42817538968207364
1592 0.385398683153276
1593 0.08618346681500083
1594 0.5278001293698277
1595 0.12402644298086392
1596 0.3899698238479834
1597 0.1980988730501359
1598 0.28044262734710584
1599 0.5720033086388
1601 0.29924565126473457
1600 0.08458545447068619
1602 0.2630091777524145
1603 0.7884523870142006
1604 0.3311957256571405
1605 0.08209466788146992
1606 0.41350836332839297
1607 0.1692174856054306
1608 0.5058284514058067
1609 0.9765371414397854
1610 0.5354024288007979
1611 0.8545494439897814
1612 0.6860590632163028
1613 0.926998406150445
1614 0.1797790643633312
1615 0.436384563418956
1616 0.5750529193409759
1618 0.1817162249632356
1617 0.5311413326886273
1619 0.24201922270396276
1620 0.4239272225208211
1621 0.04929443408423054
1622 0.5164421570722209
1623 0.010929652617143478
1624 0.4083501214762584
1625 0.6257448648924654
1626 0.27498157243821597
1627 0.5980742596943032
1628 0.07837397201589778
1629 0.6817909312415774
1630 0.4051891473154606
1631 0.09697906167934804
1632 0.5882206309216302
1633 0.12876135534059036
1634 0.06287003453718874
1635 0.5146238162253072
1636 0.1903761717479394
1637 0.23114882948135027
1638 0.38201648092079865
1639 0.31080549225125
1640 0.256998939157453
1641 0.41444896413129684
1642 0.46823861652232657
1643 0.4497908518977503
1644 0.04536309964246482
1645 0.8549054351230845
1646 0.20169242322665287
1647 0.5523778783320443
1648 0.2462903858393051
1649 0.1637640802841204
1650 0.1778327447567329
1651 0.1632446181943283
1652 0.14190212455581808
1653 0.2797635440548233
1655 0.14054765839014538
1654 0.568621208718299
1656 0.29330835873360744
1657 0.7054783237953499
1658 0.2867712229311375
1659 0.008031984564825755
1660 0.7601944890828041
1661 0.08560351076112294
1662 0.5155032095208598
1663 0.6514233326369977
1664 0.3759390764666731
1666 0.058327564539359146
1665 0.8506042056442925
1668 0.35960753236984905
1667 0.19867535130041525
1669 0.43740053502359905
1670 0.5324579353296335
1671 0.25850249192372904
1672 0.17397600260823012
1673 0.06897163442775167
1674 0.330012086307541
1675 0.09322421395323173
1676 0.2124976597223281
1677 0.027026797775087007
1678 0.5975655913122222
1680 0.6023474218807588
1679 0.5524912176345166
1681 0.4380710981819372
1682 0.20800577807139753
1683 0.6752723950929966
1684 0.17037943296952748
1685 0.49260588168985325
1686 0.41229294993065824
1687 0.1890152211889092
1688 0.13793048870349106
1689 0.6718911567880546
1690 0.19357529652626804
1691 0.35345876121999664
1692 0.22863675100864178
1693 0.22744643446998616
1694 0.48230214763122886
1695 0.24018425971621368
1696 0.22854717586941578
1697 0.21329678043580638
1698 0.5379009054177248
1699 0.14562471250996536
1700 0.9974079241384918
1702 0.7229190431489693
1701 0.2197723267474186
1703 0.16039194989030983
1705 0.38737211390049175
1704 0.4321209992826248
1706 0.9687296848248927
1707 0.30653163002846673
1708 0.19937594059632585
1709 0.5010849817306734
1710 0.6461677571607086
1712 0.31232365217748315
1711 0.08463010106376519
1713 0.02802262944393881
1714 0.6180511989418193
1715 0.27349617421228495
1716 0.25179094004266556
1717 0.7619389352244376
1718 0.7692302205483751
1719 0.9615471932834944
1720 0.8461541596866429
1721 0.7557896421978175
1722 0.12302518442978998
1723 0.5880353350176923
1724 0.3034974863617047
1725 0.30399048646059523
1726 0.22618880868191718
1727 0.7960786161992943
1728 0.6907621545761192
1729 0.07651288975456665
1730 0.1798917112996297
1731 0.007586614378159201
1732 0.871509549967762
1733 0.2196134983130901
1734 0.17583901806220628
1735 0.21117216073772518
1736 0.2230012767890246
1737 0.5463758581842197
1738 0.42495683801710976
1739 0.529011748934278
1741 0.48882730136178093
1740 0.19075729668713695
1742 0.2705895213123606
1743 0.49294092902332354
1744 0.43808114706852674
1745 0.3715146010822377
1746 0.08773479009177021
1747 0.6689492609775163
1748 0.40837141187400716
1749 0.005263737119144108
1750 0.11235992546010398
1751 0.8633175758430267
1752 0.7497498064530609
1753 0.060663263525582246
1754 0.4891459065074792
1755 0.5688715393238017
1756 0.751622457999188
1757 0.677860173934851
1758 0.4985906751829537
1759 0.5826127934918486
1760 0.009397693293464408
1761 0.5648340166810005
1762 0.49005205415618047
1763 0.6080113586340843
1764 0.38969716610622607
1765 0.03239215235747819
1766 0.7348665903796379
1767 0.5825223615295839
1768 0.0773728671700399
1769 0.5200194183861142
1770 0.7035210903793272
1771 0.45598038449129846
1772 0.4961359831250769
1773 0.39168900683089136
1774 0.4275709936856789
1775 0.27528135684521754
1776 0.03136728176034065
1777 0.36157993397709887
1778 0.283855346233486
1779 0.6272009804877852
1780 0.009932792612312145
1781 0.23728516523005952
1782 0.5666771959573854
1783 0.01088582130144009
1784 0.10585604212325463
1785 0.9154926228377336
1786 0.33526552837384843
1787 0.9182151759991282
1788 0.04190325739593694
1789 0.2926143688596294
1790 0.894482711386807
1791 0.3419786927998866
1792 0.4131055758173272
1793 0.7078447638622418
1794 0.14676854396599592
1795 0.3009217445097433
1796 0.07368330637195251
1797 0.8736263967214264
1798 0.9877757282517332
1799 0.007463510247578414
1800 0.22635113306943147
1801 0.4337343753500716
1802 0.014978138727367203
1803 0.13496013706150348
1804 0.08997985202789235
1805 0.96471518787853
1806 0.016185714928451774
1807 0.08709397107352096
1808 0.4222874494689255
1810 9.07136269790361E-4
1809 0.08739744071684477
1811 0.2959379345846778
1812 0.4670883489216406
1813 0.6034446008762967
1814 0.7070483078354323
1815 0.04546604175619542
1816 0.35020936010374965
1817 0.13886157454912657
1818 0.2424638003741781
1819 0.31082054444859614
1820 0.1852667833206644
1821 0.5473738297712065
1823 0.4234526821505048
1822 0.7788056341170576
1824 0.49143917672607235
1825 0.2929203434274936
1826 0.4442412709174867
1827 0.6947937327094286
1828 0.8781399796297934
1829 0.4484129773529826
1830 0.10334235992962369
1831 0.2825557695120654
1832 0.42204032122270585
1833 0.12782037262945434
1834 0.20794899564676755
1835 0.48008070403901787
1836 0.7769145056131496
1837 0.12208399411392652
1838 0.15413686632926155
1839 0.33931428968423977
1840 0.1861631661440929
1841 0.3137071737326127
1842 0.5349357939825055
1843 0.2625404386931637
1844 0.18193311062641268
1845 0.16953770850377026
1846 0.07126661944533298
1847 0.08451588707891182
1848 0.5374725263532578
1849 0.21012099728785638
1850 0.42406228813114516
1851 0.7969248103303509
1852 0.7300570323754016
1853 0.7994128878617406
1854 0.20905308615967985
1856 0.5741071244224027
1855 0.2628073038150609
1857 0.485714380874627
1858 0.41230859813818077
1859 0.5647012412662785
1860 0.8798797593218695
1861 0.6846531313311889
1862 0.07763652149005794
1863 0.35620475589958683
1864 0.20363351308867128
1865 0.13506897410708232
1866 0.08654537685681826
1867 0.08210825314165789
1868 0.5946876727471602
1869 0.7532004248813463
1870 0.6460773704926345
1871 0.4519483344234458
1872 0.5693397448372657
1873 0.024131811728072276
1874 0.12351598154860907
1876 0.29451996040717116
1875 0.516854543827278
1877 0.43023364988846685
1878 0.22403753257882403
1879 0.5061675544595571
1880 0.16267521066598387
1881 0.11853026381228153
1882 0.24060176815269763
1883 0.07268549699992949
1884 0.6902532891028464
1885 0.935776623561897
1886 0.4098851734581158
1887 0.7685004596902045
1889 0.31191033824230946
1888 0.1439250524296218
1890 0.7305547738963217
1891 0.42499988966353264
1892 0.6108923340945537
1893 0.30739306474490824
1894 0.3122868649622143
1895 0.28306932108158156
1896 0.7002569238221384
1897 0.32486272283587914
1898 0.15178224390015813
1899 0.3221054530305828
1901 0.30672200179664505
1902 0.4254324631297331
1900 0.540401836841012
1903 0.110457054228473
1904 0.793654757245118
1905 0.2877088140854298
1906 0.1286031480917118
1907 0.7894638191862828
1908 0.5148581980944854
1909 0.3754584477760701
1910 0.9915527262013833
1911 0.24788135260295457
1912 0.6443126194152864
1913 0.9464954128055222
1914 0.22997030869152102
1915 0.040531417858949426
1916 0.007203314251076393
1917 5.008063723205211E-4
1918 0.13058763428851855
1919 0.82614822886075
1920 0.29286092974088923
1921 0.032860220974000875
1922 0.20000000000000004
1923 0.13961294118638629
1924 0.5044013203841535
1925 0.029091911844321354
1926 0.5618672840464027
1927 0.28012646519457235
1928 0.5324916840910181
1929 0.6227754045667692
1930 0.7679043073030529
1931 0.4147906090140602
1932 0.7811842412008313
1933 0.09839474281398584
1934 0.29223415579870954
1935 0.0965252384431146
1936 0.41444370833085675
1937 0.6810667765347478
1938 0.1380789250085467
1939 0.46397691136045527
1940 0.028011428571428593
1941 0.43026506509823886
1942 0.04111992331274468
1943 0.08593835377228362
1944 0.579572902735939
1945 0.15038722889219056
1946 0.5417775790800538
1947 0.03435200316122128
1948 0.3948191332929677
1949 0.0927946273099046
1950 0.03169220907311393
1951 0.120670071350627
1952 0.6117797682788317
1953 0.23853260373703652
1954 0.41197510799328024
1955 0.754873178079796
1956 0.014086287644637027
1957 0.3410629980817094
1958 0.4590784807348009
1959 0.24611102883997926
1960 0.0801995313492492
1961 0.22605942765097053
1962 0.0690539130434782
1963 0.44299661730548856
1964 0.25148101707729714
1965 0.17730439448042484
1966 0.12179119361591624
1967 0.1863057285614957
1968 0.21867718364238262
1969 0.45185201353451815
1970 0.4024052572009811
1971 0.06696961327777275
1972 0.01993787033192497
1973 0.16938517199852057
1974 0.6136973569783342
1975 0.5397056835028453
1976 0.6933896189945707
1977 0.4614457855840633
1978 0.2173943517068514
1979 0.5489412509459811
1980 0.7660873487575899
1981 0.057860995375570455
1982 0.5544605571752146
1983 0.3740781444390405
1984 0.7071509219636932
1985 0.2167921380901032
1986 0.26003939635401707
1987 0.14613675732024264
1988 0.8031212658219585
1989 0.015338574032769725
1991 0.3087588719106175
1990 0.16830629032351044
1992 0.28663584419295945
1993 0.4648153347150186
1994 0.03246246868065094
1995 0.1805093283639512
1996 0.22823138213497976
1997 0.16465086092790637
1998 0.047781132519499364
1999 0.15695030091351708
2000 0.08680542335783874
2001 0.8237923006691181
2002 0.6629700481780236
2003 0.41715162782055737
2004 0.44482478844246803
2005 0.19154237534340943
2006 0.3300668587184276
2007 0.08602794875385535
2008 0.37363760252480005
2009 0.6831306529280218
2010 0.023547413811310272
2011 0.35741311082881716
2012 0.2855130319016668
2013 0.018183172899191573
2014 0.6030079580040233
2015 0.6203203121084556
2016 0.7034990233928287
2017 0.2086881964016306
2018 0.008196752508546037
2019 0.6695268816354325
2020 0.12767058789292288
2021 0.12932046645692036
2022 0.21907480161983994
2023 0.16604733249890746
2024 0.5792105578394967
2025 0.21421330099711394
2026 0.017476839223229082
2027 0.5831752898674827
2028 0.105940111681595
2029 0.6863723623848609
2030 0.17287806168982253
2031 0.534750969244912
2032 0.5562971502836378
2033 0.3903549254885255
2034 0.8357746568561134
2035 0.08713536692467673
2036 0.4516640048623729
2037 0.5443790374985665
2038 0.7535490066719994
2039 0.4869101428114359
2040 0.6363011071709875
2041 0.19239640167198996
2042 0.7819461736178941
2043 0.79774788233745
2044 0.24200891298780713
2045 0.07435510589481821
2046 0.2042030888550297
2047 0.738710021058986
2048 0.3504830844742495
2049 0.27963079988127165
2050 0.16423956084705876
2051 0.09669759977117924
2052 0.16897169237170911
2053 0.09417987997518587
2054 0.22920016695975862
2055 0.5927348172542132
2056 0.7246812140836175
2057 0.4349742007819739
2058 0.379261102548966
2059 0.14328341167291475
2060 0.029060574036782177
2061 0.4574543253369059
2062 0.3599944152648263
2063 0.3619119528780476
2064 0.15099721171091104
2065 0.595071125116564
2066 0.19853787692652633
2067 0.20517351774241005
2068 0.18119730519738023
2069 0.4301296024815123
2070 0.31360648345066133
2071 0.030931358080400283
2072 0.8168011762470723
2073 0.898484883677157
2074 0.22365444943781754
2075 0.6721380706967393
2076 0.378614550847656
2077 0.16435229511190944
2078 0.7764705594653704
2079 0.4810314042382472
2080 0.8042672815457405
2081 0.1452927191038351
2082 0.8145606234983066
2083 0.23810516467835557
2084 0.7881444060910247
2085 0.8080436679521402
2086 0.4950658784598513
2087 0.8726324141922209
2088 0.15460431388531326
2089 0.5352479583335369
2090 0.02000016320002613
2091 0.6540422692178165
2092 0.3446757158991119
2093 0.3546744285187099
2094 0.18916780930281613
2095 0.5117634900376969
2096 0.39683703269606424
2097 0.491040001300639
2098 0.06802302988324087
2099 0.3589512971534024
2100 0.5536779429271779
2101 0.23675808408152962
2102 0.4744351242596392
2104 0.06271757190201599
2103 0.6510183956739021
2105 0.37850102746402237
2106 0.6778128278124752
2107 0.2295284540883373
2108 0.5191275275301572
2109 0.011905063066983081
2110 0.7364938069909489
2111 0.20464755969431142
2112 0.32924474034449297
2113 0.009777935552141355
2114 0.2770603721623997
2115 0.45749147082801195
2116 0.26829750322803486
2117 0.5223901945898178
2118 0.09154629879449667
2119 0.05651901476931482
2120 0.6813936992219769
2121 0.15423059603435463
2122 0.16912976119028017
2123 0.06660117174931102
2126 0.09896602658788774
2124 0.13033714187923776
2125 0.5865235021774582
2127 0.225154485314802
2128 0.9743926618123623
2129 0.02311592858419141
2130 0.012562917098073762
2131 0.7103781902677085
2132 0.9140494307979717
2133 0.07468231096099469
2134 0.25130181584329986
2137 0.13272946209939993
2135 0.6815922309390448
2136 0.3938174367713118
2138 0.6363909379517796
2139 0.09722019912523476
2140 0.2455801272910539
2141 0.1679732080440897
2142 0.4753434303345325
2144 0.8158467620600497
2143 0.9016550587396025
2145 0.04280213396554922
2146 0.09204691005655971
2148 0.014258859375109177
2149 0.38979755558297485
2147 0.3734305385070618
2152 0.29922625736371616
2151 0.5225260183873905
2150 0.30267131255698476
2153 0.07597903585183256
2154 0.2767120196524703
2155 0.6273813426743671
2156 0.7537423621811584
2157 0.0836625301468848
2159 0.06120946976649307
2158 0.04233781181944657
2160 0.25038167833739583
2161 0.37892006636578723
2163 0.769613649020455
2162 0.6609881748648218
2164 0.17213058787955637
2165 0.00461485265451849
2167 0.08352640758823235
2166 0.06474559144748664
2169 0.9262271835569081
2168 0.6171061634129011
2170 0.06767440654608378
2172 0.38445135910344297
2173 0.13638238797946142
2171 0.91296863661965
2174 0.4621868090671817
2175 0.1355495652173913
2176 0.6910568552499998
2177 0.34765709547494583
2178 0.1397171540728711
2179 0.08128965060126878
2180 0.07362963183694148
2181 0.10720451773288237
2182 0.7667279585649793
2183 0.5001779605038742
2184 0.16480783036896973
2185 0.40319083308784864
2186 0.32474114192935744
2187 0.7314061323647951
2188 0.26360753602931336
2189 0.5629152574097791
2190 0.11405747989421215
2192 0.6572895807751725
2191 0.3701473988849324
2193 0.5788516960400859
2194 0.04852566011108411
2195 0.18584060145670367
2196 0.21796340622110993
2197 0.4830405992851833
2198 0.3837303844806506
2199 0.4257853336604406
2200 0.5415428280718666
2201 0.23715175910055553
2202 0.3916037034515051
2203 0.6605281829271793
2204 0.4385004033178701
2205 0.0597914474135246
2206 0.4925598316690297
2209 0.45690319822854536
2207 0.31781512800516903
2208 0.5909408367252139
2210 0.21064226768298802
2211 0.43508274624501925
2212 0.7716974109478437
2213 0.21821272721628776
2214 0.24384547922992583
2215 0.5102665193069317
2217 0.07481548541296135
2216 0.4145695292662546
2218 0.16110314319791444
2219 0.4528447088828186
2220 0.5128599172197578
2223 0.2731571279213136
2222 0.08287368155506616
2221 0.64338789331292
2224 0.4059736105557777
2225 0.328847850601341
2226 0.16693251898257166
2227 0.3082622953171669
2228 0.09483041022881446
2229 0.23380077874070346
2230 0.5029283668883014
2231 0.5120000979200157
2232 0.5844865497995715
2233 0.27468674187563374
2234 0.19141920579683314
2235 0.061413870101291256
2236 0.5
2237 0.2947953451945573
2238 0.7880755198586649
2239 0.27794256519528315
2240 0.07788359380263131
2241 0.18371622924153572
2242 0.36553218289457107
2243 0.11458998423550566
2244 0.26602561155541987
2245 0.27296254983444235
2246 0.4415225485273771
2247 0.18403965681052772
2248 0.6529930240132905
2249 0.5348971418937924
2250 0.04481873642043671
2251 0.47029844832880746
2252 0.06803137955837159
2253 0.3158458465767934
2254 0.08835387840499105
2256 0.35366291537710914
2255 0.18079686920144397
2257 0.5209172361421716
2258 0.5099003688193516
2259 0.41784780971868984
2260 0.28779131596255264
2261 0.36630023286247104
2262 0.04191398218319849
2263 0.7467352724903565
2264 0.03333753873089571
2265 0.2765947372314977
2266 0.10000007285714389
2267 0.5456285504583247
2268 0.019089518166918278
2269 0.2529400988417645
2270 0.20040980830942545
2271 0.31160795433889565
2272 0.6798658704305279
2274 0.7044532309395279
2273 0.42231742948162077
2275 0.07550407676511382
2276 0.6538399556742487
2277 0.8465571573012132
2278 0.1441438474962918
2279 0.3297872003865729
2280 0.5840050019965433
2281 0.5560744281084613
2282 0.9778976421787245
2283 0.5002234460912125
2284 0.2137093691524203
2285 0.5258933628447626
2286 0.1943991739686713
2287 0.41618320140568016
2288 0.4315456794962883
2289 0.5569001432131546
2290 0.08119797792199682
2291 0.5370236503725352
2292 0.570777555615769
2293 0.3210777368673364
2294 0.4372803178464161
2295 0.5344303741985136
2296 0.7236294707476856
2297 0.10787895647930375
2298 0.1750954815132078
2299 0.18149528196259346
2300 0.046771625890844895
2301 0.2618116043382244
2302 0.24600676458885354
2303 0.8268621828889864
2304 0.5866576821677263
2305 0.2672452742176727
2306 0.675342188030454
2307 0.3738310962226037
2308 0.7748604743751087
2309 0.8810720505362847
2310 0.670315232002264
2311 0.438495969864767
2312 0.43890817062366794
2314 0.6363636363636365
2313 0.22748687497953277
2315 0.1653562893726141
2316 0.8155774085788996
2317 0.024243538842671147
2318 0.33455895795032564
2319 0.39760254204019335
2320 0.4232026661084344
2321 0.3606139130434783
2322 0.28015265532751316
2323 0.49587530138528524
2324 0.5909858455639923
2325 0.08617645887625926
2326 0.4301387211388501
2327 0.08677697706789848
2328 0.5198558472527692
2329 0.6879609555901461
2330 0.08270664022384266
2331 0.4174062847547812
2332 0.6745133918982267
2333 0.36543129902791416
2335 0.026135114909883694
2334 0.11929479755599955
2336 0.08066721476587119
2337 0.21961807346109216
2338 0.8038005619169509
2339 0.269450646950289
2340 0.1553268519427805
2341 0.5425110940399729
2342 0.519030239782818
2343 0.20470307124920883
2344 0.11659892944732565
2345 0.2549681924465675
2346 0.12040035809195368
2347 0.02264959709881333
2348 0.47948950064045054
2349 0.2352199129260948
2350 0.025703476209963782
2351 0.6016012762790155
2352 0.4070322480595353
2353 0.7081259792210581
2354 0.2053463512643822
2355 0.2545918113050928
2356 0.9162840439711369
2357 0.7562914122012362
2358 0.29543521103352455
2359 0.8737826925071438
2360 0.9977055673094105
2361 0.9764555188632043
2362 0.3410856799468652
2363 0.37026485800956854
2364 0.08076805622529744
2365 0.5450246713391982
2367 0.9879252440816861
2366 0.29569995022121315
2368 0.3158053032191735
2369 0.47403163092323003
2370 0.6899831253342249
2371 0.2853654115283931
2372 0.5631186630676316
2373 0.01579136569631831
2374 0.2713369808494422
2375 0.5095928204902753
2376 0.6554547168286968
2377 0.15168841810061734
2379 0.14431274892122023
2378 0.2720260190353114
2380 0.16932510146073562
2381 0.0027524479058365467
2382 0.3517720842729614
2383 0.33806298275770535
2384 0.6370669299777013
2385 0.08638693652167938
2386 0.009202686730844227
2387 0.10062817346809722
2389 0.06144508593944573
2388 0.14789102109621777
2390 0.190282472130609
2391 0.679934584505599
2392 0.21363679497370425
2393 0.061110693981863896
2394 0.4142164636214753
2395 0.14902686918332803
2396 0.061383169351761295
2397 0.4147585251577495
2398 0.5554858426762617
2399 0.3333333333333333
2400 0.3774621863961598
2401 0.073349622581162
2403 0.4306295476452538
2402 0.18417268621115487
2404 0.7574097270831096
2405 0.08144113711466547
2406 0.4087849829507851
2407 0.22548376332672798
2408 0.07614023174045333
2409 0.1597564758936621
2410 0.07038074264070802
2411 0.5261277852907853
2412 0.1808142896092665
2413 0.28440382234944206
2414 0.05848279075183521
2415 0.2231440597444671
2416 0.2029614611737678
2417 0.2789863574983415
2418 0.31444124189644
2419 0.20022674811114455
2420 0.08549235462692717
2421 0.4423647914556537
2422 0.07256681901472233
2423 0.6350124889641325
2424 0.30863963957915913
2425 0.3296824790372823
2426 0.652187841174065
2427 0.38752647407602053
2428 0.5393014887446362
2429 0.44370876112069124
2430 0.4860467515955295
2431 0.8161223747693205
2432 0.4187699814514021
2433 0.3345188842257949
2434 0.3633875771735996
2435 0.3561946619330033
2436 0.09967833004205
2437 0.4646582480634778
2438 0.37573176472395764
2439 0.02606153317434841
2440 0.6619483146187825
2441 0.4606570089047739
2442 0.500390101332558
2443 0.2909376461993638
2444 0.5160300854042188
2445 0.737651314795059
2446 0.1418850358695352
2447 0.2594542950825555
2448 0.4706753467904378
2449 0.1761848046074736
2450 0.003288996331858904
2451 0.39301121645227527
2452 0.740439324991175
2453 0.1330934987837049
2454 0.6132076424883554
2455 0.16598144027657916
2456 0.3165575710820835
2457 0.01795672656246295
2458 0.3581673579910584
2459 0.24173395372144615
2460 0.36025288680904594
2462 0.41323937589405907
2461 0.12933728191708882
2463 0.5592647489273258
2464 0.9286896372815029
2465 0.2555607381048661
2466 0.5023996533630031
2467 0.12037015903647835
2468 0.13865842932360303
2469 0.11704490834987646
2470 0.3319657166339364
2471 0.37043062437679936
2472 0.6187389307202885
2473 0.716719215974963
2474 0.30805553881085856
2475 0.17689053907770674
2476 0.16257692242187496
2477 0.20645754479308223
2478 0.8571779418867157
2479 0.07658637288348505
2480 0.2864293767738424
2481 0.8031397510193673
2482 0.28877876474440667
2485 0.9843403273412646
2483 0.12557921508601563
2487 0.34400955153071733
2484 0.3482799953019697
2486 0.6235560225769065
2489 0.9283656836909577
2488 0.17571530982162764
2490 0.1554431852720645
2491 0.18359674503817283
2492 0.35591596765161393
2493 0.9392455792431001
2494 0.2408370117520198
2495 0.7521167622597593
2496 0.6289533671329997
2497 0.3124391534100813
2498 0.09117815344335355
2499 0.5185701592809968
2500 0.11932774837935665
2501 0.053113204712840506
2502 0.10799965727994512
2503 0.30393002491923643
2504 0.6029065125449775
2505 0.4500560370634519
2506 0.6017578288168844
2507 0.6739406541089343
2508 0.2623785411667066
2509 0.4578979893231229
2510 0.5004901601189723
2511 0.5086196977156111
2514 0.09673602464240881
2513 0.8267889690901963
2512 0.08703649769302693
2516 0.48939770668632254
2515 0.17831222719124631
2517 0.38995043651383743
2518 0.12199568982010202
2519 0.18075857669850073
2520 0.4036142748448916
2521 0.8375667638553682
2522 0.6398301009950393
2523 0.4829290980993905
2524 0.444337200214664
2525 0.1885404225332603
2526 0.03134462586942349
2527 0.3689997968901627
2528 0.20412783714296467
2529 0.2206789407141137
2530 0.45441552183922124
2531 0.029680720194545245
2532 0.048611460107635764
2533 0.11374964814144678
2534 0.04053122542787966
2535 0.4212371578275319
2536 0.2410023068644894
2537 0.20943420471550855
2538 0.22280245672267382
2539 0.7992252086616448
2540 0.11743726905867098
2541 0.46057232504196294
2542 0.38480670176753395
2543 0.034249784465952345
2544 0.33226356744657237
2545 0.20657724718872653
2546 0.06466900442555243
2547 0.5023607835560351
2548 0.04113891363571797
2549 0.01406914205389145
2550 0.5359650408187349
2551 0.327453243898695
2552 0.8486818648940758
2553 0.47420571014717705
2554 0.2177648626536749
2555 0.455346978067188
2556 0.05074684322307307
2557 0.003052217669865542
2558 0.5069656236533729
2559 0.6779653251940809
2560 0.3406356755763179
2561 0.006816218038930098
2562 0.09564293596850562
2563 0.01976064883490345
2564 0.30921073184316183
2565 0.5891795463628107
2566 0.36554694624554107
2567 0.947444368497
2568 0.6729701686931028
2569 0.2425255098727034
2570 0.304574224413986
2571 0.23670699109944918
2572 0.6736962879818325
2573 0.6004997573394144
2574 0.26220193799997804
2575 0.2066142004335294
2576 0.30371068466694484
2577 0.25655252918688826
2579 0.06526285952336985
2578 0.05612113558395231
2580 0.28645272691696916
2581 0.13876338763272686
2582 0.23618643832241107
2583 0.21779337808405377
2584 0.1832525566994466
2585 0.17549124277664468
2586 0.3701504885847812
2587 0.4905658057435386
2588 0.2267383843344814
2589 0.5778954292602929
2590 0.7611901167984002
2591 0.6764940753161349
2592 0.46713673621270785
2593 0.028388131708069184
2594 0.15377701150633663
2595 0.28767151819570497
2596 0.4241198267063511
2597 0.7167175729378714
2598 0.08875542856429426
2599 0.7326708568111923
2600 0.018026244652581867
2601 0.5582599655910838
2602 0.3211604710132208
2603 0.7077823823250896
2604 0.4824594191947972
2605 0.24590151282748832
2606 0.9500761221082106
2607 0.9419305188806821
2608 0.08973667474379925
2609 0.5304884265122535
2610 0.15769981110457365
2611 0.4640886780012511
2612 0.04697660438799648
2613 0.23176689129429712
2614 0.13656447049212964
2615 0.6737707952103003
2616 0.6307882693752586
2618 0.35668398816929336
2617 0.34358373537017023
2620 0.6245031618289429
2621 0.05626894847789315
2619 0.3883975804100586
2622 0.23310370442799475
2623 0.633106990774673
2624 0.20903593983774468
2625 0.8065514058721396
2626 0.6887529633640642
2627 0.6064077287205694
2628 0.7966895419601483
2629 0.3355200429085971
2630 0.8826376599110941
2631 0.9536109508230335
2632 0.10085295267608206
2633 0.34548656471614303
2634 0.92816825262237
2635 0.8505213640908458
2636 0.0863566552579217
2638 0.2730760157981235
2637 0.4521264041971966
2639 0.4538013668091983
2640 0.5928558559934043
2641 0.10766828132108067
2642 0.5013921103237224
2643 0.4340951963537683
2644 0.09537045273871535
2645 0.05279800454919818
2647 0.7856892298077752
2646 0.726384180325235
2648 0.09653875370677086
2649 0.7096550222741393
2650 0.34862946655275184
2651 0.3154256384190544
2652 0.8950891446857268
2653 0.14832962190304635
2654 0.33244315949522923
2655 0.125871949961985
2657 0.00676516606708579
2656 0.397099164044811
2658 0.210912493343696
2659 0.1401024570542714
2660 0.6476366956615304
2661 0.4519485387002965
2662 0.09927378734362083
2663 0.23789066388617985
2664 0.1717914096758083
2665 0.7740150073867802
2666 0.21055316424286652
2667 0.14130892645169185
2668 0.2689812630306837
2669 0.5862404800490103
2670 0.44159069727185535
2671 0.013158000692526324
2672 0.8298206201853252
2673 0.4529763714665778
2674 0.08159606679567628
2675 0.16671313060075454
2676 0.48803832214955445
2677 0.6976488648668407
2678 0.5955938588163351
2679 0.5739101615470248
2680 0.39665654619575197
2681 0.20889360771415014
2682 0.5894989461213411
2683 0.08401539437248652
2684 0.44590813161129034
2685 0.30743151567404053
2686 0.6327487465633298
2688 0.27098068611401643
2687 0.9696634943759003
2689 0.766714097363657
2690 0.38566224936863575
2691 0.5776816605608955
2692 0.7524801288402457
2693 0.0458861749605609
2694 0.6549077839686104
2695 0.3800127044985703
2696 0.49575743806339434
2697 0.06940202344956053
2698 0.2694806404431547
2699 0.6890592354635001
2700 0.18247486218708178
2701 0.5634935875157937
2702 0.12495600600758978
2703 0.5246017181020571
2704 0.3333333333333333
2705 0.00965602803999454
2706 0.8099490415333653
2707 0.5063207082043489
2708 0.17511102332247333
2709 0.36519355249157814
2710 0.6339945980021076
2711 0.33377774815545186
2712 0.031408556785593594
2713 0.04430590743441703
2714 0.7260025356376631
2715 0.10106726999819984
2716 0.3204551700623109
2717 0.5360715109981633
2718 0.11846753990380453
2719 0.1777684928077424
2720 0.28570273024599613
2722 0.7487329957594104
2723 0.698558616090843
2721 0.010001077930173642
2724 0.2306682533249587
2725 0.0621369625387431
2726 0.3903599178352786
2727 0.5789173978755706
2728 0.3118649312839983
2729 0.17312625847783683
2730 0.14225763196906305
2731 0.004643717860724522
2732 0.29383534609773615
2734 0.5018632527164357
2733 0.4047860498547288
2735 0.5025852951064957
2736 0.2646571196012896
2737 0.11407552247905249
2738 0.5896881495825363
2739 0.34998343992430925
2740 0.08443261471303407
2741 0.26307895197245373
2742 0.16314674756351577
2743 0.0450161035349063
2745 0.23714881916369987
2744 0.11806942704826791
2746 0.6750133341810693
2747 0.24394663860426352
2748 0.194924705882353
2749 0.5177711172132841
2750 0.5461659822863357
2751 0.4404416820834877
2752 0.14981087943294735
2753 0.4832125509777446
2754 0.12314482139106682
2755 0.7603966283017178
2756 0.06267048526404978
2757 0.31492965251673477
2759 0.3675490518011766
2758 0.3266004151291114
2760 0.5419046114087966
2761 0.5403134631395978
2763 0.6188901072733246
2762 0.2688012348241154
2764 0.1890219880464282
2765 0.40542293114652905
2766 0.9406786683604466
2767 0.930727686127268
2768 0.03055185220145356
2769 0.6927957981795274
2770 0.09677448491145656
2771 0.17814495316390036
2772 0.35933178234151775
2773 0.3211541488718464
2774 0.20408125031224503
2775 0.6888198533907068
2776 0.11274500000000003
2778 0.27462244882467124
2777 0.7377479576576773
2779 0.5221277384831385
2780 0.17495226587902904
2781 0.5800621628869208
2782 0.33584437507737086
2784 0.4486858826677544
2783 0.0724056508466001
2786 0.07973850279842762
2785 0.6168141115285851
2787 0.2912196935016772
2788 0.5380512216185707
2789 0.13611752824418952
2790 0.9426187352710295
2791 0.3380909073951827
2792 0.48808335408535747
2793 0.7939702136887606
2795 0.917246133662548
2794 0.9681677228719402
2796 0.809458354273803
2798 0.6055838345071645
2797 0.6313152530110006
2799 0.3016006116680012
2800 0.982321508036677
2801 0.008697114874837007
2802 0.37438174399684065
2803 0.030391581249635768
2804 0.6072045261649905
2805 0.47441241221234537
2806 0.0029528018052965613
2807 0.84648175164247
2808 0.030992557409724085
2809 0.09552220173765305
2810 0.7979299269505409
2811 0.662167728291526
2812 0.4724368375962706
2813 0.19953746037302586
2814 0.05274461037719782
2815 0.2516740937980565
2816 0.5298680251890044
2818 0.17919192240833623
2817 0.43828562852279157
2819 0.22975546548953601
2820 0.17100356241622441
2821 0.4950442273383427
2822 0.4238022679953415
2824 0.08705774308772701
2823 0.6121116999564731
2825 0.5275493172290697
2826 0.5635116671052319
2827 0.4648042466557441
2828 0.6835015371389855
2829 0.0016979810390674093
2830 0.10009764093412718
2831 0.3842726821064613
2832 0.3842018499053508
2834 0.9182793812001996
2833 0.7826277271159389
2835 0.9998071123943216
2836 0.435587385802434
2837 0.4131605394656459
2838 0.5788936464565566
2839 0.7273171586636552
2840 0.6525376973470276
2841 0.5979423125721138
2842 0.6825182325915045
2843 0.33563740221234145
2844 0.10126402499644932
2845 0.7844635120350774
2846 0.43424423490062836
2848 0.8015152599346214
2847 0.9684921492724532
2850 0.5777605921670442
2849 0.4527812952308424
2851 0.5118684768540191
2852 0.2582095238909758
2853 0.48796448939551224
2855 0.11576241154978048
2856 0.04597913478721914
2854 0.45964650095810955
2857 0.05900528303258057
2858 0.014682142857752914
2860 0.9730152953086434
2861 0.980397601423477
2862 0.9813675614376309
2859 0.9992451689864671
2864 0.9091714451425007
2863 0.27312897058222196
2865 0.2064161017765494
2866 0.34584304604816807
2867 0.29181150178737475
2868 0.5546877188841651
2870 0.7232224513402632
2869 0.2899428011794606
2872 0.9393988747394716
2873 0.48730988473244385
2874 0.8196730563027899
2871 0.21187024859382472
2875 0.8351015461487229
2877 0.05641725043765213
2876 0.48717953685438176
2878 0.18239860185047882
2879 0.42183473804148525
2881 0.6254120670779294
2880 0.45846997254399974
2882 0.5908831220006637
2883 0.15195583632249568
2884 0.4355668434253932
2885 0.056626902689830075
2887 0.10486150802672825
2886 0.46973016610133567
2888 0.14889882727002715
2889 0.8288978176642376
2890 0.46304690412661753
2891 0.8603948488262028
2893 0.44796686234643507
2894 0.013220620932272248
2895 0.6075726624325157
2892 0.7424361595488169
2896 0.2885288633623147
2897 0.3519495243651748
2898 0.12640731390601634
2900 0.47955771536206626
2899 0.11940273565477122
2901 0.38158934662941246
2902 0.29687989970518747
2903 0.5473599435578147
2904 0.007300072705780343
2905 0.20295695648810547
2907 0.671787735614886
2906 0.6089809631948481
2908 0.321428607568038
2909 0.07011860060634688
2910 0.6049153881077997
2911 0.6186928859965662
2912 0.49005346238988035
2913 0.7956900811688914
2914 0.21643402459000005
2915 0.28737974862141613
2916 0.2772415929811287
2917 0.25202101200219934
2918 0.43779729268133777
2920 0.5410196191110365
2919 0.09670749061737118
2921 0.43616771150306594
2922 0.5747661968832702
2923 0.15458926486023028
2924 0.37036373257989674
2925 0.25979659210351
2926 0.5985515670286262
2927 0.10519010093171867
2928 0.6040193154308684
2929 0.5410537479458218
2930 0.0701303282836322
2931 0.2325302066114928
2932 0.8041462517923194
2933 0.7715022079258372
2934 0.6859992945050816
2935 0.5867169822027203
2936 0.7941755906463213
2937 0.6795600818571693
2938 0.29932139617120346
2939 0.2411260434853988
2940 0.31847795184067584
2941 0.4769598920996632
2942 0.2083695157755448
2943 0.7822794114582855
2944 0.18354508011516957
2945 0.1089242476155796
2946 0.06601224879217395
2948 0.7616128887507213
2949 0.16545834318090358
2947 0.1375692141014701
2950 0.2585757076907619
2951 0.2579363633787881
2952 0.11395648613597988
2953 0.6330620360263577
2954 0.6341144326986832
2955 0.27702656135853004
2956 0.14285714285714288
2957 0.10503813986477828
2958 0.44673145541835313
2959 0.09677483681750135
2960 0.004527526985197386
2961 0.06646802288078595
2962 0.3283018681963109
2963 0.5140803360565174
2965 0.7013686206097338
2964 0.10082919362742487
2966 0.3632443253592516
2967 0.47622047529296707
2968 0.5905043791880137
2969 0.35682105902105304
2970 0.6226423506750371
2971 0.35598748695416305
2972 0.48574948863558853
2973 0.32758285042987106
2974 0.5182615561022663
2976 0.04195765388985572
2975 0.24065234310955994
2977 0.26195681379505004
2978 0.2393276972961682
2979 0.275231030497147
2980 0.49235374636770735
2981 0.441344926210594
2982 0.21425729502564916
2983 0.3619632005914252
2984 0.23066402195277533
2985 0.004957674150842239
2986 0.14099575069886844
2987 0.1947509623985075
2988 0.7588980713672577
2989 0.5468964014357834
2990 0.21671663714703837
2991 0.26900193046370247
2992 0.5929534388531185
2993 0.8136694429043813
2994 0.11791698377585452
2995 0.41989182521089385
2996 0.3183942857142857
2997 0.1439007717052582
2998 0.365164805286778
2999 0.2810297336290524
3000 0.2237447175828032
3001 0.08298217335867403
3002 0.6658879278354578
3003 0.5970895356003747
3004 0.5040177342921527
3005 0.23554556587548914
3006 0.8308757739526043
3007 0.16447152637588747
3008 0.7109006033754418
3009 0.29258625072505834
3010 0.13012892297923712
3011 0.32402118206247493
3012 0.27939026531617034
3013 0.7042388284386516
3014 0.6550388683618755
3015 0.5992888032605166
3016 0.37665071806810263
3017 0.31212866806289397
3018 0.25928441857685564
3019 0.403128633420909
3020 0.14285714285714282
3021 0.9500576776251991
3022 0.5920733479024048
3023 0.3978816904106839
3024 0.08043122564391388
3025 0.02861410428882911
3026 0.22476307048175265
3027 0.2900893022055166
3028 0.6719103060320265
3029 0.20369643444982788
3030 0.0588235294117647
3031 0.7229485702520487
3032 0.3805442535130712
3033 0.6836837339243302
3034 0.3286870607468747
3035 0.06769189727816961
3036 0.16780818831865424
3038 0.36241181252511134
3037 0.08549286686074312
3039 0.07485523171385296
3040 0.30288566064493366
3041 0.5707797516558726
3042 0.10417012100697402
3043 0.5966298628612435
3044 0.23433260492699143
3045 0.3437396796845574
3046 0.8161390054987981
3047 0.3331126893136154
3048 0.29370936461017877
3049 0.14285714285714288
3050 0.09185595050894739
3051 0.2745501974344663
3052 0.2627902733849698
3053 0.008049360545679347
3055 0.40094226928285853
3054 0.06372487333864993
3056 0.3564859890592189
3057 0.06809555494277451
3058 0.28188939285297404
3059 0.7888419672999362
3060 0.10874691950441999
3061 0.36706272587170785
3062 0.1811653098213241
3063 0.385027214907099
3064 0.35662922530111246
3065 0.5888744849643089
3067 0.0969197694405731
3068 0.3984958715588122
3066 0.03794819862702722
3069 0.1691110598175467
3070 0.30008525907905687
3071 0.5474726627168182
3072 0.3346839438673648
3073 0.016500846004725147
3074 0.4343742037939032
3075 0.02656923948347684
3076 0.3579875719264133
3077 0.6495074715215482
3078 0.4060872711746826
3079 0.11860932285069467
3080 0.24373594304726864
3081 0.03284659984551102
3082 0.00433632244570736
3083 0.13413874203469558
3085 0.2880215446090498
3084 0.0553721213324814
3086 0.7103836456077616
3087 0.7947815544351073
3088 0.03651439361855615
3089 0.9735514713773589
3090 0.6334461268709115
3091 0.6623081910525177
3092 0.64200762213982
3093 0.8836779549910568
3094 0.6705734714106288
3095 0.04159092831011979
3096 0.12367244900408618
3097 0.22275634466423233
3098 0.5224908023615978
3099 0.013936599768114098
3101 0.14421888313237774
3100 0.6113697119079193
3102 0.17014593711067455
3103 0.5225203241078278
3104 0.03134215361582432
3105 0.1124561609063461
3106 0.43593949970960055
3107 0.5099951624130478
3108 0.6082653503369572
3109 0.3678650228778715
3110 0.6975253053856084
3111 0.7351695474184315
3112 0.5673640694126001
3113 0.46018958322841724
3114 0.5081341244749934
3115 0.08310658407495368
3116 0.4672401945096064
3117 0.26281005669005925
3118 0.4838399388526404
3119 0.10042697609504872
3120 0.49307068943770005
3122 0.5030484217488506
3121 0.2899547838455694
3123 0.3785648676528123
3124 0.6554711695458902
3125 0.42181820339231696
3126 0.8013462951827353
3127 0.5978332067828307
3128 0.49807802190298206
3129 0.06128281844710793
3130 0.6168294630554632
3131 0.045311839901398046
3132 0.5003149107400062
3133 0.32574649524366317
3134 0.9410823524727345
3135 0.09926428766244458
3136 0.7004722752294128
3137 0.044929470457451555
3138 0.2280700824185201
3139 0.33526269637693934
3140 0.3468794285815948
3141 0.1639144275866538
3142 0.003840273797516579
3143 0.2878439378092006
3144 0.3096305494186516
3145 0.7597452841447426
3146 0.19401354786379427
3147 0.0
3148 0.7878387678172628
3149 0.09684301911893353
3150 0.43505843309317466
3151 0.27491979807322026
3152 0.04099331797737425
3153 0.43623085716045545
3154 0.7963437430849252
3155 0.5978477799571765
3156 0.10788017191213502
3158 0.6726580035782042
3157 0.2512143261728037
3159 0.503115127893897
3160 0.11369267459421394
3161 0.04222468835184724
3163 0.39120324385051536
3162 0.03089105725798812
3164 0.6326241106882141
3165 0.8283353599260773
3166 0.09016777682085275
3167 0.2664522703689851
3168 0.5311235458215107
3169 0.615084385279239
3171 0.3189206230200652
3170 0.7275634718303893
3172 0.801344722069956
3173 0.3880791295417919
3174 0.6131478162194225
3175 0.4097476904990223
3176 0.7066187154582004
3177 0.2621881821979662
3178 0.9528624693627801
3179 0.14804344747992323
3180 0.9666393132593354
3181 0.44879454914548134
3182 0.3026313317174385
3183 0.7931040258199155
3184 0.27934589884938826
3185 0.9999816710560435
3186 0.33333333333333337
3187 0.6637161573607193
3188 0.9486471572552203
3189 0.01631189910742504
3191 0.612808271072066
3190 0.43064228654951703
3192 0.7788391889341529
3193 0.5785199864982971
3194 0.999581110471549
3195 0.14109537885832746
3196 0.05799210113433485
3197 0.9876432201774784
3198 0.9433995852638771
3199 0.7699215419847819
3200 0.6443617794631668
3201 0.3295047324201903
3202 0.11892287390603479
3203 0.3422031747020803
3204 0.4606978691845356
3205 0.3763223108323494
3206 0.6504443668425373
3207 0.008086549474425117
3208 0.06864974879561118
3209 0.6668634730351817
3210 0.3695053864904696
3211 0.6070444578673069
3212 0.05207804688378919
3213 0.47489278314305955
3214 0.5902858109250803
3216 0.2819036331340002
3215 0.5009793299536046
3217 0.5095472855932859
3218 0.9368419625018753
3219 0.9978156306708641
3220 0.3038256116227989
3221 0.905045980993734
3222 0.48203445107389187
3223 0.6377569355157287
3224 0.3950931248530366
3226 0.09725619806944856
3225 0.29785351370063695
3227 0.2525853362278632
3229 0.02923651212309747
3228 0.13207922292898178
3230 0.13377614427539744
3231 0.9602672268794032
3232 0.40374862834399516
3233 0.25992263584057607
3234 0.8168214909001389
3235 0.2068644880692674
3236 0.3755660166079157
3237 0.26905163771113844
3238 0.2337036260741983
3239 0.9719827208900303
3240 0.16755715536746654
3241 0.9287095054014565
3242 0.14315345055365672
3243 0.19350307728606037
3244 0.10991292347112935
3245 0.1032597382251351
3246 0.07929873726120931
3247 0.5912679248171183
3248 0.6105747945983312
3249 0.5262201214673901
3250 0.3818182139315214
3251 0.652083140171993
3252 0.15409904455659967
3253 0.1421562442628363
3254 0.2569387866966724
3255 0.5117335363524138
3256 0.03982204396622545
3257 0.19849306598922978
3258 0.32785414881684527
3259 0.033382782714940745
3260 0.6054059267454255
3261 0.15694919438063817
3262 0.2538126592035896
3263 0.23568710648003324
3264 0.08439881497651394
3265 0.24264166785296576
3266 0.046410647542727355
3267 0.21579003293486199
3268 0.18979584331526073
3269 0.47433530068117646
3270 0.16111969834184556
3271 0.29271157870864745
3273 0.260686817203438
3272 0.7361324418048484
3274 0.12211061804591629
3275 0.29368017523259654
3276 0.16182020253649568
3277 0.46842443044098064
3278 0.16610797600588162
3279 0.5598864822077273
3280 0.5475281658262314
3281 0.04950063123644052
3282 0.5545534396254788
3284 0.005053146266509645
3283 0.41663554147509796
3285 0.23711373932753618
3286 0.11306245061884819
3287 0.2895124902962483
3288 0.7063970272905651
3289 0.210228469691888
3290 0.3574186038002986
3291 0.18768852372236716
3292 0.340778919724234
3293 0.4785897782982341
3294 0.8115232642179838
3296 0.3268604566400204
3295 0.16287479955502152
3297 0.09597811678628784
3298 0.2599616967618377
3299 0.11835479549260053
3300 0.4287601851699933
3301 0.3360218610868232
3302 0.3738219153060362
3304 0.025061262992863348
3303 0.8544578972156924
3305 0.3010475695225558
3306 0.4545454545454546
3307 0.5398551167051112
3309 0.6267797204193291
3308 0.8523631596115112
3310 0.382931002364683
3311 0.12561675551857504
3312 0.8118098055599468
3313 0.69545280915563
3314 0.06326925916596458
3315 0.5268007396399425
3316 0.7165488931459845
3317 0.46518672374272957
3318 0.28478113071089284
3319 0.11764439096256128
3320 0.18307726992265771
3321 0.03502050051735732
3323 0.9316290315081444
3322 0.9898571867057068
3324 0.06350023114751005
3325 0.3823125039983709
3326 0.7206511915728973
3327 0.9459463280330529
3328 0.009761162314878188
3329 0.33888461654266466
3330 0.8575850376405304
3331 0.6339784417373265
3332 0.8448969470873136
3333 0.6459165995442736
3334 0.42713576424839483
3335 0.711320597118777
3336 0.4495596707895436
3337 0.5064529619981744
3338 0.46716709067215295
3339 0.33490380955169696
3340 0.07014912806266649
3341 0.6075005559421247
3342 0.34973999704985237
3343 0.4213999770570143
3344 0.1099964810102051
3345 0.19719934532305458
3346 0.5069869167425443
3347 0.24924779402564748
3348 0.8152017715865282
3349 0.20768486656127289
3350 0.12485937708854777
3351 0.47073823246753155
3352 0.991441313631767
3353 0.19911749416151037
3354 0.6364641008423663
3355 0.6045302117227105
3356 0.4993520818381164
3357 0.9661580896579122
3358 0.003840469648829756
3359 0.3228517096434474
3360 0.7982490435894887
3361 0.4715299730945543
3362 0.06551426412224247
3363 0.3574957532884741
3364 0.20308108158848556
3365 0.9619356736318471
3366 0.002949674994157867
3367 0.6844362994298007
3368 0.12355925270809541
3369 0.09675418665834437
3370 0.04366715022006365
3371 0.3136952803348084
3372 0.2709403774513471
3373 0.8360029741504953
3374 0.36200221375756003
3375 0.49102164176699326
3376 0.6971354628222755
3377 0.10683594394428977
3378 0.6451336933432926
3379 0.6397517674331542
3380 0.00337875091317597
3381 0.16702155213184564
3382 0.4181604167053406
3383 0.25186408230151813
3384 0.23325970621789496
3385 0.6965078472280015
3386 0.6021234501739601
3387 0.6113223973476746
3388 0.8819647871641971
3389 0.40728736385841496
3390 0.6195248536046706
3391 0.532147001521584
3392 0.415932494414852
3393 0.1847295174448242
3394 0.5612716616108715
3395 0.1763081916081853
3396 0.23933847879861037
3397 0.140023070104935
3398 0.5325878535944644
3399 0.37850425218845885
3401 0.03660065400156284
3402 0.5778471836231668
3400 0.163316326228435
3404 0.13093733207104236
3403 0.0031140757170676787
3405 0.4308484312880339
3406 0.6058058196734705
3407 0.6303011641002373
3408 0.5649450963211377
3409 0.031707697828705944
3410 0.5806282762766332
3411 0.1871863541224945
3412 0.27834405620104563
3413 0.463383714991282
3414 0.06412678192143435
3416 0.2056364957941821
3415 0.2363783700347072
3417 0.48105459982929616
3418 0.41797563509342417
3420 0.3277132060451762
3419 0.044943981189216616
3421 0.4133174434623621
3422 0.5234724064891472
3423 0.504351220974156
3424 0.24927212005655944
3425 0.1306797603410372
3426 0.27068009177714464
3427 0.35146933719950896
3428 0.26261858973501695
3429 0.3414884828874427
3430 0.30480454707642995
3432 0.3230287552418646
3433 0.14956708915874614
3431 0.34071579270699914
3435 0.03213574245862622
3434 0.05151698497350757
3436 0.25643658534151365
3437 0.7219322959637701
3438 0.4781521747868332
3439 0.6810950277877932
3440 0.503224656606698
3441 0.3462036736912915
3442 0.024495764250523126
3444 0.10067853914149755
3445 0.10550826103758372
3443 0.41367687392990565
3446 0.2880467833715855
3447 0.06175499605936845
3448 0.2008386141806368
3450 0.06171753332896608
3449 0.035157057465511614
3451 0.15475509034023702
3452 0.21547018613589106
3453 0.2615512320497923
3454 0.4616912584043452
3455 0.15834456928652157
3456 0.04945534118593098
3457 0.49797022908476407
3458 0.6163862148749473
3459 0.378227606053201
3460 0.42140093964381997
3462 0.07103765815289644
3463 0.029202637823753066
3461 0.4813521267207531
3464 0.18997972777295105
3465 0.5242982445344679
3466 0.09221708312205615
3467 0.20521552708805593
3469 0.6623003282629861
3468 0.23079856555311298
3470 0.6875861632331424
3471 0.1697027238894538
3472 0.4347479413493388
3473 0.45857366472847894
3474 0.252370745815734
3475 4.6475600309843056E-4
3476 0.6080678631990121
3477 0.3361252495929345
3478 0.6962218738338724
3480 0.6019478713471205
3479 0.4766860767304763
3481 0.18777869829554164
3482 0.25267071387939927
3483 0.3333563833986515
3484 0.6110055466120087
3485 0.352803512806611
3487 0.2681755480782457
3486 0.579778515851243
3489 0.41571753374064285
3488 0.03934331080800972
3490 0.5723022350116643
3491 0.044571953732856336
3492 0.10817329942324658
3493 0.3742022449754693
3494 0.5207726954102675
3495 0.7273056908302686
3496 0.56852817806915
3497 0.08686093719189261
3498 0.1581555846166969
3499 0.11760589201389206
3501 0.19401133135823578
3500 0.7394729034345453
3502 0.007054223688919506
3503 0.6675541894649939
3504 0.6577763219547307
3505 0.9979669935794647
3506 0.28512292028200553
3507 0.06150846593246828
3508 0.7524556711113867
3509 0.08474624749192275
3510 0.7043601321904072
3511 0.41324056476591936
3512 0.8102354480573659
3513 0.3801665500239838
3514 0.9375429128803053
3515 0.341012468481567
3516 0.47617942936134067
3517 0.6989244608203385
3518 0.393473747221396
3519 0.5017936132124501
3520 0.24002225714452993
3521 0.6751675565364257
3522 0.3284361614392292
3523 0.917898904425769
3524 0.3961016976083354
3525 0.3300282509838881
3526 0.03505245051042253
3527 0.28483656369533156
3528 0.14262985232953168
3529 0.01720672185941103
3530 0.05443794959698778
3531 0.45515049237880295
3532 0.5700431458500255
3533 0.29213260972054034
3534 0.45514636797983654
3535 0.12012345581270915
3537 0.5511446490843117
3536 0.8239869128312964
3538 0.19570431436940441
3539 0.11177936827803212
3540 0.43765014421236104
3541 0.16315160133884285
3542 1.6172441127932746E-4
3543 0.4509291615836345
3544 0.38980743819942687
3545 0.15274502369552875
3546 0.5618575894481659
3547 0.9084965869752273
3548 0.6352506368118251
3549 0.5242358367574195
3550 0.012277155369776045
3551 0.018609253626818922
3552 0.8223140553909536
3553 0.35052010027553476
3554 0.12621365632949835
3555 0.256916202061308
3556 0.8076577869849115
3557 0.3928742614850296
3558 0.5172950863979288
3559 0.48352211440688175
3560 0.39090892652894504
3561 0.08941459019426645
3562 0.513420308876449
3563 0.6656877629432812
3564 0.5118156869055281
3565 0.7764661042808022
3566 0.5593851176544389
3567 0.23293968669152584
3568 0.5323445896959133
3569 0.016120560319131495
3570 0.3411247715431205
3571 0.3722696865594718
3572 0.08541032076442594
3574 0.14277802898069103
3573 0.36600353641697236
3576 0.652871033072706
3577 0.8458162217351607
3575 0.9901503766976336
3578 0.11237186475962002
3579 0.4496402481755575
3580 0.873601644176685
3581 0.7997386933817928
3582 0.8300152641092384
3583 0.7415970839981935
3584 0.9350077690687476
3585 0.8541230451153211
3586 0.5609756097560975
3587 0.5405091856065242
3588 0.059661157461061064
3589 0.7874648897142352
3591 0.5261814269581776
3590 0.024255638695815016
3592 0.32217241507456434
3593 0.5572264876057708
3594 0.08638865470133403
3595 0.0786161847512333
3596 0.06307778775074571
3597 0.5316806705168569
3598 0.34981118004360084
3599 0.07924377233001706
3600 0.07603039405329638
3601 0.2933326892825284
3602 0.38081945017797186
3604 0.21497568559855368
3603 0.549185332066916
3605 0.5793187858174907
3606 0.1526879896406131
3607 0.8369935624381337
3608 0.2466539272431519
3611 0.14440561141594804
3609 0.21667875930858072
3610 0.8498845957455873
3612 0.5469294147625925
3614 0.7288162572920119
3613 0.8736757906126232
3615 0.6825304095223949
3616 0.6039285831774179
3617 0.5938917132032495
3619 0.41054832270691743
3620 0.20173880624836882
3618 0.07020882933630958
3621 0.45229916081856997
3623 0.477197502922789
3622 0.5705763347022702
3624 0.21873534079930068
3625 0.30141796193629894
3627 0.3347532878449799
3626 0.968878367476492
3629 0.20092614227754527
3628 0.8834449508677306
3630 0.1633032147461402
3632 0.9922547981800968
3631 0.8445616770982916
3634 0.04815274035774469
3633 0.033309924020618546
3636 0.19025359240495585
3635 0.1100281266143655
3637 0.06252359374103847
3638 0.15232688001109504
3639 0.15485934072188498
3644 0.26514187342635465
3642 0.21917709270912955
3640 0.20593681489464577
3641 0.3071813326390709
3643 0.658016951079408
3645 0.347603458021948
3647 0.6942822304068155
3648 0.10330562401806502
3646 0.05228359160343586
3649 0.32967534800006754
3650 0.12662560400134415
3651 0.42413794619500467
3652 0.8651371458267576
3653 0.6308873646107236
3655 0.6236829828234649
3654 0.3627625473096557
3656 0.15371504346135687
3658 0.5287516871559144
3657 0.20859738599579014
3659 0.0629923473246424
3660 0.6839367287386311
3661 0.07797337574811686
3662 0.09426317790906283
3663 0.23023656744288737
3664 0.31796311051184933
3665 0.14472241337210587
3666 0.05714190283897033
3667 0.36474252608244107
3668 0.21348704770863589
3669 0.10091659720722936
3671 0.11436974982531477
3670 0.08223538017257731
3672 0.7944658092079313
3673 0.0
3674 0.6645772116885924
3675 0.4092302436094271
3676 0.2773806895278248
3677 0.5825187319671599
3678 0.5029511935096154
3679 0.2196289974446415
3680 0.39504504422126835
3681 0.1309048337131376
3682 0.6915007650001846
3683 0.3295438445151168
3684 0.15786102115094625
3685 0.21104496685712618
3686 0.9752146716697573
3687 0.5483669608822627
3688 0.47360016254715975
3689 0.6317149089098617
3690 0.06991887543268052
3691 0.9234807145672966
3692 0.18230019335583536
3693 0.9472171288582855
3694 0.3855064351183668
3695 0.12250999261808976
3696 0.3193207288217916
3697 0.44531839326784156
3698 0.029556111893417593
3699 0.07896418431015026
3700 0.018003533395743215
3701 0.1868670387460768
3702 0.4456888276371772
3703 0.3631006753426328
3704 0.3925697781982166
3705 0.13409764109143174
3706 0.26735121592736216
3707 0.08256986692549345
3708 0.5374856128898509
3709 0.7947559086089874
3710 0.4784334007892531
3711 0.11319992022490076
3712 0.19813273986305718
3713 0.3899497788166292
3714 0.46341826655628415
3715 0.3910273568064628
3716 0.37125603792668255
3717 0.09005491497869944
3718 0.5794785636377242
3719 0.20195218273414078
3720 0.0034251263034767395
3721 0.3333333333333333
3722 0.3288165663574209
3723 0.44041321788904786
3724 0.351039806975928
3725 0.03895413004806105
3726 0.09941908089278322
3727 0.3816616490484194
3728 0.16930189364938453
3729 0.42554858683862
3730 0.021626856048309502
3731 0.3926071664818102
3732 0.7503356072248825
3733 0.39694630633408423
3734 0.39938105263157897
3735 