2 0.7631736828906501
1 0.6625251176464724
3 0.6720554307615242
4 0.48024101123498103
5 0.5172570720315799
6 0.6079162561379744
7 0.46686775653141666
8 0.7024385545400252
9 0.6094524707672501
10 0.5522813621988445
11 0.5750936253554322
12 0.47972827065922813
13 0.4620468948164625
14 0.43230672926640856
15 0.674851093213544
16 0.49128363983669476
18 0.701426040637399
17 0.6427618969289401
19 0.7013556422552373
20 0.7228329428817726
21 0.4980938125824906
22 0.5736701152445485
23 0.6458062104963739
24 0.5189176269790309
25 0.46635514631585645
26 0.516791272930106
27 0.4286445099667803
28 0.41452382128008036
29 0.6063484368406885
30 0.2744022859724434
32 0.5368611949803118
31 0.6353542284474832
33 0.5968559563862584
34 0.6877225042508627
35 0.6270698433247298
36 0.4530561760956146
37 0.42499178219082423
38 0.4311155719016333
39 0.3778538848319479
40 0.32466342547491756
41 0.3705486258613936
42 0.32936470807898854
43 0.24667186294805338
44 0.3408648398127901
46 0.25793055399331194
45 0.267876523467114
47 0.47271958055335667
48 0.24245161096174866
49 0.8549763585879967
50 0.3973892464809876
51 0.37718725650030926
52 0.7123468001119916
53 0.7381752308118044
54 0.7380064304276835
55 0.5469100133407553
56 0.4528688506794903
58 0.6260748149193687
57 0.6668103298484347
59 0.6044946217995525
60 0.6291782808618224
61 0.6458864675663539
62 0.6860743803288263
63 0.025300896433845272
64 0.6461494533715245
65 0.775381499522692
66 0.6263180623532936
67 0.4981178120718886
68 0.5550026095298909
69 0.5516967834502785
70 0.47135614100599615
71 0.49749793637314127
72 0.38957954885398016
73 0.3624914556436775
74 0.3868597190369872
75 0.30841909758662917
76 0.2886507517585348
77 0.33881721080765387
78 0.2916958987937997
79 0.5138203019245698
80 0.30461596772229893
81 0.0029382937087386626
82 0.005852384412477566
83 0.005855069891888532
84 0.00585440095121195
85 0.6768254815239455
86 0.7909684786822683
87 0.681656258436149
88 0.6489635813703315
89 0.7045370321384807
90 0.6854042031878353
91 0.49369110926669846
92 0.49238704684515955
93 0.6195090412486252
94 0.703636098612021
95 0.7241895620592741
96 0.5400711861092564
97 0.7304718564377876
98 0.5781343546351383
99 0.7791594077772873
100 0.6056606648812339
101 0.8558726066295972
102 0.7621838141405775
103 0.8171345228835332
104 0.455172257747674
105 0.7006980474400976
106 0.7042595942059596
107 0.7494060508526743
108 0.5869923248046329
109 0.7786458997704419
110 0.3152618789046901
111 0.587178665190225
112 0.7543492576431842
113 0.5715007362298952
114 0.6118330084852023
115 0.67436675851072
116 0.7123277788326114
117 0.43586420626071865
118 0.4798184675111124
119 0.31577198564935854
120 0.4625152511852729
121 0.38464308491358434
122 0.3586177787745263
123 0.6082010273489459
124 0.37188103606012174
125 0.4006014356392312
126 0.35730632769483217
127 0.44014740035183575
128 0.5377415488325081
129 0.6878117283764709
130 0.49529411007879487
131 0.49423013834452584
132 0.6040141661573433
133 0.6608539222646546
134 0.416177864784806
135 0.6386892441865292
136 0.6082838899317273
137 0.5712787609334877
138 0.4601727885118035
139 0.300133437311878
140 0.4565217492501149
142 0.44090658142983075
141 0.414849898613564
143 0.6093317175964382
144 0.24932736582385454
145 0.629794940753044
146 0.6743640412241627
147 0.4640547620994413
148 0.45882422609062584
149 0.3683919080616542
150 0.41723357416814416
151 0.47217384486640673
152 0.2858724898032019
153 0.3679575666482788
155 0.30445864663243744
154 0.2767270806994574
156 0.39699241762126336
157 0.2683929513563366
158 0.2674004594945389
159 0.3504240567620496
160 0.18653909382077527
161 0.7081540620349712
162 0.733062555325419
163 0.43916282654391736
164 0.5783383800788138
165 0.5059100468442386
166 0.48127669691248104
168 0.32700365298166123
167 0.43107398064562047
169 0.30428331792752394
170 0.3575470209984443
171 0.2572440415559877
172 0.32692846426938127
173 0.30210314395247245
174 0.25081938454800673
175 0.4613445785278661
176 0.30114919799939815
177 0.620904846545041
178 0.6431627257213182
179 0.6551246834980248
180 0.586432553912021
181 0.6010647721547907
182 0.5771615284862464
183 0.682634520650758
184 0.42258129735172306
185 0.5575511793027543
186 0.5118981334785176
187 0.31977678562492573
188 0.4920021893485408
189 0.33946663408691896
190 0.5671797495901109
191 0.5129102846412571
192 0.4701174801488686
193 0.5767085065872243
194 0.6059500797882091
195 0.5997202655192825
196 0.521110187837145
197 0.4390065051748247
198 0.5272355213864234
199 0.455727217895144
200 0.5034104513158926
202 0.3714725021566785
201 0.5392203801537331
203 0.5478912150925821
204 0.4372422098922256
205 0.4229569596612297
206 0.31812265571580084
207 0.6617265738477262
208 0.3050254051824234
209 0.7243073710517439
210 0.6558808877086976
211 0.7425752625145373
212 0.6840872870667742
213 0.5668688074617231
214 0.6427017675575036
215 0.4415850247185607
216 0.5560303015277064
217 0.38897147040198904
218 0.5808389123172851
219 0.6934554418810782
220 0.3709517261941247
221 0.5072057133498935
222 0.3188325469385052
223 0.3931858865193427
224 0.5099613531510491
225 0.6553296634635272
226 0.47811843351173305
227 0.4617569472561547
228 0.49113556654449825
229 0.43722696696886365
230 0.3223898475121157
231 0.3037075343364701
232 0.3611417336038332
233 0.2644198649114543
234 0.3133330169377709
235 0.24814835728630522
236 0.1886632266939757
237 0.20387936806483015
239 0.3480904888397797
238 0.21105514627610394
240 0.1669720374146947
241 0.5312474571874798
242 0.005572008148205108
243 0.46741562850762297
244 0.5362377814544065
245 0.46171558532161927
246 0.28770798099692246
247 0.28119056988606883
248 0.41496287852275743
249 0.24333194510528955
250 0.23470741138939527
251 0.7048868160057629
252 0.436339146125875
253 0.7720234361835153
254 0.22110536573808273
255 0.017254905551307875
256 0.664322630195336
257 0.6407764357205835
258 0.6770207601580349
259 0.5496933849270563
260 0.6052392264740141
261 0.4883526882079435
262 0.47758012016928447
263 0.41457421968651853
264 0.47731428393670156
265 0.4648948551918001
266 0.3739911465785665
267 0.3336179202304454
268 0.2958263720037644
269 0.28215594897887647
270 0.33751796573913434
271 0.5406206313097458
272 0.29126986426439483
273 0.5949624873400339
274 0.4874495356733626
275 0.41318165010717145
276 0.4119939364992437
277 0.3600510760128875
278 0.30121685136721066
279 0.26978820671704307
280 0.26200282353254406
281 0.26402718383843166
282 0.18966792587885745
283 0.18107649343669768
284 0.14791973909719686
285 0.13456213916666415
286 0.14229078879108864
287 0.3511006608870884
288 0.13632178301735648
289 0.6924739121586069
290 0.6477070200227141
291 0.6405978962604681
292 0.6909651394448936
293 0.5013822242066867
294 0.4152461434255856
295 0.4346538712376668
296 0.45902784761053744
297 0.42267145584278726
298 0.4043741113648024
299 0.3618088557424251
300 0.3454449736549834
301 0.391386508805826
302 0.3137829012308137
303 0.6190543400875018
304 0.22882505350988627
305 0.5977233271653355
306 0.5536647797879077
307 0.5234723010830034
308 0.4332223396224422
309 0.5623961910192472
310 0.3474501511128275
311 0.3805925706458293
312 0.2986780390205815
313 0.2655616703130516
314 0.36297164788123365
315 0.31305162864219954
316 0.24419006184187678
317 0.19445748813430722
318 0.2394793839273011
319 0.3906245262893262
320 0.1792274408625203
321 0.7271484893671478
322 0.5638914021934782
323 0.6415843799906241
324 0.6500421884013988
325 0.5702071503534577
326 0.6500254344519316
327 0.42330494269786084
328 0.5304296962513773
330 0.4912572233010245
329 0.3760929442368581
331 0.49312165121810625
332 0.4936833819375367
333 0.3231068409798744
334 0.4586359526443209
335 0.7507370884587983
336 0.4502474822494756
337 0.7357144789101686
338 0.6291893626158788
339 0.5658229815755931
340 0.5773283151676385
341 0.5470523162784559
342 0.40815145206775805
343 0.3725277574645559
344 0.38640249540585747
345 0.45605984663800997
346 0.369667779588096
348 0.40622861670924504
347 0.41375055186051596
349 0.3387709237042216
350 0.27984520383672007
351 0.5175434981055602
352 0.268109931549859
355 0.4487966474282221
354 0.4868762497164976
356 0.26247136366051094
357 0.40371147768579896
353 0.5975814127075694
359 0.3754242240240809
364 0.35009513440729845
363 0.4206691008522758
362 0.4105125246370036
365 0.4551618339489289
358 0.42096757757509035
361 0.39362908429055204
366 0.2720202625648937
367 0.4733612580770642
360 0.5129923133616618
369 0.7486760772065828
368 0.4858613273615321
370 0.6775982530428566
371 0.515345421293449
372 0.5161916612069416
373 0.6789668172392479
374 0.5636309378907546
375 0.6788413865574492
376 0.5393253694719564
378 0.5708772991648634
377 0.49686916848485096
380 0.5897769606012756
379 0.4486148160181319
381 0.36442322247612485
382 0.4205987446607611
383 0.6102461497457181
384 0.6336244459239719
385 0.6957993453713576
386 0.7088616699134465
387 0.6304897832288585
388 0.6107795368994356
389 0.6065791489511032
390 0.518426840712061
391 0.5170363583908625
392 0.6650541153693931
393 0.44697283293144896
394 0.4980121458016056
395 0.4877021121504143
396 0.5447083468264224
397 0.4153135345490737
398 0.4847707389804158
399 0.5740044392228664
400 0.49765633224766403
401 0.7714041042918341
402 0.7171069406490053
403 0.6762812197596588
404 0.7267426718963013
405 0.6855151305452647
407 0.5443394530738918
408 0.5708093763953986
406 0.639815875243707
409 0.4290088808853285
410 0.4640819323281883
411 0.467215782676442
412 0.5167999849487689
413 0.34619383720177704
414 0.33441139009697557
415 0.6505594978947185
416 0.3515456060200556
418 0.6985724518669838
417 0.7095364214400915
419 0.7295540236916382
420 0.6064992693128313
421 0.6572790791692876
422 0.5184206746316516
423 0.6307729359114786
424 0.5868582677045135
425 0.6393216844675279
426 0.5820691050448142
427 0.5136973708760929
428 0.5059819543318386
429 0.48488168033545326
430 0.5208671240720997
431 0.5170200372127678
432 0.371662728708918
433 0.46405453841536226
434 0.14269341394599988
435 0.06029143744065907
436 0.039109701374687104
437 0.430848134359061
438 0.015866713557433302
439 0.3379184539620814
440 0.017026684950983487
441 0.4897885789703175
442 0.04876103893285892
443 0.01690222319938562
444 0.43908842669696513
445 0.017037420243646403
446 0.23996867862429289
447 0.20177481934969438
448 0.016961860465045317
449 0.5830082032318964
450 0.6865188019599238
451 0.3358492562167771
452 0.19260361625519293
453 0.4437348997973291
454 0.29279111340089503
455 0.2816540963655587
456 0.017333493458649957
457 0.48555162199750146
458 0.16172773358268733
459 0.017033696395908154
460 0.1559986199636642
461 0.572842119217893
462 0.12481573325771918
464 0.26499676313679377
463 0.5580935222385371
465 0.8344298153305301
466 0.8407107048918028
467 0.48412965720537066
468 0.6456392161385527
469 0.49269557008766335
470 0.7319086111216131
473 0.6932506828555497
471 0.4561626240820986
472 0.6814029844422472
474 0.4399338715576703
476 0.7118778885729992
477 0.6212883906901067
478 0.6574807749227424
475 0.6083366673946746
479 0.8533389476471718
480 0.5640423670943121
481 0.6081426124623792
482 0.58773594442506
484 0.9352527171306333
483 0.54883995575239
485 0.5658080481234886
486 0.4645958864527167
487 0.45015734421301395
488 0.5683463923521438
490 0.3711931745948784
489 0.7732966062587073
491 0.6663401322914349
492 0.529643913049243
493 0.653556438829925
494 0.7417650225800425
495 0.7581839921495588
496 0.21133738909290312
497 0.5183234334625133
498 0.6567816649371452
499 0.6701172018065126
501 0.6841456795174967
500 0.5808477367566306
502 0.6081157771708005
503 0.4819050467379551
504 0.6905379643780383
505 0.6017521321442312
506 0.5290788158205465
507 0.36452701517319397
508 0.4727668762072311
509 0.32192625883545306
510 0.48567271021422664
511 0.5657151190382235
512 0.4248959087971018
513 0.583818633749925
514 0.655182431340276
515 0.5648644853032542
516 0.5671272635594823
517 0.5276239767098275
518 0.5595906898486266
519 0.535976026195428
520 0.5247557068211438
521 0.6247541879880887
522 0.5423651717832239
524 0.3351690638001137
523 0.4359090179690839
525 0.4191738370909868
526 0.43116499443714296
527 0.596389698912547
528 0.47740478248288115
529 0.8222540944447747
530 0.5061746845151256
531 0.8188908352495098
532 0.6705361587837902
533 0.5353400455152649
534 0.5196681052104355
535 0.46342363517977275
536 0.5466609383383498
537 0.499980828743225
538 0.5635087425380324
539 0.5348952172909627
540 0.5707221311127982
542 0.41307325425367414
541 0.4700519400865368
543 0.49489138196133553
544 0.35592270715750196
545 0.16114826236056623
546 0.0836446405145676
547 0.4177618537009618
548 0.21728815610797736
549 0.5534235092891352
550 0.4477496349212363
551 0.10878232069057263
552 0.5702295202922054
553 0.017008347934954315
554 0.29914277676803236
556 0.26228520768810415
555 0.016785490641622547
557 0.016748729561222076
559 0.22548381733225006
558 0.011479517526430921
560 0.3176136747909545
561 0.7888235241949904
562 0.6914163892736791
563 0.6723254423536549
564 0.840115544120627
566 0.7744426278300377
565 0.7652684741512136
567 0.6923574384419237
568 0.6997019954621404
570 0.6614488698237599
569 0.7460692253039469
571 0.6922137420831639
572 0.7289436332591365
573 0.6492528821627934
574 0.6976100823244269
575 0.799924840988858
576 0.7722810927226944
577 0.6184968537248682
578 0.10124686140540927
579 0.059126070426905916
580 0.3670397336420297
581 0.0283124281284344
582 0.3092311353585857
583 0.44917770189669054
584 0.01727787596194121
585 0.20704817942591483
586 0.34760643736952557
587 0.23032653757133922
588 0.0165040619636068
589 0.39878842298416717
590 0.01723911248809961
591 0.1895413337101961
593 0.5885482144685158
592 0.5572883035770938
594 0.6073598154092027
595 0.7046110388029128
596 0.6375957185870432
597 0.6234439321055811
598 0.6583948100710147
599 0.6524314768269079
600 0.5642422263872064
601 0.6337724466348508
603 0.5005756078657128
602 0.46298133656284096
604 0.21224210534854404
606 0.40931347989084205
605 0.4251912485625374
607 0.6309803206838613
608 0.44650761135836564
609 0.7338234143962998
610 0.7531450795265847
611 0.6357662707386931
613 0.4321900918012514
612 0.6094183993078557
614 0.4925502278081957
615 0.44924065861376344
616 0.5512919822732041
617 0.5614402097086594
618 0.41145740827398525
620 0.5813800814737068
621 0.37425253830079086
619 0.3392794253942726
622 0.6435375071122843
623 0.47136057904951495
624 0.47504786429878876
625 0.7380265957046035
626 0.5423116256925078
627 0.5882729408201514
628 0.5453545086240333
629 0.5849812649465892
630 0.449117601130858
631 0.445893635235685
632 0.3947441508721935
633 0.43550779090588254
634 0.2904761503296842
636 0.31069453260998336
635 0.4093200481987548
638 0.3403046130823529
637 0.3332315897691263
639 0.42979750579882914
640 0.2713965827004162
641 0.8249825408185204
642 0.724627419587468
644 0.8401830493237665
643 0.6812430480801569
645 0.671470619180705
646 0.568826142124456
647 0.3391618086095034
648 0.6752202106831832
649 0.5984550253000314
650 0.7266852798541799
651 0.5156223115323765
652 0.5555965904000655
653 0.24086286127105924
654 0.7273554305739015
655 0.6693247818469644
656 0.7411412596699731
657 0.6052115850474123
658 0.5748003831121244
659 0.6319478548344727
660 0.5086175948845036
661 0.38876594149026106
662 0.4782662590641958
663 0.4361880069265856
664 0.5201834675387054
665 0.022639452591070138
666 0.022800136467677284
667 0.011571282285967228
668 0.01150417116560558
669 0.011549583686820493
670 0.37879937515060824
671 0.4880256595912228
672 0.011479178450673082
673 0.8281223566667173
674 0.5523948296453857
675 0.4569824235371883
676 0.6687456202052314
677 0.7030870415913985
678 0.3876692473828829
679 0.6634538610431681
680 0.44085294953634807
681 0.37777908261715065
682 0.3651381098012431
683 0.6073061768553198
684 0.29165551619076924
685 0.34914256943833005
686 0.2827292130485478
687 0.38925810934046146
688 0.44713230831210937
690 0.6456496664372336
689 0.7518441485572354
691 0.6981821282651202
692 0.695947760315479
693 0.6825334454339651
694 0.6009184848273463
695 0.5688226433702871
696 0.5297152498451494
697 0.48207033915233466
698 0.4733116980148582
699 0.4910343324788401
700 0.4067562361261139
701 0.517689784563725
702 0.5546770463195272
703 0.6223857599631442
704 0.3818022119973371
705 0.7840142060812054
707 0.6502907801215617
706 0.657644812094549
708 0.5670666219946223
709 0.655226058327378
710 0.6774791765183963
711 0.4079928589519283
713 0.42426381498587457
712 0.3959912328983737
714 0.379411537676171
715 0.3283173297538224
716 0.37785601740067454
717 0.5572336609634375
718 0.501378928873496
719 0.48312246033405604
720 0.6043015020610026
721 0.6269577980271257
722 0.6645827074823051
723 0.7128150425168539
724 0.5769024463606907
725 0.5861144922802561
726 0.3941295839263041
727 0.4737930828835198
728 0.5076265945572751
729 0.2908698500353295
730 0.5166762297100039
731 0.2762809271061905
732 0.42630476840766807
733 0.29434798964936415
734 0.3414913686860988
735 0.48501034293578965
736 0.2090700664564404
737 0.21587191624390595
739 0.2777238822465571
738 0.6312827471155263
740 0.26663327568572026
741 0.689285424642559
742 0.017151681159226054
743 0.6118125580697643
744 0.3856006014161294
745 0.3867636183806184
746 0.3111268538856157
747 0.5109143294883608
748 0.01729235251671357
749 0.01722435928936992
750 0.7133272801349139
751 0.46408782193312065
752 0.6021307309979382
753 0.7598500081787939
754 0.5164568600728869
755 0.7013626114855029
756 0.8824190244848077
757 0.7578096122512512
758 0.8066219193408066
759 0.6730466231780514
760 0.7658531100452216
761 0.7122940202487592
762 0.8363872548951345
763 0.8770430256442541
764 0.7653611479823318
765 0.8273796721250544
766 0.6353079177415482
767 0.7041579575792655
768 0.6976265156461079
769 0.7666991264235733
770 0.7157264273793758
771 0.6762302701506765
772 0.6420586871239821
774 0.5480324586842759
773 0.5835513275765187
775 0.5807353922755206
776 0.506089175898744
777 0.4969163597906038
778 0.5461274387214786
779 0.5783899513696709
780 0.44273662217993004
781 0.3525044247236613
782 0.36037112366239876
783 0.6828706145568186
784 0.3254174317374007
785 0.48466978757813106
786 0.0961028132245773
787 0.1469777808676961
788 0.5790659799599096
789 0.43015848459093614
790 0.017238050083865836
791 0.01724808165843955
792 0.3967742341402901
793 0.01725943174959613
794 0.5526950001502874
795 0.48388906489412725
796 0.5496582980618243
797 0.5589984807546394
798 0.20014245289470944
799 0.01733228545366581
800 0.5249929501723608
801 0.7819768114189035
802 0.5129366435221625
803 0.4984501062825702
804 0.6335675154257839
805 0.3686172502002223
806 0.5891371311990556
807 0.4778002757601264
808 0.3638893920061984
809 0.38206921589143983
810 0.5601909902078548
811 0.5315457381879438
812 0.4002169983742799
813 0.6105365238053709
814 0.49918205413791245
815 0.333789550928826
816 0.47351539913621665
817 0.4378524338500647
818 0.4370968512832109
819 0.47245839218866575
820 0.4559200580085443
821 0.4825064284445921
822 0.3739513378609991
823 0.4989448273192239
824 0.5133598637614755
825 0.4029419119743246
826 0.2119159476754568
827 0.39098649147462017
828 0.396751966311236
829 0.1931022005533718
830 0.25413735902594475
831 0.4121898752469215
832 0.19844893083421905
833 0.7535435575010087
834 0.6441008578163692
835 0.6127839206119889
836 0.6347230620608048
837 0.5684302398822105
838 0.45423553536365857
839 0.433353208024471
840 0.48193111829587376
841 0.4623800932158982
842 0.4808086389731109
843 0.42050984321863355
844 0.530790600102419
846 0.36127692912382
845 0.37451581499823905
847 0.5704186092258151
848 0.42863915811387643
849 0.4842111461505391
850 0.27556115562480676
851 0.05663124676540417
852 0.0423267997308111
853 0.027161690792852463
854 0.16709628914397184
855 0.2810959320909969
856 0.5027812289267773
857 0.10472549817376556
858 0.45799136364742743
859 0.3211765795672734
860 0.3101564586043051
861 0.016843519759845587
862 0.32392699908149286
863 0.3077425314224106
864 0.19863203913429345
865 0.7936528529800986
867 0.7163178387223741
866 0.7999604896442407
868 0.4977202421909384
869 0.7145145397816985
870 0.458300159882679
871 0.5894070046265282
872 0.38305094931690353
873 0.49779102659761426
874 0.4953083545628266
875 0.4763231550478596
876 0.41236603488973345
877 0.31587119375611616
878 0.46463335012041257
879 0.7343954092682867
880 0.4496647043624078
881 0.7723049881080121
882 0.6452455077122006
883 0.5919023640905984
884 0.5664219019424122
885 0.5024076682989865
886 0.5209170893110554
887 0.4447703643775995
888 0.47282044947870033
889 0.38156866385141613
890 0.6168637753703087
891 0.47240328368176476
892 0.33989369142675946
893 0.4670961248189003
894 0.49970941868912244
895 0.5124240131567005
896 0.41457009941034617
897 0.6030945073136993
898 0.6579371413717979
899 0.5929057928205435
901 0.6197404822085142
900 0.5895582917555844
902 0.7004985618170388
903 0.424831647545693
904 0.5185689961699373
905 0.4230267142053013
906 0.5507981709545765
907 0.3794289439791614
908 0.35598235607338186
909 0.2916675769260586
910 0.48689018148880664
911 0.5812910073111329
912 0.47948812751414543
913 0.5785745852362465
914 0.6384670098359767
915 0.5753850482157206
916 0.6896413798903475
917 0.6317770103509062
918 0.5562258098206141
919 0.5807753439021531
920 0.512561503868902
921 0.4662493094470113
922 0.4831809630118226
923 0.2953178329784372
924 0.4356860706427889
925 0.3917453034636983
926 0.4514545112962559
927 0.5870748281081509
928 0.3636887408191032
929 0.756707486365087
930 0.7314305431234316
931 0.599562507350295
933 0.67524067285125
932 0.6079136050438464
934 0.556006390446226
935 0.38957683295725093
936 0.3569900150370881
937 0.7865229117792926
938 0.4888576028492696
939 0.5313433047477031
940 0.4490303528075512
941 0.6842019411763027
942 0.6169949046653498
943 0.7966467028546549
944 0.503129147374563
945 0.7041209836369738
946 0.6413752034409279
947 0.6325809632162035
948 0.5818094932316237
949 0.5720875517399278
950 0.4680451720454005
951 0.4349829833844823
952 0.6556870715042803
953 0.39296570438414213
954 0.5240022429520128
955 0.349666360600848
956 0.4427794484073294
957 0.42650989155106583
958 0.4930194202153
959 0.6483796265331421
960 0.5977851563844555
961 0.7809450128036808
962 0.6486091929266724
963 0.7055308164926132
964 0.551922994167615
965 0.5346763981709153
966 0.6523328483751791
967 0.6854192796089504
968 0.6706448142060236
969 0.45811275448966043
970 0.42589683065722683
971 0.5664706584763836
972 0.39133777005870013
973 0.5065353121170207
974 0.4834018148806524
975 0.6475427081504459
976 0.38446784337436385
977 0.5348840048647545
978 0.5558907364614448
979 0.4734750699726854
980 0.4975411466605899
981 0.6622127359676462
982 0.38833529035610515
983 0.6001745934548863
984 0.6560714024969835
986 0.5092833288953753
985 0.5277057438816098
987 0.4804550565746053
989 0.4555814182558069
988 0.6004959411855618
990 0.531961928627892
991 0.4513015764158174
992 0.45406475184757733
993 0.6350273563240681
994 0.6693809451558851
995 0.6516155997431121
996 0.6151155311749548
998 0.6705493393404532
997 0.6858284982769657
999 0.5989019652353439
1000 0.4411956299741896
1001 0.45956637139894757
1002 0.5344239260311985
1003 0.593143900375284
1004 0.41744360446421774
1005 0.298905288423432
1006 0.3035893392767406
1007 0.6671272313232586
1008 0.29920712395707577
1009 0.6796446311160758
1010 0.8665095091601002
1011 0.618425175051888
1012 0.6033769762058188
1013 0.8200489971185684
1015 0.7845364472859909
1016 0.5896964837586599
1014 0.5253772768668903
1017 0.4556919196547003
1018 0.5190029705977454
1019 0.5273979850042824
1020 0.45620911844951556
1021 0.41911427783537997
1022 0.472038059890828
1023 0.5645831785468504
1024 0.400768600944875
1026 0.39080880096891696
1027 0.3720790144120592
1025 0.42425139857212935
1028 0.6793638502175117
1030 0.49611219902381454
1029 0.2674338583441227
1031 0.8352312355489182
1032 0.5923950992447798
1033 0.017260183831571702
1034 0.7846648506737343
1035 0.4724764248045032
1036 0.39589616518786347
1037 0.017277288662329922
1038 0.43318602394183087
1041 0.7084769910935521
1039 0.6336464131730932
1042 0.674600312810452
1040 0.5994976128443522
1043 0.7430617998087882
1045 0.5767400802051509
1046 0.4287046316423051
1044 0.692079111547024
1047 0.4385003841244611
1048 0.5739616767405841
1049 0.5341415233143245
1050 0.5468542248775695
1051 0.36439625622612326
1052 0.3478298443322558
1053 0.5381970347454941
1054 0.43666546814756013
1055 0.6862803744916991
1056 0.5648705294755845
1057 0.8620571966884948
1060 0.7327105984424755
1059 0.7104013966915513
1058 0.6311786707327537
1061 0.5319632062713794
1062 0.4866370656867643
1063 0.5119038259520761
1064 0.5044474085031507
1065 0.5215327041466975
1066 0.5376267659082253
1067 0.4753942991359155
1068 0.4851600717876404
1069 0.4530017839396787
1070 0.4798753660708799
1072 0.2924064605287252
1071 0.4629537208988223
1073 0.8260407905854957
1074 0.8291874467649014
1075 0.7559576854884176
1077 0.6977319947805438
1076 0.7299073649436498
1078 0.6760282207866842
1079 0.6618786517203852
1080 0.7439640423066811
1081 0.5808073943393672
1082 0.5800785264734052
1083 0.604835808290152
1085 0.4271445278408763
1084 0.5775502133439143
1086 0.4699526605866368
1087 0.67367090558178
1088 0.5592074392730302
1089 0.4951749446834644
1090 0.3507954503568844
1091 0.4630794192508766
1092 0.6656661385240232
1093 0.5049258632459337
1095 0.5801285035419127
1094 0.5240815336338243
1096 0.31540305758245046
1097 0.2868001930892434
1098 0.4763104455419105
1099 0.2799587065416919
1100 0.3240049991924871
1101 0.32771932123299685
1102 0.2509409987372398
1103 0.4291002373622846
1104 0.5021200172051652
1105 0.501164222641348
1106 0.6965469738971505
1107 0.6619013272640302
1108 0.662259985909144
1109 0.3961685717630114
1110 0.6831351889130978
1111 0.5747518097282327
1112 0.49196827313214136
1113 0.5569211109800534
1114 0.506737088193768
1115 0.3947112538090476
1117 0.5259481831229594
1116 0.4636443518586891
1118 0.4534645935127016
1119 0.3719181614507265
1120 0.4887124029494296
1121 0.8394317574826223
1122 0.8380293086501809
1123 0.8295749971202951
1124 0.8278705087796023
1125 0.8625760616215887
1126 0.7331180309008294
1127 0.7880620991975881
1128 0.7625252756751106
1129 0.7241968383673706
1131 0.547437719709357
1130 0.7563773658634352
1132 0.48479751344275346
1133 0.5123787242361756
1134 0.6099526186413163
1135 0.7528901642028093
1136 0.5734460022665356
1137 0.6048128011393706
1138 0.5676674321924455
1139 0.7068657742639528
1140 0.6346472813404588
1141 0.5030866693111727
1142 0.6204081013190569
1143 0.42507828196363556
1144 0.5532856111802884
1145 0.5440670051581504
1146 0.568644673659233
1147 0.3831657492825856
1148 0.6054297197347605
1149 0.6101459958279033
1150 0.37950212071388584
1151 0.5109443319608301
1152 0.42812745313951367
1154 0.5225543814126228
1153 0.6492281729850041
1155 0.5002727391588454
1156 0.47874847571333606
1157 0.3933929990365386
1158 0.27201450665360677
1160 0.35158459223091004
1159 0.2744988983325821
1161 0.30076441316131813
1162 0.19269814354568118
1163 0.18165861588197388
1164 0.17361244177908958
1165 0.16603486751113636
1166 0.21092110460750557
1168 0.16198992905447482
1167 0.34438612533574975
1169 0.607364141400402
1171 0.7209819133739778
1172 0.5107967457517395
1170 0.6226494595125054
1173 0.3584968270972529
1174 0.4795777056419026
1175 0.5509811426442377
1176 0.4044681908485567
1177 0.6005343072604178
1178 0.6086877766682324
1179 0.35648684794681074
1180 0.4781487998049278
1181 0.5573768298645372
1182 0.367461036496936
1183 0.4435545141947777
1184 0.5229448913288821
1185 0.6972588097240594
1186 0.8116822739344183
1187 0.7004765332541352
1188 0.8186787297705651
1189 0.7608390500106302
1190 0.7286524405550696
1191 0.6395458212757387
1193 0.742221002077966
1192 0.6614571969613391
1195 0.6106419585550102
1194 0.5358838930942543
1196 0.5926016947242452
1197 0.5735957298334351
1198 0.5767777926867487
1199 0.7827914069419541
1200 0.602674851626011
1201 0.7245115052236678
1203 0.7422451898991153
1202 0.5524421527025953
1204 0.6792235561710811
1205 0.7374576776004269
1206 0.8150085823457998
1207 0.5752965066933491
1208 0.34322796965345853
1209 0.7459461904909545
1210 0.6204869915413856
1211 0.6495394019083626
1212 0.4877752407025517
1213 0.18915849811287222
1214 0.581223253916382
1215 0.4175218585682091
1216 0.1627604135640989
1217 0.5079858824988998
1218 0.515920179056872
1219 0.3948570934879512
1220 0.6564349593964786
1222 0.5658153399428141
1221 0.2806209308935242
1223 0.47596298066844717
1224 0.2025002168893841
1225 0.4878304631237782
1226 0.3741260613720391
1227 0.011515442073977589
1229 0.3867298340251051
1230 0.45347246335074387
1228 0.4171605393212167
1231 0.719888211170132
1232 0.6487884636329685
1234 0.5514311431190382
1235 0.6873302977948619
1236 0.6963065221393572
1233 0.596789312577898
1237 0.5688185830345145
1238 0.45058446516510897
1239 0.47948299046635606
1241 0.4518894189214529
1240 0.41982323667774424
1242 0.38430558839011275
1243 0.46958452332388817
1244 0.34935866070383004
1245 0.2481603025856975
1246 0.2423981866366049
1247 0.5367509581816242
1248 0.24722191503752738
1249 0.678943486182411
1250 0.7356341578785687
1251 0.6511480226980261
1252 0.73974729583898
1253 0.7116155222110707
1254 0.675141241381984
1255 0.6329858314358742
1256 0.6254634296679087
1257 0.5581525333184817
1258 0.5551441371381565
1259 0.5450426703032848
1261 0.5390773273646918
1260 0.4463915888093962
1262 0.5008952425825849
1263 0.5794726294859511
1264 0.5195309526298011
1265 0.6732295119339542
1266 0.8014972290344626
1267 0.5355994848143854
1268 0.6397613402517005
1269 0.5558002761245814
1270 0.6657402861751133
1271 0.6945314167424933
1272 0.511515976646917
1273 0.7342666102401849
1274 0.4312001135414516
1275 0.2859052930334526
1276 0.29869032448203514
1277 0.6370767359921691
1278 0.7346049480621463
1279 0.62052476840999
1280 0.2589661545671293
1281 0.7018684875381646
1282 0.6522287589839223
1283 0.6349347115818126
1284 0.622274871319948
1285 0.5675490262756124
1286 0.5023747831773226
1287 0.48297570214278823
1288 0.5445260937548748
1289 0.5487854744947849
1290 0.5764342959920548
1291 0.518121387094581
1292 0.6077085731776681
1294 0.37467091369927336
1293 0.5210078251870572
1296 0.4024256751180848
1297 0.6301138196358282
1295 0.649906318041487
1298 0.7696971293059173
1299 0.4636214181391175
1300 0.6425608930838398
1301 0.5681569674360063
1302 0.5480666749364494
1303 0.5089927065534111
1304 0.5369324855273808
1306 0.3694339312782474
1305 0.43707419493751537
1307 0.33113226048518196
1308 0.34164005556725063
1309 0.46604227664248293
1310 0.44414678976923183
1311 0.5299626684509445
1313 0.7223625342537651
1312 0.2678769275309291
1314 0.7415080156473166
1315 0.756257663733605
1316 0.6488649534879699
1317 0.5766508049616971
1318 0.5464595836869632
1319 0.5020651978839067
1320 0.5708616517605544
1321 0.4314767216072339
1322 0.42145737471329026
1323 0.4824385727216094
1324 0.3332678050433519
1326 0.4845795917672412
1325 0.46295034674931357
1327 0.5022121158773725
1328 0.28518170899105616
1329 0.6388363675400122
1330 0.4300384960535401
1331 0.4072689098866641
1332 0.5192921588379742
1334 0.5085236628149054
1333 0.5406872616295553
1335 0.5087817616444013
1336 0.5488787209545062
1338 0.3772694180576213
1337 0.41981150111400795
1339 0.3377062544412342
1340 0.3587406996128837
1341 0.42720395738676414
1342 0.5152758925930259
1343 0.6517869365975721
1344 0.30545215484259686
1345 0.608099574534472
1346 0.692725011914722
1347 0.7385018318366251
1348 0.7062097907009635
1349 0.6584901745268225
1351 0.46722855887972203
1350 0.6971644660137555
1352 0.6392803786005921
1353 0.5157956631132828
1354 0.45666008120520224
1355 0.48899246059942386
1356 0.3803389751559026
1357 0.36390406769618355
1358 0.4393749357011511
1359 0.5583705882919481
1360 0.4982628892038466
1361 0.8022193203795416
1362 0.7335802746211719
1363 0.8062622702016458
1364 0.6762478249536692
1365 0.6166766137932085
1366 0.788132379266503
1367 0.5630159222174489
1368 0.6384959852664845
1369 0.6720037500692181
1370 0.6506554484942523
1371 0.5947928684241753
1372 0.5111589808348302
1373 0.5655431403770824
1374 0.36898831215051486
1375 0.7821280986608403
1376 0.6761166536679096
1377 0.6875344655529783
1378 0.7584483006208727
1380 0.6261184300291622
1379 0.6836431440416861
1381 0.5879246276143746
1382 0.49825976277152323
1383 0.628085052163396
1384 0.555059280176226
1385 0.4269769058117951
1386 0.5266485156480161
1388 0.3687971305686864
1387 0.444179043734802
1389 0.37382472541487877
1390 0.3959673859145584
1391 0.503999036797652
1392 0.2617268361826309
1393 0.5521970703614171
1394 0.6422389437263669
1395 0.46985349930701714
1396 0.467991734631619
1397 0.47202559341044203
1398 0.44210908417767814
1399 0.3521293136010802
1400 0.34444820230538536
1401 0.32585885201921233
1402 0.3168128788151242
1403 0.31178658122659564
1404 0.2979459667218427
1405 0.35891684779296146
1406 0.26658385687537683
1407 0.44386504077934497
1408 0.22051056789442408
1409 0.847253304369191
1410 0.5982399507282037
1412 0.4272246870407124
1411 0.4656737263491567
1413 0.4987086402015091
1414 0.5703987771332739
1415 0.6082192040045313
1416 0.3210734031530836
1417 0.3404618055792331
1418 0.2695884592029049
1419 0.5419899676038982
1420 0.3050097713011745
1421 0.5789959084982181
1422 0.3626671158023874
1423 0.4000323132385234
1424 0.5673612890235804
1425 0.7731802777717899
1426 0.6558913237615646
1427 0.5385460462227947
1428 0.5639824303420163
1429 0.4590443749436236
1430 0.5065932047341828
1431 0.4182436579209892
1432 0.46324136950772493
1433 0.6120044338539905
1434 0.46784628303073367
1435 0.38806719918463045
1436 0.5063749227728507
1437 0.2309455849960262
1438 0.2291166433151072
1439 0.5336731380705624
1440 0.26884075471791735
1441 0.491681363092253
1442 0.411645089305132
1443 0.38929948573439205
1444 0.3184213402384123
1445 0.2943220540144124
1446 0.26638171722007525
1447 0.2740262865500369
1448 0.2703849789803269
1449 0.13631125503449384
1450 0.23353464305235988
1451 0.13803513627163058
1452 0.3303427272397683
1453 0.10159284576636042
1454 0.23608682869529232
1455 0.28404879022462504
1456 0.016963928615997298
1457 0.6817502366388584
1458 0.5953521456765379
1459 0.6945862988931415
1460 0.5106220415873871
1461 0.5715194847273943
1462 0.49650813067273003
1463 0.48850190745538064
1464 0.562890874057868
1465 0.43257031786158806
1466 0.7035957721745797
1467 0.6075240732897129
1468 0.47121672513784996
1469 0.6103580250572743
1470 0.3458990968650087
1471 0.5003516115212386
1472 0.4261963333591631
1473 0.662629526537601
1474 0.6542871014084813
1475 0.6702285890282669
1476 0.5358087968809623
1477 0.5764021353101692
1478 0.48656512300790805
1479 0.4552599218696519
1480 0.44386690674961654
1481 0.40004650147369697
1482 0.3753759313114196
1483 0.47315431179479367
1484 0.25537425532845837
1485 0.2612960839125603
1486 0.4181860281586345
1487 0.47012907779054264
1488 0.30302170446587456
1489 0.752783594347098
1490 0.5954067346664582
1492 0.5586649446006071
1491 0.4701102030513445
1493 0.49191531329376736
1494 0.41882784402462814
1496 0.40191039128644174
1495 0.4669872103843055
1497 0.3876032973263711
1498 0.3605862007736285
1499 0.31027902055676276
1500 0.39278353785474884
1501 0.32559394056598384
1502 0.2850758679609544
1503 0.47407094822449675
1504 0.2527649032118011
1505 0.7003236890865556
1506 0.5226116890949474
1507 0.5620537735308578
1508 0.4569574903599108
1509 0.576023270451891
1510 0.46113224556513216
1511 0.4324189108777658
1512 0.4120852183373183
1513 0.5310225783074326
1514 0.38915821336702905
1515 0.38499406003478465
1516 0.2728070520363872
1517 0.41379805302401856
1518 0.346646772482625
1519 0.539741887523598
1520 0.32644064864357486
1521 0.7304168871251535
1522 0.6585170642661188
1523 0.5280144807719543
1524 0.4949115529344312
1525 0.49542144207848293
1526 0.44674922925967675
1527 0.43092156943003096
1528 0.44764037711027743
1529 0.43137286896256144
1530 0.3495037841444479
1531 0.3861203795345311
1532 0.3056736212346738
1533 0.29920982418999215
1534 0.24819838055760385
1535 0.4898822212589484
1536 0.2565349239341169
1537 0.6183665594843035
1538 0.738706662935075
1539 0.5749570786446228
1540 0.5665668612704171
1541 0.4712112792916056
1542 0.6728753595927746
1543 0.6865820552072232
1544 0.3032226209660597
1547 0.7058925205985722
1545 0.6456821072914704
1546 0.40228228436557495
1548 0.5133173700748802
1550 0.5847383687040771
1549 0.5145561064076748
1551 0.636396987548716
1552 0.15315610934052917
1553 0.005843160790492517
1554 0.6226381242112328
1555 0.059114914323223876
1556 0.0375463629159361
1557 0.4058734222005247
1558 0.36280191859339556
1560 0.26975015580815687
1561 0.017336982047786956
1559 0.4866636385208985
1562 0.5357819128817732
1563 0.024263241292695577
1564 0.01722071949811682
1565 0.16016368681099144
1566 0.5883153186767419
1567 0.28927402991613355
1568 0.6577621938343157
1569 0.5538734867102298
1570 0.6190644966857688
1571 0.6163704426847317
1572 0.5597833302836218
1574 0.366742924643505
1573 0.3272768706123685
1575 0.37879433589545813
1576 0.4347016643661044
1577 0.2899015489304682
1578 0.2790562101997312
1579 0.22873607371994084
1580 0.26709947201508055
1581 0.23203817137210117
1582 0.21233442648062026
1583 0.45929204810711516
1585 0.8323962696739423
1584 0.2346240273713483
1586 0.846114814299449
1587 0.6327280486498298
1588 0.7574337711222762
1589 0.8086142103865979
1590 0.726484305667714
1591 0.7531357185334135
1592 0.5898053938953749
1593 0.7495561060404231
1594 0.5276046826668749
1595 0.39326535867142587
1596 0.5793764417921328
1597 0.42925871327085574
1598 0.38153855573163103
1599 0.7107958453182752
1600 0.5654147070835583
1601 0.12863552369063305
1603 0.43914552766253806
1602 0.32697152790986944
1604 0.2662184188986824
1606 0.2597190092547231
1607 0.1915174429654085
1605 0.02773437820379971
1608 0.2658839460007746
1609 0.017085731109221663
1610 0.18166001913645805
1611 0.017153627065732303
1612 0.01653490015598917
1613 0.016367677100713494
1615 0.2651463676136945
1614 0.4462303126382256
1616 0.14419893710543885
1617 0.8723761401017643
1618 0.6581552826956389
1619 0.729015670373428
1620 0.6287200029584374
1621 0.7371908456568903
1623 0.5660083201360161
1624 0.5007183278288998
1625 0.48251977002921953
1622 0.4916309446388856
1626 0.5907451528171982
1627 0.4848712583745175
1628 0.6122798105324505
1629 0.5789094553241064
1630 0.4887333268443764
1631 0.41352310946198384
1633 0.618608823010449
1632 0.5211235098890639
1634 0.6201532000843775
1635 0.6771515269063466
1636 0.5280057473703217
1637 0.6371251832693754
1638 0.5841455310158253
1639 0.571361923549731
1640 0.5140166460878529
1641 0.47462520381441664
1642 0.5592029273972756
1643 0.4740786706805878
1644 0.551384603780342
1645 0.5016693740775056
1647 0.5122213884162314
1646 0.44062255074646844
1648 0.2996123419455345
1649 0.7280195660851952
1650 0.6797126577720995
1651 0.5969987400806578
1652 0.6543195280223175
1653 0.5588540826922961
1654 0.6804899978431167
1655 0.5833765858808931
1656 0.48005534247250803
1657 0.4040457586815693
1658 0.4712915774912085
1659 0.4065302425310406
1660 0.44289730676267275
1661 0.5836996567138174
1663 0.5607811039822687
1662 0.4098011105252457
1664 0.3818645638089688
1665 0.6697874707159189
1666 0.6765502325312599
1667 0.5388999678341737
1668 0.5741606482063496
1669 0.6647433718183003
1670 0.43725911432955084
1672 0.43693105944548255
1671 0.41345793767158734
1673 0.6120939300766002
1674 0.5399156831370571
1675 0.40464640946654096
1676 0.5153824513931573
1677 0.46060998919706214
1680 0.34975904135913216
1678 0.3392182841716602
1679 0.4611084160203631
1681 0.5557394442042672
1682 0.5017481427911343
1683 0.5681610588172843
1685 0.4653881255134057
1684 0.4407010192453417
1686 0.5692142252825994
1687 0.7888493536904939
1688 0.507478915187673
1689 0.3735598459749549
1690 0.5277640122005751
1692 0.4624896873987006
1691 0.5300149422841711
1694 0.34970387750943893
1693 0.4227939990423202
1695 0.7372998189440602
1696 0.39719271786400573
1697 0.005837319931943102
1698 0.42555848419069287
1699 0.4184114970911963
1700 0.005815151399365661
1702 0.24228555947874142
1703 0.1966276603720497
1701 0.14060364158088287
1704 0.37264413667602825
1705 0.03505946721653561
1706 0.03900835049852435
1707 0.2555540505336358
1708 0.01694153689314144
1709 0.2762756024433057
1710 0.01723147795835761
1711 0.2846536920023362
1712 0.42956777558746867
1713 0.6274771544286797
1714 0.4918757607995853
1715 0.6542404441908722
1716 0.4278386552468541
1718 0.4626262296328661
1717 0.42437970644383144
1719 0.4514086274336058
1720 0.3686979026596841
1721 0.41039156640714686
1722 0.4520960548523722
1723 0.4972506513013301
1724 0.4726334309436484
1726 0.20545007947280938
1725 0.2579658968220578
1728 0.5128206767279385
1729 0.7458007595358705
1727 0.6785713365907677
1732 0.6826726666517227
1730 0.610381817294055
1734 0.558371280356745
1731 0.5562631553511342
1735 0.5786402518900152
1736 0.6404344078936346
1733 0.6659843835869199
1737 0.5949066637753284
1738 0.38550614264993804
1739 0.4982408558920045
1741 0.5053477206712161
1742 0.2982457167736235
1740 0.6089695618384998
1744 0.5003748551335407
1743 0.6052933501093994
1745 0.5607199647795843
1746 0.5246068300021954
1747 0.4809871015565392
1748 0.4774464288943306
1749 0.42553922256013343
1750 0.39872353500696417
1751 0.2484046021745037
1753 0.1957901118189917
1752 0.27057485553449767
1754 0.22386005214903595
1755 0.2349888624193903
1756 0.18312980915464974
1757 0.15938551437572107
1759 0.42521610534510124
1760 0.1556330789420061
1758 0.2952624161863487
1761 0.7751662652628359
1762 0.6235924028102436
1763 0.7219398201193146
1764 0.5607330518458071
1765 0.5054245017403666
1766 0.441329428092747
1767 0.4409229920789071
1768 0.6405465796086356
1769 0.6189058330420877
1771 0.5102241636891881
1770 0.5007916825253803
1772 0.4172497975397369
1773 0.3934005171644785
1774 0.4633130608722923
1775 0.5448384889094808
1776 0.5431447714106842
1777 0.777302149588397
1779 0.7081389108619569
1778 0.6291167695514064
1780 0.3745443400852725
1781 0.6329934326987392
1782 0.22332242482508763
1783 0.6582695395028679
1784 0.17046722210281454
1785 0.14871516293402182
1786 0.5937394964883661
1787 0.0964333889163626
1788 0.08121168996660226
1789 0.7833597525248925
1791 0.5245573206508982
1790 0.05990031515227904
1792 0.5934027969356847
1793 0.46420963903585527
1794 0.005798144882575801
1795 0.5210478807620711
1796 0.15368656564237998
1797 0.5269649498956742
1798 0.4262436562258782
1799 0.047611791387892614
1800 0.3225021964066211
1801 0.04233411880919666
1802 0.25719309910700183
1803 0.3347006455410526
1804 0.5316774920506576
1805 0.14079532374361045
1806 0.01689537032506273
1807 0.352585415605368
1808 0.017115820964497368
1809 0.7466733806335195
1811 0.717984486799935
1810 0.9131470501325634
1812 0.7528112372513891
1813 0.47097780284337243
1814 0.5447893840018305
1815 0.4909825458309818
1816 0.45897682132185547
1817 0.6470458668897271
1818 0.4635227513717301
1819 0.5272046191809202
1820 0.4528082874403095
1821 0.7519350753167514
1822 0.6599470769656894
1823 0.7125526433608059
1824 0.5364907077825178
1825 0.6249223148540806
1826 0.5977577890774967
1827 0.6314879080953144
1828 0.704542236903312
1829 0.6271043627308623
1830 0.5218717898878749
1831 0.505741601070353
1832 0.4794574864796311
1833 0.4507297256081569
1834 0.5650378734770438
1835 0.5270631665318856
1837 0.5590052884013466
1836 0.32035017397278576
1838 0.34642558668925216
1839 0.5400839179616539
1840 0.2638776087406518
1841 0.6915327889853947
1842 0.5272049536203655
1843 0.7012614671885408
1844 0.6089180443541069
1845 0.6769489964086117
1846 0.6808946605832853
1847 0.4816991604933164
1850 0.31815106727550513
1849 0.36483130381942536
1848 0.6013406286556935
1851 0.4637021348095776
1852 0.5358066640525919
1853 0.3437128124053525
1854 0.49216864304871066
1855 0.733281207681684
1856 0.26989440784939045
1857 0.7754169968313416
1858 0.581435759289265
1859 0.6917562594364142
1860 0.7003503076180398
1861 0.4894509224745278
1862 0.5454249973115765
1863 0.4257323376646505
1864 0.5454369657174936
1865 0.4530523644177618
1866 0.4292535702534152
1867 0.3930006796333324
1868 0.6182606462961159
1869 0.4019138419859827
1870 0.5098335744225709
1871 0.4669666929540836
1872 0.4281352397706185
1873 0.8765885355948405
1875 0.6599540333687363
1874 0.8615905576116148
1876 0.6486587089790841
1877 0.6122776186840801
1878 0.7429992377973572
1879 0.7317370326364333
1880 0.7230169557307401
1881 0.706661255058754
1882 0.5629982491798268
1883 0.6293629484126758
1884 0.6934009328434332
1885 0.5198435413350044
1887 0.7254651347021577
1886 0.5206716740405672
1888 0.6100208892811692
1890 0.518045115407972
1889 0.6004769947494504
1891 0.5620640916923755
1892 0.6055750373261911
1893 0.5158146461488503
1894 0.4108255972931722
1895 0.35573914724482186
1896 0.47756068014618736
1897 0.3709100928406299
1898 0.32288300591712
1899 0.35209918845342564
1900 0.3638105982661694
1901 0.2921278792217222
1902 0.2857638562216156
1903 0.4326802948394869
1904 0.21269070648828228
1905 0.3989714142324755
1906 0.65970607531421
1907 0.7910575954276762
1908 0.7688279289909582
1909 0.2048734331762384
1910 0.13524881280563703
1911 0.6280627652483597
1912 0.3436616555645074
1913 0.6912354926752755
1914 0.06095623487945757
1915 0.6463559656265535
1916 0.6589846575242971
1917 0.02881427590939294
1918 0.6393536687568123
1919 0.44432284873800204
1920 0.5033595012371012
1921 0.571260018150066
1922 0.5799725594480473
1924 0.34598426437241614
1923 0.4015272261788501
1926 0.21530490634552676
1925 0.25810006772512717
1927 0.47307524616845303
1928 0.5386436994678478
1929 0.6202675931061874
1930 0.5217727316576249
1931 0.4161792781080586
1932 0.5792678080117376
1933 0.47286295666916095
1934 0.46997980374727644
1935 0.24673290973068257
1936 0.31312476338876494
1937 0.726219190217161
1939 0.6493865187668006
1938 0.7309716268141333
1940 0.6907981947605137
1941 0.6798082013619553
1942 0.8361103679620588
1943 0.6615613491053058
1944 0.6630260388808351
1945 0.7050385471392814
1946 0.5593710267913465
1947 0.7142321961194591
1948 0.6027853280831679
1949 0.5254267073791951
1950 0.4938730920300368
1951 0.7570190339743793
1952 0.5208741387352617
1953 0.7661158416653783
1954 0.6674842725272289
1955 0.7349199928955708
1956 0.5159917530196386
1957 0.5217465951450311
1958 0.5776932035382494
1959 0.6148452417349812
1960 0.557775318960001
1961 0.5257909944564859
1962 0.4301511527082993
1964 0.4759864773416116
1963 0.6076269983001951
1965 0.4913119087970924
1966 0.5863145132703835
1967 0.42218861787606626
1968 0.4197781931711162
1969 0.8647651460802572
1970 0.702378255617842
1971 0.6737028785548695
1972 0.7705868130415342
1973 0.6315110614159168
1974 0.5165617094105667
1975 0.4551321298773278
1976 0.6066159416503175
1977 0.5360185155210004
1978 0.5132481026159318
1979 0.6584719977831062
1980 0.5820675687663499
1981 0.5282628328937434
1982 0.6241677311144894
1983 0.5511465666480876
1984 0.4331387286223464
1986 0.6601183899294633
1985 0.7801028603641922
1987 0.709991767018659
1988 0.7556075421547416
1989 0.711583382259571
1990 0.7325755648560012
1991 0.8163691771660613
1992 0.8232401230773763
1993 0.7356563457723004
1994 0.6700805785436273
1995 0.7071877588351955
1996 0.6261391578432959
1997 0.5670754469695164
1998 0.5885879850372822
1999 0.6544149289729025
2000 0.7891662752769707
2001 0.8185529207404062
2002 0.6399089252363223
2003 0.655703270994211
2004 0.9496529033966059
2005 0.7798269702441931
2006 0.512785130618087
2007 0.5623424955534755
2008 0.5408375091533415
2009 0.7649379196708703
2010 0.32312775306227154
2011 0.5828147690489724
2012 0.70808175581585
2013 0.2660530858742746
2014 0.48143857857579186
2015 0.7586980045250507
2016 0.20760234271485936
2017 0.6238495752967741
2018 0.4628029463926652
2019 0.36093436297625225
2020 0.792840627311427
2021 0.34743492970866374
2022 0.4434718640221854
2023 0.6766888809682624
2024 0.4658670110274776
2025 0.5273498374067271
2027 0.6061166739877756
2026 0.45848563659313457
2028 0.5653922203987208
2029 0.44407308878052465
2030 0.4621100779942617
2031 0.5831363065866245
2032 0.5881932539381317
2033 0.6023940039462359
2034 0.4733976767273371
2035 0.5535628467636486
2036 0.5847043097829641
2037 0.4189888816663887
2038 0.3749055142351868
2039 0.34791481682756636
2040 0.35772591190833636
2041 0.3498810931761054
2042 0.361672941160635
2043 0.33142253629741275
2044 0.23407683082702777
2045 0.22451515076014525
2046 0.264887817207628
2047 0.40460722037701585
2048 0.17562657122828218
2049 0.7617195223321466
2050 0.7311009519274159
2051 0.6544130476871431
2053 0.5888680631542488
2052 0.7494558017038372
2054 0.46239607049265624
2055 0.4439741702983713
2056 0.599297641139789
2057 0.6356228244601122
2058 0.6826488200738516
2059 0.6262088556637502
2060 0.6493111379360597
2061 0.5826043318620245
2062 0.8204963970903155
2063 0.6106132796980795
2065 0.709737921139136
2064 0.5707091512354844
2066 0.71004232615815
2067 0.45714986155439
2068 0.7046445296514442
2069 0.6525069707234058
2070 0.4611658690719866
2071 0.3794906722472362
2072 0.4356994836746321
2073 0.3084362884085112
2074 0.5383400806471794
2075 0.273349574274548
2076 0.4778594146146688
2078 0.5039879640836518
2077 0.3725562352054695
2079 0.42422238494823095
2080 0.5383139036250331
2082 0.6479114726396557
2081 0.7503919709419758
2083 0.5754304546840094
2084 0.5695534566218546
2085 0.5930396214994099
2086 0.5468475987172151
2087 0.541957100662691
2088 0.547453936017295
2089 0.40017745750052686
2090 0.3794006690115509
2091 0.4458523536133487
2093 0.28323308885755766
2092 0.35670109980638726
2094 0.35255147232185663
2095 0.5716528540706332
2096 0.3015310164859752
2097 0.6806083809244076
2098 0.6822799984615006
2099 0.7165212638859715
2100 0.5289478354872106
2101 0.4594382487238417
2102 0.4439569336234533
2103 0.4564027545376425
2104 0.5134258629181541
2107 0.3607652518203573
2106 0.5396554569973351
2105 0.4236401442547072
2108 0.5178515219231495
2109 0.3753738191082002
2110 0.3310510591433958
2111 0.5629204352164371
2112 0.2757383125932382
2113 0.669785890171861
2114 0.5667902828050765
2115 0.6128768336489074
2116 0.4663487092507917
2117 0.6902678641024523
2119 0.5850980866475536
2118 0.6215797312628336
2120 0.5750100672705545
2121 0.5576488975842383
2122 0.24868082948544928
2123 0.6218637199022868
2124 0.465680794493979
2125 0.40833385215366336
2126 0.5443068162201712
2127 0.5078462038416082
2128 0.3707197374274661
2129 0.660988336784318
2130 0.7447344266881
2131 0.590676281201505
2132 0.6047713409031589
2133 0.5849585155916822
2134 0.584802492686359
2136 0.4040748058966969
2137 0.4772543062931884
2135 0.5510668770210481
2138 0.5270057538371339
2139 0.35738574009373
2140 0.31911447738056914
2141 0.3649636613583095
2142 0.2667308527382605
2143 0.44098092689409873
2144 0.41489879402457797
2145 0.8761133101810304
2147 0.8855940434862133
2146 0.8229659328475609
2148 0.8407832465138362
2150 0.7736538929337534
2149 0.7253479644939943
2151 0.7216610928628556
2152 0.7699244760484785
2153 0.6730304291221941
2154 0.8141462438466944
2155 0.5908568424049346
2156 0.5229910493804212
2157 0.6544343972913171
2158 0.611903902740976
2159 0.6986250425455741
2160 0.719200873180287
2161 0.8914186017313253
2162 0.5305572144286385
2163 0.546305614990903
2164 0.7259581596842304
2165 0.605327299060184
2166 0.5432764082042459
2167 0.5855089999520475
2168 0.5526582117840463
2169 0.6195346937478481
2170 0.7762347862590303
2171 0.5672812247595956
2172 0.46638434473263696
2173 0.49305624795669006
2174 0.7014061800933654
2176 0.7322574535695889
2175 0.2811381904313726
2177 0.5751439058667941
2178 0.5387427540464008
2179 0.662388251028314
2180 0.6166203049129232
2181 0.5267464232293344
2182 0.3728020848847063
2183 0.4276959270578904
2184 0.5270247654661999
2185 0.36237609484316596
2186 0.3214874906242014
2187 0.34332575683711813
2188 0.22212858470486155
2189 0.371693197126727
2190 0.26862712997563304
2191 0.4505204510428379
2192 0.1984982919691958
2193 0.5569963019312124
2194 0.5323238908620975
2195 0.661471214367968
2196 0.44231614056638724
2197 0.3696425941557432
2199 0.5212769503645882
2198 0.5485126599892973
2200 0.5887534299823259
2201 0.5006164733658607
2202 0.45056856772166115
2203 0.48002842365982284
2204 0.3740238169641544
2205 0.35272603330512575
2206 0.41068596979722166
2207 0.3799981444435393
2208 0.4238120387881445
2209 0.6675068213331605
2210 0.5295239063962267
2211 0.5602003696000222
2212 0.5555251742251137
2213 0.48817122762342147
2214 0.5170950187632508
2215 0.44022802946414036
2216 0.38563412702080896
2217 0.406754548871111
2218 0.34236903137649066
2219 0.3273393042745702
2220 0.4333096740034853
2221 0.3484648789280073
2222 0.33316266524686505
2223 0.5312003266342158
2224 0.29303310988361037
2225 0.6619322100610934
2226 0.8263394591888908
2227 0.7702334535045614
2228 0.7934084507484288
2229 0.6925570641396891
2230 0.7453999299619056
2231 0.6489902615604518
2232 0.6070440991741479
2233 0.5305025624127574
2234 0.5822381213386575
2235 0.4904311315736908
2236 0.5244986104906855
2237 0.4808642817076599
2238 0.44780087699987875
2239 0.6482472419509125
2240 0.6337409152451203
2241 0.6556722128132986
2242 0.6185736049844611
2243 0.667147347176608
2244 0.3956120740218055
2245 0.6664760138126651
2246 0.40732001146834595
2248 0.4565403268084754
2247 0.41876948017813215
2250 0.37815537141727223
2249 0.5572149091045758
2251 0.47847927817536107
2252 0.35522970697509126
2253 0.6003412494677599
2254 0.5088832798350484
2255 0.5571300541406323
2256 0.48946332494005673
2257 0.575911110678404
2258 0.5188411418299116
2259 0.46855630643063473
2260 0.4793344061591013
2261 0.41246493835855813
2262 0.45633907359016296
2263 0.5117494126969799
2264 0.405262287209085
2265 0.44067183784172786
2266 0.4016399401442354
2267 0.5871512792885341
2268 0.6187753219059666
2269 0.5524270450141949
2270 0.4883570722258108
2271 0.49181372183467376
2272 0.53641306341033
2273 0.7129723358079015
2275 0.6315397089542875
2274 0.7158048658242184
2276 0.528811700960995
2277 0.5165155455325252
2278 0.9214172331120888
2279 0.36219520012670026
2280 0.6808560561750215
2281 0.31541666847128563
2282 0.286268315459165
2283 0.284966884217666
2285 0.5448802208589489
2284 0.5966706763881678
2286 0.8366831949092478
2287 0.4034540431234803
2288 0.4367614731276766
2289 0.6950691371828551
2290 0.6613686704721355
2291 0.5614256303500194
2292 0.6032207689892838
2293 0.5828246992521442
2294 0.43446267036992925
2295 0.6282140166666736
2296 0.6846586998025032
2297 0.5266052828801335
2298 0.5880055713558783
2299 0.28063890627191507
2300 0.6131640945602506
2301 0.48855140898562377
2302 0.5149131302479314
2304 0.5568217245856347
2303 0.5898804493196548
2305 0.6620553309518414
2306 0.7575797045931506
2307 0.6822670060426205
2308 0.6326315521845599
2309 0.4815246558587837
2310 0.5413364456589886
2311 0.4029176416646378
2312 0.41129394212316095
2313 0.4180158459588084
2314 0.39153394048086254
2315 0.3908646614611993
2316 0.4894086965014663
2318 0.3427425396826226
2319 0.4424485837849132
2317 0.32476746835361847
2320 0.3090477017158015
2321 0.7641146199046939
2322 0.7318350920266283
2323 0.6292858664822906
2324 0.5130236673205644
2325 0.4700475524431739
2327 0.4888833413043031
2326 0.5074789485324498
2328 0.5505460408346059
2329 0.3786925241827494
2330 0.5238517708190145
2332 0.44141824295089155
2331 0.5110232158298402
2333 0.31884460056339653
2334 0.4481888829920655
2335 0.6004986425442134
2336 0.3729952523621988
2337 0.405667648413169
2338 0.2486802666468598
2339 0.7073544299049896
2340 0.37096040233194433
2341 0.028553497316656906
2342 0.017382709059591803
2344 0.01709659992502791
2343 0.017360628451199386
2345 0.21254064118157298
2347 0.6726487704283022
2346 0.01731943863396237
2348 0.2781096332693949
2349 0.5839597857074564
2350 0.01731364052298298
2351 0.7924332774186239
2352 0.5956784128097639
2353 0.6963349068798101
2354 0.005803703353829468
2355 0.6637720350659405
2356 0.7437561780743187
2357 0.4774864818383565
2358 0.635936769773657
2359 0.2946619484662535
2360 0.017229183497404103
2361 0.5741937700650878
2362 0.4600717204951997
2363 0.017234568866113662
2364 0.017154523843098197
2365 0.016961789694414284
2366 0.22537730550033458
2367 0.11582678142866924
2368 0.017009887733597028
2369 0.8623212278277761
2370 0.7763999220224805
2372 0.6762222917820828
2371 0.8065590748914946
2373 0.6530093580954494
2374 0.7043285006664143
2375 0.7363032108150422
2376 0.682596480166803
2377 0.6423884491132349
2378 0.688707286023123
2379 0.5179611241469156
2380 0.6689250770060774
2381 0.561923778764555
2382 0.6761063159715789
2383 0.6829990839710601
2384 0.6148737147406588
2385 0.7670623312403337
2386 0.8293274525420167
2387 0.6114959031903774
2388 0.6026764557902899
2389 0.5427903542018468
2390 0.49506775518020024
2391 0.4437538899374807
2392 0.509337432821082
2394 0.4239098231773057
2393 0.3842392160006885
2395 0.4334456998894176
2396 0.4628427437671591
2397 0.3266744958223119
2398 0.2529924806208771
2399 0.5322057821413102
2400 0.2847231352422106
2401 0.7403191184357251
2402 0.837260188964417
2403 0.7855898479533867
2404 0.48698386650308123
2405 0.42695578719542004
2406 0.7964412373526645
2407 0.6753081889810628
2408 0.6389709776770001
2410 0.7300463334556708
2409 0.6377138849937908
2412 0.6496618964991691
2411 0.4525675894907147
2414 0.7319180881673581
2415 0.5946018868675406
2413 0.48257389057147515
2416 0.5872085408495801
2417 0.7801264180082417
2418 0.747732734226107
2419 0.7693612111524439
2420 0.8125607186012005
2421 0.7547778716417797
2422 0.7334198375343581
2423 0.677381536748542
2425 0.596251489804112
2426 0.6470038636849834
2424 0.7090391507124804
2427 0.5859634839147398
2428 0.5362762276660966
2429 0.6411052192337716
2430 0.6424613814413718
2431 0.693396475943814
2432 0.4116527357823148
2434 0.6509544602870525
2433 0.6788666067690657
2435 0.6532083111878102
2436 0.5574340822333482
2437 0.6552003964864134
2438 0.5579549203360565
2439 0.5800770721160703
2440 0.6137030284883084
2441 0.6100566138786713
2442 0.5019699053110138
2443 0.4696764347267414
2445 0.43942347315567204
2444 0.5744857534999948
2446 0.45721121797046244
2447 0.3638415906025954
2448 0.5536538945089068
2449 0.5218008961954437
2450 0.4698620609351527
2451 0.5189093982230845
2452 0.3755847659347594
2453 0.5933687700855078
2454 0.5921559617775803
2455 0.4499063262928348
2456 0.5544382537701615
2457 0.4403000149937121
2458 0.4111087515485
2459 0.32593263604267675
2460 0.3840784977845726
2461 0.3388393924774684
2462 0.2871457653175181
2463 0.2979942892118782
2464 0.3499552071314418
2465 0.7336527272994774
2466 0.7057647991411644
2467 0.6619094828212019
2468 0.6711446456211417
2470 0.5099560866932441
2469 0.5511143394189826
2471 0.45343534290905657
2472 0.49835118265330375
2473 0.3588238015640817
2474 0.3661681577422607
2475 0.2774684709852153
2477 0.2998273935988766
2476 0.2904455412242783
2478 0.2659563347155094
2479 0.4863669939166228
2480 0.37623405279263766
2481 0.21774771301807905
2483 0.5203824834306066
2482 0.4383565949693676
2484 0.04607410276805162
2485 0.025580120097123748
2486 0.3281435261293034
2487 0.11644500541317067
2489 0.05653342922840921
2488 0.08634405115551497
2490 0.009995340287702026
2491 0.19105646754255032
2492 0.011385823554858392
2493 0.245641207856528
2494 0.011381739178892163
2495 0.016794115606289163
2497 0.594608786044171
2496 0.2763138456398694
2498 0.6160797699637003
2499 0.6071148011852208
2500 0.5935384978422075
2501 0.5769059862988456
2502 0.5264510422252912
2503 0.47845515259952087
2504 0.5273013988817441
2506 0.44658199783015073
2505 0.4136720086703943
2507 0.5396245840844971
2508 0.46762789789442394
2509 0.293888280533026
2510 0.2846795030686338
2511 0.48454271012714983
2512 0.2829563404452422
2513 0.6202025122928565
2514 0.5970456423876165
2515 0.7297790586358047
2516 0.5692633882375744
2517 0.6370428974758484
2519 0.4655273218755135
2518 0.8744655120313335
2520 0.5231204737179417
2521 0.6064213610369328
2522 0.5376388766330703
2523 0.6911308791529924
2524 0.807999036736964
2525 0.24319925607460174
2526 0.2580478061606206
2527 0.6759469997715027
2528 0.5611631298697677
2529 0.8787678702943575
2530 0.8076548655706798
2531 0.8615583038722482
2532 0.7991676571901007
2533 0.7539081097794421
2534 0.7690822040347315
2535 0.7048329184600478
2536 0.652667907701702
2538 0.768633215056573
2537 0.6629979936527638
2539 0.5545591084635858
2540 0.7359794997669936
2541 0.7364449373015115
2542 0.5604855933996057
2543 0.7304328325368389
2544 0.6290804259185656
2545 0.7853599406901879
2546 0.8362371078750631
2547 0.7769475927723478
2549 0.3900746466682206
2548 0.7053395566077346
2550 0.6560798276517991
2551 0.2799005074055544
2552 0.25879720304567994
2553 0.21679880897392348
2554 0.7245554934055849
2555 0.18021927013757563
2556 0.1384572841141513
2557 0.5213993394158088
2558 0.6545326690925705
2559 0.6305528220008585
2560 0.6718194273974666
2562 0.09569784599273058
2561 0.4884198613265923
2563 0.40562352692805825
2564 0.037100007402586406
2565 0.19804207135316187
2566 0.5340829475789303
2567 0.18659776654242147
2568 0.19038389675197626
2569 0.01714791491401522
2570 0.35255982409882936
2571 0.01732305329221427
2572 0.016984972175609653
2574 0.37517320442378427
2573 0.41471950926730694
2575 0.49795278378694907
2576 0.13618547510236156
2577 0.776410930015398
2578 0.7095334402972028
2579 0.6227784742944588
2580 0.6419764294120456
2581 0.5669206684678573
2582 0.5706117933869568
2583 0.5754861747075509
2584 0.42197430266212455
2585 0.4185322447951431
2586 0.4041083904507482
2587 0.336807325910042
2588 0.384314463821555
2589 0.3232905321503563
2590 0.28981245169599834
2591 0.4760834791702211
2592 0.3649282891452321
2593 0.414489275468427
2594 0.005561845758498116
2595 0.057950089561129334
2596 0.5740323509858293
2597 0.016875432940398054
2598 0.020172874901598904
2599 0.584680115115538
2600 0.4180539841726454
2601 0.016625678725361036
2602 0.016854794044910335
2603 0.3626580944258974
2604 0.4361389051286303
2605 0.2137352818884567
2606 0.33970417186124
2607 0.6466731063763117
2608 0.017263092453535668
2609 0.46811038864469684
2610 0.5789591364137044
2611 0.49175443240889566
2612 0.5160967283007442
2614 0.4331971246937893
2613 0.470609276178791
2615 0.37646658565431546
2616 0.4411936782356872
2617 0.3672821579657084
2618 0.3713880331323498
2619 0.45868369239465656
2620 0.3974728145661664
2621 0.3881977922206297
2622 0.2729315111741259
2623 0.3332689331327095
2624 0.1744952551844329
2625 0.28740278779666645
2626 0.3982276200105519
2627 0.21494124739341203
2628 0.2557542990762798
2629 0.17490663058704656
2630 0.31351099406229127
2631 0.2996718517633947
2632 0.38012184381100106
2633 0.3061056576764416
2634 0.3220816216870267
2635 0.12912445928698985
2636 0.23470095474991795
2637 0.15897056505705137
2638 0.2717146318729551
2639 0.017341472805472494
2640 0.4354734519472358
2641 0.5856669187826512
2642 0.7326908057527635
2644 0.365956787961279
2643 0.6507190001883275
2646 0.6449184574911412
2645 0.3406510888422117
2647 0.30911375761583787
2648 0.6509922778528213
2649 0.28583779921235536
2650 0.6173101190580332
2651 0.5344562783161336
2652 0.8570637908972907
2653 0.6552183434955318
2655 0.32971152310773844
2654 0.4572420903510748
2657 0.5178137058144884
2656 0.7536138346079078
2658 0.6272898835663218
2659 0.6011774070376937
2660 0.6384416980738419
2661 0.5980221902358476
2662 0.7476288032479511
2663 0.6180826251745689
2664 0.4579230578494543
2665 0.4186564379024137
2666 0.5072073331990734
2669 0.45888276941033557
2667 0.41261391627191246
2668 0.42495680528971486
2670 0.37761844301863107
2672 0.41302135448766225
2671 0.5937359961948624
2674 0.6894185489502435
2673 0.5094061999137401
2675 0.6593843331416724
2676 0.5677311160255452
2677 0.4691139045507963
2678 0.32151427643127506
2679 0.46494664019265514
2680 0.4686281836257897
2681 0.31399094659183746
2682 0.355922583840532
2683 0.4402529378613372
2684 0.3942465483787317
2685 0.16201702474788857
2687 0.4905794093310588
2686 0.29477567872965127
2688 0.14169518818522048
2689 0.844446683232802
2690 0.7637719860998852
2692 0.6715852831921005
2694 0.5975084249855301
2691 0.6967048273850682
2693 0.7331194681922606
2695 0.45472627370436297
2696 0.9070754739278468
2697 0.5576693061817142
2698 0.6610542782277474
2699 0.7590796715556014
2700 0.6546657999708887
2701 0.7708136846583268
2702 0.44082976139271357
2703 0.5690979882290657
2704 0.628836234794727
2705 0.679502588791668
2706 0.6472299533225426
2707 0.7147075944984842
2708 0.5905134182515853
2709 0.6459347695684818
2710 0.5886687411471182
2711 0.4289530297805526
2712 0.4025183436050341
2713 0.5093908676565041
2714 0.6488366685144935
2715 0.5360183638063414
2716 0.5889130763426359
2717 0.5044069377457893
2718 0.5101438227471861
2719 0.4943173155197529
2720 0.011599902344840877
2721 0.6609135157624143
2722 0.7764038166848566
2723 0.5988209508009902
2724 0.44577004474837634
2725 0.7030548482431447
2726 0.7161027474919637
2728 0.5416983950360355
2727 0.36466042802623666
2729 0.6036685616906378
2730 0.37888394712812246
2731 0.5050610814992194
2732 0.5909145140675197
2733 0.486149352112478
2734 0.44932488402120796
2735 0.6173719975092783
2736 0.45837155721779216
2737 0.7075441608297844
2738 0.6195364808822119
2739 0.5517666605836936
2740 0.49745058147338406
2741 0.5294438270256294
2742 0.5995954625704204
2744 0.496517076108214
2743 0.47907509392519904
2745 0.5785388981263422
2746 0.5427663365198341
2747 0.6450887154312874
2748 0.6117110681427201
2749 0.45770082492787123
2750 0.5422281976541087
2751 0.6322093809916358
2752 0.6202965013563447
2753 0.7396029222865148
2754 0.6937750904063846
2755 0.49190091285958204
2756 0.6938536465428528
2757 0.6471571599000617
2759 0.5251508564368615
2758 0.3893057827705389
2760 0.5496158069637255
2762 0.5251207901440937
2761 0.3825131166468876
2763 0.35120184364778895
2764 0.5131539645087401
2765 0.382180993454141
2766 0.47842279057112463
2767 0.6090724923724925
2768 0.3868115606097554
2769 0.7729956394511052
2770 0.6506736994299048
2772 0.5994880564042923
2771 0.6816200689742017
2774 0.5203132337536359
2773 0.5918874807609239
2775 0.38871211882165946
2776 0.44503160552286786
2777 0.45837130262086356
2778 0.534063434004491
2779 0.3692500205143686
2780 0.33077258166103074
2781 0.37818743549229333
2782 0.3863213371056965
2783 0.6182650924779963
2784 0.28315391062939277
2785 0.341538754501578
2786 0.5890348537693065
2787 0.31176863105321284
2789 0.5508541867043499
2788 0.03933680259314668
2791 0.352183549708316
2790 0.5105722219402758
2792 0.010978378819195592
2794 0.35870013671868617
2793 0.18007114582605596
2795 0.2908673111907515
2796 0.01682967551698747
2797 0.017185890519406465
2798 0.017301012871588212
2799 0.0172759738499253
2801 0.7287407963240228
2800 0.01681953104443872
2802 0.7247321091614398
2803 0.6361327707993216
2804 0.5589921512731514
2805 0.576204267802215
2806 0.8796588600595001
2807 0.5687078720951702
2808 0.5345509879559468
2809 0.7296936309196804
2810 0.614305704996249
2811 0.35824146317291466
2812 0.5222434613972833
2813 0.6549984875961647
2814 0.6316792835929468
2815 0.8808551970596376
2816 0.7247560794800435
2817 0.4780209544778459
2818 0.6418172788269305
2819 0.46412212208305736
2820 0.4255295139221507
2821 0.5406720977878854
2822 0.3680338836020316
2823 0.4370079125808361
2824 0.3264208841461039
2825 0.47615353927890963
2826 0.27733159647797745
2827 0.3393625500775146
2828 0.23066356159823712
2829 0.27755047641632535
2830 0.34585231152139845
2831 0.3722864296491093
2832 0.15860713822896036
2833 0.08149392591729442
2834 0.42000722010111824
2835 0.3721751737122355
2836 0.011509811073912126
2837 0.31635864782382056
2838 0.2752639472225531
2839 0.2833665433510889
2840 0.24746653855236797
2841 0.18694484275267426
2842 0.2236858737602392
2843 0.14805916057496124
2844 0.1712995594276739
2845 0.14968386928657468
2846 0.09764819604527913
2847 0.5096377630988546
2848 0.09905935604382632
2849 0.45973955309113607
2850 0.2594086085548074
2851 0.060280833256825844
2852 0.37774889422042723
2853 0.5642547557028899
2854 0.32953046184272883
2855 0.1608694035327445
2856 0.17815432428422226
2857 0.20386615159062235
2858 0.3522303457457467
2859 0.19328039845826336
2860 0.01685745837071367
2861 0.01717446583356617
2862 0.16649226984514523
2863 0.016848147645595408
2864 0.13592811318080095
2865 0.6659248620876184
2867 0.6052770206544885
2866 0.5339267582975791
2869 0.6227939312706061
2868 0.4295372275620669
2870 0.427145479656279
2871 0.1801171074115622
2872 0.40955835721074385
2873 0.36094911223133536
2874 0.5117046633398974
2875 0.3751111846574601
2876 0.23025780092023335
2877 0.454074855517489
2879 0.3700746566291421
2878 0.409027337175695
2880 0.4109588884972944
2881 0.9280979559064891
2882 0.6497970586063931
2884 0.40684547896195294
2883 0.638053452565536
2886 0.6016071523095011
2885 0.6665051412460148
2887 0.2609916878704769
2888 0.5609245895157867
2889 0.19407151236568404
2890 0.17958419421734187
2891 0.1526431410111384
2892 0.13003135971421392
2893 0.12002925251864663
2894 0.6198378336244582
2895 0.37518619365634875
2896 0.6046047317570068
2897 0.6854776854041885
2898 0.736222134951767
2899 0.6839037248039282
2900 0.6284906362586773
2901 0.640604022344347
2902 0.6345114117751712
2903 0.6285062549838742
2904 0.49466921225476734
2905 0.5509993823450198
2906 0.6072220659437018
2907 0.4362719763752963
2908 0.4777512608849572
2909 0.4484738363598341
2910 0.450596860959225
2911 0.6620709389223385
2912 0.4578967018384517
2913 0.6855952758711072
2914 0.7165971990016965
2915 0.5934593786963466
2916 0.6819798870109833
2917 0.5088929044607975
2918 0.5121534832320157
2919 0.42307356879267105
2920 0.5365949786469326
2921 0.46361701234447517
2922 0.46479602812705945
2923 0.3750567272399493
2924 0.39177674033006865
2925 0.40093509974295943
2926 0.3262574195108936
2927 0.5088316678085718
2928 0.41796360750933254
2929 0.710436192694195
2930 0.7427851217903094
2931 0.7088081967930216
2932 0.6063466781253679
2934 0.6762044236431003
2933 0.48423722167418826
2935 0.6461940968968275
2936 0.6307933692463569
2937 0.4174078720799849
2938 0.5109959314779849
2939 0.34393262491264753
2940 0.4287326981158707
2941 0.38005838180528123
2942 0.34131425126589
2943 0.6235335829593504
2944 0.31248670330792355
2945 0.581338837921131
2946 0.4969625305636039
2947 0.5409759808898218
2948 0.46687959702841747
2949 0.3977668859049811
2950 0.35984166485973995
2951 0.34784507266908554
2952 0.2966234148585303
2953 0.30222517911932123
2954 0.27960904618998333
2955 0.3142840609983588
2956 0.3013857987274257
2957 0.24380859756017326
2958 0.2518559280210419
2959 0.3731562693221958
2960 0.27875751839872315
2962 0.7357466233447917
2961 0.8603364520662834
2963 0.5973518130104947
2964 0.7565395012726024
2965 0.7497918205952205
2966 0.7633580102680829
2967 0.692967580821918
2968 0.6854011117919385
2969 0.509208249851851
2970 0.6876299401202021
2971 0.4951227232092293
2972 0.6979981894033137
2973 0.46189573379580723
2975 0.7728565359418759
2974 0.493978337071004
2976 0.6010215000320577
2977 0.6895649068414479
2978 0.5457562049142125
2979 0.5050256628905065
2980 0.7744247311566004
2981 0.7341677834981916
2982 0.7652843353937974
2983 0.4741179346568907
2984 0.787051230413696
2985 0.3952816679076656
2986 0.6657046037192527
2987 0.41582059045968733
2988 0.43150005375326944
2989 0.6876823585562751
2990 0.6363148661291841
2991 0.7646688181384126
2992 0.6564774957291427
2993 0.6663370145107547
2994 0.574337175514961
2995 0.559655061234884
2996 0.45838158557719455
2997 0.4106928511761768
2998 0.41678112308604787
2999 0.6026068833234757
3000 0.3580404354541461
3001 0.43819138640708943
3002 0.30277877614717325
3003 0.3064981733750861
3004 0.48166178925245806
3005 0.46439732454280025
3007 0.4759163720027582
3006 0.4467608676202646
3008 0.4069300469952815
3009 0.6690475397318648
3010 0.754085397987439
3012 0.7321547691809528
3011 0.7452009090936195
3014 0.48892758932872243
3013 0.695989915384706
3015 0.5969939134715039
3017 0.39034990644693296
3016 0.6204870004193683
3018 0.3825105553559379
3019 0.5501494138266962
3020 0.6928239318040097
3021 0.4566912102339935
3022 0.48281154762661915
3024 0.4788295720608006
3023 0.6678650190018631
3025 0.8411921967301924
3026 0.8396010663041531
3027 0.8265340380998591
3028 0.8266496890552353
3029 0.6897318206312443
3030 0.7153907739403162
3032 0.7673799290427221
3031 0.6669424246346015
3033 0.6935454811204977
3034 0.6597796879883474
3035 0.7022281042127374
3036 0.6008416864371358
3037 0.6856901791682726
3038 0.758661197733215
3039 0.823842875197539
3042 0.6138065499579233
3040 0.6848158510349421
3041 0.8408679595291026
3043 0.8461160070196901
3044 0.7629174511421511
3045 0.7749701052182043
3046 0.6882433602959233
3047 0.6953732597045181
3048 0.6186876393080766
3049 0.6246948307874922
3050 0.653964110629275
3051 0.7118105378851737
3053 0.5960818185487273
3054 0.4653719377422719
3052 0.5654495995889173
3055 0.7543308010717239
3056 0.49384443873529144
3057 0.7252577916395085
3058 0.7741448938152425
3059 0.7957305196452142
3060 0.7550348464285194
3061 0.5693112554605352
3062 0.6617100675090745
3063 0.8404129374829634
3064 0.680142391587025
3066 0.2898647097690526
3065 0.507730818711545
3067 0.5997726816457779
3068 0.7511453613077032
3069 0.6364154812769751
3070 0.24180410990221374
3071 0.6682120347628241
3072 0.6109764869872312
3073 0.5670369525639319
3074 0.533939707764619
3075 0.5169007861607914
3076 0.6234740800591733
3077 0.4510339179761089
3078 0.594245392110012
3079 0.49356118109095387
3080 0.4272242951138506
3081 0.5450677825772702
3082 0.4424018909934731
3083 0.2901719087625535
3084 0.2698411655334311
3085 0.2306651129241919
3086 0.2273768249232205
3087 0.6398575437630175
3088 0.3650250574384637
3089 0.14872542276867523
3090 0.09941589745580674
3091 0.6568885525532419
3092 0.6857634442489092
3093 0.028741504892396543
3094 0.3706747249291949
3095 0.3039817057082046
3096 0.4092544560669405
3098 0.6353039300979176
3097 0.6068083938479554
3100 0.017314161504085365
3101 0.3744272458088735
3099 0.01734058699151333
3102 0.025701642593393723
3103 0.42304840824646106
3105 0.7107241728616709
3104 0.0169948272328317
3106 0.7347558679655471
3107 0.6588033814964477
3108 0.5950372706373923
3109 0.6420298322492533
3112 0.4330546505474942
3110 0.5482335658165677
3111 0.5597180093042592
3113 0.5347255180709286
3114 0.3846046498727415
3115 0.539499449574625
3116 0.38681411740591126
3118 0.44416218130383556
3117 0.488595250305427
3119 0.6362917581074236
3120 0.40881538249542154
3122 0.6996549939820305
3121 0.6185292785451132
3124 0.5105419595454316
3123 0.5150375425218428
3125 0.5186070194404055
3127 0.49494280867727863
3126 0.5348498527598113
3129 0.44962403709716176
3128 0.38301439179322416
3130 0.38800806925674947
3131 0.3967557506433195
3132 0.2966573245858426
3133 0.33593010100468407
3134 0.40413236583629053
3135 0.5286380415312176
3136 0.3641797680794231
3137 0.6142346213652624
3138 0.5221718725619792
3139 0.46785691495027365
3141 0.3903703147009083
3142 0.3732258498160074
3140 0.5204565394179823
3143 0.38451308488742947
3144 0.432527254893147
3145 0.36864855497147203
3146 0.3388361926888927
3147 0.32376791181812786
3148 0.3063873427947976
3149 0.36378033917484126
3150 0.2336102954578246
3151 0.35860365382142606
3152 0.1833505066269293
3153 0.7180853221997435
3154 0.5507111327497005
3155 0.6451130560456229
3156 0.4359783358097807
3157 0.5047911981645116
3158 0.39004888169116597
3159 0.48027686742188724
3160 0.48100494079120415
3161 0.30325698647508226
3162 0.31028988632817484
3163 0.340820842339894
3165 0.33395339181799544
3164 0.3663570083705375
3166 0.3038113837777649
3167 0.5523191295457858
3168 0.2260322734221459
3169 0.5697572721755175
3170 0.3325746822182129
3171 0.5958747218930924
3172 0.5966748232054071
3173 0.2919499639718203
3174 0.673735228407518
3175 0.4320107668095754
3176 0.42171892208553935
3177 0.6100933395998628
3178 0.3013484201021767
3179 0.08704144941221635
3180 0.717133676475515
3181 0.05300309020083696
3182 0.049487241737249214
3183 0.16844868595026724
3184 0.8590289883562748
3185 0.4685660839332541
3186 0.3460648291837738
3187 0.5322195055430378
3188 0.005715426124734164
3189 0.13640994215835836
3190 0.26861561873235956
3191 0.4235651064709951
3192 0.2979371195860179
3193 0.037311309550733196
3194 0.028197099653049854
3195 0.026661029751673573
3196 0.016703612830791404
3197 0.2788734044235406
3198 0.2539548785571617
3199 0.32618434315402284
3200 0.017238132009130276
3201 0.8397209100346829
3202 0.6704151526104518
3203 0.6842206874605399
3204 0.7733579405674387
3205 0.6308896254665038
3206 0.6311998032324543
3207 0.6509006059069702
3208 0.7478845574110713
3210 0.583247401532614
3209 0.5954397338872784
3211 0.5461909623311656
3212 0.6016105951342268
3213 0.5312665656137713
3214 0.5783544454899204
3215 0.68454312349951
3216 0.535826532359549
3217 0.47408037015110105
3218 0.005550878366851197
3219 0.26998335823446334
3220 0.005799626825029096
3222 0.016913178619228007
3221 0.33773309348484204
3223 0.40050042053195256
3224 0.10130869888312143
3225 0.017039606648539568
3226 0.09492460208017381
3227 0.017020282911209605
3228 0.01327618098926213
3229 0.28113195206742986
3230 0.21622843499514602
3231 0.2500652392155385
3232 0.25394111782378637
3233 0.6534385655245133
3234 0.6746975785880369
3235 0.6343935431517445
3236 0.6593682143022424
3237 0.7677659101535039
3238 0.4615164204128642
3239 0.011603605933604724
3240 0.011571064838810454
3241 0.011597808366214919
3242 0.49027754956086184
3243 0.42878479265575936
3244 0.01157023741556318
3245 0.4702431879032549
3246 0.44321802779304076
3247 0.44443815267282266
3248 0.46649251496506083
3250 0.7260234812219651
3249 0.6630475420871296
3251 0.4905602442923033
3252 0.45550559146514225
3253 0.40801764329849066
3254 0.678619100109605
3255 0.45790282637934016
3256 0.7097067110380766
3257 0.3804340730020649
3258 0.5078374075886898
3259 0.5125255452312591
3260 0.49049116767964807
3261 0.2916390578740775
3262 0.48734225725778824
3264 0.33595268019731095
3263 0.5227588290309554
3265 0.49170637838564923
3266 0.5812126871495567
3267 0.5962033615168364
3268 0.4393013503342585
3269 0.507196001372597
3270 0.43299245114265145
3272 0.41254220204471775
3271 0.47097627488052807
3273 0.5008749029144398
3274 0.41762513572781845
3275 0.41401370678530747
3276 0.4763891789497915
3277 0.31666977441947947
3278 0.29303850285614536
3279 0.46238251598140856
3280 0.3264661389513126
3281 0.8451761017887476
3282 0.8857605893888278
3283 0.8260868897487731
3284 0.5622035488688996
3285 0.8441424578293891
3286 0.4475867659396781
3287 0.4146093840017529
3289 0.7438249883518543
3288 0.3864827478441122
3290 0.5580877500000001
3291 0.3671247198451019
3292 0.36552993743411527
3293 0.5357353955857873
3294 0.4565410562987886
3295 0.6437100224361578
3296 0.6588940132934149
3297 0.7979824491610009
3300 0.48704767893220846
3298 0.5728738571372823
3299 0.9194842286856317
3301 0.9007867396454313
3303 0.6367247180570995
3302 0.7575819081278707
3304 0.5883065220631175
3305 0.2249870614057314
3306 0.19055791528965368
3307 0.6977563254853748
3308 0.15253220104424436
3309 0.7475565299988258
3310 0.6010961509941544
3311 0.7193973526180016
3312 0.443283530621373
3313 0.30275442994492
3314 0.1504306909002316
3315 0.18060840936783318
3316 0.1860038943282757
3317 0.6956474983285041
3318 0.3103759875933812
3319 0.03947455298178602
3320 0.02850686682733261
3321 0.5165620906775032
3322 0.017294781118911393
3323 0.24385549633067422
3324 0.19150052477200577
3325 0.19908944258502617
3326 0.3950123457896192
3327 0.4677246252995031
3328 0.27965550839668746
3329 0.6866147168491658
3330 0.5268525009600651
3331 0.5698918194380614
3332 0.5307248385881731
3333 0.5571543479399308
3334 0.42781590603120073
3335 0.47836994391602156
3336 0.40579168877668237
3337 0.4456430435226606
3338 0.36999643810510957
3339 0.33602495205399924
3340 0.37127109796138213
3341 0.2845208589682087
3342 0.2909539528961277
3343 0.5993563107621099
3344 0.29969807639103463
3346 0.10145368501876137
3345 0.005845347523696417
3347 0.4398547788824167
3348 0.3905749133583534
3350 0.017024726717669768
3349 0.028654805703966967
3351 0.7112109062346651
3352 0.20160104134236784
3353 0.2598529377064479
3354 0.281393248830234
3355 0.5124699336791185
3356 0.493651814665352
3357 0.017310087132413776
3358 0.5472396552693659
3359 0.638731231914602
3360 0.5286872365474394
3361 0.7400793275813927
3363 0.6213707780689114
3362 0.7044457955694111
3364 0.3674062485068814
3365 0.32544684917831485
3366 0.7234470813616802
3367 0.7250547405416151
3368 0.8606110855663374
3369 0.6061579749112709
3371 0.12466249623942177
3370 0.6799383719328111
3372 0.7261725544610554
3373 0.4885900145318246
3374 0.049119869855451866
3375 0.9254480585482833
3376 0.3031234053496996
3377 0.5691553869741783
3378 0.45264890430059984
3379 0.4890044455448974
3380 0.671036368892633
3381 0.44335094622520027
3382 0.46063590482768146
3383 0.4989828031100353
3384 0.38717714860217733
3385 0.29873028768080223
3386 0.35933349871279857
3387 0.3193579291966786
3388 0.2543356695052538
3389 0.30701722555298616
3390 0.29461458616496455
3391 0.483754219902454
3392 0.260740405739339
3393 0.6455742809779204
3394 0.6683946577518078
3395 0.8510956886184906
3396 0.7776402759288576
3397 0.604196680334469
3398 0.5192651007800889
3399 0.6969296834907425
3400 0.6587478387030801
3401 0.4136502612296959
3402 0.3183832132733828
3403 0.5715444442221242
3404 0.504322245672615
3405 0.3711139321548836
3406 0.42440187993138184
3407 0.5902644662621228
3409 0.6952380719433161
3408 0.42225462553304377
3410 0.6255128705610731
3412 0.61217655409672
3411 0.6913948374615388
3413 0.5286043576492879
3414 0.4559734814229836
3415 0.4757131575056687
3416 0.5444213385263524
3417 0.625360550895797
3418 0.49441492539002563
3419 0.4394719540615956
3420 0.5623276206391524
3421 0.4894602703628076
3422 0.515032831424321
3423 0.4717286675981436
3424 0.5288642993353407
3425 0.4818463079830605
3426 0.7067469437230323
3427 0.6617589369186596
3428 0.6277737834329999
3429 0.572067467698191
3430 0.40228803906296745
3431 0.5536455306490995
3432 0.31308624325054946
3433 0.5627572354152033
3434 0.6282316251534391
3435 0.32282686740687194
3436 0.5462540640454301
3437 0.5620499328116351
3438 0.6310846877694192
3439 0.35163508953837325
3440 0.4105145725772104
3441 0.8198182592808589
3442 0.7227833135646031
3443 0.7008717866593078
3444 0.6681363951363368
3445 0.640771482733929
3446 0.5309624846424406
3447 0.7240720450106283
3448 0.7646078495579626
3449 0.7077909283795784
3450 0.5886390554763936
3451 0.545955259584724
3452 0.6601382019037746
3453 0.5995412074530183
3454 0.6230505979551688
3455 0.6073093812231093
3456 0.579479995045113
3457 0.8587242789146629
3458 0.6392398618956551
3459 0.5464603040771554
3460 0.7408177361317124
3461 0.7348578298234568
3462 0.7401754339222337
3463 0.5812640791838342
3464 0.5162255538096132
3465 0.46355621360122584
3466 0.6178072567648447
3467 0.47558820942429814
3468 0.5215575362229622
3470 0.521836940810229
3469 0.44516944836223915
3471 0.7202280386554737
3472 0.6042383318835315
3473 0.8265107630516251
3474 0.7146963571715025
3475 0.6489278104318962
3476 0.7538787725098851
3477 0.6134033862540035
3478 0.5151249690205704
3479 0.48323193292522587
3480 0.4276716521413678
3481 0.5651579597457037
3482 0.43221550460852426
3484 0.46181535111976635
3483 0.59614469879905
3486 0.4375414996552348
3485 0.4371949918801827
3487 0.708956060374632
3488 0.49956057428746853
3489 0.8787947563608884
3490 0.8273356174066283
3491 0.7647710276456666
3492 0.7240717356825023
3493 0.5994051812714088
3494 0.7104634192952494
3495 0.7142097550999034
3496 0.6552892331001261
3497 0.6236655475207242
3498 0.6124384045837187
3500 0.5959348108193284
3499 0.6622341253120337
3501 0.5838600358883259
3502 0.5650582079264732
3503 0.7126633504630956
3504 0.5550803098028584
3505 0.26294660456709745
3506 0.005849373691831881
3507 0.37640829332583575
3508 0.31611328097332014
3509 0.4755262896875985
3511 0.24996261063971917
3510 0.1943938283236352
3512 0.04543552950332966
3513 0.31888035921394714
3514 0.4239518967276418
3515 0.041606993501803455
3516 0.24386289703352995
3517 0.0167403219487061
3518 0.33704251006743646
3520 0.18561294015549587
3519 0.24038284073173993
3521 0.6668703566385937
3522 0.4817853812245953
3524 0.4399235099697478
3523 0.4879907580731803
3525 0.4164472147422613
3526 0.4114846213069415
3527 0.535223895083777
3528 0.45614422900743545
3529 0.4618653078784047
3530 0.47354550526523026
3531 0.3555427169153581
3532 0.36084620637956843
3533 0.23599076344489803
3534 0.2611205366464355
3535 0.4998625501955354
3536 0.397010208274605
3537 0.5454831022525407
3538 0.6858973801630595
3539 0.8084075874300014
3540 0.7974971902504907
3541 0.6007106921797128
3542 0.6393198673689603
3543 0.19332623838615323
3544 0.5641254988601104
3545 0.7067277512930872
3546 0.5727374298981056
3547 0.663030371524579
3548 0.746465446173818
3549 0.8801975388536593
3550 0.5825398941659323
3551 0.2757312444442573
3552 0.7912740239853163
3553 0.7301194716625258
3554 0.6842152169984937
3555 0.7052690166001624
3556 0.7144643741091414
3557 0.6773457502588315
3558 0.7553757003682134
3559 0.6156419254853037
3560 0.6154556558853831
3561 0.5057985171777017
3562 0.4677035755432653
3563 0.5814602305742742
3564 0.4888326320031787
3565 0.49270024171409893
3566 0.5046147750275779
3567 0.6784078382879021
3568 0.5266007416763921
3569 0.6240225100117007
3570 0.008096807024912167
3571 0.0053781641200463135
3574 0.43735219731173874
3572 0.5457130807699929
3575 0.46493118610454226
3573 0.11551247164459806
3577 0.4579553297547976
3576 0.38631273054218523
3578 0.21632726377848585
3579 0.017215881955755408
3580 0.017012976749370384
3581 0.18302628901817034
3582 0.37708482174134494
3583 0.3094928812154708
3584 0.39733138363175113
3586 0.6813489492379415
3585 0.6453625263870542
3587 0.65859212370728
3588 0.6197607936116402
3589 0.5079432389458811
3590 0.5786496912567515
3591 0.5539780380980607
3592 0.5863760374715405
3593 0.5079115273215234
3594 0.5633196625650426
3595 0.31353698713400013
3596 0.5028969035776352
3597 0.5002001703476792
3598 0.31340952508797676
3599 0.676062504598335
3600 0.5191612667152584
3601 0.6330311507768169
3602 0.576085809413306
3603 0.504093993470473
3604 0.45619955829518705
3605 0.3852648716989092
3606 0.42051152335812747
3607 0.3581524948801163
3608 0.2566607609893384
3609 0.29368784621525046
3610 0.2974489361533767
3611 0.22567954479272262
3612 0.18250906989990934
3613 0.18076767122180354
3614 0.17277112894205338
3616 0.15711085688667675
3615 0.4302319650260515
3617 0.6613269059196412
3618 0.5520692414414602
3619 0.49345651015744746
3620 0.6397018852562124
3622 0.47192315946737434
3621 0.42477736959257656
3623 0.5231554693850552
3624 0.011638271843736859
3625 0.011516242933062073
3626 0.5532345877773286
3627 0.4956731326819409
3628 0.39230448593321743
3629 0.3834690276823214
3631 0.4658751739661228
3630 0.38998520896511063
3632 0.49758703153160205
3633 0.6716242812850408
3634 0.6811887338721393
3635 0.7297941360262603
3636 0.4592626569048839
3637 0.44478456883117157
3638 0.5707224595112032
3639 0.5583164481064036
3640 0.539571611239191
3641 0.5062451297083005
3642 0.4441952382741676
3643 0.46115421997548606
3644 0.49038857902534366
3645 0.4499313341873454
3646 0.4373626542811114
3647 0.4751899451768917
3648 0.5534334203041464
3649 0.6914510821583558
3650 0.6578191026100947
3651 0.6380182518474936
3652 0.6790320535114277
3653 0.6179295026441959
3655 0.6562704020537752
3657 0.6785261301942063
3654 0.5644881081277207
3656 0.6383423805355034
3658 0.6276783263376488
3659 0.6672681917264718
3660 0.5843591700512865
3661 0.5039543266470101
3662 0.5248202973647458
3663 0.6630685020283159
3664 0.6134306563764654
3665 0.5287966137175151
3666 0.5955621792913829
3667 0.7038271494905631
3668 0.538727769420013
3669 0.5557113743104457
3670 0.5647723801932264
3671 0.4796125930865411
3672 0.5704393865058668
3673 0.35763025306506036
3674 0.2805380286063473
3675 0.263702352149154
3676 0.45303292844569487
3677 0.37705770003196437
3678 0.22648959712890313
3679 0.6859793404440299
3680 0.3875539898395085
3681 0.804165636655837
3682 0.6952276966084296
3683 0.6310183857564691
3684 0.6673499789013537
3685 0.44303207340909806
3686 0.09798834429972934
3687 0.3318726741182591
3688 0.458336315780484
3689 0.028188359400266566
3691 0.017209143315098496
3690 0.27659984552037636
3692 0.017272810636647946
3693 0.017045851770014334
3694 0.37134558343975993
3695 0.5270875406614018
3696 0.11864214177196235
3697 0.450735701122226
3698 0.664709667258263
3699 0.497078903804741
3700 0.7237227296449803
3701 0.3969129936551386
3702 0.5825180534636272
3703 0.4965013510333603
3704 0.5706780368643302
3705 0.5084996359973846
3706 0.5099567304931917
3708 0.49523114297472515
3709 0.4061997781231207
3707 0.5544229636110781
3710 0.43596426929936505
3711 0.5496631710200878
3712 0.34537573649297193
3713 0.7213088536365496
3714 0.6840449207369642
3715 0.6596406584330083
3716 0.5913324963732975
3717 0.651460588096079
3718 0.4732893666192229
3720 0.5246799248751819
3719 0.44644406919904245
3721 0.48172503782434695
3722 0.35533742804684515
3723 0.3916712750773665
3724 0.4022153376711148
3725 0.467655643683784
3726 0.308101377558466
3727 0.67842441994254
3728 0.5424604873349764
3729 0.7036411126755062
3730 0.5381794897341099
3731 0.6405535798434207
3732 0.5798387960517742
3733 0.6640504469974664
3734 0.5902533483343506
3735 0.6618817745863633
3736 0.5700836143347023
3737 0.45652795950339925
3738 0.3590020564960512
3739 0.3486013493260174
3740 0.46205064885142233
3741 0.5396325317705982
3742 0.3088029266251062
3743 0.7245633896802673
3744 0.3147669277600141
3745 0.820025732821191
3746 0.7542075173359049
3747 0.36422674756554224
3748 0.7716367102686124
3749 0.4125664988561427
3750 0.24116924890278404
3751 0.46661646837849924
3752 0.615291927670257
3753 0.6030777583124057
3754 0.49930301703899876
3755 0.6647650939391317
3758 0.5356114068383754
3756 0.2081006682609445
3757 0.48570492490293893
3760 0.5267258420147216
3759 0.5821709515648568
3761 0.7010899587616153
3762 0.02880371285175853
3763 0.40020500963161393
3764 0.6278530753909429
3765 0.9760183472678765
3766 0.2325412541874371
3767 0.5260257599471716
3768 0.16471739913188607
3769 0.6076100296543324
3770 0.597236906997776