1 0.33589
2 0.04779776512900005
3 0.2812275
4 0.6193213669251207
5 0.2127843369576354
6 0.43157465779300436
8 0.3166665
7 0.171168375625
9 0.25049
10 0.03395464089711637
11 0.5239875211586627
12 0.2088235
13 0.439053
14 0.165784151556
15 0.315686
16 0.07352899999999996
17 0.2955880000000001
18 0.140196
19 0.3297832600660117
20 0.09154600000000002
21 0.340009
22 0.332353
24 0.22816999999999998
23 0.586275
25 0.29499780076899995
26 0.232614254601
27 0.2637255
28 0.026469999999999994
29 0.507843
30 0.0944226911421304
31 0.447062065129
32 0.08137299999999992
33 0.09313700000000003
34 0.28297700000000003
35 0.5353118428216048
36 0.003427000000000069
37 0.156595109841
38 0.23627352944123434
39 0.18794687180725136
40 0.21184178719607386
41 0.10980806512899999
42 0.3
43 0.284314
44 0.24282819716467074
45 0.135164316609
46 0.232326
47 0.195098
48 0.052629865744000005
49 0.1564071731310336
50 0.28824178498333336
51 0.05627019967860697
52 0.412745
53 0.386348021761
55 0.005882
54 0.271144
56 0.2369857021468787
57 0.4650817169610001
58 0.3166665
59 0.6587641242280882
60 0.37665837562499993
61 0.01732887641881077
62 0.00726899999999997
63 0.5803754965956667
64 0.38006137238528587
65 0.21861150000000007
66 0.40147050000000006
67 0.362745
68 0.30467494661095995
69 0.12058800000000014
70 0.232353
71 0.23456005059600002
72 0.2107845
73 0.378431
74 0.358598
75 0.146193816609
76 0.128876692036
77 0.35098
78 0.22730152788224994
79 0.028037158249000004
80 0.3268276198272053
81 0.7200286170250002
82 0.005856918765059313
83 0.42943514701264646
84 0.001961
85 0.2021285
86 0.5951484602519603
87 0.385294
88 0.20249999999999996
90 0.302941
89 0.3735295
91 0.586275
92 0.347963
93 0.406093935025
94 0.2792503038124465
95 0.357843
96 0.005727049674831938
97 0.32396499999999995
98 0.479412
99 0.492157
100 0.4161514296039999
101 0.161572645521
102 0.3759800000000001
103 0.594118
104 0.207353
105 0.7105498005156232
107 0.468627
106 0.33458242176100006
108 0.5291849574009999
109 0.025225062976
110 0.147059
111 0.414706
112 0.47366741522500005
113 0.340196
114 0.70418210572158
115 0.4259820000000001
116 0.586275
117 0.19687200000000016
118 0.2637255
119 0.5477921568186316
120 0.08137200000000022
121 0.5178356736640001
122 0.427684
123 0.2284315
124 0.014930500000000069
125 0.523529
126 0.367647
127 0.4161514296039999
128 0.22702461384099998
129 0.5818684294382368
130 0.36913230076768494
131 0.330794
132 0.6302046930738733
133 0.31090735621162136
134 0.2970590000000002
135 0.2656865
136 0.21078400000000008
137 0.332353
138 0.028921500000000044
139 0.29499780076899995
140 0.2674648088999999
141 0.398039
142 0.0615421261616088
144 0.378431
143 0.22702461384099998
145 0.030796740100000053
146 0.2518556060224602
147 0.28316127264099994
149 0.23837341522499997
148 0.2833335
150 0.152252918416
151 0.19687673829920418
152 0.3448897230864381
153 0.292647
154 0.07643621384100001
155 0.10699441
156 0.286656
158 0.11708883970262136
157 0.12665235380625
159 0.24366043994905423
160 0.115686
161 0.198112229604
162 0.19117699999999993
163 0.215951666436
164 0.307843
165 0.1549910000000001
166 0.417647
167 0.3603774677145248
168 0.28382325
169 0.09476731264899999
170 0.246627
171 0.303922
172 0.28592596791091973
173 0.097633126369
174 0.209804
175 0.1833335
176 0.157847
177 0.75098
178 0.314706
179 0.4719325780764715
180 0.5021118893089982
181 0.507843
182 0.30357896040000004
183 0.288593961737199
184 0.558824
185 0.29068412119532067
186 0.23233400000000004
187 0.2696581009292137
188 0.27820455740100003
189 0.28653966643600004
190 0.1153603071470902
191 0.41616046102500004
192 0.401961
193 0.272199
194 0.40637684574924826
195 0.6726613009106427
196 0.370588
198 0.329092
199 0.314706
197 0.5244995930142833
200 0.4542893293859576
201 0.263392
202 0.03872550000000008
203 0.05349321379599999
204 0.531373
205 0.2362745
206 0.42306345883996105
207 0.57451
208 0.331373
209 0.531327480687
210 0.362549698641
211 0.46176449999999997
212 0.20715300000000014
213 0.31446301431505713
214 0.367647
215 0.36470600000000003
216 0.22461545489496257
217 0.41895045017970955
218 0.14284867840332396
219 0.20515554948099998
220 0.194636262976
221 0.236875
222 0.2817177275611335
223 0.307916229604
224 0.330392
225 0.3151305
226 0.5817114466803968
227 0.2570123969307382
228 0.503922
229 0.10877091015185059
230 0.33823231558177114
231 0.1931375
232 0.207031
233 0.183752
234 0.2382355
235 0.297985
236 0.18027868027507388
237 0.011872063681
238 0.135294
240 0.09884882287333334
239 0.219677815204
241 0.468627
242 0.005845673895243083
243 0.008692922233076555
244 0.335294
245 0.269105
246 0.005882
247 0.49723851680959236
248 0.277941
249 0.005882
251 0.213676
250 0.014706000000000108
253 0.15196100000000023
252 0.01689744656598431
254 0.2749015571656157
255 0.343137
256 0.5698822304433774
257 0.38842843424743045
258 0.3220474339944362
260 0.27117475768852184
259 0.28684470803538453
261 0.501481
262 0.08774500000000007
263 0.22534236063832827
265 0.137382879275
264 0.23863045667867086
266 0.3166819350250001
268 0.370588
267 0.398039
269 0.146193816609
270 0.15380025
271 0.33206195174970865
273 0.44852925
274 0.12451000000000012
272 0.102149273664
276 0.4091779907226853
277 0.1911765
278 0.366667
275 0.472513
279 0.293349
280 0.061252290063999994
281 0.13087319169599998
282 0.045678375624999996
283 0.09597751062054416
284 0.0833335
285 0.14581897061611157
286 0.08970600000000001
287 0.354902
288 0.051961
289 0.5234942138409999
290 0.36012200000000005
291 0.25
292 0.19255421609999998
293 0.325570665744
294 0.4721469429890721
295 0.452941
296 0.2362745
297 0.17791777080899998
298 0.198112229604
299 0.14836220900382419
300 0.277941
301 0.362745
302 0.19619998091827973
303 0.2284315
304 0.2755218873042903
305 0.405882
306 0.274018
307 0.27549
308 0.4532980340219849
309 0.023515000000000064
310 0.1735295
311 0.171168375625
312 0.2911876206560007
313 0.1839158439626112
314 0.253203
315 0.162745
317 0.080834450596
316 0.14915538627959332
318 0.047206056443666676
319 0.362745
320 0.13954686728471227
321 0.535898
322 0.314706
323 0.586275
324 0.5078329836311244
325 0.5759628051494876
326 0.426331949481
328 0.3186275
329 0.1676470000000001
327 0.367092997924
330 0.24168
332 0.4632612259687754
333 0.195506
331 0.06323000000000012
334 0.182456
335 0.034898000000000096
336 0.361191
337 0.684314
338 0.1989864742410001
339 0.12113114552100014
340 0.234313
341 0.10344549999999997
342 0.030391999999999975
343 0.484314
344 0.2362745
345 0.3811725
346 0.2115448236519728
347 0.1402577401
348 0.354902
349 0.3277328438174402
350 0.311765
351 0.512821557157718
352 0.245098
353 0.07352899999999996
354 0.19117650000000003
355 0.38398354057142375
356 0.26085720805500007
357 0.5
358 0.461899655424
359 0.48956596835899957
360 0.21232189465600002
361 0.1391707184399755
362 0.344828
363 0.329057
364 0.1810417401
365 0.08262635270399998
366 0.245098
367 0.12441082462587406
368 0.050845740099999995
369 0.3794120000000001
370 0.45
371 0.20686300000000002
372 0.5739184834149649
374 0.304592
373 0.7022423240010001
375 0.359804
376 0.14411799999999997
377 0.2844506198417373
378 0.029435921761000027
379 0.049653999999999976
380 0.125955429604
381 0.2911765
382 0.157655849481
383 0.484314
384 0.401961
385 0.5709494945439999
386 0.601961
387 0.6516819141283575
388 0.2872899480713841
389 0.4107362158934594
390 0.480882
391 0.367859
392 0.06617649999999997
393 0.16029400000000005
394 0.302941
396 0.2429149153134694
395 0.38888749010040186
397 0.23837341522499997
398 0.2536842813107794
400 0.33855265983285515
399 0.660784
401 0.441176
402 0.414706
403 0.3811512347000572
404 0.317157
405 0.379293
406 0.35958599999999996
407 0.28613219977695886
408 0.240196
409 0.32818500000000017
410 0.461088
411 0.097059
413 0.206804
412 0.3008495
414 0.566667
415 0.566667
416 0.34105685139340036
417 0.351961
418 0.605954821761
419 0.38088225000000003
420 0.6166884434528779
421 0.345573
422 0.39597192316900004
423 0.321323
424 0.43371149999999997
425 0.33006174009999995
426 0.2327900764986253
427 0.04460800000000009
428 0.488086
429 0.399288
431 0.3382355
430 0.198112229604
432 0.212745
433 0.148039
434 0.101153
435 0.2503025887846667
436 0.3637250000000001
437 0.175077806929
438 0.1402577401
440 7.0546016025E-4
439 0.27083298052033333
441 0.010784000000000016
442 0.005882
443 0.003922
444 0.003922
445 0.053630685889
446 0.198978
448 0.017287302098986518
449 0.002942
447 0.084354
450 0.270089
451 0.138314816649
452 0.23837341522499997
453 0.12139624618525988
455 0.149941
454 0.028141740024999997
456 0.571189672489212
457 0.117098
458 0.179412
460 0.08921600000000018
459 0.307353
461 0.47846272410000007
462 0.074322
463 0.008823000000000001
464 0.21029399999999998
465 0.24852950000000007
466 0.7401960000000001
467 0.385294
468 0.4467527804506667
470 0.7484793912973553
469 0.706583081613946
471 0.5362740000000001
472 0.55165
473 0.3382355
474 0.5416889175420165
475 0.493535
476 0.4168510096
477 0.17451
478 0.47549
479 0.719608
480 0.28163499999999986
481 0.693432
482 0.362745
483 0.3617645
484 0.323529
485 0.4722585
486 0.30148707928368773
487 0.37676139836340716
488 0.6165955740131993
489 0.47794125
490 0.6008931440896342
491 0.4272420000000001
492 0.28020563397086773
494 0.249997
493 0.0012428445160000085
495 0.5827252005678675
496 0.13235299999999994
497 0.655782518416
498 0.292157
499 0.3723635
500 0.281756
501 0.33606395366500375
502 0.11677500000000007
503 0.21127449999999992
504 0.320588
505 0.468627
506 0.406093935025
507 0.20421299046152921
508 0.386864
509 0.194118
510 0.1413536870827828
511 0.38113125000000003
512 0.1696126873228568
513 0.533636
514 0.18777748888900003
515 0.500672584166
516 0.2762576377265432
517 0.11911800000000006
518 0.28653966643600004
519 0.04264699999999999
521 0.222549
520 0.24309524999999998
522 0.48760989216493766
523 0.29115844728100004
524 0.3855913215999999
525 0.3
526 0.2833335
527 0.448979063481
528 0.354902
529 0.714190629604
530 0.3360754214722493
531 0.17524856512900006
532 0.546440294656
533 0.315686
534 0.4609560381627266
535 0.43152
536 0.41300000000000003
537 0.006862000000000035
538 0.2238688763390494
539 0.219057
540 2.9549610000000894E-6
541 0.32794125
542 0.537431
543 0.15000600000000008
544 0.42841610507901656
545 0.18863907427600018
546 0.027123454864
548 0.21029399999999998
547 0.25790552638018577
549 0.3052354279761866
550 0.19501379374448044
551 0.09719741522500001
552 0.1499546833960736
553 0.124585
554 3.0924721E-5
555 0.13574398366282686
556 0.0203022738480201
557 0.102941
558 0.3029415
559 0.15041967382645074
560 0.2735295
561 0.82549
562 0.511765
563 0.783389
564 0.615213
565 0.738491
566 0.31131
567 0.322549
568 0.3802112594731656
569 0.621569
571 0.540657266436
572 0.256402
570 0.747059
573 0.3284315
574 0.719608
575 0.646895
576 0.309947
577 0.3343135
578 0.170964
579 0.5205885
581 0.217522
580 0.25890084532900004
582 0.0060986989627810455
583 0.195098
584 0.215202
585 0.005882
586 0.0044115000000000005
587 0.11150485251718245
588 0.1637255
589 0.314706
590 0.25481244109036283
591 0.36235704552099995
592 0.008823000000000001
593 0.155328997924
594 0.36872398546451157
595 0.5468135250359493
596 0.6334290436575978
597 0.12892150000000002
598 0.554902
599 0.20161896039999996
600 0.15715100000000004
601 0.4574070743677384
602 0.240196
603 0.22465616691702409
604 0.46488942274980577
605 0.287255
606 0.1
607 0.590196
608 0.488235
609 0.43602891357171447
610 0.15301944532900008
611 0.33913501660900003
612 0.35098
613 0.312284262976
614 0.394118
615 0.452941
616 0.1785624363488225
617 0.32222254896225005
618 0.398039
619 0.15556124483705558
620 0.3624912213668398
621 0.3930591576817119
622 0.15678036290533334
623 0.070588
624 0.1813725
625 0.3468264905110821
626 0.586275
627 0.27069600000000005
628 0.3460785
629 0.44902
630 0.16071148019999998
631 0.343137
632 1.1631622500000096E-4
633 0.079889891904
635 0.27173909379600003
634 0.362745
636 0.270584
637 0.4150995284370684
638 0.182353
639 0.167939318416
640 0.3807882293918703
641 0.401961
642 0.8137094577013756
643 0.472059
644 0.758705152711304
645 0.260784
647 0.142647
646 0.18483400000000016
648 0.469804
649 0.33006174009999995
650 0.34757387083661434
651 0.127451
652 0.302941
653 0.010799782084
654 0.3418964984545762
655 0.517943
656 0.540098
657 0.5561346504176895
658 0.618433
659 0.08364589465599995
660 0.214706
661 0.2931375
662 0.2027753113736667
663 0.4586091722969206
664 0.394118
665 0.30649875
666 0.194636262976
667 0.144348324624
668 0.03880290755092664
669 0.358824
670 0.1892155
671 0.26190341522500005
672 0.1765173815769336
673 0.21911749999999997
674 0.686089
675 0.314706
676 0.3264705
677 0.22795945740100007
678 0.050845740099999995
679 0.2720585000000001
680 0.713908
681 0.262123
682 0.2774509999999999
683 0.20872380076900002
684 0.26810717275950063
685 0.35441175
686 0.188286
687 0.379412
688 0.1691175
689 0.7064886675366666
690 0.727451
691 0.3523335
692 0.340196
693 0.619302
694 0.300643
695 0.447062065129
696 0.2687180538566399
697 0.485891249481
698 0.2637255
700 0.5127460000000001
699 0.515686
701 0.35098
702 0.10623000000000005
703 0.468522
704 0.390196
705 0.6406719338610748
706 0.1250000000000001
708 0.29927354948099993
707 0.5022152474454371
709 0.3316348448380101
710 0.43715837983450073
711 0.633333
713 0.22549
712 0.353398
714 0.054903050596000064
715 0.240196
716 0.2950240856023454
717 0.32451
718 0.295002156380681
719 0.34411800000000015
720 0.37929636592032373
721 0.3833335
722 0.007275066435999997
723 0.344979
724 0.1661425542522967
725 0.613725
727 0.2637255
726 0.307916229604
728 0.3810299252473476
729 0.13444468888900002
730 0.3260142220977484
732 0.1088235
731 0.191535
733 0.15098
734 0.187255
735 0.401961
736 0.264688
737 0.064706
738 0.3485295
739 0.480362
740 0.3611038655728546
741 0.5573836846652483
742 0.656863
743 0.022484702601000033
744 0.005882
745 0.3362745
746 0.390026
747 0.287255
748 0.005882
749 0.191903
750 0.39028681254773556
751 0.5172834393973473
753 0.5299189450031099
752 0.547059
754 0.2617640000000001
755 0.7063643009955981
756 0.572176
757 0.629412
758 0.3064991530413801
759 0.2656865
760 0.35466766636208913
761 0.38377912850514245
762 0.672894238200609
763 0.420588
765 0.4186275
764 0.4836850463706395
766 0.3833335
767 0.4892155
768 0.7225008500002501
769 0.6676295659749921
770 0.3343135
771 0.5518978197214833
772 0.7065806874331223
773 0.55098
774 0.3318762181470001
775 0.37549
776 0.274082613841
777 0.5
778 0.11740833720099998
779 0.30357896040000004
780 0.14695224470419133
781 0.3186275
782 0.215951666436
783 0.32451
784 0.41466780566677797
785 0.5376192465696206
786 0.2153915
787 0.421569
788 0.308824
789 0.297059
790 0.5203649554704053
791 0.6378845188941548
792 0.039131565488999966
793 0.10882299999999989
794 0.46828565059599997
795 0.0696070000000002
796 0.008823000000000001
797 0.08137200000000022
798 0.421569
799 0.621569
800 3.4597924E-5
801 0.5758138629760001
803 0.3833335
802 0.3448684350250001
804 0.241176
805 0.049788000000000054
806 0.32111148888900004
807 0.26190341522500005
808 0.2904183966794866
809 0.222148
810 0.042387397924
811 0.5030411224243998
812 0.425510847436912
813 0.42196027460611346
814 0.44723985706180824
815 0.3833335
816 0.3851574395463039
817 0.332353
818 0.008740547399575657
819 0.6175967941996389
820 0.14803999999999995
821 0.17549000000000015
822 0.413725
823 0.382363
824 0.10453236756633333
825 0.331373
826 0.18692868425625003
827 0.09719741522500001
828 0.2343135
829 0.24971674483727982
830 0.2369878396322319
831 0.19314631380727948
833 0.5234942138409999
832 0.21910206905261806
834 0.452724431104
835 0.645205
836 0.1302375
837 0.37345699999999993
838 0.24137215387811503
839 0.256634607969009
840 0.464706
841 0.29499780076899995
842 0.220789
843 0.184394665744
844 0.406312
845 0.173902
846 0.2284315
847 0.269608
848 0.358824
849 0.34504389797386653
850 0.2594485499610986
851 0.212745
852 0.0029415
853 0.269194
854 0.167647
855 0.016845767578623546
856 0.03823500000000002
857 0.054857
858 0.130848
859 0.1718398156912064
860 0.264706
861 0.050845740099999995
863 0.005882
864 0.06225985542587058
862 0.005882
865 0.759463
866 0.41174200000000005
867 0.2623840000000002
868 0.3193575
869 0.30145500000000003
870 0.24609
871 0.269608
872 0.371860918416
873 0.03064250642828651
874 0.0829673121422614
876 0.417647
875 0.05652100000000004
877 0.23077647366399998
878 0.3949103892820368
879 0.492157
880 0.317581
881 0.5536580000000002
883 0.3482087924806112
882 0.578404
884 0.28172748652347246
885 0.478079
886 0.1740195000000001
887 0.3156395
888 0.1677565
889 0.18983453921908108
890 0.230392
891 0.1107845
892 0.08824375242225001
893 0.401961
894 0.3253359040236129
896 0.23848279240899997
895 0.31489425
897 0.3520665
898 0.638324298304
899 0.26582732780875445
900 0.614706
901 0.378431
902 0.279412
903 0.29499780076899995
904 0.17941200000000013
905 0.2795136544766849
906 0.2554674872552477
907 0.1836646998579908
908 0.19692289326034187
909 0.4609340808201139
910 0.0687261335168864
911 0.318011897840878
912 0.23841357169195856
913 0.2847495000000001
914 0.359804
915 0.346567
916 0.10509100000000005
917 0.383475516516
918 0.05864001264899998
919 0.1401969999999999
920 0.25790451264900005
921 0.004782000000000064
922 0.248039
923 0.1857595
924 0.202963
925 0.407145
926 0.37451
927 0.5088689067346166
928 0.38441722948423285
929 0.45232215740099996
930 0.495098
931 0.573478
932 0.40117290675324624
933 0.46484400000000003
934 0.38652634397970637
935 0.560842690173983
936 0.39509800000000017
937 0.6075567215021369
939 0.3944207655177786
938 0.5653220692416551
940 0.4584623425442871
941 0.3343135
942 0.019516500000000048
943 0.3990195
944 0.612855
945 0.29606439792399986
946 0.348906
947 0.130291399681
948 0.1189905
949 0.43510006244563815
950 0.2990195
951 0.248039
952 0.24221851264900002
953 0.09702800000000011
954 0.2458289364922013
955 0.460784
956 0.27549
957 0.29499780076899995
958 0.184394665744
959 0.2225490000000001
962 0.5234942138409999
961 0.834641
960 0.373104
963 0.571317445938249
964 0.45761301384100006
965 0.17990200000000012
966 0.3323530000000001
967 0.441681
968 0.45232215740099996
969 0.08177900000000005
970 0.23514020171591246
971 0.3166819350250001
972 0.18292555889290507
974 0.3727166990734764
976 0.2558825
975 0.359804
973 0.12058800000000014
977 0.37284125303717847
978 0.333485
979 0.23307432462289077
980 0.3401133093450867
981 0.36303173465131094
982 0.309986
983 0.688235
984 0.22840899999999986
985 0.08137299999999992
987 0.558824
986 0.1308825
989 0.06176500000000007
988 0.43349000000000004
991 0.122549
990 0.22578770462704564
994 0.06648301264900003
992 0.36556
993 0.3735295
996 0.282299
995 0.6664631296540967
997 0.14878250000000004
998 0.011356099225000004
999 0.2460785
1000 0.2079005
1001 0.392804
1003 0.421569
1002 0.354519
1004 0.398039
1005 0.318377
1006 0.29499780076899995
1007 0.2773642039309834
1008 0.026485935025
1009 0.197059
1010 0.32451
1012 0.75098
1011 0.219611265129
1013 0.279311
1014 0.19117699999999993
1015 0.527451
1017 0.358824
1016 0.12107849999999998
1018 0.136274
1019 0.476471
1020 0.3166819350250001
1021 0.14548800000000006
1022 0.258549
1023 0.5264798998180225
1024 0.46400922544213946
1025 0.17567121429225
1026 0.382353
1027 0.1931375
1028 0.14499188528400003
1029 0.007353
1030 0.005998657401000025
1031 0.13642189466883267
1032 0.132296603076
1033 0.5217443712956247
1034 0.2990195
1035 0.265675
1036 0.3648888600841358
1037 0.281245
1038 0.15980400000000006
1039 0.017351291617662013
1040 0.304467
1041 0.17854765740100006
1042 0.2362745
1043 0.346865
1044 0.41029424999999997
1046 0.578431
1045 0.35
1047 0.586275
1048 0.2878390398225727
1049 0.5347626875260337
1050 0.18257194050952877
1051 0.22667046645743463
1052 0.5158306166391042
1053 0.05298899999999995
1055 0.45392200000000016
1054 0.25790451264900005
1056 0.042157
1057 0.308824
1058 0.257843
1059 0.6153711709738886
1060 0.382751
1062 0.29558850000000003
1061 0.7266304053997319
1063 0.3833335
1064 0.644157
1065 0.21470600000000006
1066 0.5142526609634607
1067 0.20436513628252373
1068 0.17091095314987845
1069 0.177451
1070 0.276471
1071 0.248039
1072 0.16702679517844835
1073 0.3911765
1074 0.4107845
1076 0.616711
1075 0.33913501660900003
1077 0.584381
1078 0.3608276099211598
1079 0.503922
1080 0.414029146301924
1081 0.723529
1082 0.1676470000000001
1083 0.594118
1084 6.739215999999991E-4
1085 0.323529
1086 0.319571144169805
1087 0.3931375
1088 0.33721
1089 0.33973102519065584
1090 0.18540947046399997
1091 0.383934
1092 0.480392
1093 0.38156612797016365
1094 0.268627
1095 0.04118504948100001
1096 0.233333
1097 0.36378781664681425
1098 0.22549
1099 0.3852945
1100 0.209804
1101 0.21386
1102 0.032353
1103 0.1931375
1104 0.394118
1105 0.44259358961485223
1106 0.32222311660900027
1107 0.2538446689
1108 0.4290209999999999
1109 0.6428990088349803
1110 0.5668745971010024
1111 0.594118
1112 0.42306747592716254
1113 0.35735324999999996
1114 0.403729
1115 0.5571298783373865
1116 0.18004332557472671
1117 0.33458242176100006
1118 0.32111148888900004
1119 0.217647
1120 0.387923
1121 0.4264705
1122 0.442157
1123 0.791718
1125 0.758824
1124 0.7305304993547179
1127 0.708452
1126 0.707843
1128 0.220588
1129 0.32368331543385115
1130 0.6617843592724647
1131 0.649445797924
1132 0.16607950000000005
1133 0.357650645521
1134 0.426331949481
1136 0.36235704552099995
1135 0.4276061350559999
1138 0.371860918416
1137 0.383694
1139 0.28286900000000004
1140 0.312284262976
1141 0.120526314561
1142 0.357650645521
1143 0.277168
1144 0.421569
1145 0.386348021761
1146 0.0068630000000000635
1147 0.1127450000000001
1148 0.429412
1149 0.472549
1150 0.4730706215326888
1151 0.183527
1152 0.427941
1154 0.2469715
1153 0.171168375625
1155 0.240196
1156 0.198112229604
1157 0.081204481296
1158 0.305131
1159 0.2735295
1160 0.0833335
1161 0.22549
1162 0.044017718415999996
1163 0.037681797924000004
1165 0.03260420450642483
1166 0.0892155
1164 0.03939679762201925
1167 0.30585336147279424
1168 0.057224294656000006
1170 0.4650670000000001
1169 0.5699361214785208
1171 0.29504008738997206
1172 0.29587883211699456
1173 0.07917076512900005
1174 0.186275
1175 0.33006174009999995
1176 0.35735324999999996
1177 0.277193
1178 0.07163464896225001
1179 0.030393000000000003
1180 0.515686
1181 0.49817710864085746
1182 0.167939318416
1183 0.2813725
1184 0.13727200000000006
1185 0.761709
1186 0.34833131841600007
1187 0.385294
1188 0.06648301264900003
1189 0.4107845
1190 0.32696099999999995
1191 0.692157
1192 0.6019117584475839
1194 0.43382325
1193 0.10277666574400006
1195 0.49264725
1196 0.046884374784000024
1197 0.367092997924
1198 0.3068625
1199 0.3637255
1200 0.38676449999999996
1201 0.688235
1202 0.692157
1203 0.645098
1206 0.36235704552099995
1204 0.270613
1207 0.3310769199734226
1205 0.06800829465600002
1208 0.023994629604000003
1209 0.12864399999999998
1210 0.42802575
1211 0.09055600000000008
1212 0.368627
1213 0.442157
1214 0.7772797748632669
1215 0.3088235
1216 0.398838
1217 0.37967300000000015
1218 0.4885979151633785
1220 0.404902
1219 0.264451
1221 0.691176
1222 0.10706683511065698
1223 0.09965765059600001
1224 0.102149273664
1225 0.005883
1226 0.13368136244413495
1227 0.362745
1228 0.07745099999999994
1229 0.19244845031787083
1230 0.017517316608999984
1232 0.13372399999999995
1231 0.0086835
1233 0.3549840000000002
1234 0.367647
1235 0.5193038697249949
1236 0.590196
1237 0.08798700000000004
1238 0.001777212649
1239 0.2715685
1240 0.38676449999999996
1241 0.191191935025
1242 0.339216
1243 0.22549
1244 0.3029415
1245 0.292157
1246 0.158824
1247 0.37665837562499993
1248 0.370588
1249 0.7793465472374919
1250 0.397059
1252 0.692157
1251 0.5234942138409999
1253 0.10638556422400001
1254 0.617647
1255 0.0651735
1256 0.3270133007308979
1257 0.385294
1259 0.5575470767719978
1258 0.38365209630163544
1260 0.2728468095582185
1261 0.11666700000000008
1262 0.210785
1263 0.5362739999999999
1264 0.356911
1265 0.588421
1266 0.406093935025
1267 0.259216
1268 0.146193816609
1269 0.4637255
1270 0.39918825
1271 0.605882
1272 0.4607429625262456
1273 0.5122379297963334
1274 0.05084600000000006
1275 0.448039
1276 0.26306300000000005
1277 0.425895
1278 0.37957958979734985
1279 0.39901900000000023
1280 0.36617625
1281 0.630623397924
1282 0.379583
1283 0.2382355
1284 0.3323530000000001
1285 0.5929222444969294
1286 0.6166858811422501
1287 0.325570665744
1289 0.011842662976000007
1288 0.547059
1290 0.010784000000000016
1291 0.5065956579903393
1292 0.382353
1293 0.30250055000025
1294 0.014705999999999997
1295 0.09296461980099992
1296 0.040686
1297 0.609804
1298 0.39266683631959715
1299 0.601961
1300 0.16225499999999993
1301 0.308079392401
1302 0.567083
1303 0.18103399999999992
1305 0.015196000000000043
1304 0.43505083347368817
1306 0.2711996807276809
1307 0.230392
1308 0.235354027689
1309 0.0337934689
1310 0.21731496283499996
1311 0.46396175285947217
1312 0.46256074457271734
1313 0.36819653126400026
1315 0.31187003362431814
1314 0.426331949481
1316 0.53983
1317 0.44183406643600004
1318 0.456863
1319 0.2578440000000002
1320 0.402803
1321 0.386275
1322 0.240196
1323 0.161963815703
1324 0.22702461384099998
1325 0.605882
1326 0.15308917682640702
1327 0.41110666297599996
1329 0.609804
1328 0.433333
1330 0.1939415
1331 0.343718375625
1332 0.2367885
1333 0.015489000000000086
1334 0.265932050596
1335 0.127308
1336 0.2558825
1337 0.24172825822775257
1338 0.388698630849
1339 0.288235
1340 0.315686
1341 0.515686
1342 0.17442901660899998
1343 0.2509949414053739
1344 0.1323341445115347
1345 0.10786757862400004
1346 0.4441175
1347 0.7247482169725904
1348 0.17348399999999997
1349 0.599019
1350 0.204715527025
1351 0.5222384491324502
1352 0.3039841958771596
1353 0.382353
1354 0.331373
1355 0.24384455014499845
1356 0.292157
1357 0.284314
1358 0.21383758163917418
1359 0.6522711708278168
1360 0.3439205
1362 0.36442699999999995
1361 0.7183025038051346
1363 0.3990195
1364 0.6684431136124535
1365 0.314706
1366 0.08806499999999995
1367 0.2621455
1368 0.4015344206166667
1369 0.377451
1370 0.230392
1371 0.3632095
1372 0.3267629999999999
1373 0.35232
1374 0.39095036863183125
1375 0.12450899999999998
1377 0.696078
1376 0.335817
1378 0.661764
1379 0.385294
1380 0.5758138629760001
1381 0.378927
1382 0.560424739162777
1383 0.30519181695533715
1384 0.5208452715674566
1385 0.24928281033697447
1386 0.30147075
1387 0.353663
1388 0.370588
1389 0.008674687044000031
1390 0.22748965597399515
1391 0.24172700000000003
1392 0.215364
1393 0.5852973451276414
1394 0.5996999229964933
1395 0.05392100000000011
1396 0.52036
1397 0.21481094340143753
1398 0.4061612757879149
1399 0.292157
1400 0.184394665744
1401 0.1656865
1402 0.086439528036
1403 0.30142296040000005
1404 0.08004687120672474
1406 0.260784
1407 0.468627
1405 0.234288
1408 0.045678375624999996
1409 0.09023800000000004
1410 0.35527125
1411 0.554902
1412 0.367647
1413 0.43996517079458103
1414 0.3422720344254247
1415 0.2550799909416349
1416 0.23077647366399998
1417 0.38382375
1418 0.4985295
1419 0.151961
1421 0.39787506643950465
1420 0.004873000000000016
1422 0.13235300000000016
1423 0.40827308539956275
1424 0.4325558105036067
1425 0.7020056725342332
1426 0.12058799999999992
1427 0.417647
1428 0.28653966643600004
1429 0.07268847366400004
1430 0.394118
1431 0.259804
1432 0.386057
1434 0.232353
1433 0.23456005059600002
1435 0.44999999999999996
1436 0.14726244908668407
1437 0.198039
1439 0.2429362373446667
1438 0.120588
1440 0.2712471581990522
1441 0.15469059427378323
1442 0.452941
1444 0.197059
1445 0.13606275
1446 0.09179555707580214
1443 0.36353845242225
1447 0.205882
1448 0.25227167864493494
1450 0.036861485480000004
1449 0.047746620100000005
1451 0.1088235
1452 0.198039
1453 0.186275
1454 0.002941
1455 0.155265945444
1456 0.054628652665898385
1457 0.3814875
1458 0.6639799001267488
1459 0.5650842342496667
1460 0.413235
1461 0.32450900000000016
1462 0.3990195
1463 0.085355712649
1464 0.07861967366399998
1465 0.3622837946136668
1466 0.31467736576968797
1467 0.47258
1468 0.519608
1469 0.08921600000000018
1470 0.45348405620815385
1471 0.2271985
1472 0.30053627009766265
1473 0.026471000000000133
1474 0.5524392234716865
1475 0.5943354565678096
1476 0.44852925
1477 0.11996149999999994
1478 0.46056968042978497
1479 0.22194771848680941
1480 0.18777748888900003
1481 0.3234482738565004
1482 0.37451
1483 0.1911765
1484 0.39977660910059815
1485 0.331373
1486 0.1002924596906817
1487 0.2656865
1488 0.284314
1489 0.4008409344
1490 0.35
1491 0.5529337278694904
1492 0.12181600000000015
1494 0.25393738208399996
1493 0.274082613841
1495 0.152252918416
1496 0.11771533481266667
1497 0.185294
1499 0.08307941522500001
1498 0.319608
1500 0.305578
1501 0.252941
1502 0.194118
1503 0.203080014736
1504 0.205882
1505 0.16796250000000001
1506 0.3735295
1507 0.20294100000000004
1508 0.539216
1510 0.473156
1509 0.426331949481
1511 0.269873
1512 0.2656865
1513 0.480392
1514 0.2313725
1515 0.22451
1516 0.4297044742249267
1517 0.23734402703038474
1518 0.14478899020900002
1519 0.554902
1520 0.272549
1521 0.633466
1522 0.30456667962232287
1524 0.487118
1525 0.2585380307733597
1523 0.285499
1527 0.4640215167133426
1528 0.187997
1526 0.375787
1529 0.17260106701532255
1530 0.34004351255625004
1531 0.305766
1532 0.13801174994308163
1533 0.08886765989000002
1534 0.2437603830725302
1535 0.47781730985355275
1536 0.2608826839877777
1537 0.15130450000000006
1538 0.41704866281133346
1539 0.187255
1540 0.251919
1542 0.45527800224406134
1541 0.5429976330675936
1543 0.364806
1544 0.1797641019986636
1545 0.650001
1546 0.2617645
1547 0.107843
1548 0.3637255
1549 0.115208651776
1550 0.540739
1551 0.601248
1552 0.22706340571120232
1553 0.38694256201561744
1554 0.001961
1555 0.007736153393199526
1556 0.013725
1557 0.056058168092666665
1558 0.377451
1559 0.315686
1560 0.306924
1561 0.3264705
1562 0.134806
1563 0.371860918416
1564 0.204902
1565 0.006571372095999999
1566 0.35144543106605847
1567 0.025240276449541972
1568 0.046544
1569 0.609804
1570 0.3443106945746066
1571 0.5370883814574353
1572 0.496078
1573 0.43116296771522483
1574 0.15662084059033335
1575 0.35608704904418753
1576 0.29606385380625005
1577 0.085355712649
1578 0.2784315
1579 0.269935
1580 0.06397914948100002
1581 0.180882
1582 0.12249965000025001
1583 0.191191935025
1584 0.117333
1585 0.4441175
1586 0.6621483756250001
1587 0.4343135
1588 0.535294
1589 0.629412
1590 0.643141445521
1591 0.13088200000000005
1592 0.32662840425763107
1593 0.232353
1595 0.13501449999999993
1594 0.297745951498853
1596 0.421569
1597 0.594118
1598 0.6088215
1599 0.464269165129
1600 0.32111148888900004
1601 0.20358
1602 0.14421727784024999
1603 0.216614
1604 0.329244
1605 0.014706
1606 0.13544278492524767
1607 0.017075830403637898
1608 0.005882
1609 0.02562044823319293
1610 0.005882
1611 0.106725
1612 0.1833335
1614 0.249056891136
1615 0.256863
1613 0.005882
1616 0.087662182084
1617 0.2892155
1618 0.12107800000000002
1620 0.6279064722138162
1619 0.5284016949852619
1621 0.543544935025
1622 0.400013
1623 0.3382355
1624 0.44452355907600005
1626 0.314706
1625 0.4257565336139528
1627 0.26762308237317023
1628 0.4794289912823069
1629 0.407343915225
1630 0.46655730250000005
1632 0.4047771402605507
1631 0.543137
1633 0.4837461382033334
1634 0.34019599999999994
1635 0.15610242960400014
1636 0.051845923809000015
1638 0.558824
1637 0.350608
1639 0.2943256924070746
1640 0.3476925
1641 0.21556530795016043
1642 0.322338
1643 0.21143900000000015
1644 0.20114999999999994
1647 0.582353
1645 0.029499780025
1646 0.390196
1648 0.020710951569000005
1649 0.198112229604
1650 0.3568035
1651 0.39509800000000017
1652 0.49336576000000004
1653 0.4338240738422499
1654 0.2680345
1655 0.18349390106503657
1656 0.215951666436
1657 0.2415726036910001
1658 0.302498900001
1660 0.1939301368220745
1659 7.903969960000047E-4
1661 0.4184535970571899
1662 0.005391500000000049
1663 0.1892155
1664 0.36801988204035935
1665 0.29631051073973663
1666 0.5009810000000001
1667 0.2911765
1668 0.47794125
1669 0.16218178752399992
1670 0.2911765
1671 0.3166660000000001
1672 0.55098
1673 0.46828565059599997
1674 0.261861
1675 0.1222615
1676 0.24221851264900002
1677 0.325570665744
1678 0.23455373925966663
1679 0.48452458208399996
1680 0.460784
1682 0.4212094889566666
1684 0.546440294656
1683 0.361739
1681 0.707843
1686 0.35098
1687 0.382353
1685 0.5051463407637861
1688 0.2040979999999999
1690 0.33913501660900003
1689 0.4001305034494611
1691 0.3696712889435641
1693 0.2222625
1692 0.167647
1694 0.331373
1695 0.3460785
1696 0.3659736227062986
1698 0.116819
1699 0.244897
1702 0.114792
1703 0.185285
1697 0.4970595
1701 0.2552811046552408
1700 0.001961
1704 0.142157
1706 0.009804
1705 0.056289971532580536
1707 0.12058109479113935
1708 7.784532900000001E-5
1709 0.205882
1710 0.074485
1711 0.07643621384100001
1712 0.005882
1713 0.4981002400333334
1714 0.406863
1715 0.5629545918089999
1716 0.1264705
1717 0.25784300000000004
1718 0.5223230457944232
1719 0.25
1721 0.28304651732043984
1720 0.2362745
1722 0.4129716939536796
1723 0.4695794312855436
1724 0.23909
1725 0.016101000000000143
1726 0.437255
1727 0.29927354948099993
1728 0.1402577401
1729 0.2962287443610001
1730 0.4970589999999999
1731 0.214706
1732 0.351961
1733 0.43970624999999997
1734 0.09950950000000003
1735 0.297449
1736 0.16896100000000014
1737 0.527690147887311
1738 0.2510653442834488
1739 0.472549
1740 0.492157
1741 0.3460016159274444
1742 0.390196
1744 0.12451000000000012
1743 0.24607800000000002
1745 0.27843898969790204
1746 0.23669587402297487
1747 0.22032509454400004
1748 0.41226416157957435
1749 0.19177367778964377
1750 0.293942
1751 0.18080445322755928
1752 0.1971885
1753 0.13931746844920218
1754 0.148528
1755 0.07975427846399999
1756 0.06774802094025001
1757 0.131373
1758 0.09525966743566668
1759 0.3644088849387914
1760 0.131583935025
1761 0.36001053787782844
1762 0.330392
1763 0.38382375
1764 0.21470600000000006
1765 0.24235366451731022
1766 0.2186275
1768 0.382353
1767 0.012711660516000003
1769 0.20939729836113577
1770 0.0014619152250000015
1771 0.362745
1773 0.2655756065957443
1772 0.323529
1774 0.10277666574400006
1775 0.1833335
1776 0.1362745
1777 0.6040099999999999
1778 0.46323525
1779 0.3205875
1780 0.7586132033781102
1781 0.5765628588306742
1782 0.00949962115600001
1783 0.36598129225413834
1784 0.068627
1785 0.34035322640399995
1786 0.2758881143172906
1787 0.28494393773004617
1788 0.570588
1789 0.09173750000000003
1790 0.6611663114648235
1791 0.32781996821356063
1792 0.4715685
1793 0.6396723099894486
1795 0.0058140943587731
1794 0.5735295
1797 0.039544075178083476
1796 0.263235
1798 0.5758138629760001
1799 0.222549
1800 0.252941
1801 0.196838
1802 0.233333
1803 9.237344490000002E-4
1804 0.017305031217572018
1805 0.013610955556000037
1806 0.28431399999999996
1807 0.3052294566443689
1808 0.187623
1809 0.497059
1810 0.36520275
1811 0.6993514013043334
1812 0.5447346487029159
1813 0.325570665744
1814 0.358927
1815 0.433584
1816 0.252941
1817 0.3660309134585474
1818 0.533685293454
1819 0.3529256591864289
1820 0.3441175
1821 0.357843
1822 0.605882
1823 0.026796053024999975
1824 0.09416485248628921
1825 0.3264705
1826 0.2617640000000001
1827 0.285294
1828 0.387255
1830 0.2735295
1829 0.594118
1831 0.32328
1832 0.22647099999999987
1833 0.3044415
1834 0.27453309109240365
1835 0.3004551805402223
1836 0.06278432262400001
1837 0.3688990033739624
1838 0.3588235
1839 0.0735300000000001
1840 0.251961
1842 0.331373
1841 0.3539215
1843 0.5725624625336666
1844 0.197979612601
1845 0.03706600000000004
1846 0.10785326787717384
1847 0.26503700458448654
1848 0.558292
1849 0.5939880849475574
1850 0.601961
1851 0.2735295
1852 0.16372600000000004
1853 0.307916229604
1855 0.578431
1854 0.186275
1856 0.24921411952436898
1857 0.426331949481
1858 0.3302783913098846
1859 0.277451
1860 0.2910003645282654
1861 0.2343135
1862 0.20294100000000004
1863 0.161572645521
1864 0.1813725
1865 0.1833335
1866 0.307843
1867 0.21780803095042203
1868 0.42064708625130764
1869 0.2781949735603115
1870 0.05864001264899998
1871 0.6117698214666311
1872 0.29499780076899995
1873 0.7291810742409999
1874 0.443226
1875 0.4284315
1876 0.480392
1877 0.6879242657440001
1878 0.0791702023840001
1879 0.20603973505600018
1880 0.3813725
1881 0.47370075
1882 0.279412
1884 0.2598
1883 0.06370165596192084
1885 0.2441175
1886 0.39852975
1887 0.721515
1888 0.49558800000000003
1889 0.484314
1891 0.5441175
1890 0.17442901660899998
1892 0.2773950398587381
1893 0.33571302476655074
1894 0.17442901660899998
1895 0.17772042176100003
1896 0.43112
1898 0.17772042176100003
1897 0.35098
1899 0.358824
1900 0.3132519886720382
1901 0.047370216609
1903 0.169608
1902 0.09
1904 0.037681797924000004
1905 0.598039
1906 0.709087
1907 0.462933273664
1908 0.668627
1909 0.4291000665102294
1910 0.052941
1911 0.6246261084543109
1912 0.468655
1913 0.05784300000000009
1914 0.24741869774399997
1915 0.38807810767987067
1916 0.2136935000000001
1917 9.611841600000001E-5
1918 0.240353
1919 0.490191
1920 0.598678
1922 0.6385
1921 0.312745
1923 0.06423400000000012
1924 3.469651289999981E-4
1925 0.46176449999999997
1926 0.3124336718469064
1927 0.4663727477699455
1928 0.17059460696099998
1929 0.26691911532897006
1930 0.29606385380625005
1931 0.4870357956673173
1932 0.3564788524222499
1933 0.32222254896225005
1934 0.16594577753250842
1935 0.390196
1936 0.347059
1937 0.4441175
1938 0.6710150549143191
1939 0.6182283756249999
1941 0.6420456602663996
1940 0.334804
1942 0.805882
1943 0.357843
1944 0.34117656270934943
1946 0.4550907857918869
1945 0.312284262976
1947 0.496078
1948 0.257843
1949 0.655404
1950 0.21004599999999995
1951 0.41110666297599996
1952 0.452941
1953 0.39117599999999997
1954 0.3339168199499298
1955 0.31536097052866663
1956 0.386275
1958 0.584107
1957 0.3305822708585565
1959 0.429412
1960 0.08721899999999994
1961 0.4274358463251581
1962 0.242778
1963 0.22702461384099998
1965 0.511765
1964 0.09313799999999994
1966 0.21377559518197847
1967 0.5743859149208537
1968 0.4173551906008262
1969 0.7480541394422375
1970 0.401961
1971 0.370588
1972 0.36570201599365343
1973 0.35617501441599986
1974 0.618018
1975 3.0265560900000373E-4
1976 0.16384765796100004
1977 0.3609185
1978 0.45761301384100006
1979 0.307439808269587
1980 0.48895283387365923
1981 0.545847
1983 0.3656865
1982 0.09810400000000008
1984 0.1735295
1985 0.671429470464
1986 0.3911765
1987 0.5642090000000002
1988 0.3637255
1989 0.360317
1990 0.329568994561
1991 0.47908131264900006
1992 0.5758138629760001
1993 0.35044701644782816
1994 0.40341925008199997
1996 0.277451
1995 0.542145
1997 0.5273833603242902
1998 0.348039
1999 0.5323530000000001
2000 0.301122
2001 0.48452458208399996
2002 0.8137379459723919
2003 0.6242604441646666
2004 0.652941
2005 0.16617650000000006
2006 0.19586500000000018
2007 0.31836693223817436
2008 0.2931375
2009 0.2422180199727765
2010 0.166667
2011 0.6598702474950837
2012 0.067647
2013 0.5522526007690001
2014 0.24466783190855584
2015 0.587778288889
2016 0.5700623261831371
2017 0.1264705
2018 0.27352900000000013
2019 0.08970599999999995
2020 0.345411
2021 0.507234
2022 0.151961
2023 0.3715685
2024 0.35491351880036126
2025 0.16507700000000014
2027 0.555882
2026 0.19434607740899998
2028 0.2362745
2029 0.273565
2030 0.371427
2031 0.28970625
2032 0.3362745
2034 0.5781651771839698
2033 0.3284315
2035 0.30277470657243777
2036 0.42299
2037 0.212291986169711
2038 0.212745
2039 0.3930404629314052
2040 0.10277634515625002
2041 0.34088247546262984
2042 0.19065083413554987
2043 0.18281025
2044 0.070069266436
2045 0.1833335
2046 0.2656633579893595
2047 0.140196
2048 0.252941
2049 0.47472
2050 0.64902
2051 0.4246968824430353
2052 0.385294
2053 0.786275
2054 0.2595535
2055 0.3800516843040672
2056 0.242086
2057 0.468916
2058 0.158824
2060 0.377451
2059 0.7561012019129948
2061 0.594118
2062 0.103922
2063 0.45292
2064 0.4301011494120695
2065 0.6207983864113613
2066 0.684233
2067 0.543137
2069 0.2943196839254894
2068 0.16902
2070 0.404902
2071 0.4268705846270653
2072 0.1014885
2073 0.301474213037091
2074 0.2441175
2075 0.20686300000000002
2076 0.1877415
2077 0.23827108117962065
2078 0.14068049999999999
2080 0.10683200000000004
2079 0.3912377401
2081 0.6638682988846877
2082 0.7063132395875938
2084 0.28653966643600004
2083 0.5756381775642999
2085 0.492157
2086 0.594118
2087 0.566667
2088 0.3166819350250001
2089 0.39558825
2090 0.001954612521
2091 0.478312
2092 0.2950841271264549
2093 0.070069266436
2094 0.145651
2095 0.393022417225
2096 0.1088235
2097 0.27352900000000013
2098 0.621569
2099 0.19883000000000006
2100 0.32771300000000014
2101 0.4043651497959868
2102 0.24606914203708682
2103 0.386275
2104 0.382154827680874
2105 0.331373
2106 0.394118
2107 0.37451
2108 0.128814
2109 0.18986318116837367
2110 0.269657
2111 0.457786
2113 0.49787764858590167
2112 0.14696762436620048
2114 0.15927123174399999
2115 0.007951999999999959
2116 0.22765500000000016
2117 0.3530078606770004
2118 0.28805528571807026
2119 0.267647
2120 0.06648352833600009
2121 0.6166858811422501
2123 0.259804
2122 0.3937136164520618
2124 0.104806
2125 0.052451000000000025
2126 0.080834450596
2127 0.253276
2128 0.017291142320138293
2129 0.32111148888900004
2130 0.460784
2131 0.6515659371250669
2132 0.4615999863322499
2133 0.37524679856940274
2134 0.3099276904397599
2135 0.3336262070531421
2136 0.456863
2137 0.01638600000000001
2138 0.25393738208399996
2139 0.32794125
2140 0.1329535
2141 0.2362745
2142 0.2088235
2143 0.468627
2144 0.040788245521
2145 0.6778576839843936
2146 0.691332324583
2147 0.26225750000000003
2148 0.385294
2150 0.658579
2149 0.37199615737565084
2151 0.617647
2152 0.2894745
2153 0.279398
2154 0.40285725000000006
2155 0.51827
2156 0.641176
2157 0.37665837562499993
2158 0.6526583015998472
2159 0.660784
2160 0.5531722294442603
2162 0.342157
2161 0.0779310000000002
2163 0.6657503418279257
2164 0.21214600000000006
2165 0.486222073502843
2166 0.609804
2167 0.2735295
2168 0.4513834858742619
2169 0.4264705
2170 0.119608
2171 0.7075770629760001
2172 0.568074
2174 0.311905495225
2173 0.497059
2175 0.57451
2176 0.504855128388489
2177 0.10147050000000002
2178 0.3539215
2179 0.438682353561
2180 0.33978132325933325
2181 0.08518800000000004
2182 0.398039
2183 0.2446853394593002
2184 0.469601
2185 0.3
2186 0.283849
2187 0.13952466089999999
2188 0.15940242084056733
2189 0.33890481414866
2190 0.331373
2191 0.30357896040000004
2192 0.20469289522548625
2193 0.3607964148386409
2194 0.3044115
2195 0.17390804735605386
2196 0.320588
2197 0.062006976144000005
2198 0.22216959823552465
2199 0.1676295290638606
2200 0.20317736550399998
2201 0.5651447787885862
2202 0.330392
2203 0.02076999792399999
2205 0.26270099999999996
2204 0.325173
2206 0.1983274402153333
2207 0.2735295
2208 0.065408028153682
2209 0.5893569975644221
2210 0.550846
2211 0.335852614243271
2212 0.17300600000000022
2213 0.424877
2214 0.287255
2215 0.2504200221596042
2216 0.37451
2217 0.18584591670225004
2218 0.131583935025
2219 0.286491
2220 0.115588
2222 0.32657271568176915
2221 0.2531757496667681
2223 0.10924599999999995
2224 0.21590033226488128
2225 0.14395346574400006
2226 0.727508349481
2227 0.49550618208400005
2228 0.412745
2229 0.3616520000000001
2230 0.6519655887284878
2232 0.09664140038400003
2231 0.195098
2233 0.12451000000000012
2234 0.23634571171599997
2235 0.429214
2236 0.410557
2237 0.4879880559974435
2238 0.367092997924
2239 0.5960007469836944
2240 0.399233
2241 0.4584698952668627
2242 0.3931375
2243 0.277451
2244 0.32111148888900004
2245 0.55098
2246 0.30098099999999994
2247 0.2846507458021826
2248 0.42333631344899997
2249 0.5165126713606472
2250 0.23403700000000005
2251 0.280392
2252 0.41004027178439634
2253 0.457425
2254 0.010784000000000016
2255 0.32800500383401354
2256 0.22702461384099998
2257 0.527451
2258 0.27820455740100003
2259 0.2034315
2260 0.546155156831572
2261 0.3872354063930909
2263 0.08137299999999992
2262 0.5474790706728946
2264 0.5067341532643733
2265 0.08774500000000007
2266 0.43115775398592293
2267 0.36178420522500004
2268 0.128754662976
2269 0.283399716609
2270 0.12058900000000006
2271 0.1794110000000002
2272 0.2931375
2274 0.5517599286939323
2273 0.45761301384100006
2275 0.038614608036000024
2277 0.38333300000000015
2276 0.2849840000000001
2279 0.6289931644972452
2278 0.413764
2281 0.07270100000000013
2280 0.33458242176100006
2282 0.554902
2283 0.3009245178786389
2284 0.057843
2285 0.218619
2286 0.5052033939245414
2287 0.23969717484264458
2288 0.29075389465600004
2289 0.739216
2290 0.5168474042410001
2291 0.47496631568399994
2292 0.7148281678732701
2293 0.6920587539616849
2294 0.273582
2295 0.61720899750225
2296 0.558824
2297 0.046098666436000024
2298 0.267666
2299 0.4223400489584344
2300 5.084574010000069E-4
2301 0.213725
2303 0.272549
2302 0.1972400320849039
2304 0.16748555237244805
2305 0.05784300000000009
2306 0.3186275
2307 0.3323530000000001
2308 0.5621
2309 0.3525419679805641
2310 0.39925969690000007
2311 0.307916229604
2312 0.384892
2313 0.07242671434863117
2315 0.3927808715199892
2314 0.4652043826996147
2316 0.24928151696099998
2317 0.37451
2318 0.3593516912951248
2319 0.2931896270679609
2320 0.133491583225
2321 0.5977883636184403
2322 0.379412
2323 0.3147658011709171
2324 0.27287
2325 0.29075389465600004
2327 0.038063229604
2326 0.021250642176000038
2328 0.25
2330 0.20365004706739329
2329 0.38676449999999996
2331 0.18203703652927816
2333 0.26747774999999996
2332 0.05833349999999993
2334 0.274216
2335 0.17535500000000015
2336 0.30196049999999997
2337 0.4166665
2338 0.385574
2339 0.340196
2340 0.27876197607641234
2341 0.2186275
2342 0.239263
2343 0.35098
2344 0.312971
2345 0.0173277340352357
2346 0.35991000562500003
2347 0.21125325
2348 0.21470600000000006
2349 0.28010649919739583
2350 0.257951
2351 0.4015812502446491
2352 0.005882
2353 0.064706
2354 0.20206125000000003
2355 0.2211535671234358
2356 0.348039
2357 0.312745
2358 0.46985089896299376
2359 0.062757264196
2360 0.064674593344
2361 0.20686300000000002
2362 0.241826
2363 0.25434014316707854
2364 0.33458242176100006
2365 0.342843
2366 0.025534403274199834
2367 0.357843
2368 0.3370785
2369 0.7360027048359999
2370 0.6945805723389011
2371 0.373779
2372 0.518176824025
2373 0.558824
2374 0.3580475
2375 0.703922
2376 0.5730158700124673
2377 0.6123735539771119
2378 0.12450899999999998
2379 0.5970286244047657
2380 0.531586
2381 0.41110666297599996
2382 0.4911765
2383 0.3798708619230576
2386 0.4852939999999999
2384 0.157843
2387 0.609804
2385 0.6972258845383689
2388 0.161572645521
2390 0.04656850000000001
2389 0.3472855
2392 0.49718831372098915
2391 0.410825
2393 0.2070135
2394 0.4135085734691541
2395 0.17459092891790418
2396 0.259329
2398 0.10980806512899999
2397 0.1916005165723706
2399 0.3598759060546118
2400 0.460784
2401 0.1990195
2402 0.4186275
2403 0.42396600955589586
2406 0.21747788196791118
2404 0.3754900000000001
2405 0.158435045521
2407 0.754902
2409 0.2891308318395843
2408 0.121250900521
2410 0.32781327189994697
2411 0.3188975
2412 0.427780492511852
2414 0.304902
2413 0.31401453690000003
2415 0.401961
2416 0.5750984412666525
2417 0.3858228939058062
2418 0.395098
2419 0.3637255
2420 0.692157
2421 0.387255
2422 0.379412
2424 0.343718375625
2423 0.403516
2425 0.29045954258111284
2426 0.274326443141065
2427 0.251961
2428 0.1264390000000002
2429 0.204923709225
2430 0.31274500000000005
2432 0.4556986711201504
2431 0.2280007615442471
2435 0.591794431756414
2436 0.11395599999999995
2433 0.2998835
2434 0.535646
2437 0.3722012008923228
2438 0.32997671809599993
2439 0.04625299999999999
2440 0.421569
2441 0.137335465744
2442 0.368999
2443 0.48911946024478403
2446 0.19274800000000003
2444 0.223302557401
2445 0.2968655
2447 0.42549
2448 0.4099247499135497
2449 0.3072419146995984
2450 0.39059002062567916
2452 0.25
2451 0.401961
2453 0.010784000000000127
2454 0.194118
2455 0.097549
2456 0.067647
2457 0.10149600000000003
2458 0.04043703874271341
2460 0.09421339136399999
2459 0.23459339262679552
2461 0.24902
2463 0.342157
2462 0.35441175
2464 0.23837341522499997
2465 0.6135073352129577
2466 0.18965750000000003
2467 0.3912377401
2468 0.265932050596
2470 0.23558645188966665
2469 0.503922
2471 0.343137
2472 0.1402577401
2473 0.167939318416
2474 0.23456005059600002
2475 0.319608
2476 0.24706814654025
2477 0.32128701216429484
2478 0.30277685079143807
2479 0.004845273664000016
2480 0.22625
2481 0.22845235030543243
2482 0.237799
2483 0.191191935025
2484 0.16029375
2485 0.105209
2486 0.314706
2487 0.128754662976
2488 0.15278865510866668
2489 3.4597924E-5
2490 0.22794150000000002
2491 0.045715143721
2492 0.0776411432583707
2493 0.18775
2495 0.045678375624999996
2494 0.190196
2496 0.19049911320204424
2497 0.3892155
2498 0.36235704552099995
2499 0.046968858729
2501 0.3205880000000001
2500 0.462933273664
2502 0.437255
2503 0.33006174009999995
2504 0.331373
2505 0.23456005059600002
2506 0.07643621384100001
2507 0.25985
2508 0.157843
2509 0.2526895
2511 0.4563195
2510 0.3785498692008755
2512 0.128754662976
2513 0.739819
2514 0.32451
2515 0.680392
2516 0.381304
2517 0.5536644544117433
2519 0.2019205167223112
2518 0.4833335
2520 0.3205875
2521 0.389942
2522 0.166667
2523 0.5522526007690001
2524 0.6442039439907411
2525 0.2051210000000001
2527 0.3912377401
2526 0.7122421766353838
2529 0.3264705
2528 0.12890038672899998
2531 0.5
2530 0.531373
2532 0.546440294656
2533 0.3663685
2534 0.47189818061433325
2535 0.665770221660096
2536 0.633333
2537 0.5166670000000002
2538 0.369608
2539 0.486391
2540 0.357843
2541 0.470693
2542 0.3794120000000001
2544 0.17962100000000003
2545 0.707843
2543 0.3152145
2546 0.34454
2547 0.547854
2548 0.521068
2549 0.285294
2550 0.6236729999999999
2552 0.479412
2551 0.355300637041
2553 0.480392
2555 0.051470249999999995
2554 0.445048
2556 0.4545779999999999
2557 0.3166660000000001
2558 0.57451
2559 0.5554768430693764
2561 0.4081989126726268
2560 0.40980399999999995
2562 0.216097
2563 0.354902
2564 0.35098
2565 0.087662182084
2566 0.151152
2568 0.296078
2569 0.1453755
2567 0.413725
2570 0.128754662976
2571 7.784532900000001E-5
2572 0.1568625
2573 0.23051467379341242
2574 0.06052852382489864
2575 0.4483646253692702
2576 0.0068630000000000635
2577 0.731373
2578 0.549466
2579 0.37016419973666675
2580 0.447062065129
2581 0.42926083239999996
2582 0.253928
2583 0.220588
2584 0.472549
2585 0.20515554948099998
2586 0.210458332734574
2587 0.215951666436
2588 0.24609338208400003
2589 0.32705775
2590 0.198039
2591 0.464706
2592 0.2009805
2593 0.437255
2594 0.281729
2596 0.007518848970927509
2595 0.4054305
2598 0.029412
2597 0.0068625
2599 0.005882
2600 0.368607
2601 0.008823000000000001
2602 0.28728830315944637
2603 0.632427
2604 0.348371
2605 0.343137
2606 0.343137
2607 0.0544960000000001
2608 0.29442599999999997
2609 0.2931375
2610 0.25668904869685
2611 0.2348885
2612 0.2617645
2613 0.054951679349755644
2614 0.184394665744
2615 0.3017535
2616 0.161572645521
2617 0.3247887754373489
2618 0.29908981905560195
2619 0.185294
2621 0.237255
2620 0.35162
2622 0.272549
2623 0.464706
2624 0.233669
2625 0.29949
2626 0.224888
2627 0.22519300622154964
2628 0.08280566473416498
2629 0.097059
2631 0.05397699999999994
2630 0.180571
2632 0.26419950252731594
2633 0.240775
2634 0.201961
2635 0.144996681803608
2636 0.211105
2637 0.17982919610287687
2638 0.005882
2639 0.27289195714641884
2640 0.131583935025
2641 0.497059
2642 0.4164181112136667
2644 0.3093135
2643 0.280392
2645 0.312284262976
2646 0.12177783644539138
2647 0.387255
2648 0.515686
2649 0.511765
2650 0.15921696039999994
2651 0.367647
2652 0.092157
2653 0.551874
2654 0.11573331841599996
2655 0.5097500000000001
2656 0.16718073375254933
2657 0.297056
2658 0.6222889086698
2659 0.311765
2660 0.29450372067747743
2661 0.565566
2662 0.5349064651290001
2663 0.546440294656
2664 0.47366741522500005
2665 0.167939318416
2666 0.330392
2667 0.1937088683096667
2669 0.287255
2668 0.054444288889000006
2670 0.339216
2671 0.32111148888900004
2672 0.386275
2673 0.621569
2674 0.3166819350250001
2675 0.20264700000000002
2676 0.451961
2677 0.3617645
2678 0.06607350000000001
2679 0.32980661368445446
2681 0.3725149156
2680 0.3382355
2683 0.146193816609
2682 0.350987523364
2684 0.314706
2685 0.11519650000000003
2686 0.29927354948099993
2687 0.3577539573148236
2688 0.1088235
2689 0.161572645521
2690 0.656863
2691 0.513226125676457
2693 0.45007195081748935
2692 0.420588
2694 0.368360383329
2695 0.398312
2696 0.387102
2697 0.154902
2698 0.367795
2699 0.3235772369941217
2700 0.2921611557809753
2701 0.8794124999999999
2702 0.440196
2703 0.287255
2704 0.08951396871922175
2705 0.2890485
2706 0.6834342578863505
2707 0.21686345059600004
2708 0.523529
2709 0.40907723183399997
2710 0.4161514296039999
2711 0.2965491773344684
2712 0.6264309904922462
2713 0.19640497679303717
2714 0.5189755020155375
2715 0.503922
2716 0.26190341522500005
2717 0.28653966643600004
2718 0.4256740389690001
2719 0.3323530000000001
2720 3.4609689000000005E-5
2721 0.3537749957642866
2722 0.437255
2723 0.3931375
2724 0.24215700000000018
2725 0.4323542352330001
2726 0.048870176355999995
2727 0.3715685
2728 0.398039
2729 0.146193816609
2730 0.314706
2731 0.1833340000000001
2733 0.494081594806181
2732 0.5001016912382255
2735 0.2733444280453001
2734 0.4465807832890001
2736 0.046098666436000024
2737 0.7025955
2738 0.6487560630527214
2739 0.44643299999999997
2740 0.42408676393700007
2741 0.3088235
2742 0.656863
2743 0.5527747383987117
2744 0.10028558904099999
2745 0.21078500000000022
2746 0.2637255
2748 0.2447444558405111
2747 0.2806495
2749 0.28246300000000013
2750 0.38338038884148223
2751 0.5419947517205084
2752 0.19341900000000023
2753 0.5585888225440001
2754 0.28259524143261494
2755 0.586275
2756 0.223302557401
2757 0.45628590033423055
2758 0.556268
2759 0.562745
2760 0.5490200755024052
2761 0.06396900000000005
2763 0.06195100000000009
2762 0.519608
2764 0.030393000000000003
2765 0.31541797007829103
2766 0.0649360000000001
2767 0.492227
2768 0.04568800000000006
2769 0.2289215
2770 0.4186270000000001
2771 0.3343135
2772 0.285501
2773 0.62549
2775 0.520053
2774 0.18412117945210654
2776 0.19731265214766666
2777 0.1917521019321996
2778 0.23077647366399998
2779 0.35147025
2780 0.407096
2781 0.09439703208099999
2782 0.232353
2783 0.04644977711639082
2784 0.323529
2785 0.245689
2786 0.02794125
2787 0.021569
2788 0.142404
2789 0.2829914532002589
2790 0.185294
2791 0.27205875
2792 0.22422971384100004
2793 0.1558825
2794 0.35124873917010974
2795 0.268627
2796 0.062010960399999995
2797 0.005882
2799 0.1936937426852418
2798 0.31627204018068283
2800 0.005882
2802 0.41428099944766805
2801 0.668627
2803 0.802807040025
2804 0.590196
2805 0.38286200000000004
2806 0.3975822913706246
2807 0.5759179562582388
2808 0.45893985740100035
2809 0.48134075999366677
2810 0.45232215740099996
2811 0.2414555
2812 0.369608
2813 0.4362745
2814 0.18112672774059116
2815 0.343718375625
2816 0.5912133612160001
2817 0.6003222751914402
2818 0.15508531537455136
2819 0.3088235
2820 0.5185228705778921
2821 4.708704400000048E-5
2822 0.2285925
2823 0.378794
2824 0.233333
2825 0.18427209572439548
2826 0.169608
2827 0.378431
2828 0.1715685
2829 0.080834450596
2830 0.090012
2831 0.07825745958857219
2832 0.186275
2833 0.20055210055037237
2834 0.003922
2835 0.0807354164061148
2836 0.011447555075629837
2837 0.131583935025
2838 0.237255
2839 0.11423555537025239
2840 0.219975886948939
2841 0.114402915225
2842 0.044017718415999996
2843 0.0911765
2844 0.029100265743999997
2845 0.013383250595999999
2846 0.09379098679405579
2847 0.272555
2848 0.126471
2849 0.1912435
2850 0.1813725
2851 0.021569
2852 0.13499187673565854
2853 0.15015147218478797
2854 0.006917082561000008
2855 0.405882
2857 0.02674157776549367
2856 0.017522875876
2858 0.152418
2859 0.01718701939019398
2860 0.02539056282175743
2861 0.05673853937559706
2862 0.21323550000000002
2863 0.042387397924
2864 0.15031072645948415
2865 0.309804
2866 0.28671233029399995
2867 0.307916229604
2868 0.097059
2869 0.01748099999999997
2870 0.141177
2871 0.29602574369308166
2872 0.358824
2873 0.2813725
2874 0.128754662976
2875 0.143210021761
2876 0.148868
2877 0.152683218009
2878 0.262747
2879 0.322549
2880 0.219611265129
2881 0.45442400000000016
2882 0.342157
2883 0.292157
2885 0.3745631838209454
2884 0.42950195546295244
2887 0.547059
2886 0.503922
2888 0.36235704552099995
2889 0.007785415224999999
2890 0.4186275
2891 0.33913501660900003
2892 0.052941
2893 0.004576116609
2894 0.013146915599999996
2895 0.5908608711316955
2896 0.458452
2897 0.666559577761
2898 0.462933273664
2899 0.562059086436
2900 0.2990195
2901 0.613725
2902 0.318005
2903 0.26258800000000004
2904 0.03480400000000006
2905 0.167939318416
2906 0.382353
2907 0.1558825
2908 0.37451
2909 0.3973429022985059
2910 0.3921647519745021
2911 0.24215699999999996
2912 0.437255
2913 0.5234942138409999
2914 0.535294
2915 0.484314
2916 0.340196
2917 0.155328997924
2918 0.5175277035366245
2919 0.03480400000000006
2920 0.010784000000000016
2921 0.158435045521
2922 0.23837341522499997
2923 0.345588
2925 0.3
2924 0.1788430313648639
2926 0.354761902128686
2927 0.29711686698788997
2928 0.260784
2929 0.6459991563540946
2930 0.5702343233101108
2931 0.37549
2932 0.6017022117166154
2933 0.2911765
2934 0.3250400000000002
2935 0.28632101011800004
2936 0.421556
2937 0.41029424999999997
2938 0.11841719792400002
2939 0.4809318918553625
2940 0.04607899999999998
2941 0.22743374027800004
2942 0.187255
2943 0.3019393439386185
2944 0.30873614146318024
2945 0.42304575326017385
2946 0.02368400000000004
2948 0.465448
2947 0.13235299999999994
2949 0.171168375625
2950 0.31617675
2951 0.371385
2952 0.41711492195963035
2953 0.14520107417417177
2954 0.12015599999999999
2956 0.241797
2955 0.18349200000000002
2957 0.1133585
2958 0.0524912716547503
2959 0.39754169849925436
2960 0.16777232840240897
2961 0.39754900000000004
2962 0.29754900000000006
2963 0.472549
2964 0.36887696900728295
2965 0.369608
2966 0.3665483044598851
2967 0.5726395128326126
2968 0.5522526007690001
2969 0.382353
2970 0.5466118333705214
2972 0.590196
2971 0.434552157907134
2973 0.6377237318701244
2974 0.5742382075725484
2975 0.420588
2976 0.38148781660899994
2977 0.738255282805003
2978 0.4362745
2979 0.36744189509166664
2980 0.3876355
2981 0.728432
2982 0.3976934056691788
2983 0.47366741522500005
2984 0.369608
2985 0.4382355
2986 0.36235704552099995
2988 0.5675049543337073
2987 0.6971137172487236
2990 0.5349064651290001
2989 0.4833335
2991 0.501041712649
2992 0.2892159999999999
2993 0.3151065084816561
2994 0.4327633332562499
2995 0.394306
2996 0.480392
2997 0.535294
2998 0.531373
2999 0.16015200000000007
3000 0.30357896040000004
3002 0.511765
3001 0.07773799999999986
3003 0.242157
3004 0.0029410000000000824
3005 0.219611265129
3006 0.12250125
3007 0.06960799999999989
3008 0.2318925
3009 0.758824
3010 0.39821733942023513
3011 0.4820439379213334
3012 0.324524
3013 0.3949088282963334
3014 0.629412
3015 0.46487143060366665
3016 0.43382869381977873
3017 0.49527077700271616
3018 0.21657300000000013
3019 0.547059
3020 0.55098
3021 0.20942101082866668
3022 0.269992473664
3024 0.382353
3025 0.778431
3023 0.4166665
3026 0.6221423376
3027 0.3715648978906646
3028 0.375837
3029 0.5639709603999999
3030 0.6907638374140191
3031 0.44999999999999996
3032 0.11308087562499992
3033 0.49247039336166654
3034 0.504918
3035 0.4544115
3036 0.601557
3037 0.4068625
3038 0.4044535
3039 0.47366741522500005
3040 0.5688276568062305
3042 0.2044530000000001
3041 0.7750221616311657
3043 0.6368662455210001
3044 0.7821033453011434
3045 0.43408800000000003
3046 0.4166665
3047 0.320276
3048 0.411045
3049 0.38994144432027694
3050 0.23039200000000015
3051 0.458665
3052 0.35
3053 0.342157
3055 0.4970589999999999
3054 0.29075389465600004
3056 0.07697905740099995
3057 0.7048948764526789
3058 0.2892159999999999
3059 0.5588650000000002
3060 0.589059
3061 0.539248
3062 0.2022465
3063 0.578431
3064 0.3558825
3067 0.32111148888900004
3065 0.297059
3066 0.5158313819210045
3068 0.0735295
3070 0.6477685351410563
3071 0.6141676820703501
3069 0.17152353571600001
3072 0.107843
3073 0.48970575
3074 0.5737723775981133
3075 0.507843
3076 0.28511475000000003
3077 0.54499165346025
3078 0.15980400000000006
3080 0.325570665744
3079 0.17549
3081 0.20872380076900002
3082 0.22293020807086272
3083 0.204902
3084 0.386275
3085 0.202941
3087 0.23870323865259038
3086 0.445098
3088 0.11285
3089 0.008013276298854823
3090 0.037255
3091 0.270392
3092 0.4362745
3093 0.4182925
3095 0.762745
3094 0.401007
3096 0.276704
3097 7.784532900000001E-5
3099 0.017343782830451078
3098 0.008823000000000001
3100 0.289706
3101 0.479273304119094
3102 0.191176
3103 0.21015399999999995
3104 0.386348021761
3105 0.5639709603999999
3106 0.379412
3107 0.22795945740100007
3108 0.353313
3109 0.014706000000000108
3115 0.2362745
3113 0.20161896039999996
3114 0.429366
3112 0.5456181685237279
3111 0.22702461384099998
3110 0.2911765
3116 0.386275
3118 0.339216
3119 0.3715760814406666
3120 0.155519020881
3117 0.18808094448899998
3126 0.302941
3124 0.3293695
3122 0.47794125
3125 0.11735499999999999
3123 0.691443
3121 0.25
3129 0.444747607236
3127 0.47285367040287407
3130 0.318913
3132 0.468627
3128 0.041908999999999974
3131 0.38922586535455655
3135 0.11242206643599999
3133 0.42549
3134 0.4349449749113466
3136 0.125955429604
3137 0.47499975000000005
3138 0.05784300000000009
3139 0.20872380076900002
3140 0.0015924888359999997
3141 0.360368
3142 0.31323524999999997
3143 0.40945944541931195
3144 0.34799920447274973
3146 0.280392
3145 0.1656865
3147 0.157655849481
3148 0.025695448803999998
3149 0.3
3150 0.0832744000513333
3151 0.2068625
3152 0.1558825
3153 0.6622406507097368
3155 0.613725
3154 0.496078
3156 0.3082166549776039
3157 0.25790451264900005
3158 0.194636262976
3159 0.32499975000000003
3160 0.16468543150351825
3161 0.36776729866814784
3162 0.233333
3163 0.217647
3164 0.3701853136835688
3165 0.315686
3167 0.4827238627513894
3166 0.333832
3168 0.1656865
3169 0.6831865556010001
3170 0.4282925757375104
3172 0.39300922610983013
3171 0.0381120133098131
3173 0.40111068888900003
3174 0.1
3176 0.04842631402049783
3175 0.060294
3177 0.052941
3178 0.1820505
3179 0.033333
3180 0.02549
3181 0.460784
3183 0.0617645
3182 0.017647
3184 0.242157
3185 0.331373
3186 9.805E-4
3187 0.5500005
3188 0.2037164237353205
3189 0.397059
3190 0.309383
3191 0.3352821329940436
3192 0.033579096515999995
3193 0.2655375
3194 0.026847477903999998
3196 0.008823000000000001
3195 0.02812421431281749
3199 0.10467101384100001
3197 0.1544115
3198 0.005882
3200 0.09476931952597668
3201 0.605882
3202 0.684314
3204 0.7298096370730458
3203 0.42647100000000004
3205 0.630623397924
3206 0.19988231472400017
3207 0.5328346778419999
3208 0.4777631877401098
3210 0.6726781979376667
3209 0.295806
3211 0.666579813686142
3212 0.537181
3213 0.402259109121
3214 0.6381613970935043
3215 0.345588
3216 0.3297890000000001
3217 0.209663
3219 0.06440500000000005
3218 0.0029415
3220 0.401961
3221 0.266488
3222 5.084574010000069E-4
3223 0.002941
3225 0.002941
3224 3.4597924E-5
3226 0.305843
3227 0.362745
3228 0.10071550455680213
3229 0.221569
3230 0.28681461138404707
3231 0.02382888928075674
3232 0.1009805
3233 0.62549
3234 0.143210021761
3235 0.1990200000000002
3237 0.464706
3236 0.668627
3238 0.191191935025
3239 0.35
3240 0.197059
3241 0.003922
3242 0.158435045521
3243 0.28382325
3244 0.319608
3245 0.22312963795600002
3246 0.26190341522500005
3247 0.005883
3248 0.177451
3249 0.27009800000000006
3250 0.36795385446400003
3252 0.31176433196179343
3251 0.284421
3253 0.32222254896225005
3254 0.373414
3255 0.432729
3256 0.404412
3257 0.16644604848400002
3258 0.38382375
3259 0.23456005059600002
3260 0.10024199999999994
3261 0.421569
3262 0.07598000000000005
3263 0.4068625
3264 0.187907
3265 0.3241013917740001
3266 0.27422480446281056
3267 0.2637255
3268 0.269968823807
3269 0.3341905
3270 0.269608
3271 0.2249405
3272 0.38534100000000004
3273 0.010197162360999998
3275 0.399065
3274 0.20297485620784408
3276 0.14920837562499997
3277 0.339216
3278 0.40848150130974664
3279 0.23014758916900002
3280 0.343137
3281 0.497059
3282 0.2918117184160001
3283 0.5122064505960001
3284 0.6479536435079088
3285 0.18360600000000016
3286 0.44884473780249456
3287 0.530358258049
3288 0.29499780076899995
3289 0.779412
3290 0.001777128336000007
3291 0.6727984843061603
3292 0.178431
3293 0.158824
3294 0.11666600000000016
3295 0.3912377401
3296 0.155328997924
3297 0.008700225624999999
3298 0.3534605
3299 0.611679
3301 0.487255
3300 0.605882
3302 0.531965
3303 0.26313103936899995
3304 0.41376285656196515
3305 0.55196
3306 0.269992473664
3308 0.2162695
3307 0.660784
3309 0.32107850000000004
3310 0.28249045205152856
3311 0.26833700000000005
3312 0.3195721591991344
3313 0.07626578243575997
3314 0.2759805000000001
3315 0.5483355000000001
3316 0.052941
3317 0.037255
3318 0.664736
3319 0.2995225754269999
3320 0.2833335
3322 0.2892155
3321 0.3539215
3323 0.49402904923421986
3324 0.29503650000000003
3325 0.382353
3326 0.1088235
3327 0.48452458208399996
3328 0.27205875
3329 0.29569724999999997
3331 0.6087148302993042
3330 0.39615946574399996
3334 0.27280856668466663
3333 0.4446809126571388
3332 0.3346655
3335 0.382353
3336 0.296078
3337 0.16956897832030265
3338 0.309004797924
3339 0.1810417401
3341 0.2107845
3342 0.4065437282114057
3340 0.24902
3343 0.24433805126282862
3344 0.358824
3345 0.6558825
3346 0.22402534759151696
3348 0.30735422998939455
3347 0.07745000000000002
3349 0.3458539999999999
3350 0.008823000000000001
3351 0.24415975199276121
3352 0.1551990000000001
3353 0.3952344628995584
3354 0.629412
3355 0.1911765
3356 7.784532900000001E-5
3357 0.56324
3358 0.20601000000000003
3359 0.5026030000000001
3360 0.2691411052442791
3361 0.7148428023358504
3362 0.4166665
3363 0.2774509999999999
3364 0.6253047784446131
3365 0.367092997924
3366 0.7582779408390907
3367 0.18145269801156574
3368 0.594293
3369 0.39558825
3370 0.45761301384100006
3371 0.489152
3372 0.46785556592184574
3373 0.05503300000000011
3374 0.6604993088631337
3375 0.382889925961
3376 0.2990195
3377 0.32451
3378 0.447062065129
3379 0.527333132384748
3380 0.20294100000000004
3382 0.242157
3381 0.3376485
3383 0.44902
3385 0.335294
3384 0.177451
3386 0.16530946572691071
3387 0.143210021761
3388 0.10980806512899999
3389 0.1386675
3390 0.272549
3391 0.507843
3392 0.280392
3393 0.28774500000000003
3394 0.655878796750713
3395 0.586275
3396 0.528374
3397 0.5579365816230225
3398 0.30357896040000004
3399 0.030453740099999998
3400 0.166667
3401 0.612733754213311
3402 0.420561
3403 0.019118000000000024
3404 0.190196
3405 0.028105516609000035
3406 0.125173024804
3407 0.11666700000000008
3408 0.2035025712633629
3409 0.7439770947037281
3410 0.36824
3411 0.2558825
3412 0.5522526007690001
3414 0.27837092550957465
3413 0.21037800000000018
3415 0.137335465744
3416 0.3764425531376862
3417 0.0013820000000001054
3418 0.4672584491292266
3419 0.445197
3420 0.1585584162405636
3421 0.066667756401
3422 0.132353
3423 0.3485635429661476
3424 0.2068066576
3425 0.292157
3426 0.074282957401
3427 0.4009805
3428 0.6120762166089999
3429 0.2875898030759999
3430 0.2813725
3431 0.637255
3432 0.158824
3433 0.5086562516571227
3434 0.25
3435 0.3362740000000002
3436 0.3419177279451285
3437 0.504824
3438 0.20515554948099998
3439 0.31592921457358664
3440 0.030977000000000032
3441 0.43914051000647847
3442 0.7453985033126226
3443 0.703922
3444 0.762745
3445 0.6968531549571019
3446 0.397059
3447 0.426331949481
3448 0.426331949481
3449 0.2896505
3450 0.598039
3451 0.43382325
3452 0.47908131264900006
3453 0.24462639804148284
3454 0.405882
3455 0.6075319234985721
3457 0.3460785
3456 0.282357265129
3458 0.5512793475286978
3459 0.594118
3460 0.554902
3461 0.3343135
3462 0.2284315
3463 0.216407
3464 0.37549
3465 0.5025944089420591
3466 0.645098
3467 0.0857804766224629
3468 0.523874285029338
3469 0.5058362372772836
3470 0.092965229604
3471 0.2774510000000001
3472 0.27101238633225
3473 0.4205912136113679
3474 0.3607155
3475 0.6908657523597351
3476 0.09537226297600013
3477 0.34564824970856234
3478 0.279412
3479 0.2637255
3480 0.3779415
3481 0.4617165
3482 0.215951666436
3483 0.441176
3484 0.401961
3485 0.378431
3486 0.2617645
3487 0.5820676944760521
3488 0.40161245935066303
3489 0.794118
3490 0.778474
3491 0.7286448636250722
3492 0.3603925
3493 0.35735324999999996
3494 0.48722519555398414
3495 0.311762
3496 0.680392
3497 0.20617000000000008
3498 0.162361449481
3499 0.548428
3500 0.3085876989329625
3501 0.35072000000000014
3502 0.38333300000000015
3503 0.44816731920899994
3505 0.33489800000000014
3504 0.391848
3506 0.28618760685606415
3507 0.111765
3508 0.3166819350250001
3509 0.157655849481
3510 0.2530992198394094
3511 0.3
3513 0.401961
3512 0.01862700000000017
3514 0.14940925554970239
3515 0.1127450000000001
3516 0.11742373113103483
3517 0.3734955903238127
3518 0.139064
3519 0.05784300000000009
3520 0.019717097227531837
3521 0.13127450000000007
3522 0.49550618208400005
3523 0.1231869604
3524 0.4862266493662648
3525 0.06897799999999998
3526 0.24755609917723984
3527 0.2091345
3528 0.36155715919362874
3529 0.3634228468721617
3530 0.409804
3531 0.401961
3532 0.191477
3533 0.1911765
3534 0.30876349999999997
3535 0.31648496047337843
3536 0.284591
3537 0.15588200000000008
3538 0.38148781660899994
3539 0.3499995
3540 0.285018244641
3541 0.9072068316813897
3542 0.649445797924
3543 0.27774299694900034
3544 0.29621796931664657
3545 0.40856397340354217
3546 0.3398875
3548 0.360294
3549 0.6421570000000001
3547 0.5846538474558063
3550 0.7033555131129648
3551 0.209097681984
3552 0.37198577524830617
3553 0.77451
3554 0.361634
3555 0.385294
3556 0.3245100000000001
3557 0.7138676869085231
3558 0.566406
3559 0.481688
3560 0.32058900000000023
3561 0.219611265129
3562 0.6187845
3563 0.5544584583239758
3564 0.37106615910400004
3565 0.283399716609
3566 0.44530180949637566
3567 0.4721723197788855
3568 0.2122056500188899
3569 0.064706
3570 0.0558825
3571 0.633297542762857
3572 0.081593637316
3573 0.06744824526399999
3574 0.253528
3575 0.017290474150218442
3576 0.4707996398265809
3577 0.004918637689
3579 0.008823000000000001
3578 0.241816
3580 0.285294
3581 0.008823000000000001
3582 0.1963955781105868
3583 0.45822185663970705
3584 0.558824
3585 0.6674915378644637
3586 0.5740718138958221
3587 0.28189842812867305
3588 0.29927354948099993
3589 0.38000199999999995
3590 0.501804
3591 0.5446830019852525
3592 0.250069
3593 0.27533957574295737
3594 0.5266050402676881
3595 0.36911775
3596 0.480392
3597 0.17342526456422977
3598 0.155209
3599 0.09313700000000003
3600 0.558824
3601 0.35033377210000005
3602 0.441176
3603 0.441176
3604 0.44979501103359665
3605 0.319608
3607 0.06800829465600002
3606 0.1931375
3609 0.068971890625
3608 0.37321039974747605
3610 0.050845740099999995
3611 0.13444468888900002
3612 0.207834
3613 0.22260257536321537
3614 0.1838235
3615 0.11903746219378332
3616 0.12500025
3617 0.19558799999999998
3618 0.155328997924
3619 0.04235000000000011
3620 0.507843
3621 0.10213000000000005
3622 0.31274500000000005
3623 0.17442901660899998
3624 0.195098
3625 0.4630591530715415
3626 0.27101238633225
3627 0.2842175
3628 0.335294
3629 0.347059
3630 0.171168375625
3631 0.422131
3633 0.684314
3632 0.40090192217207626
3634 0.569298998907721
3635 0.2586379999999999
3636 0.288235
3637 0.356224
3638 0.548556
3639 0.5831270118347573
3640 0.515686
3641 0.543137
3642 0.1568280000000002
3643 0.23897900000000005
3644 0.26852346549448275
3645 0.47621616972505143
3646 0.23456005059600002
3647 0.506609415225
3648 0.182510947369
3649 0.322549
3650 0.397059
3651 0.441176
3652 0.1485295000000001
3653 0.2813725
3654 0.672549
3655 0.15833350000000002
3656 0.47794125
3657 0.38333300000000015
3658 0.3912377401
3659 0.492157
3660 0.5785699824757589
3661 0.35441175
3662 0.26960699999999993
3663 0.49313700000000016
3664 0.123167306304
3665 0.323529
3666 0.4169039537609999
3667 0.540657266436
3668 0.287255
3669 0.308823
3670 0.279914
3671 0.394635
3672 0.29075389465600004
3673 0.2205885
3674 0.08137200000000022
3675 0.37451
3676 0.37608022437229766
3677 0.13087546293501617
3678 0.305019
3679 0.18899338209217392
3680 0.2284315
3681 0.3656865
3682 0.24210680589225003
3683 0.5524742404046108
3684 0.3088235
3685 0.1404426611855613
3686 0.5059599478337727
3687 0.386348021761
3688 0.4161514296039999
3689 0.13615601598789775
3690 0.358824
3691 0.370588
3692 0.23605522727527786
3693 0.331373
3694 0.24443928531312387
3695 0.4131076609462849
3698 0.167939318416
3696 0.01752194927025
3697 0.6558825
3699 0.45761301384100006
3701 0.058165862976
3700 0.548347
3702 0.5765396719207768
3703 0.06176500000000007
3705 0.35447922252044634
3704 8.649481000000485E-6
3706 0.46146
3709 0.37432346151294804
3707 0.37476600000000004
3708 0.386275
3710 0.298094
3711 0.5261432448714611
3712 0.308823
3713 0.3539215
3714 0.4068625
3715 0.34019599999999994
3716 0.2990195
3717 0.35196000000000005
3718 0.531373
3719 0.245
3721 0.222549
3722 0.245098
3720 0.24271326963654033
3723 0.2606554890885669
3724 0.201961
3725 0.47579648048667667
3726 0.370588
3727 0.2252425005210358
3728 0.2617645
3729 0.320588
3730 0.3742728676950292
3731 0.684314
3733 0.3264705
3732 0.389474709522
3734 0.256863
3735 0.42205875000000004
3736 0.3460785
3737 0.314706
3738 0.1171565
3739 0.16989600000000005
3740 0.3343135
3741 0.252239554107
3742 0.55098
3743 0.41470650000000003
3744 0.236312
3746 0.22702900000000015
3745 0.3382355
3748 0.3635378494810002
3747 0.4149151003190369
3749 0.325570665744
3750 0.212288
3751 0.598039
3752 0.2690944944501802
3753 0.21715700000000004
3755 0.582353
3754 0.39264675000000004
3756 0.187847
3757 0.026727000000000056
3758 0.170822676249
3759 0.5086024121963334
3760 0.072549
3761 0.4284315
3762 0.47419574999999997
3763 0.809804
3764 0.15279577388100007
3765 0.22647
3766 0.34509036613786637
3767 0.302941
3768 0.16635222676900008
3769 0.29854501017704843
3770 0.395098
3772 6.497400999999999E-4
3771 0.415702
3773 0.06568700000000005
3774 0.1915295
3775 0.720191673922297
3777 0.38328433227392256
3778 0.5960420478853142
3776 0.378113
3779 0.137335465744
3780 0.3931375
3782 0.25286299999999995
3781 0.049528057401000046
3784 0.31666700000000003
3783 0.352692
3785 0.17269046568256846
3787 0.10162748462321759
3786 0.0544