1 0.16262116266266147
2 0.16302714988820943
3 0.2323848072488245
4 0.11606673635188312
5 0.5824597464651626
6 0.007452144037568181
7 0.3529128545625913
8 0.37131969394189773
10 0.34577996843711256
9 0.45474444053174945
11 0.23623684811561343
12 0.24295178478567855
13 0.44170799818339723
14 0.20219427017275066
15 0.7503584991469507
16 0.13436827556939146
17 0.03835565956254947
18 0.8446351671563475
19 0.7994746636770126
20 0.29277551793435164
21 0.34022254425434284
22 0.2152074857879955
23 0.6713050712630944
24 0.1668913962017063
25 0.10745533447542982
26 0.5523345422037019
28 0.01581567022079377
27 0.5485841872008241
29 0.6252751178114886
30 0.8479485088742805
31 0.5882778822150481
32 0.031152126526111965
33 0.7606824868480326
34 0.7291784927205165
35 0.27021537367508436
36 0.005153667336251899
37 0.3058754513619386
38 0.27649089245210173
39 0.9046894638215558
40 0.3213010268352897
41 0.3896030059667806
42 0.7547741930581945
43 0.28455728081825965
44 0.2660413358086318
45 0.9364413813816391
46 0.4534114055921209
48 0.07613047029718152
47 0.8971651206232468
49 0.2007806572576632
50 0.8770630754550516
51 0.4768879445663249
52 0.10248290917504443
53 0.49333722955293385
54 0.4924034177858175
55 0.3563796637176102
56 0.7279321193141364
57 0.12572787559990026
58 0.6684027946841972
59 0.6379769207189265
61 0.07994177714960973
60 0.042235713245512646
62 0.5280757881308831
63 0.3192968534994925
64 0.23966305378328148
65 0.34036956829872633
66 0.4624230359931053
67 0.25345031269233653
68 0.41911443164555234
69 0.32343274804863703
70 0.33080779531086957
71 0.320078491225032
72 0.20218151652384175
73 0.18916402360402065
74 0.6696927347776659
75 0.02988117626879326
76 0.25934194683200507
77 0.26237601889524426
78 0.3506187788252578
79 0.3596341000476944
80 0.9772032052234302
81 0.07000217428149748
82 0.08169247231538232
83 0.9927092160735583
84 0.03747440018378848
85 0.2629917268899753
86 0.395032355275325
87 0.8197525479804488
88 0.3984943538812839
89 0.38689567093782135
90 0.33867082602793286
91 0.41429927955639495
92 2.534992592507824E-4
93 0.2828808895137683
95 0.5301012696331461
94 0.8503092281425275
96 0.06967246094791002
97 0.06572730218622945
98 0.032154562276998824
99 0.08239181588040323
100 0.43979423918297744
101 0.1941777994312332
102 0.7051125972054137
103 0.11123030366837804
104 0.4042870141902839
105 0.008327865430850017
106 0.6106951046021515
107 0.37569791302259103
108 0.26346794808453355
109 0.2715556479755232
110 0.14679340332830607
111 0.5535141565710056
112 0.7053663428607357
113 0.017577977825467158
114 0.5155412660762975
115 0.41120531543518923
116 0.5887396239425895
117 0.07603342374489254
118 0.34486465982182535
120 0.09348809136271538
119 0.15367386224878646
121 0.6117668975412159
122 0.21025196944029043
123 0.9177787591208534
124 0.4353226800219322
125 0.5372117669777312
126 0.361960568447688
127 0.3244300716679513
128 0.2793370965984104
129 0.4195234521271522
130 0.7119291904220353
131 0.12534175130932113
132 0.13356236758775233
133 0.1877551141253758
134 0.4482634479537488
135 0.2700338179157866
136 0.5806427660130772
137 0.4123264715932353
138 0.3333333333333333
139 0.04064549033801554
140 0.3015254133055872
141 0.31418902356448125
142 0.005847353116095086
143 0.24226890136358348
144 0.3288416258012526
146 0.5503036814998697
145 0.23628622595894652
147 0.28342130506576346
148 0.01562557644652272
149 0.028925659022632787
150 0.373942353577725
151 0.006289559903606697
152 0.0789536043207
153 0.005879394112937168
154 0.5733926312201347
155 0.5276935227128011
156 0.31349672991496463
157 0.5538717420125356
158 0.7789263139912846
159 0.08985174769307532
160 0.8825495522347192
161 0.46560913241518526
162 0.6727100932811796
163 0.2891812255419551
164 0.0010100467594123363
165 0.7393891299827565
166 0.024630361401192458
167 0.5889015313163262
168 0.9323896307552164
169 0.32924113859902543
170 0.96205936824035
171 0.17174047641106688
172 0.9520137797927889
173 0.017561256441684832
174 0.0370568449203058
175 0.5171838826053329
177 0.07627166870162477
176 0.6633521192680876
178 0.09619421116369156
179 0.14864471391986467
180 0.04464456829836666
181 0.5806740074653634
182 0.20423271555402944
183 0.4510886255112078
184 0.6076919340344401
185 0.1707814941242402
187 0.5546821072333269
186 0.9171704705906769
188 0.09833698491201308
189 0.012627529913049326
190 0.41315307362711806
191 0.09649381080400281
192 0.7436074543435821
193 0.2850332205077443
194 0.2954569240586107
195 0.4396160880326923
196 0.5512530206033119
197 0.21016704843359438
198 0.7258669143805424
199 0.2002967111458631
200 0.3100871446273092
201 0.14806470333880947
202 0.4822522052634523
203 0.30564475750275877
204 0.044280612941015915
205 0.2183869770041411
206 0.157398835507849
207 0.02822111985897815
209 0.08691631387284628
208 0.05429590482277591
210 0.7082230778235363
211 0.2200385965538789
212 0.8268034902428183
213 0.04683618117903771
214 0.2990149427790294
215 0.34961433843906364
216 0.40548980965229836
217 0.06031305034727461
218 0.22643175615981187
220 0.11069573263538088
221 0.999836488727784
219 0.27597450527141876
222 0.7773859340106852
223 0.17880277977104886
224 0.31391244956459363
225 0.24519565367622806
226 0.6459838392196562
227 0.10563964046923087
228 0.020857710435363653
229 3.883258882599046E-6
230 0.14722876961337336
231 0.87831809400696
232 0.20062709951558888
233 0.4912935419499605
235 0.9787014331189978
234 0.9725347396774793
236 0.962381989797583
237 0.27003163036781686
238 0.5010041184280534
239 0.5267655329427222
240 0.9202405884752978
241 0.9973277585201823
243 0.9988266206832089
242 0.9634179862880522
244 0.5429934575333377
245 0.31687222648861213
246 0.2049988418781653
247 0.8818018440652748
248 0.49560099055580814
249 0.9999999964029603
250 0.4124543128246019
251 0.6537286251299391
252 0.2085540478976659
253 0.5496025366258088
254 0.3332324222504133
255 0.9906808523043423
256 0.14305678757454834
257 0.47020850363736316
258 0.29672706805967763
259 0.6780489207217174
260 0.11768280840358106
261 0.06058686848857662
263 0.8741826770100699
262 0.20290541333964282
264 0.542046266316574
265 0.529432635467892
266 0.8040857749022067
267 0.33115684119804345
268 0.9654731063404149
270 0.44211416183340063
269 0.44037202466689723
271 0.23392136341109707
272 0.6473395054772416
273 0.9998038374262602
275 0.6636396621519965
274 0.34575780488306235
276 0.10349796653328944
277 0.274742041116274
278 0.023625050212023675
279 0.6631032460510246
280 0.7629920028643615
281 0.9927379462106499
282 0.8671373222352268
283 0.9079930759747084
284 0.5833504465088543
285 0.7059771292485862
286 0.8578382808188283
287 0.6377578416581333
288 0.6197398389407995
289 0.5827418562402105
290 0.09545243769982237
291 0.42722360388617325
292 0.42435610386793965
293 0.07357120383651077
294 0.30636496574055655
295 0.004432208293763139
296 0.37911319813102123
297 0.07439199792598188
298 0.32630728154458105
299 0.14813515944189024
300 0.5105550036465561
301 0.9077601499658174
302 0.021621249086824047
303 0.895675986412931
304 0.585566632881398
305 0.686109186136646
306 0.8558056546450993
307 0.17492001799695128
308 0.1801338219263083
309 0.38412019637856387
310 0.3246126224602623
312 0.0423286205589218
311 0.3614718335562368
313 0.6200196746520655
314 0.9591765389610536
315 0.3498368314428266
316 0.7132747828642582
317 0.42949569049994235
318 0.46716481665777204
319 0.550965316529976
320 0.6810605930138098
321 0.39944576271993504
322 0.30728334699909915
323 0.7408338429350623
324 0.44790574950903933
325 0.47485409008934876
326 0.08060145237660217
327 0.8468094264616253
328 0.7409739816664522
329 0.5512720203065548
331 0.38192785128394086
330 0.6459358843293027
332 0.7977063484520897
333 0.29552252300175996
336 0.2981499618102644
334 0.005362493113661493
335 0.07522800527239155
338 0.10248387441644984
337 0.1294466751427956
339 0.5385670885843806
340 0.18791980685097273
341 0.6729761478100369
342 0.28700520744357283
343 0.9909715236293168
344 0.46388051894719434
345 0.5590534342747616
346 0.5391246345041703
347 0.4728385375821366
348 0.44694736707881544
349 0.6437490191651709
351 0.6867436078913342
350 0.04287044064103711
352 0.10071950364888511
353 0.3864893458630744
354 0.37917043752239954
356 0.455479015410804
355 0.06496021984873018
357 0.3900890007621424
358 0.1321685676124884
359 0.11246675833473696
360 0.5861554214856265
361 0.003306675206033802
363 0.8073647544298388
362 0.3844313411455618
364 0.15998046937171786
365 0.32593226914851964
366 0.03962033733306103
367 0.6571764862795021
368 0.10838754077462709
369 0.5752237029443923
370 0.5175467270613047
371 0.6602919134977948
372 0.26745062432749067
373 0.16988194148645647
374 0.00937116390593062
375 0.3713529556674566
376 0.2216869119868399
377 0.020153809539268278
378 0.3140096147850714
379 0.18776713373475856
380 0.6599880699112001
381 0.7167443798384717
382 0.1879566180826245
383 0.5052491821100362
385 0.4047460097743171
384 0.2616329522306061
386 0.06477852198796094
387 0.1893445403492685
388 0.13432608235812704
389 0.7254851261147366
390 0.3429960535424146
391 0.4086178393837308
392 0.5391400964445083
393 0.024111660305034262
394 0.5598531767147314
396 0.12272341671589693
395 0.04054217983900115
397 0.6488379539803673
398 0.05874066391093818
399 0.570397728010497
400 0.36999697199395165
401 0.09148043092092457
402 0.017183421204453094
403 0.41193321047046916
404 0.8085287499869928
405 0.6260368181526706
406 0.05391430185223577
407 0.11960094612637166
408 0.45395279671828537
409 0.2259100935374654
410 0.509765901292638
411 0.07576425889515541
412 0.16784666781257424
413 0.14487411183869534
414 0.21153504991328054
415 0.9786006440535326
416 0.19666198370560437
417 0.14085386143293166
418 0.07679103045133247
420 0.09737589498808032
419 0.07796579385468427
421 0.4232450853895415
422 0.40259587344176473
423 0.25186005835235925
424 0.2727896442637886
425 0.5452982691569117
426 0.6109926961003879
428 0.008660788689477365
427 0.6553892345402879
429 0.7092493825081135
430 0.6228908420254106
431 0.47232888941352963
432 0.5697666434682538
433 0.9924106830142774
434 0.6135672503047376
435 0.2577444998366308
436 0.3822570033106243
437 0.23781103757016703
438 0.9068802464591961
439 0.9559026843442865
440 0.36501434332881244
441 0.3240730141022575
442 0.9817337417100704
443 0.21015802436380407
444 0.02957645249370893
445 0.28959507023802933
446 0.3150119677297888
447 0.9603206139891642
448 0.29191051304010474
449 0.667044947338507
450 0.31446008226796296
451 0.25883507199907146
452 0.4755349250883721
453 0.08987983517764901
454 0.880806956381225
455 0.9997533565185127
456 0.21461928690690632
457 0.5575946307050059
458 0.19126487408089152
459 0.913467684255734
460 0.543301009112684
461 0.26082868370340456
462 0.6454845086742668
463 0.013869347837890832
464 0.05709027654634864
465 0.41397666865919536
466 0.3601180472905304
467 0.033374528211666164
468 0.5965695511803676
469 0.3401845172691746
470 0.07606586561397986
471 0.05105506554695836
472 0.08501400776927652
473 0.09395785525748962
474 0.6243801007083478
475 0.3488124395656203
476 0.051058359789982036
477 0.11807894714800732
478 0.6148988034874759
479 0.2706053049164287
480 0.8832128286896592
481 0.2381375132776926
482 0.3456708641956998
483 0.9348399813672322
484 0.7063064093135475
485 0.5067954952713604
486 0.558757959762899
487 0.8241603770283356
488 0.13259208134866798
489 0.6618852267969094
490 0.09491052199594528
491 0.22133127609644188
492 0.9636996371440714
493 0.5094688885823141
494 0.8967137319315115
495 0.19125954152736332
496 0.5049597219580299
497 0.03449081167157251
499 0.6333240739057336
498 0.14078171826677896
500 0.528587628800177
501 0.5036890323555565
502 0.8899156707046316
503 0.12489587869583706
504 0.23802364251959252
505 0.7335441799173495
506 0.01049542047060322
507 0.1600432987768904
508 0.17442335591987915
509 0.31047572528032996
510 0.44080858400810125
511 0.10461589159755519
512 0.22468923973366803
514 0.21945130615850894
513 0.5884748867047733
516 0.5311070653075449
517 0.043463378583555944
515 0.5218856375199693
518 0.10784333333333329
519 0.7571114856950764
520 0.24147281906237536
522 0.0019242665414793687
521 0.0325057304212476
524 0.47627765513774867
525 0.6221628434827566
526 0.583863197511003
523 0.01913841738977655
528 0.7554728468302394
527 0.41675033721245597
530 0.0850842242625778
529 0.40924220383374
531 0.5621719990020355
533 0.12994796614705248
534 0.19249022798988127
532 0.023037133433717064
535 0.9946186876648584
536 0.3641167595271279
537 0.12886469430946648
538 0.6033111447670656
541 0.27526659616176924
540 0.25830795623033315
539 0.25119394660082417
542 0.07390602807257386
543 0.18369191586715491
545 0.7912924706860185
544 0.29848374527609584
546 0.3148019279894094
547 0.9279253055574902
549 0.861317728443145
548 0.12996234452187838
550 0.6737975235598436
551 0.6216556979976343
552 0.3840214056454761
553 0.06587638991984765
554 0.16448331816355324
555 0.36571474181513886
558 0.14411181493973332
556 0.9998477284109498
557 0.3680832489596341
560 0.6123510276048867
559 0.6998827683331436
561 0.4302479536088178
562 0.022913581895803822
563 0.03742006650732724
565 0.6054780410292682
564 0.20867631288336513
566 0.047514586735043746
567 0.07508376985101542
568 0.1533884958361664
569 0.0944821546414567
570 0.2800005179128283
571 0.1471682270388108
573 0.010722380285284504
574 0.08421486672374916
572 0.1647235057832904
575 0.3966576822308673
576 0.021846417975058725
577 0.16963091815293238
578 0.5964877053509487
579 0.10139345581640988
580 0.7176765847037884
581 0.7143190671976818
582 0.274784313419061
585 0.42901234150984785
586 0.7287803138717133
583 0.43875317235250777
584 0.12809786839855242
587 0.6926894154411213
588 0.06813586477837526
589 0.21566461291846076
590 0.2658729957955345
591 0.09437536656748832
592 0.8132507970689489
593 0.04198537812456776
594 0.958087303248022
595 0.34364521028853756
596 0.3941600588496017
597 0.335278280731394
598 0.3418327921452344
599 0.9169089879607631
600 0.4394671735332028
601 0.48977994875667785
602 0.012110152332785925
603 0.2884700689423244
604 0.313310413992868
605 0.055261895893806895
606 0.020823628352333323
609 0.010299148783108468
608 0.34800610256177383
607 0.22928830011763401
610 0.4386847991859302
611 0.01934811651479783
614 0.344998380760443
612 0.6614149613260747
613 0.3364598965651251
615 0.11026012581970897
616 0.36713693435130745
617 0.8501218383082884
618 0.041177178078980595
621 0.9909246846227802
619 0.3323443204483286
622 0.07706015908022888
623 0.6013594126953059
620 0.9999858945040517
626 0.04603538225706137
627 0.28613837763700145
629 0.6090287235050657
632 0.32780109107631494
625 0.2574756460775833
624 0.6817432395435193
631 0.7838438487449464
628 0.22865141968423278
630 0.6236907674500937
634 0.046136247256070344
633 0.3333205471331305
635 0.15649002724531091
636 0.9786120781617496
637 0.1645567285460933
638 0.013393197644436467
639 0.042208300250943166
640 0.3415006173885674
641 0.34124160759295247
642 0.1040655057247628
643 0.08836338006034854
644 0.08827026985470893
645 0.1454376323537134
646 0.40461943553822216
647 0.003288996331858935
648 0.4250754535021823
649 0.861495948973006
650 0.6314684378370139
651 0.48943614323630374
652 0.8972701836181541
653 0.5467475223635552
654 0.10292835233008132
655 0.5447501637713579
656 0.17514331032831706
657 0.3682336529521235
658 0.7464752153023003
659 0.008591369750602547
660 0.19531272257517487
661 0.4609115997671806
662 0.25435897733818563
663 0.5172725746639831
664 0.22522287826196638
665 0.18208626935916494
666 0.880362760379972
667 0.9999999977549724
669 0.15139671632250395
668 0.3284398312602702
670 0.5695273084240875
671 0.04890326066378893
672 0.6956174032017961
673 0.03566178526952577
674 0.5855244776156371
675 0.32022477668716826
676 0.6118184694519521
677 0.9806528289547787
679 0.17667484940536402
678 0.19512289084783732
680 0.2734953407383841
681 0.7042002230614756
682 0.8847379611639488
683 0.5764713146599997
684 0.7630885699800388
685 0.4479638878424196
686 0.31735915014345234
687 0.5931657480312321
688 0.6765051340142136
689 0.12624403687155247
691 0.030579408733527255
690 0.16171769371791317
692 0.25008199654020097
693 0.7903572829676561
694 0.027853010041303798
695 0.10980203047337984
696 0.6945491445810532
697 0.07357901460834472
698 0.49672595195306257
700 0.03050124540499622
699 0.08020803184598915
701 0.237472082285671
702 0.5629141220123604
703 0.8252763983055609
706 0.4317817444305981
705 0.29196910675911725
707 0.7771719072044976
704 0.19911758461870013
708 0.3978455609929954
709 0.07376798141375848
710 0.003571407850275374
711 0.3519191442507596
712 0.3172848224636052
713 0.07371091014581158
714 0.8706050283510599
716 0.1770122302242795
715 0.252269557958699
717 0.24206983318455721
718 0.00931888907087203
719 0.37001320913031566
720 0.43851046556280826
721 0.06185710816958944
722 0.3671332870619161
723 0.2358538878246045
724 0.4210652918744728
725 0.21739145860126838
726 0.2746284733097985
727 0.11793271298464396
728 0.8491930850768308
729 0.3437562485494477
730 0.27051941172713495
732 0.2963911999293624
731 0.1366635306081282
733 0.3405731798810787
734 0.13792842967386817
736 0.5597871767734919
735 0.40820064820009067
737 0.6256187513236395
738 0.07054592872509305
739 0.9888570747094481
740 0.7228298836130423
741 0.008829870473467094
742 0.37791117375795774
744 0.3045246049178763
743 0.09724200210217764
745 0.999889475856246
746 0.07616720676215658
748 0.8423380552627181
747 0.03657764349060191
749 0.16885793021509726
750 0.783404951975497
751 0.5591801903674496
753 0.8164836718779722
752 0.05732388919162061
754 0.0190681856186329
755 0.04830428918941447
756 0.36117175440353333
757 0.7567832816510827
758 0.23022885307220223
759 0.11244812898252322
760 0.9761180227746249
761 0.2864141897795042
762 0.364949496648729
763 0.34928875785171976
764 0.5243193858298882
765 0.1495919675835288
766 0.6551658043566223
768 0.5984994637085453
767 0.4506462932599814
771 0.2766432456209326
770 0.045454762396644935
773 0.07496311523046989
769 0.15764661287475512
772 0.09939679149677828
774 0.1290238423480336
775 0.9249135993593474
777 0.4042084300760933
776 0.27344775075822253
778 0.3348917343606706
780 0.5706231895308949
779 0.3634086449039059
781 0.7931724806997658
782 0.40885882565835124
783 0.029297233566194424
784 0.02553145776387886
785 0.38770249185303196
786 0.9780808825087943
788 0.8480327297086326
789 0.6409073959860483
790 0.9203571248425819
787 0.700327398484289
791 0.5178641354798172
792 0.7367733851884243
793 0.44422153486546456
794 0.2697305047681336
795 0.7669712993281922
796 0.5990744943283381
797 0.21634907492573857
798 0.685388233354876
799 0.9076190458714384
800 0.9360261396454687
801 0.21924439953352354
802 0.3979220018571745
803 0.4238226884449077
804 0.13191123737891636
805 0.11695682500179969
806 0.3097643076905536
807 0.21942584081041064
808 0.13049619881716853
809 0.47120433527053396
810 0.33402202952259263
811 0.3079643657505006
812 0.3106050585662833
813 0.018980808409688788
815 0.32880212007397375
814 0.9615499485112444
816 0.2620834551286771
817 0.35107459867355084
818 0.1972065106135731
819 0.36731961125561313
820 0.5185328617160453
821 0.8473204746047063
822 0.12818151114211918
823 0.8497765262644889
824 0.13788706689735303
825 0.47368437198265845
826 0.03689972665126629
827 0.40362450648223086
828 0.8835976556493184
829 0.893334654576731
830 0.5309990295944765
831 0.0
832 0.7675345209117672
833 0.5822700065402946
834 0.10533155335422874
835 0.48183021428453265
837 0.5592765034415618
836 0.48629508179694664
838 0.18009995674063595
840 0.6974937038790892
839 0.6928347514327244
841 0.21170570258604152
842 0.0440994539885068
843 0.2699162110615182
844 0.21466144819095895
845 0.5570260745393718
846 0.14745770433693137
847 0.3912925303771526
848 0.6964490476518118
849 0.3862981009756092
850 0.10608732291072456
851 0.5266954990690877
852 0.9995095618368474
853 0.7541727977231116
854 0.3071523363770256
855 0.5864198780035023
856 0.4634003563267029
857 0.5924601282106124
858 0.3519074269126589
859 0.806086580208454
860 0.5288202831611136
861 0.3007016403166986
862 0.338955813634024
863 0.26472084878269625
864 0.9946680686666086
865 0.8134896833304602
866 0.5485190458255258
867 0.4744811189228832
868 0.013640124986981734
869 0.22358941901737575
872 0.31070873730034226
870 0.36640000361703007
871 0.33823746860768705
873 0.34663998508776867
874 0.08117513607429337
875 0.6199334861787477
876 0.49323604473732086
877 0.08523468005506411
878 0.40607213458838737
879 0.2655792294942661
880 0.6417234243655013
881 0.5988892195173511
882 0.2999914750842725
884 0.19122826611314564
883 0.16242132137839232
885 0.31999375396677693
886 0.011030510011539636
887 0.5795609015894767
888 0.22185866431767826
889 0.060810624543412024
890 0.9980046312615338
891 0.4516470136895267
892 0.2445888297851937
893 0.9727749399619958
894 0.9429602362094239
895 0.25255957250526534
896 0.02409595369447738
897 0.1289152846081863
898 0.33851692719578547
899 0.24918002907834685
900 0.38878292096994793
901 0.010740670644474684
902 0.04098999128192076
903 0.5269646084982644
904 0.5748878498744043
905 0.05467981449383985
906 0.3395585388731951
907 0.7915431142345511
908 0.6793280944920788
909 0.5077307336382795
910 0.03489707787921866
911 0.1578113961942813
912 0.1630656883807347
913 0.37779788826586486
914 0.18663321331943383
915 0.13614416264215307
917 0.3964706997301862
916 0.891969707639175
918 0.007866906187400198
919 0.4626567384313457
921 0.2212817390051271
920 0.14184886248982193
922 0.8188462599588016
923 0.1311522388457575
924 0.2581873328329712
926 0.35530935354176146
925 0.5091888583486325
927 0.945579147174241
928 0.016960171190848847
930 0.15028283507669968
929 0.1392752698359392
932 0.11709889896215635
931 0.5264394254048979
933 0.3699681770348773
934 0.003976073598171672
936 0.8065437237315328
935 0.13459405642903538
937 0.41047115191697603
938 0.5643950395351373
939 0.8628582753480202
940 0.4742432334928427
941 0.02522992023278067
942 0.21250019739394274
943 0.16096348523635673
944 0.2111647931590668
945 0.05259499906365265
946 0.354172888177373
947 0.3552362563486238
949 0.35470306405866003
948 0.829326377534405
950 0.3969634215057406
951 0.3346801902517081
952 0.6055820726481193
953 0.731753469283747
954 0.48668976293551947
956 0.07778473283053966
955 0.17194955424861572
957 0.3905197248708023
958 0.12204915113258921
959 0.4279238188694761
961 0.3019028195900493
960 0.3212714292648729
962 0.24773446714621056
963 0.3190063731010836
964 0.5627268185690214
965 0.5670564185551084
966 0.9887064512190515
967 0.6507448109414247
968 0.055334492141124646
970 0.3518217035838789
969 0.2825373728204173
971 0.024660790686378515
972 0.7717063650878594
973 0.055215841046434344
974 0.5210697104697026
975 0.12430896416475533
976 0.3299617016338057
977 0.4317558293838863
978 0.6507934985022306
979 0.2071201924465553
980 0.9659949625555242
981 0.20968926865677498
983 0.5701688452303438
982 0.06386815529743872
985 0.024741095747970464
984 0.3151977631785769
986 0.8301266388768633
987 0.27057798405728356
988 0.9607791473980224
989 0.6833987108238949
990 0.32322078297908263
991 0.4476959363241351
992 0.1502582985715534
993 0.8461723812591061
994 0.09586721605871008
995 0.017258094145752075
996 0.23616364925145203
997 0.7999346410246315
999 0.4818592905344187
1000 0.04630317929354459
998 0.21453819460956947
1001 0.45506887724286554
1002 0.8472397872883146
1003 0.00331784835038383
1004 0.02384836456317355
1005 0.4465536786490349
1006 0.23882147641483134
1007 0.0032140493561065553
1008 0.1630127592499653
1009 0.5095332127752576
1010 0.4198880739306779
1011 0.4298159518011709
1012 0.14806038418075754
1015 0.3386295023218431
1014 0.21830052113298593
1013 0.07408917718599106
1016 0.4364725511021255
1017 0.4378412850187863
1018 0.34580402054205894
1019 0.16770134392950978
1020 0.9789459419436431
1021 0.13431515662303922
1022 0.51609084477006
1023 0.5545301996957951
1024 0.6105980263315708
1025 0.002642832339932395
1026 0.16751266334534912
1027 0.11189104985059872
1028 0.2919873955301697
1029 0.6932036271089089
1030 0.13679682002371846
1031 0.319683328982242
1032 0.38560067392570774
1033 0.8177604482669717
1034 0.22117344491481872
1035 0.7183345590327508
1036 0.1829117932780861
1037 0.0542299682842381
1038 0.5790646336715684
1039 0.9751229052957461
1040 0.37255920999591174
1041 0.056211390861597585
1042 0.2651985561837815
1043 0.10468425470452028
1044 0.5091277554731878
1045 0.5738719775822231
1046 0.44316198238910903
1047 0.6615802530647201
1048 0.21923832439367472
1049 0.9106592057418904
1051 0.22617114241071565
1050 0.15667553997399267
1052 0.7447712790076773
1053 0.4360145346424053
1054 0.1547534312470122
1055 0.6460083551712738
1056 0.2466775452008027
1057 0.477567694063112
1058 0.18817318967071778
1059 0.6770018139493366
1060 0.0450992810540683
1061 0.12845914760093702
1062 0.5707400735481692
1063 0.4916397012194241
1064 0.7792709837679593
1065 0.03085275651320766
1066 0.6858571685723911
1067 0.7148614379469846
1068 0.6362075794246811
1069 0.7116015209956958
1070 0.5159459190182765
1071 0.22064250903972146
1072 0.09641889624650676
1073 0.24116263948376637
1074 0.038759410295150315
1075 0.07139127596797737
1076 0.06428936286030562
1077 0.5369979760911474
1078 0.15963192962419837
1079 0.11994621410586923
1081 0.030270985278230623
1080 0.020976800496187543
1082 0.2787339457394764
1083 0.2642643056570195
1084 0.5892604603087525
1085 0.06111863586056479
1086 0.9103658068127927
1087 0.039831727844518786
1089 0.922842877002899
1088 0.03579057366342423
1090 0.509987440917232
1091 0.9637025320413594
1092 0.09418584759514562
1093 0.40023882865500277
1094 0.15185994594867955
1096 0.04557570562688298
1095 0.30031341271767065
1097 0.004629277386775935
1098 0.10954950973791705
1099 0.09741674857812394
1100 0.46486152702896766
1101 0.1591651760346424
1102 0.6284698436755252
1103 0.5510890049062247
1104 0.8501556643594397
1105 0.04783046246711822
1106 0.7100846591600267
1107 0.11232292514233556
1108 0.4417346820308598
1109 0.6841358897182149
1110 0.7721892215798225
1111 0.16082825818223415
1112 0.28180521582449797
1113 0.328401655761784
1114 0.7765480859657599
1115 0.34059531098192036
1116 0.016144058574202653
1117 0.817669496416879
1118 0.2773811356911762
1119 0.4659846744405324
1120 0.10225282117654749
1121 0.43862385825655753
1122 0.05657080804585552
1123 0.11086668354605006
1124 0.07346669796637871
1125 0.6881201248673727
1126 0.3382289668681898
1127 0.028249262404906276
1128 0.0995922366837541
1129 0.41806292806611495
1130 0.544733309768207
1131 0.6877033483170276
1132 0.2634615892561619
1133 0.7559831796687254
1134 0.1800309439175992
1135 0.6755400531926747
1136 0.17860714310718687
1137 0.05403235909051667
1139 0.5153999089012148
1138 0.0018607728115513432
1140 0.16986376444111215
1141 0.004082275172772931
1142 0.09195325040471865
1143 0.21479589403212965
1144 0.25224444257687495
1145 0.8723305951328892
1146 0.6698203172759725
1147 0.04011702510983505
1148 0.25926379161860913
1149 0.7134811226165504
1150 0.10677101619322629
1151 0.44267348213842395
1152 0.48514202348695046
1153 0.25552986033218716
1154 0.5720677238053119
1155 0.18578588670977506
1156 0.251293883021671
1157 0.0027731112981583365
1158 0.1313396227699306
1159 0.34050446874000245
1160 0.004627774960473631
1161 0.8095125689173567
1163 0.49251151476631516
1162 0.7456150419783687
1164 0.4091821728200765
1165 0.2825200019118466
1166 0.049898053861521845
1167 0.3099175992076037
1168 0.3744484249389245
1169 0.6559047469490672
1170 0.16242009374609467
1171 0.016587699203759017
1173 0.3475414427576809
1172 0.4151193995430992
1174 0.7986033545592985
1175 0.460675055944716
1176 0.2917358978130048
1178 0.39681859369806505
1180 0.4289121442131008
1179 0.9661265276492883
1177 0.32817941972719133
1181 0.08569108076539418
1183 0.45137794136288545
1184 0.23400458581016054
1182 0.030331721544580494
1185 0.08715648950076928
1186 0.9998524221524056
1187 0.39563142426348913
1188 0.9579340989025237
1189 0.16879535298974174
1190 0.0027936024935858914
1191 0.5438184181263311
1193 0.036888571337312395
1192 0.025726215111268665
1194 0.35696617037493383
1195 0.18910299633273908
1196 0.41306103741524963
1198 0.9719009278792252
1199 0.7519173579986689
1197 0.2380475897196617
1202 0.2792248029673731
1201 0.23156066888764065
1200 0.21366039064153086
1204 0.33589079248834847
1205 0.16417044645484596
1206 0.0839106450317641
1207 0.6315022798409459
1203 0.3818276757006543
1208 0.06315858227150434
1209 0.26391808479041157
1210 0.721166230184607
1211 0.757245217868867
1212 0.05919019613554459
1213 0.8840300781075304
1214 0.7595836037261754
1215 0.28000991362584043
1216 0.37219109662629224
1217 0.16206384496036355
1218 0.014440187282398344
1219 0.9494082389910147
1220 0.17346006065079983
1221 0.5122979320994747
1223 0.3402956695630357
1222 0.5378112862995527
1224 0.7978293289424262
1225 0.05903659320943774
1226 0.9848119304958003
1227 0.8496903142843132
1228 0.3363389461698832
1229 0.1397588253504651
1230 0.8522076820561546
1231 0.11467765270485387
1232 0.7525717690326744
1233 0.3333333333333333
1234 0.1632199784933991
1235 0.3814798919955131
1236 0.3333333333333333
1237 0.013666191687866395
1238 0.7209620258625913
1239 0.4083430693057597
1240 0.6762602030398623
1241 0.6606776472905211
1242 0.009300498165347688
1243 0.8750904805923403
1244 0.13522876576583565
1245 0.4736983656265347
1247 0.2515339112499757
1246 0.06646896500386122
1249 0.22166613511837208
1248 0.0840086569443231
1250 0.3407924312646897
1251 0.24831951454358375
1252 0.28355608215011335
1253 0.15196996311803163
1254 0.6554782819328663
1255 0.9089791941076043
1256 0.846503971715553
1257 0.3641650242608708
1258 0.46483276337528595
1259 0.10631126479078767
1261 0.6607716659744811
1260 0.6670272505616278
1262 0.18899892646309804
1263 0.44312115993207124
1264 0.05140867333498327
1265 0.28628040890862216
1266 0.11834333096299264
1267 0.0440263013232986
1268 0.31242001595815666
1269 0.5812014782195473
1270 0.3534222015998347
1271 0.17732576240530162
1272 0.6408805219808872
1273 0.07982479694261978
1274 0.10230429388227788
1275 0.10282802573033334
1276 0.5423136584496304
1277 0.9640185059943719
1278 0.2864909470288649
1280 0.43159933854969085
1279 0.044976156882879086
1281 0.6238867449361654
1282 0.06401056433018727
1283 0.5438092072025007
1284 0.7740314050939472
1285 0.06940103946709011
1286 0.07443670525350456
1287 0.06551783330973253
1288 0.5874830926627169
1289 0.7194033428856759
1290 0.07066864654513516
1291 0.08127135536256465
1292 0.747474953655662
1293 0.4170070530326868
1294 0.29979344587979523
1295 4.036629006581326E-4
1296 0.048021915837144734
1297 0.726420699496388
1298 0.14824543464121506
1299 0.8674502847524518
1300 0.08770182597308125
1301 0.5720114287617494
1302 0.6144674525698165
1303 0.29198048908977814
1304 0.47545197863533817
1305 0.29439928790800085
1306 0.2728196288487284
1307 0.8567001863325204
1308 0.9607125866791194
1309 0.10995788540832636
1310 0.14650906367121352
1311 0.4041606129609473
1312 0.9360479932843665
1313 0.8164980522506782
1314 0.1865835189255722
1315 0.17709711330292796
1316 0.4480921442635476
1317 0.016114923485230036
1318 0.48689365745685736
1319 0.8096546390015616
1320 0.06027882420124837
1321 0.13750879973729815
1322 0.386931082514036
1323 0.9332496624447424
1325 0.07107309537391006
1326 0.9946516519252868
1324 0.20535253687571206
1327 0.33441981585336683
1328 0.4311809557031891
1329 0.23906322949179737
1330 0.047267993013116204
1331 0.06362738387506295
1332 0.9903252789994345
1333 0.5759247744579999
1334 0.3026740618991023
1335 0.3137823887681403
1336 0.06252064303120983
1337 0.16506134002248915
1338 0.5521144601846036
1339 0.9982019141116968
1340 0.19397986510296825
1341 0.5294717905166599
1342 0.8276146812894206
1343 0.42165264764590726
1344 0.572072015346707
1345 0.1314602118201238
1346 0.5137844910522024
1347 0.29018198680691876
1348 0.42708578360372473
1349 0.9462114308387122
1350 0.46093511308436036
1351 0.3896809774531681
1352 0.7502325467865438
1354 0.41392267180377484
1353 0.5369457562321581
1355 0.1745122124940918
1356 0.5994266004477375
1358 0.70993286215427
1357 0.011019721910022208
1359 0.5861621626400051
1361 0.22074528676596236
1360 0.012826725689868541
1363 0.372242591539574
1362 0.12476347305943576
1364 0.245718526685412
1365 0.48577779204589777
1366 0.0048898917091302705
1367 0.4601286518028049
1368 0.327292598156108
1370 0.6953197595169418
1369 0.4354459467059763
1371 0.014001803155653633
1372 0.16077132980433054
1373 0.10905615871181418
1374 0.026520085330255523
1375 0.30222497690790195
1376 0.4072554955802984
1377 0.2496221337919047
1378 0.06190909154154362
1379 0.0
1380 0.12686078133832995
1381 0.8856588626315288
1382 0.1321598081225455
1383 0.4025923443980749
1384 0.10297801245011728
1385 0.24990516245879912
1386 0.5595813476496706
1387 0.4531831390536538
1389 0.3623437467639755
1388 0.7138533145754221
1390 0.36498468353976576
1391 0.6387105318935491
1392 0.2878178168429201
1393 0.3142876116175075
1394 0.02746596578118395
1395 0.3996229076965043
1396 0.5972295784903119
1397 0.8300196857116485
1398 0.8501976275767305
1399 0.5617524589087658
1400 0.7565088968705438
1401 0.999219944809299
1402 0.8533808565510848
1403 0.6847007550849563
1405 0.8073346542923455
1404 0.47985501586464396
1407 0.08133174990828254
1406 0.31357973699089686
1408 0.9817746635758947
1409 0.6361220399966271
1410 0.06934326096449207
1411 0.6522360088719914
1412 0.5520739867298484
1413 0.2523023591148789
1414 0.3919390186359851
1415 0.30771298862140395
1416 0.15088503726083535
1417 0.17882975072484622
1418 0.15884832952742664
1419 0.34562401120785147
1420 0.45804755638954026
1422 0.4986794458491247
1421 0.42897218538299275
1424 0.10864311597230115
1423 0.03426883251192282
1425 0.5860578720170692
1426 0.2347238229946687
1427 0.4193983669401887
1428 0.1107596341232151
1429 0.38380634802483604
1430 0.9678882229325844
1431 0.3694042668343299
1432 0.1447596514966277
1433 0.4087201939895742
1434 0.47113214316581525
1435 0.14869817291084864
1436 0.20001041045823217
1437 0.005032873085665211
1438 0.39969237707733635
1439 0.222313673566415
1440 0.719927498286123
1441 0.07783432143247425
1442 0.18587873462214413
1443 0.29571262277632476
1444 0.4055557452203353
1445 0.9657910392832059
1446 0.8961696766875379
1448 0.36346045655216386
1447 0.7105887694036801
1449 0.48738522093770403
1450 0.7757417424839352
1451 0.44242109002232427
1452 0.1637022153528343
1453 0.6190236361500888
1454 0.8325741263758437
1455 0.62516120307259
1456 0.4692192821857015
1457 0.80274844686726
1458 0.10676149155913867
1459 0.153998532154962
1460 0.28995363273226255
1461 0.26157325285257815
1462 0.044843155983267796
1463 0.23466219045326633
1464 0.2626367988869665
1465 0.38272973055725046
1466 0.8044626808479086
1467 0.30803509645990756
1468 0.4888717091758586
1469 0.23448938244498238
1470 0.19643357094908245
1471 0.1930144000676058
1472 0.1127428343582292
1473 0.2571431038548988
1474 0.10006108399835487
1475 0.3707076551241081
1476 0.13334058595540277
1477 0.1162343403432335
1478 0.789263753485052
1479 0.1301385127638384
1480 0.8907878016846384
1481 0.5628825858821351
1482 0.7918167673350897
1483 0.464714258222653
1484 0.3125932232149415
1485 0.6141443065228143
1486 0.40027915213313553
1487 0.9892022421935918
1488 0.82268326665062
1489 0.4555257238630176
1490 0.61564560851414
1492 0.1249488309038651
1491 0.7937535473051903
1493 0.5207417402529505
1494 0.2951038873821809
1495 0.44955569306369597
1496 0.9774776356864432
1497 0.6382947637097156
1498 0.6032448531930493
1499 0.7801479160031662
1500 0.3582464791634846
1501 0.3038794891748969
1502 0.185880841960016
1503 0.35197544081640075
1504 0.35135135135135137
1505 0.13658423144670434
1506 0.006199918424895643
1507 0.046656413227480396
1508 0.10889898088699218
1509 0.623544889213274
1510 0.7084150463900833
1511 0.19062677357757077
1512 0.5263138104139555
1513 0.014870701401410698
1514 0.5223834880265132
1515 0.5621251606680233
1516 0.9731747286009464
1517 0.12386530678990819
1518 0.5331116683718146
1519 0.5916061677652342
1520 0.991916265756139
1521 0.597535598696152
1523 0.6542012249915135
1522 0.23576127814233536
1524 0.5318524338973649
1525 0.5605175574022929
1526 0.28581110270207755
1527 0.44514687136902775
1528 0.38446686496769267
1530 0.396877775731181
1529 0.9267381239078692
1531 0.36054770007417286
1532 0.0010167384577954265
1533 0.7899065621242213
1534 0.4584454234511722
1536 0.3146864453022372
1535 0.7867382530184402
1537 0.04792877488680792
1538 0.022104485868344556
1539 0.45686014478488485
1540 0.14393348417812593
1541 0.37686543903417985
1542 0.22145960562061132
1543 0.4272731023585333
1544 0.10882440772633818
1545 0.8820867489257735
1546 0.11828513893766987
1547 0.464915090132587
1548 0.26208062806454974
1550 0.9082413611516121
1549 0.44586811439101653
1551 0.8905815654135725
1552 0.7164308357785891
1553 0.5376057410067931
1554 0.9932625459742768
1555 0.29505358521122516
1556 0.2117930389926747
1557 0.9958579623084504
1558 0.152098037405366
1559 0.8978382328162842
1560 0.22690865327302734
1561 0.2859329887025832
1562 0.409933088943365
1563 0.4281689718643649
1564 0.06249941357355984
1565 0.3467936378447257
1566 0.41506947120914545
1568 0.7110325441437586
1567 0.14968973071236316
1569 0.24566278055052243
1570 0.1275818055003322
1571 0.9745469941039536
1572 0.5938103062906267
1573 0.3397245346868457
1574 0.26635998687122564
1575 0.0
1576 0.35262990159456464
1577 0.07214315127868055
1578 0.24489836391795197
1579 0.40511904567712326
1580 0.34689481491838553
1581 0.3815802215636483
1582 0.8704888315982775
1583 0.9604116754656677
1584 0.10276025091476546
1587 0.13275794783671124
1586 0.028507121734069975
1585 0.011016331363606361
1588 0.21525659973701256
1589 0.34760857762835873
1590 0.4939835409114318
1591 0.6846339002276732
1592 0.14564264921460907
1593 0.5291358588980518
1594 0.4954912342937727
1595 0.0843696581758773
1596 0.713174095550377
1597 0.008333539930512533
1598 0.9499230231772924
1599 0.7768852191633978
1600 0.3181619088515894
1602 0.4011308257292202
1601 0.05479424301003297
1603 0.36228392715022334
1605 0.5149626521071862
1604 0.23671899662715823
1606 0.13081460839833461
1607 0.27062812088497723
1609 0.9671252476644786
1608 0.9482624034427672
1610 0.6924013931645648
1611 0.732946328950427
1613 0.6307054938326282
1612 0.7796813876401354
1614 0.3262704081081373
1615 0.26262334364764583
1616 0.13804274590627003
1617 0.450960457989195
1618 0.5836809322395315
1619 0.09599907232590876
1620 0.13877499769654794
1621 0.0953934216375191
1622 0.6240690400670702
1623 0.4463660490459212
1624 0.47638793120511974
1625 0.5997531201545072
1626 0.7602914697476861
1627 0.8467439438361215
1628 0.10731638143999046
1629 0.713909181680344
1630 0.15874140170122822
1631 0.23297122442724635
1632 0.2808014954526466
1633 0.14893038814708442
1634 0.05789821885721079
1635 0.158551655724227
1636 0.1524296658340708
1637 0.6047189168768279
1638 0.6312893894940391
1639 0.6781029216524626
1640 0.2331041233983782
1641 0.7547389991777169
1642 0.10786751011971699
1643 0.33139728903449295
1644 0.5615728541736088
1645 0.4333756080531293
1646 0.09086207799648713
1647 0.09901311159422067
1648 0.0756066568496738
1649 0.3378992350033127
1650 0.3176926658696773
1651 0.5076350691432628
1652 0.3131631213053225
1653 0.37331314937578114
1654 0.027639266207208434
1655 0.034102740114348495
1656 0.20616922597129117
1657 0.12036757739436257
1658 0.49085218999276004
1659 0.39642258679537845
1660 0.08450195501228668
1661 0.4759362683520487
1662 0.33333333333333337
1663 0.12451419779233526
1664 0.9994388291825622
1665 0.6369643039910227
1666 0.05991840258706586
1667 0.5003157336703897
1668 0.26533364726285175
1669 0.026135212481543407
1670 0.8395570062556795
1671 0.22158009718831598
1672 0.12378372825588924
1673 0.7612085752424228
1674 0.9467427809016955
1675 0.3801165544268612
1676 0.1599073037003549
1677 0.04075733069064796
1678 0.2598517736997937
1679 0.23463884589952907
1680 0.56089978602718
1681 0.060666373920190614
1682 0.6466304082600797
1683 0.37787910167481886
1684 0.9887357279305955
1685 0.7426315843505221
1686 0.6259114430767359
1687 0.13004079701935134
1688 0.026720046503549807
1689 0.2514344269560932
1690 0.13458173309698496
1691 0.48134054099983536
1692 0.10766610206415135
1693 0.1978518370844864
1695 0.9401553143434677
1694 0.23345827584428522
1696 0.8307139480685474
1697 0.05638994984846665
1698 0.9999730118350204
1699 0.2547777603231909
1700 0.47900079260364314
1701 0.5737344009667309
1702 0.8398296421954675
1703 0.3491250578758918
1704 0.6879451418295032
1705 0.19086733170519418
1706 0.2473680604947569
1708 0.055741548984436944
1707 0.9637412631241205
1709 0.5912669625538146
1710 0.9977129855434401
1711 0.17226545549649852
1712 0.6748589783994062
1713 0.09581148802016673
1714 0.11280411322592399
1715 0.3266334438601061
1716 0.6925109876847142
1717 0.3103244878374541
1718 0.5222229210784627
1719 0.9338389831793686
1720 0.46090999059147536
1721 0.3253913855914523
1722 0.09714007530582892
1723 0.7766324951492769
1724 0.4611845169000317
1725 0.4049710705536339
1726 0.9711141901645822
1727 0.08741236606931894
1728 0.990643929608212
1729 0.6195860021707827
1730 0.5751112851125061
1731 0.4902738162299254
1732 0.618641662278393
1733 0.31858620096107637
1734 0.2868753461455307
1736 0.24528157209761955
1735 0.16275886529914693
1737 0.35722317946339793
1738 0.49059559872695646
1739 0.0681127533642374
1740 0.15754800919616543
1741 0.330100201739213
1742 0.12344350941718728
1744 0.14239450278281315
1743 0.4513692959298372
1745 0.2460789252101608
1746 0.6097932528570937
1747 0.1865077924413286
1748 0.6155190965613068
1749 0.3149976593389521
1750 0.44027246251751206
1751 0.6724440228314541
1752 0.7301806835593295
1754 0.7280103783645361
1756 0.3860194836846476
1753 0.7767500744027414
1755 0.3096569588388014
1757 0.8859908783147965
1758 0.7327876711768739
1759 0.39036085527315306
1760 0.34610079597804
1761 0.05546928284238371
1762 0.20126985046551146
1763 0.12553663500644338
1764 0.5175387516670223
1766 0.23234174524370152
1765 0.49311397879817387
1767 0.20710516313555785
1768 0.03719217243314306
1769 0.17348714142057817
1770 0.8056819917293658
1771 0.9034491235421945
1772 0.6811151410263353
1773 0.47455853171647905
1774 0.08885492641050309
1775 0.5405049603551395
1776 0.4441205610275548
1778 0.16173701811405844
1777 0.28021443293535575
1779 0.03218869412822722
1780 0.29414985754055856
1781 0.16943190150294107
1783 0.10272168118280743
1782 0.2972333497735459
1784 0.14739892487224196
1785 0.17155160378313175
1786 0.6720655127092212
1787 0.2586302184971506
1788 0.7035389782630123
1789 0.22900737216846653
1790 0.8063695033087246
1791 0.8822653659924028
1792 0.7780691543114163
1793 0.777501597608537
1795 0.22175129534810623
1794 0.9580961743027495
1796 0.4314399935225952
1798 0.3226071088118296
1797 0.9550900285783085
1799 0.029440414336032904
1800 0.6212610429949026
1802 0.12989666438480765
1801 0.21720051179130406
1803 0.3509864744070663
1804 0.9413897589318699
1805 0.062376389884950395
1806 0.33715790891137165
1807 0.9973350697685609
1809 0.6741213786323712
1810 0.326047145320584
1812 0.20179173328460276
1811 0.24978587405167207
1808 0.24803153163554298
1813 0.3261453697661972
1814 0.17758271438217418
1816 0.08651093165113621
1815 0.06390949875611132
1817 0.2854382795875396
1818 0.7014201655472659
1819 0.16511601014069469
1820 0.6986252060774658
1822 0.41345880804848034
1821 0.2827049065336079
1823 0.2111213730272567
1824 0.33040814506044197
1825 0.28054708805588324
1826 0.3049218041938608
1827 0.16044542169171372
1828 0.9886880082748303
1829 0.045441572176721554
1830 0.24134389128930253
1831 0.20731886151746226
1832 0.17751067149666203
1833 0.2850666785007221
1835 0.5977428753533588
1834 0.4082304570776637
1836 0.009691374715023314
1838 0.7456655756310183
1837 0.8596697508994136
1839 0.38847431854776787
1841 0.5136181542298224
1840 0.6072537060517876
1842 0.5093313806735803
1843 0.5460244453533044
1844 0.0798920553183928
1845 0.33040657233628645
1846 0.21433732992407034
1847 0.07068240716022603
1848 0.41741731429009526
1849 0.30089233712666774
1850 0.9999890882422667
1851 0.11505307042469204
1854 0.14177526470023724
1852 0.7924907925186481
1853 0.7613884846096496
1858 0.2970683435658978
1855 0.013961595843168431
1857 0.6129589521708716
1856 0.8425135641188446
1859 0.026066800330170618
1860 0.45138938001935724
1861 0.20342148070314173
1862 0.7971779483517363
1863 0.35165609645831014
1864 0.4367652187725814
1865 0.7359987021795793
1866 0.2842982460504917
1867 0.10728334390953988
1869 0.7986451036119598
1868 0.6248565530749997
1870 0.9121885122449758
1871 0.5093457774745793
1872 0.11573223297861567
1873 0.017826297569147304
1874 0.13956595016324821
1875 0.004049494695204993
1876 0.40834206880131746
1877 0.9630394662291408
1878 0.2429157751104514
1879 0.6798307466890259
1880 0.8391261200589464
1882 0.34111548736509506
1881 0.37461795240595575
1883 0.19491018977644461
1884 0.490899402207819
1885 1.6000128000016496E-5
1886 0.2811367177888953
1887 0.0751182991809681
1888 0.1039116367169886
1889 0.231153975143766
1890 0.12999595458332178
1891 0.7542576521828283
1892 0.32463084582671475
1893 0.5422479839710954
1894 0.5038997886006669
1895 0.018703698420654735
1897 0.9953160918986267
1896 0.29053045714159415
1898 0.74873906213174
1899 0.35729928489006785
1900 0.9957641482808465
1901 0.23229547865454878
1902 0.32581887715881475
1903 0.11007249013632862
1904 0.41644741926809375
1905 0.5978570039101575
1906 0.04553146553309687
1907 0.7497787881221148
1908 0.526492299958386
1910 0.6920678244763657
1909 0.09308310755812971
1911 0.8667630650154665
1912 0.08885562289998529
1914 0.9957974969058603
1913 0.45254203359518036
1915 0.34795256980551725
1916 0.5839799524703155
1918 0.2952623941990221
1917 0.8315388939461446
1919 0.01992121542583375
1920 0.21599105751331418
1922 0.009010508322094659
1921 0.6057041129539166
1923 0.4654792724142951
1924 0.3173333231066343
1925 0.22762976853193648
1926 0.14996854050185895
1927 0.36531231400180625
1928 0.21226600769058387
1929 0.4362607037661589
1930 0.3082780172854156
1931 0.2886965210069977
1932 0.6085193821913195
1933 0.08421227648772965
1934 0.8081912101733375
1935 0.35038395713381393
1936 0.0228132789979959
1937 0.13427238083760937
1938 0.10687717238721517
1939 0.33432993536740463
1940 0.14331166511222138
1941 0.5320554972830468
1942 0.5141303590520104
1944 0.5019044871835409
1943 0.6648109183731288
1945 0.14242328192963072
1946 0.29145820164580183
1947 0.7783733759061927
1948 0.4489499153065642
1950 0.5017110545735322
1949 0.5267849267886388
1951 0.04556945681785902
1952 0.19327709177440888
1953 0.06994792981028265
1954 0.3151044441741363
1955 0.7077546296062829
1956 0.013276319966118683
1957 0.32973725455095987
1958 0.36412883743935476
1959 0.39907317432336675
1960 0.23133279942810078
1962 0.17721381566191574
1961 0.5510684758398132
1963 0.20293532904361622
1964 0.03796838251450769
1965 0.031281495855709454
1966 0.18080569703632055
1967 0.2882422189288443
1968 0.6296615078747819
1969 0.5750357663175236
1970 0.27334243019137694
1971 0.013974767632957411
1972 0.4620843019141548
1973 0.3545042131386833
1974 0.4879275803382821
1975 0.21612436052180192
1976 0.06985316865823037
1977 0.29188185792737875
1978 0.31389710341154475
1979 0.6993460053805964
1980 0.47767327352617567
1981 0.3312652160558056
1982 0.226464930579097
1983 0.2005728204017212
1984 0.01645903263223752
1985 0.10691608143910461
1986 0.1512100320964056
1987 0.141363175048353
1988 0.31305526527392485
1989 0.27144298861754634
1990 0.35002040507030513
1991 0.09442928313348367
1992 0.3080906184401869
1993 0.11675462895261798
1994 0.3614854862901551
1995 0.303790993982904
1996 0.668955086094367
1997 0.5635893746245323
1999 0.03916715660027857
1998 0.1005245518527339
2000 0.5589802423802311
2001 0.08461244190537615
2002 0.45786916241914133
2003 0.0058663458600427985
2004 0.1807061912579754
2005 0.6672813689430679
2006 0.16256653212372646
2007 0.8067582739893708
2008 0.16751470147654185
2009 0.3998489659487217
2010 0.3850272226554858
2011 0.03079026490749778
2012 0.7164615532597527
2013 0.09684955109637115
2014 0.8476422391904145
2015 0.1641449272387356
2016 0.0968126450579767
2017 0.9101529252539854
2018 0.11349660657163
2019 0.6294550376057834
2020 0.1644270601844166
2021 0.3698664476998849
2022 0.6132869253041187
2024 0.35985967178768236
2023 0.3601288282792504
2025 0.45080415151763664
2026 0.10157544151835465
2027 0.3013796291509593
2029 0.1007014133269092
2028 0.03147348043141182
2031 0.5081857468262791
2033 0.33534144280167577
2030 0.2522589305602056
2034 0.25847652328084836
2032 0.390500078721875
2036 0.3557692914266269
2035 0.6814076059202598
2037 0.42233169389957526
2040 0.6320024636800814
2038 0.8204708342338639
2039 0.616749935486848
2041 0.7180043255960601
2045 0.857665015199444
2044 0.15314027496762803
2043 0.4308774853325407
2042 0.26772976642131635
2046 0.3166868553469936
2047 0.53474145982759
2048 0.5361929807679771
2053 0.45885284049552205
2051 0.40288317284879055
2052 0.8407286395851906
2049 0.34208740177446506
2050 0.29894987564669123
2054 0.5261787892303398
2057 0.35488087282291625
2056 0.7098121776275114
2055 0.2673269255307428
2058 0.19121508493081726
2059 0.5749700467695615
2060 0.2101187689424374
2061 0.3502217832801079
2063 0.1414514446656303
2062 0.3353073966976467
2065 0.11053047561050403
2064 0.7523761246270254
2067 0.4338635910384628
2066 0.8720868269711337
2068 0.2750340505826992
2070 0.19527231177792034
2069 0.7677109916758658
2071 0.08280759396730127
2072 0.037455254956452445
2073 0.8087097458435514
2074 0.4395891438649293
2076 0.3974064539077442
2075 0.9911664910727104
2077 0.4035788275296869
2078 0.0909816475285256
2079 0.08902719368119276
2080 0.04211367303179976
2081 0.1391292585127837
2082 0.448814134267493
2083 0.13588382699047571
2084 0.6388580805854674
2086 0.08356176950134526
2085 0.8613108260037392
2087 0.4048096906760006
2088 0.3159073852926742
2089 0.6380550687975132
2090 0.0019705969631279964
2091 0.579359005180523
2092 0.5752463690887905
2093 0.7285651982312334
2094 0.5310159273331974
2095 0.3799651983673623
2096 0.061537375148096186
2097 0.05278074941645081
2098 0.11836332247480823
2099 0.6032818775080596
2100 0.5971094013441415
2101 0.32675653269705945
2102 0.5127329233127544
2104 0.20084426960471646
2103 0.3786949146055441
2105 0.5735573610791802
2106 0.5069476298608945
2107 0.46924391891097883
2108 0.4762767140691966
2109 0.17721547632068382
2110 0.5567099093662939
2111 0.6363696940089923
2112 0.5474566678027807
2113 0.6808423284552529
2114 0.3255980904611891
2115 0.042687325920993606
2116 0.33055235291364776
2117 0.09430892444095426
2118 0.6853424693788076
2119 0.378848665313775
2120 0.32896831008767047
2121 0.8743002859950055
2122 0.008062220181371595
2123 0.41446190749830114
2124 0.6290804833708786
2125 0.35822309519694207
2126 0.5433765929870743
2127 0.1123721301669367
2128 0.04450059477008245
2129 0.303525007981084
2130 0.11097246006504521
2131 0.08303195656443044
2132 0.11569614862424878
2133 0.4227991502300563
2134 0.04181711893250064
2135 0.12850914542870998
2136 0.3770840176666517
2137 0.3845520435252693
2138 0.11924900221964788
2139 0.8754297100068892
2140 0.5464644128206584
2141 0.9681776118246009
2142 0.11670360793454337
2143 0.33157792927108376
2144 0.25312226566486484
2145 0.028566004349821164
2146 0.30359424059439966
2147 0.32509243904848617
2148 0.09657228848824957
2149 0.1304297075524981
2150 0.46273879172610066
2153 0.3381508542283713
2152 0.32956745750749017
2151 0.0511979284757892
2154 0.0060648254909613725
2155 0.8386621343522688
2156 0.17325590405674146
2157 0.6437098865865263
2159 0.096600990077391
2158 0.5254442365673361
2160 0.16614098753518672
2161 0.09441265555301727
2162 0.3868350088358808
2165 0.004837134751254455
2164 0.010119950917696805
2163 0.07838982593004791
2166 0.4360576829924796
2167 0.9238796748467439
2168 0.4904238407206271
2169 0.5837893858306243
2170 0.27635681425689607
2171 0.8367961550754084
2172 0.3397633514331952
2173 0.6037702626569279
2174 0.8228538823516816
2175 0.7799474448727001
2176 0.4397225103994917
2178 0.12719069341867634
2177 0.3911983122007465
2179 0.21246350849256898
2180 0.019798958556042984
2181 0.034853561135004665
2182 0.8795678715971166
2183 0.12504100220478997
2184 0.06832484353694432
2185 0.9978292381872905
2186 0.6460707841590058
2187 0.45912404754522645
2188 0.23510014596539527
2189 0.6809480068648278
2190 0.029250850325290546
2191 0.24664555643120634
2192 0.05396455403127339
2193 0.4334623238505932
2194 0.0978686387508289
2196 0.0879985649144384
2195 0.6029267549223085
2197 0.5624235894252098
2198 0.855040386699562
2199 0.25285921764986513
2200 0.11159993528836479
2201 0.07693596476274071
2202 0.26415689214538757
2203 0.35288727757226895
2204 0.7240809704140728
2205 0.11833608080847495
2206 0.23746009967276432
2208 0.7599163409019931
2207 0.23372464153063047
2209 0.07755240308012552
2210 0.0627158956588419
2211 0.07814219531053679
2212 0.05642616188907894
2213 0.6819700194159476
2214 0.5805629076818165
2215 0.2287724314075696
2216 0.9447048051471355
2217 0.2098841598375767
2218 0.340671805218811
2219 0.3206854310315378
2220 0.3124191829318026
2221 0.337520085763307
2223 0.046962889662009656
2222 0.11842061114975876
2224 0.4916521819762826
2225 0.262997006284541
2226 0.2350875133038991
2227 0.27138302945689036
2228 0.3839690088643253
2229 0.04444072332740999
2230 0.13875033870867143
2231 0.8126609960867686
2232 0.08071624179354356
2233 0.24862687104754896
2234 0.32923143498039903
2235 0.46540364109273563
2236 0.6482506375032111
2237 0.06531081516720165
2238 0.4438574493553301
2239 0.05691565319224932
2240 0.47879826733391234
2241 0.07094260423289817
2242 0.69831176719739
2243 0.30609229942422306
2244 0.3147684712095988
2245 0.2934171895016074
2246 0.4406963076912832
2247 0.7699155160451018
2248 0.43168189657131106
2249 0.6257293806339174
2250 0.5893648805115971
2251 0.46822669469880096
2252 0.25852947336490567
2253 0.6536715793155434
2254 0.458416260952779
2255 0.41910158063656777
2257 0.024444865037009003
2256 0.37770545412915335
2258 0.19260364806229607
2259 0.007579251060960356
2260 0.13706838720240605
2261 0.4307531685937452
2262 0.8907506914402638
2263 0.11837111483865977
2264 0.15863572175770477
2265 0.18843995592213333
2266 0.27502859580931277
2267 0.3600870765628483
2268 0.7225419560256336
2269 0.29515961325437795
2270 0.6481260151319629
2271 0.9900761984653628
2273 0.03179280561534999
2274 0.44752848623373587
2272 0.6816201640304638
2275 0.0445641598919963
2277 0.44475355922652376
2276 0.07341617773364445
2279 0.11970649518472615
2278 0.21187649639713155
2280 0.3123651292305867
2281 0.6765981952150052
2282 0.17942750705701555
2283 0.6957046476436282
2284 0.8758637681777033
2285 0.363908047661738
2286 0.29880365523348984
2289 0.5048231370643338
2287 0.5917583725305255
2288 0.5241508014287235
2291 0.8029600061577152
2290 0.12346797355984482
2292 0.9153845084655315
2293 0.0967898290815775
2294 0.012882426245007574
2295 0.21740488232547422
2296 0.44780486057346885
2297 0.2204149380223023
2298 0.5714215612182554
2299 0.28503524653385287
2300 0.06453932233202495
2301 0.5253565949376416
2302 0.06005968088141372
2303 0.43191203689952673
2304 0.15901055011106008
2307 0.33051880488074203
2305 0.4490804976478016
2306 0.43695265908380265
2308 0.05446461266787857
2309 0.6511856909801049
2310 0.04268300805666317
2311 0.2321955516595376
2312 0.061716117895429703
2313 0.2627571432795819
2314 0.6385545327334038
2315 0.7149820769648974
2316 0.4115260178280142
2317 0.04847144485851675
2318 0.40949177875809833
2319 0.7133145052187626
2320 0.20240586837504243
2321 0.43527690202684244
2322 0.17882690753073704
2323 0.6837345417307384
2324 0.5571902998144145
2325 0.7856181295545647
2326 0.4187044885191411
2327 0.15519676043330824
2328 0.18251398778471353
2329 0.402989094581857
2331 0.3456199394350219
2330 0.6597849109382445
2332 0.299837717257908
2333 0.6031778071552573
2334 0.9100649553537732
2335 0.22817973017978582
2336 0.11492039514731686
2337 0.7705836184520461
2338 0.5627836683245571
2339 0.6814557195777788
2340 0.9982983952285829
2341 0.9997995433170371
2342 0.9838719185753984
2344 0.9997802780588102
2345 0.7854715461067159
2343 0.9785726905626215
2346 0.4157122810438984
2347 0.7007654498605578
2348 0.39197271080041896
2349 0.9892276113898054
2350 0.22669807480332596
2351 0.3427825385518176
2352 0.0817413069344723
2353 0.5773808419620593
2354 0.7209658643947369
2355 0.9999995148135712
2356 0.8722602720558568
2357 0.9793734215222688
2358 0.9915804540892719
2359 0.38256248814434834
2360 0.021128129240269855
2361 0.5756486245790544
2362 0.9347873036890394
2364 0.18409598062915009
2363 0.495003089903455
2365 0.34749158167960403
2366 0.1364984624325044
2367 0.8966444953721033
2368 0.9528184204285444
2369 0.06345593933010935
2370 0.6645354372189576
2372 0.18198968490725373
2371 0.27995432354509625
2373 0.4640262539880258
2374 0.0930719635178557
2375 0.05741327361927983
2377 0.06421179294506148
2376 0.33875773218908767
2378 0.17702518441575757
2379 0.6808657006895029
2380 0.4930300516299666
2381 0.291442004344138
2382 0.7319110215309499
2383 0.04014701212261198
2384 0.4945621672455378
2385 0.43607246995253823
2386 0.5426580169364987
2387 0.3974387763917733
2388 0.15112235600312887
2389 0.19687377973436715
2390 0.5783897143978252
2391 0.13624025925388442
2392 0.31199984332810277
2393 0.7165421818552581
2394 0.01541110274771959
2395 0.8637131259982038
2396 0.5497269290513009
2397 0.2846023575434779
2398 0.01731344553493961
2399 0.852136551774859
2400 0.5676652593834942
2402 0.23499396386844956
2401 0.9918556729070009
2403 0.3500393982078508
2404 0.4099675995981789
2405 0.3834027838301681
2406 0.33926661070787867
2407 0.019199855821021964
2408 0.576279099383025
2409 0.06436063699488166
2411 0.2894978666166137
2410 0.3273372410005041
2412 0.3116378101333605
2413 0.7701496653305141
2415 0.3501053340758213
2414 0.5522621463034066
2416 0.12400006238031175
2417 0.9516873656473308
2418 0.6547064900201514
2419 0.09553900497399469
2420 0.1029837612768289
2421 0.09803438408628627
2423 0.12939703988471743
2422 0.05814083128526465
2424 0.510963225331427
2425 0.4273937920006734
2426 0.26913950316382435
2427 0.09721342411331928
2429 0.30206138140279404
2428 0.2263137704649685
2430 0.21071692072697046
2431 0.2606315214259273
2432 0.43812021905778353
2433 0.021761909329519272
2435 0.13934427371674382
2434 0.5988156339661903
2436 0.4234228377044066
2437 0.6756953468196861
2438 0.13818409835718323
2439 0.44278275270565315
2440 0.487069761444307
2442 0.11765254131208379
2441 0.7127455874506472
2443 0.20030200625600258
2444 0.24338380507130875
2445 0.4493429447547422
2446 0.02138998055456318
2447 0.4046674128189442
2448 0.9584400766398484
2449 0.09085062037971799
2450 0.09927468100996348
2451 0.9742865179609083
2452 0.6260100469054832
2455 0.45741670376454086
2458 0.7271937073286382
2459 0.12325774558230133
2457 0.11965819222962461
2460 0.054860605207022704
2462 0.4000810615220905
2463 0.4270604982455501
2461 0.5331791422613099
2464 0.9818638131897877
2454 0.21279286957535157
2456 0.25553433618409427
2453 0.43635813283941594
2465 0.09498934648156396
2468 0.17620493980964982
2466 0.5963405935447065
2467 0.04248333333333336
2469 0.23543789751384006
2470 0.27542888426681256
2471 0.8029287629205021
2473 0.28026519594959026
2474 0.43450475462410454
2475 0.6127184589601268
2477 0.10412625249282
2476 0.33225778450910376
2472 0.9978251354906278
2478 0.7629166649289068
2479 0.6900700921611335
2480 0.01692716229232396
2481 0.6779185901800089
2482 0.2651736677242602
2483 0.79270534418643
2484 0.11883491012444704
2485 0.1297672950997182
2487 0.00475333525860324
2486 0.01799360483217203
2488 0.8754727235171194
2489 0.9680282220512
2490 0.1749770159746638
2491 0.5900181748501948
2492 0.8628284516884687
2493 0.48526393191594425
2494 0.11111514564377162
2495 0.5753181010549856
2496 0.8750563173447248
2497 0.6546001993274513
2498 0.3031046886721521
2499 0.36767730370677726
2500 0.1486807037038503
2501 0.18114428691992993
2502 0.5790011811499568
2503 0.1848002704248428
2504 0.09936162159390236
2505 0.3900032594256213
2506 0.9457531891994264
2507 0.25125003980790617
2508 0.3199257479208178
2510 0.8927157406792742
2509 0.9332105087201975
2511 0.08698200089598836
2512 0.9793547449402609
2513 0.5780065656163437
2514 0.19193062221193383
2515 0.26340038473377747
2516 0.6518832525536425
2517 0.08902469992617898
2518 0.1600759622765923
2519 0.4054745498450203
2520 0.01121036162464046
2521 0.4409357139711975
2522 0.8818881020896282
2524 0.7217952916636681
2523 0.4705237511279098
2525 0.5539097937616887
2526 0.2269706761469016
2527 0.48031503089671196
2528 0.26780855318465147
2529 0.1711823494921574
2530 0.599409310387015
2531 0.3325135856458407
2532 0.32674450255425835
2533 0.07034546652338833
2534 0.20114333714851582
2535 0.323048331322369
2536 0.04719759352073959
2537 0.17469302484840865
2538 0.5405653972357461
2539 0.13235050007719987
2540 0.6543093635557803
2541 0.05650417163457768
2542 0.6681047361475101
2544 0.22930496354785368
2543 0.16598815303479053
2545 0.3074548039756908
2546 0.5358049473704297
2547 0.06196471123212268
2548 0.08925670028182886
2549 0.46913967456475936
2551 0.35312568916893594
2550 0.4326410097579461
2552 0.9944429550889954
2553 0.9877434655486639
2554 0.5420515719812783
2555 0.847418910620896
2556 0.29861848471937397
2557 0.5340892705543503
2558 0.22496886224871823
2559 0.7725487873440973
2560 0.8906109425677834
2561 0.3712810578729927
2563 0.6318182737054253
2562 0.35415603818691355
2565 0.973890116913899
2564 0.4428607541265078
2566 0.7641851681501333
2567 0.04442721535015379
2569 0.9462356745768413
2568 0.6252026595237474
2570 0.1369250985244297
2571 0.9999035575923537
2572 0.9864233384268072
2573 0.8620684954369279
2574 0.7352579731215333
2575 0.2890513190561611
2577 0.3165504391496121
2576 0.3797912223819307
2578 0.6393238475837805
2580 0.6175871856007823
2579 0.3599073020087114
2581 0.0649602198487301
2582 0.7832604781784174
2583 0.3858013493218945
2584 0.27009242491945157
2585 0.14673170928480753
2586 0.30937097163837
2587 0.6305024611957312
2588 0.07345365261754402
2589 0.019727729913999823
2590 0.9572542617705647
2591 0.23037861067608006
2592 0.028107126654524868
2593 0.21895378178786074
2594 0.835936474642976
2595 0.6215970992218012
2596 0.570365836780514
2597 0.4628938558467023
2598 0.18002199486454756
2599 0.25290084700235943
2600 0.6072765289602392
2601 0.19324657473400078
2602 0.289610541676686
2603 0.8256551866673488
2604 0.9943716582403351
2606 0.749471672832329
2605 0.9321372944909143
2607 0.9253535842428331
2608 0.2747186394494994
2609 0.2979023139886971
2610 0.1911661329968079
2611 0.5400119899310805
2612 0.3190307861906276
2613 0.21979575653168898
2614 0.627073678873194
2616 0.3310917245594004
2619 0.9994058754660308
2615 0.3321498059442065
2617 0.39211991069338353
2618 0.446808449071981
2620 0.48201458140872433
2621 0.09490213587079047
2622 0.5769403141470033
2623 0.25590699422783325
2624 0.9569900334701078
2625 0.26124651028538004
2626 0.2175759102445791
2627 0.4908282626985684
2628 0.9518534336266951
2630 0.09960003377980534
2631 0.05543173062026684
2629 0.08826991941541715
2632 0.7465963720150539
2633 0.991884597388875
2634 0.04537021499861739
2635 0.7186323780836618
2636 0.2789608619352279
2637 0.5582560085560649
2638 0.7506343210430488
2639 0.9688823812887751
2640 0.9557782496780962
2641 0.09895888484514198
2642 0.3229102456590447
2643 0.3946788227779097
2644 0.2048522855834963
2645 0.299435158479298
2646 0.4709413634824409
2647 0.11441134452376102
2648 0.499418727956245
2649 0.30506490833447836
2650 0.3617307162019472
2651 0.2356329246900177
2652 0.11929643459490095
2653 0.02185495007659046
2654 0.8579284483477246
2655 0.7804749920547075
2656 0.2246497421469089
2657 0.3774633288696241
2658 0.993457431619159
2659 0.6729577304037481
2660 0.30034740866031
2661 0.38304428879193714
2662 0.048888092355971025
2663 0.8235859003798743
2664 0.8542098788622302
2665 0.5311666951377305
2666 0.06000048960007827
2667 0.16559680146859046
2668 0.34174574530555774
2669 0.2198132247022507
2670 0.3775729893362041
2672 0.34458946954485237
2671 0.21746633073145352
2673 0.1005674351644998
2674 0.459959072389216
2675 0.1329695410724952
2676 0.3688797591382349
2677 0.28727617847096126
2678 0.11287332906803406
2679 0.283721651459891
2680 0.7419493802916735
2681 0.44193116356712453
2682 0.44136436067127005
2683 0.9934579288940777
2684 0.07658793344205705
2685 0.037889373064356545
2686 0.46155738924184
2687 0.5798351823983602
2688 0.9824679043410725
2689 0.5272296962513376
2690 0.6890047179075234
2691 0.1287010174660042
2692 0.5289855065519165
2693 0.23079141584430798
2694 0.28964063229670556
2695 0.033864217773819975
2696 0.04069617544722849
2697 0.8942197472041664
2698 0.4140503456043682
2699 0.35588011125120744
2700 0.36911206127355883
2701 0.3994889326807326
2702 0.9603025063125312
2703 0.13898200399687433
2704 0.8027017655825323
2705 0.3058605660734896
2706 0.5067751226856502
2707 0.14968100061009607
2708 0.0818817961797025
2709 0.19796362142315474
2710 0.5725516751175583
2711 0.398015780192889
2712 0.20309652041971002
2713 0.10063134028404509
2714 0.30359363782521204
2715 0.4405767649807579
2716 0.07352418609261835
2717 0.3389583667405253
2718 0.9460837525253095
2719 0.316929269824544
2720 0.35741938540688484
2721 0.2112301332153086
2723 0.012806239112243432
2722 0.13421594135770318
2724 0.6580016196006742
2725 0.7673824848972879
2726 0.7624645261290824
2727 0.5377877828951595
2728 0.27517315309025575
2729 0.7920242452555138
2730 0.21134624932738233
2731 0.078939189303737
2732 0.4151363208080622
2733 0.3672273175294263
2734 0.022943685558182512
2735 0.7059517476126993
2736 0.8355667840900193
2737 0.014978510472583174
2738 0.6464221552733878
2739 0.37637155115062043
2740 0.3722025980971612
2741 0.2670300213149164
2742 0.11375630500967043
2743 0.5946941394811013
2744 0.05753924418163408
2745 0.20939023123757877
2746 0.16215869367183366
2747 0.543450403871328
2748 0.5891323167505211
2749 0.11415632896640301
2750 0.24784566141721748
2751 0.026265018964554566
2752 0.2566666280150757
2753 0.9684189644149439
2754 0.1316460736890758
2755 0.9085954523744819
2756 0.5243764034376034
2757 0.19178726484800135
2758 0.6211156895441461
2760 0.22800150184292767
2759 0.5649343247845419
2761 0.35283504661496595
2762 0.03978267669995026
2763 0.10790550228660657
2764 0.6752735815141506
2765 0.22788201821424647
2766 0.14808550409700683
2767 0.11394986065417136
2768 0.22938810346035304
2769 0.624418347684299
2770 0.37582266287679206
2771 0.5891313905549445
2772 0.8669906836172896
2773 0.08275621771094802
2775 0.3571250623182075
2774 0.17984483656247796
2776 0.2573684867820281
2777 0.5424128285300744
2778 0.16085885240134917
2779 0.6058709062283333
2780 0.8318220304815187
2781 0.6641415189826765
2782 0.3394190350115011
2783 0.3994588501684649
2784 0.14213079040941098
2785 0.8272553827090476
2786 0.542510370880016
2787 0.2417393968523669
2788 0.9565373545690696
2789 0.4254971296195336
2790 0.7114470841882111
2791 0.5843244270582523
2792 0.9997872809636921
2793 0.5616857978903099
2794 0.7540425885669731
2795 0.47581239155621874
2797 0.9346617442751108
2796 0.6529355648738686
2798 0.3053643736307805
2799 0.9050369793945422
2800 0.49406224101560964
2801 0.00968059934788993
2802 0.04602269199971798
2803 0.3792212718289809
2804 0.8602594420201186
2805 0.09884079295940093
2806 0.42528725266013934
2807 0.4040149900023913
2809 0.6622473097007819
2808 0.20590358435263034
2810 0.39824782517581836
2811 0.25026814718240037
2812 0.6268252961129129
2813 0.41343055801851014
2814 0.19854929702835414
2815 0.15842348236789489
2816 0.33224543761946707
2817 0.3608199463144108
2818 0.5869691501715132
2819 0.3992279885407282
2820 0.1807540476630147
2821 0.5447269615965222
2822 0.8461443464560338
2823 0.5967066543284487
2824 0.24205912206371763
2825 0.415694134230397
2826 0.04931758449613031
2827 0.6768455349770177
2828 0.9196784077643523
2830 0.39164079465775853
2829 0.880801709007236
2831 0.11005247361016417
2832 0.1158774463778918
2833 0.007662704232122328
2834 0.21226210121037226
2835 0.5507629796704817
2836 0.5861825899023742
2837 0.033677116719020454
2838 0.6837904147852739
2839 0.01390726859802943
2841 0.7300633083216443
2840 0.6660931728486958
2842 0.41441416605788267
2843 0.7281341877182697
2844 0.7632090931898715
2845 0.28162295070314664
2846 0.48917850227733856
2847 0.7004777019290018
2848 0.4302747590457988
2849 0.7742929502054956
2850 0.07711377185418106
2851 0.007512012159716977
2852 0.010359995062755046
2853 0.815698705742451
2854 0.5989801283260274
2855 0.6053426465076959
2857 0.8110210532965062
2856 0.8134054604911793
2858 0.9419640839478925
2859 0.16754489305922862
2860 0.9374590683535624
2861 0.6200054335680081
2862 0.7363467780873243
2863 0.21718904001576972
2864 0.42199705405743154
2865 0.525442843073541
2866 0.09534190889513657
2867 0.3200509458708253
2868 0.060175562874133726
2869 0.5938961744901345
2870 0.8550872836445507
2872 0.4803393892445369
2871 0.07244739897245657
2873 0.637456902599407
2874 0.07324921216439136
2875 0.08967226173318245
2876 0.4317312112212931
2877 0.1618133539545401
2878 0.48902452580936207
2879 0.36224629999946023
2880 0.4257880793223102
2881 0.011928427121820316
2882 0.007193872868529368
2883 0.5325234236905667
2884 0.25983091260892643
2885 0.29217432799285614
2886 0.14452243985641122
2887 0.0415017505331082
2888 0.2379749777278537
2889 0.994946979540409
2890 0.7819131988294765
2891 0.23231371163565703
2892 0.03730480075534848
2893 0.525107722740656
2894 0.31696299451705096
2895 0.15074795313764597
2896 0.07012689390599368
2897 0.8436980218097857
2898 0.3446850482516186
2899 0.1546034937079648
2900 0.08142260808596968
2901 0.16668139701171816
2902 0.513206292554611
2903 0.4263881147542015
2904 0.5957405060562955
2905 0.4194540347389588
2906 0.6228343323355279
2907 0.4183749478052418
2909 0.19900537276319877
2908 0.9499254035031882
2910 0.010803915352067118
2911 0.05552761403547453
2912 0.7357557384756152
2913 0.30885581575133036
2914 0.46357822371816443
2915 0.10587117711179356
2917 0.6957726661615334
2916 0.4888458013734985
2918 0.517209238531738
2919 0.28843267332938194
2921 0.3581703402534764
2920 0.6691149566780843
2922 0.3145234801595635
2923 0.22273760584968677
2925 0.0845855794156642
2924 0.27416752825124524
2926 0.560196593548821
2927 0.2745331711654623
2928 0.7932862277183055
2929 0.3112037058590749
2930 0.07182129521715201
2931 0.04155012130817569
2932 0.12733298314311636
2933 0.25345036080104183
2934 0.5474799347977257
2935 0.07435730684631989
2936 0.21217388269338897
2937 0.3932020605991224
2938 0.7695923534254762
2939 0.251052366922525
2940 0.573433609513545
2941 0.08096956782168344
2942 0.9983049608523313
2943 0.9529969042186264
2944 0.3441488080996362
2945 0.6231639696000991
2946 0.2491912081945025
2947 0.12846203738938583
2948 0.44702032354516036
2949 0.5028741057762754
2950 0.22118565233632478
2951 0.9129957586649216
2952 0.3902995817219086
2953 0.869138346514085
2954 0.8516157500618414
2955 0.11752600735451077
2956 0.9946769921170662
2957 0.09774795504336217
2958 0.6351119892318711
2959 0.3241641999172008
2960 0.05468659362829653
2961 0.006213913057094077
2962 0.4123016927006108
2963 0.7059203208438822
2964 0.3216334341691463
2965 0.04155994508629772
2966 0.6575343703530092
2967 0.5981681632491685
2968 0.33468745777414755
2969 0.13199174878461603
2970 0.198661855472092
2971 0.409363757532606
2972 0.03222734647126597
2973 0.40740962987735896
2974 0.3150052723358639
2975 0.223660826252614
2976 0.15107192771410943
2977 0.38979685934573094
2978 0.08016974189971904
2979 0.3430231571804224
2980 0.20685325347753342
2981 0.005185587005831334
2982 0.10642297156888236
2983 0.5036108150571502
2984 0.8022969242283317
2985 0.011791357926393724
2986 0.17558246193907726
2987 0.0392572628610794
2988 0.3747974087714893
2989 0.8995681631329877
2990 0.7605983520934209
2991 0.4395870287788217
2992 0.12650860823290996
2993 0.2428054760478377
2994 0.25160572483364213
2995 0.5088336285331433
2996 0.43866009063850797
2997 0.02355099049830721
2998 0.28095050103371316
2999 0.3926662025275435
3002 0.35150316115227176
3001 0.07779451545175299
3000 0.058767858722607105
3004 0.6023253510159271
3003 3.023757459895493E-5
3005 0.017987461407374162
3006 0.05140922174751726
3007 0.03490403261487956
3008 0.5167021687093244
3009 0.027860520800979907
3010 0.7164267483339483
3011 0.21410853025027152
3012 0.15283545423992922
3013 0.16889195261976572
3014 0.2228950233270625
3015 0.04276641105006227
3017 0.2807580735609453
3016 0.5078956649365134
3018 0.16293606374875236
3020 0.363629834658012
3019 0.23474526330410664
3021 0.9795369273721978
3022 0.47658553602254805
3023 0.874713758162487
3024 0.19633545568381852
3026 0.25566536591100286
3025 0.41321192040567206
3027 0.13926256692957376
3028 0.292775335077805
3029 0.04553933982085962
3030 0.11138574802722181
3032 0.131960944150274
3031 0.08954659096717502
3033 0.514390431842795
3034 0.08002581719502339
3035 0.35739421638419333
3036 0.15874981602006746
3037 0.0749658537265437
3038 0.4387235857191672
3039 0.004454463479002043
3040 0.010379955905807344
3041 0.5263715380364388
3042 0.244528899937548
3043 0.1613367156841546
3044 0.5067767290811547
3045 0.004442274287965745
3046 0.30396900345905076
3047 0.1463416488201242
3048 0.1547147034473758
3049 0.22232563381500617
3050 0.5178216768928999
3051 0.6531352849550299
3052 0.20664397823837252
3053 0.16786184651981137
3054 0.3910441595288923
3055 0.22772688903948313
3056 0.11479472478662316
3057 0.25765396821461956
3058 0.48196209131251105
3059 0.14329225716609822
3060 0.6286552499917966
3061 0.34565903105478585
3062 0.4667187172460925
3063 0.062317218666500244
3064 0.34929072701245156
3065 0.3193992748327251
3066 0.28027148870221746
3067 0.3009842237839898
3069 0.12667769582360508
3068 0.3159117419334405
3070 0.3263650852879456
3072 0.19373628494420198
3071 0.3713237795653451
3073 0.1401838125855361
3074 0.5808080551763338
3075 0.3110170617383137
3076 0.46156777177036984
3077 0.30787215444491817
3078 0.3550492834072098
3079 0.05897569932207223
3081 0.3848286209260673
3080 0.08268075197030694
3082 0.3820323674131695
3083 0.2911312333776187
3084 0.5828535437339822
3085 0.23236400850020356
3086 0.25745550994116906
3087 0.3689564179660669
3088 0.2107021976472061
3089 0.7427773559015758
3090 0.07932393241171208
3091 0.03174605010257822
3092 0.7757707838193448
3093 0.8579306545593286
3094 0.019107365285419693
3095 0.7079331299446441
3097 0.2762576625289364
3096 0.4491751895602528
3098 0.4587007716997112
3099 0.729628385694417
3101 0.2656928894854483
3100 0.920005784043936
3102 0.25756275178189486
3103 0.9935638248712682
3104 0.4554322784018939
3105 0.02049305859492817
3106 0.30290510018735867
3108 0.14820692224346038
3107 0.58738966570769
3109 0.86206224268071
3110 0.38191961081075176
3111 0.406187393645059
3112 0.9032721735688756
3113 0.768422105504494
3114 0.5012947241636156
3115 0.4032762770299409
3119 0.11707967454405989
3118 0.8564788163331312
3117 0.5968672760333463
3120 0.6640389783679127
3116 0.6649023653553716
3121 0.9425822517920667
3122 0.15194394571923342
3125 0.2006268960098059
3123 0.6722392860396252
3127 0.968929819549805
3124 0.01848018803584077
3128 0.09900046718014793
3129 0.4978829431412215
3130 0.5358934740891468
3131 0.8724236090982525
3132 0.645007831753887
3133 0.7855556788526421
3126 0.9822141476500564
3135 0.18424405335102892
3134 0.1995218891027421
3136 0.26694355721589563
3137 0.22842315547879735
3138 0.014308682203392278
3139 0.13056196531230832
3140 0.5948548187310497
3141 0.4488563972770546
3142 0.4661139197557643
3143 0.17759210853871052
3145 0.196460873552594
3144 0.21448135233118298
3146 0.06557736106330805
3147 0.2820284176736
3148 0.7862146843141211
3149 0.2075170267557495
3150 0.7998533008455216
3151 0.09503705299697195
3152 0.7409654090067066
3153 0.39560502826679006
3154 0.17950718568243143
3155 0.5731672735836512
3156 0.32882833211576545
3158 0.33304889345884015
3159 0.5042858136288434
3157 0.5937258362325805
3160 0.005720898770457329
3161 0.8513981568394949
3162 0.28431827065053034
3163 0.44502545105644803
3164 0.016078396101793076
3165 0.09289245995218551
3166 0.391649784948199
3167 0.7737440917893043
3168 0.3670421627700649
3169 0.21347113069920837
3170 0.8454189295238779
3171 0.5336072417154744
3172 0.2252677549285193
3173 0.06107836834982993
3174 0.5718197427730618
3175 0.8019328253866574
3176 0.051232671712341166
3177 0.29568882277333686
3178 0.9900343992089398
3179 0.563892123016595
3180 0.8839452328026584
3181 0.3295436063644612
3182 0.35099833442102446
3183 0.017833521842757945
3184 0.6651568446353411
3185 0.41323361395788966
3186 0.8516322334960066
3187 0.36457619224407967
3188 0.9434614314555725
3189 0.4798040337376177
3190 0.644975400893818
3191 0.17679728500727537
3192 0.62030210628221
3193 0.2238379471177374
3194 0.39011248035091867
3195 0.22411976686333082
3196 0.12606367008220215
3197 0.24124378677699587
3198 0.5234599832538646
3199 0.04793846208358142
3200 0.009762942815620759
3201 0.4814662389578364
3202 0.2733985597154727
3203 0.26681814298409695
3205 0.14353160320401268
3204 0.6039195066003389
3207 0.4152358517845932
3206 0.3482268482079496
3208 0.16435931718523702
3209 0.7058737151781646
3210 0.4611273379036233
3211 0.3487367357074172
3212 0.5770692677741974
3213 0.31063974908945297
3214 0.03786804230783263
3216 0.37048876668988506
3215 0.04541448462746917
3217 0.126499611721981
3218 0.4154418753735932
3219 0.8990203537026417
3221 0.34350361347424213
3220 0.8732621660302979
3222 0.1667425302473407
3223 0.28730116702534986
3224 0.035482585271760195
3225 0.7496995607933484
3226 0.5730928372701799
3227 0.44659922744117925
3228 0.6513448610909494
3229 0.3785202311219346
3230 0.31152052667878527
3231 0.3576420400967933
3232 0.3977307942173255
3233 0.3091848435363977
3234 0.15103253067339883
3235 0.8261857090085506
3236 0.5077824548493386
3237 0.03210492733812125
3238 0.38340315463164165
3239 0.3919076834909716
3240 0.36719191684168195
3241 0.9073998900653751
3242 0.6611813100405334
3243 0.7776363003008238
3244 0.5287150854938585
3246 0.2588549921056015
3247 0.5664048099388774
3245 0.4901481267110588
3248 0.6235726358385678
3249 0.06695607771097571
3250 0.010273356516210837
3251 0.062221257154624884
3252 0.8906613466921525
3253 0.054025306687147216
3254 0.543152435694431
3255 0.9653919655951217
3256 0.416165884104776
3257 0.5289197495591289
3258 0.15217625084134329
3259 0.006119770531329178
3260 0.33631364320409995
3262 0.48189469928825457
3261 0.22705563894414965
3263 0.36934745648041817
3264 0.472865310876551
3265 0.4683411045865477
3266 0.024327915908037043
3267 0.1722842225869815
3268 0.46864319655331216
3269 0.5915460816232253
3270 0.9965300025154431
3271 0.11447227724073435
3272 0.05123190835148583
3273 0.8807913794712182
3274 0.39978800247146423
3275 0.5442211276944925
3276 0.2701741818389508
3277 0.058138994727036486
3278 0.08234778155188349
3279 0.9499701639974174
3280 0.7114868214607836
3282 0.04162957369339532
3281 0.14067343391406267
3283 0.2692849869853302
3284 0.11790066556848519
3285 0.40360073365640353
3286 0.2081356437401794
3287 0.2890943263400193
3288 0.3723813161283772
3289 0.16464529385592172
3290 0.6932718527559716
3291 0.14652699654473875
3292 0.6578669652644578
3293 0.8741201636261959
3294 0.06576844778353444
3295 0.1079492202062924
3296 0.7488896613555913
3297 0.49670395454583555
3298 0.9973010172634186
3299 0.39014163660486384
3300 0.10192064085538809
3301 0.2960072816628217
3302 0.7856773735804743
3303 0.06776733227635069
3304 0.3362253735670601
3305 0.03880311545778306
3306 0.439284398835817
3307 0.4370230999573585
3308 0.6796446500984876
3309 0.949619212922399
3310 0.3584112732568142
3311 0.21797214796887474
3312 0.2697233166048373
3313 0.3543644939178851
3314 0.04927785861516008
3315 0.2687931274194936
3316 0.6637260185950682
3317 0.22601066829077376
3318 0.5355320681694287
3319 0.6645564532046548
3320 0.18583207940468524
3322 0.17346272523185954
3321 0.5951354630874688
3323 0.04637840578907552
3324 0.13991737158963669
3325 0.9103373639426784
3326 0.12272803667364052
3327 0.2781426187632376
3328 0.23419909791971638
3329 0.38585183683311736
3330 0.6925297739217072
3331 0.2623452285176274
3332 0.5572933335168
3333 0.022364846631299787
3334 0.49401283546950586
3335 0.5553819698382743
3336 0.14090070167093835
3337 0.9202384910276521
3338 0.25169855176315664
3339 0.695396847425005
3340 0.5993486246478453
3341 0.3706972379806859
3342 0.5055172996248622
3343 0.1391945360867112
3344 0.5043864291604522
3345 0.4172719231122276
3346 0.30068170656096116
3347 0.5499643239745605
3348 0.47625589584552075
3349 0.06318245030796076
3350 0.2647084897254337
3352 0.938996771188284
3351 0.6242805436838039
3353 0.5636591063396508
3354 0.022557313403862987
3355 0.21601213477945577
3356 0.2940668761175609
3357 0.015207838162589247
3358 0.20576195168431197
3359 0.5010050912762554
3360 0.9287648553370609
3361 0.008903628465828883
3362 0.14976098752486328
3363 0.20294070452788565
3364 0.725544987244899
3365 0.9773724332911481
3366 0.7734899681593969
3367 0.5548719212164523
3368 0.24230011212170538
3369 0.10474164161072472
3370 0.07411088333315562
3371 0.13041399611770424
3372 0.9745847462612458
3373 0.7333074002547525
3374 0.8727919524528654
3375 0.04543111656268658
3376 0.7738014327196372
3377 0.33124151822282283
3378 0.18366250074735133
3379 0.22251242031414395
3380 0.2259840285708817
3381 0.7298548734958324
3382 0.6457024720017062
3383 0.21577828874357247
3384 0.010256299245838147
3385 0.41803931746826123
3386 0.6009381128081849
3387 0.3939572002870358
3388 0.06289352557214566
3389 0.5883149823306965
3390 0.8033366952721069
3391 0.6247487385998356
3392 0.1012890492769351
3393 0.1932187146763739
3394 0.5479634613653903
3395 0.25978499557276796
3396 0.08324795738185117
3397 0.6931543364437032
3398 0.592026685069645
3399 0.01452812196052013
3400 0.2805593256364312
3401 0.10340791188632485
3402 0.2548155594312352
3403 0.3903547029036269
3404 0.6320502574928435
3405 0.3522280214423504
3406 0.39500871512633423
3407 0.5495296010478925
3408 0.14304460686458786
3409 0.4435546650344967
3410 0.014762781630633545
3411 0.0271685891576266
3412 0.052777943055638245
3413 0.1570728770941114
3414 0.01174653369886509
3415 0.6029477101991549
3417 0.10012306000925461
3416 0.6771446061690647
3418 0.18384884015832262
3419 0.1021889345019977
3420 0.7880098438520076
3421 0.3308269876720701
3422 0.34530871767862814
3423 0.5316156923272103
3424 0.8227597865697858
3425 0.26818289666725087
3426 0.10491746915201991
3427 0.11462497177854443
3428 0.41345238725936206
3429 0.44808282512252645
3430 0.027474166628172855
3431 0.31085391963817405
3432 0.6582250741257876
3434 0.8675104512402614
3433 0.7130980490431799
3435 0.038840097272056305
3436 0.08135535495559976
3437 0.3851400626163607
3438 0.351939331206695
3439 0.7042254638641772
3440 0.26401287072938256
3441 0.30649417549953323
3442 0.40827505757903315
3443 0.6183075296391466
3444 0.06683144881633314
3445 0.6607494022591521
3446 0.11151328758891602
3447 0.0072374098893288824
3448 0.30872468152248683
3449 0.0850638219776324
3450 0.5277225119783785
3451 0.23187647055111316
3452 0.4805305959467808
3453 0.19387722355263629
3455 0.4339005793238548
3454 0.42280890978861885
3456 0.3395207190590527
3457 0.6072281355161875
3458 0.014911789967678122
3459 0.6037562822191945
3460 0.6643796180760645
3461 0.13123078768437926
3462 0.013155483451923071
3463 0.4681349298639231
3464 0.6179803845431703
3465 0.33899348063335016
3466 0.5445143462582561
3467 0.29836965397909027
3468 0.07138365597946394
3469 0.7644158503787297
3470 0.20494718432010003
3471 0.27891975578344175
3472 9.756947469291837E-4
3473 0.21052652354565168
3474 0.19370589111004363
3476 0.33101813793927043
3475 0.5110081305135433
3477 0.3099250645026248
3478 0.24943171688664253
3479 0.12023728654003885
3480 0.15931607054514887
3481 0.8179176621121061
3482 0.6318468441385232
3483 0.23842432223849258
3484 0.27290309255629824
3485 0.9974039684907946
3486 0.48265622338487074
3487 0.4660139825230382
3488 0.509893915590121
3489 0.1449732070855947
3490 0.08211146950664834
3491 0.2562044572265073
3492 0.21142849530029836
3493 0.22098183240565966
3494 0.17976378159663287
3495 0.1371463255260624
3497 0.13132043972175128
3496 0.22900089863883816
3498 0.15723247666840837
3499 0.14168227923055818
3500 0.3765214814569293
3501 0.8509045193580177
3502 0.6708182629300011
3503 0.1541056628043742
3504 0.6189471933499381
3505 0.9080389296455993
3506 0.03768992698385232
3507 0.8375141165959097
3508 0.5320266666666665
3509 0.25074660651634934
3510 0.7084544073059722
3511 0.8378611789446428
3512 0.3320641729124927
3513 0.7057161258610108
3514 0.38706570342326435
3515 0.36993496929354835
3516 0.9278114267907409
3517 0.6586451237931118
3518 0.35448316720424633
3519 0.2405995993457879
3520 0.10105663305067462
3521 0.8438550557901601
3522 0.3177553083326012
3523 0.2822793607646519
3524 0.9418950974627311
3525 0.10922761220803134
3526 0.6746185530788499
3527 0.7625252051821779
3528 0.0024739790545881078
3529 0.9531140324601107
3530 0.34709330620161954
3531 0.8827311958064344
3532 0.15439823964339755
3533 0.5696262926918428
3534 0.3775737900198395
3535 0.3096827329014927
3536 0.09052095986874027
3537 0.04899839070000908
3538 0.3705948189825449
3539 0.567828045731371
3540 0.8074945821026597
3541 0.8664996428588778
3542 0.10510337440941006
3543 0.1733107146767804
3544 0.44785348307442774
3545 0.6375705577820138
3546 0.08249344692583808
3547 0.2838114721469784
3548 0.38059158461371917
3549 0.10389491204979608
3550 0.7212614562491221
3551 0.1360543352307027
3552 0.8041005289178768
3553 0.6609497268042672
3554 0.07148328807186906
3555 0.06964258734551618
3556 0.20930064174086102
3557 0.08731412620019921
3558 0.3339699715489126
3559 0.2782370766963819
3560 0.3373088919970636
3561 0.09653458628440213
3562 0.038115841117843885
3563 0.39419118256323615
3564 0.09307709320696363
3565 0.8480953134329886
3566 0.19479566972319773
3567 0.41607633117868875
3568 0.5876196904140909
3569 0.010896038078152336
3570 0.6452349662244266
3571 0.8876341877448227
3572 0.037409499038641054
3573 0.34712017729136896
3574 0.16255639076892167
3575 0.910290579519501
3576 0.5712113440850203
3577 0.7096227405330293
3578 0.26835065879041287
3579 0.26329160841543975
3580 0.6016054027206001
3581 0.03526783563567846
3582 0.6237777711545929
3583 0.9823539823539822
3584 0.979820469458215
3586 0.5178176075466766
3585 0.8302404987228267
3587 0.27119504562208246
3588 0.2724323886915109
3589 0.342073956283633
3590 0.02927067068454524
3591 0.792751291846408
3592 0.05357022290110964
3593 0.28667449886117863
3594 0.1365056490642123
3595 0.6658657594212108
3596 0.6167626065098105
3597 0.9037449433200695
3598 0.8568671329997263
3599 0.0901190377076417
3600 0.564696474476174
3601 0.6413613005734583
3602 0.28713571910759134
3603 0.5448559331352552
3604 0.3247747113974042
3605 0.774756534071418
3606 0.41466336984625596
3607 0.08319966046323896
3608 0.7519657185891013
3609 0.6963517090433556
3610 0.1848600231923433
3611 0.14114543595677828
3612 0.7679235501933285
3613 0.9099482986181818
3614 0.8769119631237353
3615 0.15312766409800108
3616 0.7721058689370842
3617 0.2887226721852262
3618 0.4217454497048728
3619 0.32458152424883824
3620 0.1940189248309581
3621 0.12929519642289855
3622 0.325509193472726
3623 0.1744189609247207
3624 0.7279259540449542
3626 0.4071844705312009
3625 0.5184696585132689
3627 0.34159722793050107
3628 0.3067790256025067
3629 0.25344055944900895
3630 0.25240450751700855
3631 0.9021643540002432
3632 0.050000319761064504
3633 0.8204080216818523
3634 0.8777401448253914
3636 0.09212777200795984
3635 0.35668421907313363
3637 0.0031818046805466215
3638 0.8111767206135454
3639 0.3280160433952689
3640 0.6061269169260182
3641 0.2294073984279879
3642 0.07521135764982258
3643 0.3723392617459552
3644 0.16411063621599137
3645 0.7120240227348845
3646 0.07322284667087604
3647 0.20131982833927964
3648 0.45582490838553347
3649 0.27096637736381046
3651 0.7325066499275903
3650 0.10317104079543928
3652 0.3669528843780279
3655 0.011364901991322885
3653 0.2750958758886375
3654 0.1997476079004988
3656 0.033508010524611866
3657 0.23446801749015925
3658 0.07064144796688895
3659 0.43671740912930634
3660 0.582931227176456
3662 0.3218955680419112
3661 0.6575068337630683
3663 0.6382362663111759
3664 0.3075545155749581
3665 0.07172267290628706
3667 0.4233114131284712
3666 0.29551506407585276
3668 0.08879641628766316
3669 0.22481498613505813
3670 0.09969930127345004
3671 0.5569855316275617
3672 0.40926329558199254
3673 0.30769520713296156
3674 0.06808112688374772
3675 0.04750424198330613
3676 0.20004495181918563
3677 0.05122310842229899
3678 0.2143619657265814
3679 0.07066171300281007
3680 0.38792636397939223
3681 0.3506031568170865
3682 0.7851341871059586
3683 0.3993563099158994
3684 0.23740312250682297
3685 0.3806721125110985
3686 0.36946566242992684
3687 0.29785103207014385
3688 0.40913697583120384
3689 0.10609348762602666
3690 0.9939353748875993
3692 0.47753164208002524
3691 0.14823596829764865
3693 0.5971017948665461
3694 0.37488037782762174
3695 0.4728339421333403
3696 0.07809769661432404
3697 0.41719191973932607
3698 0.388238803844181
3699 0.15534384015343916
3700 0.29247401432804415
3701 0.062045910383425454
3702 0.061401005869312256
3703 0.5177422105293267
3704 0.20477798471741132
3705 0.6028629507765436
3706 0.22273303133144695
3707 0.09883804349802125
3708 0.4082628718907174
3709 0.5376158126656156
3710 0.06528228455837201
3711 0.0
3712 0.17740729695857668
3713 0.6783904979580169
3714 0.7372963076945004
3715 0.1598390510058989
3716 0.5212976420347428
3717 0.026802274973407893
3718 0.4920405996581792
3719 0.1617348931273319
3721 0.18188914893568348
3720 0.8636184637921875
3722 0.5041643654931186
3723 0.0692001032455216
3724 0.110967148930251
3725 0.3788095846752841
3726 0.1625678150115051
3727 0.15795321854199604
3728 0.4985917270432086
3729 0.2662147264191511
3730 0.4052797511887735
3731 0.19752353966500824
3732 0.12382493589381771
3733 0.16998600770177127
3734 0.6342280922208587
3735 0.15635550360502712
3736