1 0.4551721683157999
2 0.25098050000000005
3 0.5524593769169477
4 0.025711571345032658
5 0.7424929999999998
6 0.7679617629927267
7 0.6582117728223824
8 0.5954969649005091
9 1.0627932019283277
10 0.40256966252672644
11 0.4986224961161918
12 1.3843192130875568
13 1.3973851333396896
14 0.018929028151323024
15 0.6175105706827313
16 0.8792676368798291
17 0.6697580993554604
18 0.06753948543004662
19 0.19026982176099994
20 0.1231475742214998
21 0.797059
23 0.8696840998039599
22 0.7373860608532701
24 0.882737689550618
25 0.9097074169966679
26 1.00294
28 0.7155429239470841
27 0.8956130961905141
29 0.7193094882122886
30 0.026351303301643814
31 0.957980415225
32 0.9192115254800782
33 0.839327893230301
34 1.1686280000000002
35 0.16372600000000004
37 0.907955586397403
36 0.0876490867564721
38 0.37485004896119234
39 0.3472610068300652
40 0.10931620261293218
41 0.23745547396257244
42 0.940196
44 0.5367473254405754
43 0.8116205959054001
45 0.5605372508205742
46 0.6783462745562214
47 1.3108545000000003
48 0.6879167527103895
49 2.2421559999999996
50 0.193913360152691
51 0.3034868819869051
52 0.518767621480235
53 0.371413498133035
54 0.36378529038606044
55 0.9108057065476979
56 0.8388104171989619
57 0.9748602832259965
58 2.2990180000000002
59 0.35954851439846824
60 0.2433609670340966
61 1.1499817287066716
62 0.820109148470469
63 0.8141482453784414
64 0.9749175262161149
66 0.8384815449610001
65 0.043326117459959734
67 0.08852782936100012
68 0.7147096621107932
69 0.0012860867557842326
70 0.6719844975125872
71 0.5514100000000001
72 0.3804350474400109
73 0.13316348297594582
74 0.04178168809137661
75 0.8065844487817164
76 0.483226
77 0.1213105000000001
78 0.3718801666264644
79 0.34852950000000005
80 0.029411500000000035
81 0.901842
82 0.05025584279672057
83 0.24624846071997508
84 0.8502440376549221
85 0.8725118280336599
86 0.9105780713440782
87 0.5615744003602088
88 0.7855770868503755
89 1.169608
90 0.6412102610411465
91 0.7346400347913231
92 0.7078430000000002
93 0.310397405
94 0.8467234897619754
96 0.08137299999999992
95 1.3264699999999998
97 1.225491
98 1.6071800439447002
99 0.8547450000000001
100 0.29957338965660196
101 0.940029457769708
102 0.8901851878899836
103 0.46735278385944556
104 0.12271063569113361
105 1.2391490922175545
106 0.5676480000000002
107 0.35588300000000017
108 0.28003494323199996
109 0.5498471373836333
110 0.8535597266960773
111 1.442156
112 0.8176469999999998
113 0.35686300000000015
114 0.007238747719613414
115 1.2550011734688817
116 1.0426490750282356
117 0.25337636050334944
118 0.07208847539600005
119 0.18388250762985292
120 0.7347882606662249
121 0.2932505356605024
122 0.9352607309998435
123 0.6738854397263793
125 0.29872312692930003
124 0.010623018599694056
126 0.6250439159893407
127 0.869956981809
128 0.19986682433232716
129 0.4778544485592444
130 0.7545371162771668
131 2.514723875128153
132 2.2761178609102792
133 1.4769820000000002
134 0.3713278249198737
135 0.2931164067744907
136 0.6134609530357411
137 0.43725400000000003
138 0.205009382084
139 0.47331716714428196
140 0.3808418254461068
141 0.8017789531682333
144 0.7278977401000001
145 0.3683781892259349
143 0.23036160592442845
142 0.5115622105805031
146 0.6464854946560001
147 0.19855269376315565
148 0.32876526622649127
149 0.6461311376570544
150 0.7414413613080979
151 0.31565224274273107
152 0.010578390685684225
153 0.07656775259611615
154 1.0105282579137953
156 0.23751794627915412
157 0.763621992939787
155 0.704082526976
158 0.588058557261943
159 0.3488191166998107
160 0.718627
161 0.9874872505740651
163 0.07598826323625874
162 0.7168131405940663
164 0.2778669121326829
165 0.8546117048208534
166 0.582471995026224
168 1.640226027384829
167 0.7539230000000001
169 0.02303900000000003
170 0.17395014581334833
171 0.8111389159343156
172 0.863628901192
173 0.544181172422171
174 0.6444348731260001
175 0.6879540374051283
176 0.2728158874933719
177 1.0643893012473085
178 2.764655759208
179 0.24037794289334058
180 0.007349113759365977
181 1.423821
182 1.1600268637186597
183 0.9036699999999999
184 0.5303622748243775
185 1.1409139386698037
186 0.9480156280250001
187 0.5360351821841207
188 0.08024135383483344
189 0.821254674401743
190 0.268593935025
191 0.04705900000000007
192 0.08530084694722517
193 0.8845508194657925
194 0.6490199999999999
195 0.4865885149602913
196 0.2733840000000003
197 0.08243749039815396
198 1.837743
199 0.9225495
200 0.8942315000000001
201 0.8913434583656571
202 1.0475946572480002
203 0.15249784352200013
204 0.09633221400966563
205 0.6452762446572728
206 0.1607845000000001
207 0.34839483076735034
208 0.787212
209 0.05269472826670163
210 0.9289933421423555
211 0.15953181571724917
212 0.6900457162055236
213 0.4020295664360001
214 0.930793473122355
215 0.70526
216 2.4461679402390004
217 0.46985517282313904
218 0.58341776018
219 0.3554622840499495
220 0.06792359526484658
221 0.6155825570214601
222 0.655260175724532
223 0.5648735000000001
224 0.3999216161758283
225 1.0905009244427697
226 0.02218535541497868
227 0.04957209232360049
228 0.08569480665430151
229 0.6512229227336707
230 0.42347932722500015
231 0.7014270474931896
232 0.029928707160575732
233 0.83127746027065
234 0.1975630588843359
235 0.5044001889640001
236 0.0759794241852001
237 0.2729853474598565
238 0.4032546859566102
239 0.13233545136107705
240 0.31157837039920566
241 0.6027956988695069
242 1.294528
243 0.2008035368741432
244 0.237255
245 0.1413184276798949
246 0.6026225698099841
247 0.0015723352946548363
248 0.555223862976
249 0.16078400000000004
251 0.9034760000000001
250 0.7408362241727751
252 0.11341307605072704
253 0.13636302498209263
254 0.3682860582284227
255 0.4751237145616043
256 0.8220385643841197
257 0.5737235
258 0.37192409180118857
259 0.403635410175023
260 0.8494150199897289
262 0.059943280578357516
261 0.34245321397983575
263 0.8277726668668877
264 0.14397238591354727
265 0.1476185544155808
266 0.5918696472712621
267 0.7914271483870136
268 0.5422018492737719
269 0.4500417664618117
270 0.7601079897593778
271 0.447460889996131
272 0.6758634924456223
273 0.49750599932330286
274 0.17636082062145486
275 0.5283489759429295
276 1.1784584603719328
277 0.7531778252554011
278 0.5791657616607935
279 0.5146691154402798
280 0.7385146009939667
281 0.045543343928600155
282 0.9386429186638853
283 0.7597178497940207
284 0.407648
285 0.5186284999999999
286 0.24230291911592672
287 0.502219573290912
288 0.2913275083990401
289 0.1946045000000003
290 1.3822285749440077
291 1.220866571488051
292 0.35967019587806554
293 0.4559686719977458
294 1.734475000871685
295 0.44564072188323123
296 0.1535384962305517
297 0.0696833134347048
298 0.7270433353010064
299 0.735483
300 0.4779598120714481
301 1.1515762468810948
302 0.4683292085214328
303 0.6707321001073029
304 0.0334743694167734
305 0.16238393184304822
306 0.7206350413115449
307 0.6239344750236109
308 0.8240547636611617
309 0.5097645062687806
310 0.024766351507752304
311 0.004338750000000058
312 0.6279741630733702
313 0.7615488261487592
314 0.8415917567502945
315 0.5495134091631149
317 0.3150712198265675
316 1.4814741233672246
318 0.6739335140486358
319 0.8997909406231661
320 0.399419
321 0.13898653138201578
322 0.7996270075057029
323 0.5308226088122114
324 0.30373773734010334
325 0.7998168786131202
326 1.2524266835562756
327 1.1101645598222538
328 0.09591193266834663
329 0.6472178406498288
330 1.3311097725618237
331 0.6961953717460705
332 1.350350205291621
333 0.16792536911571143
334 0.3989654919210468
335 0.6714384473677383
336 0.8215680000000001
337 0.45705977391992114
338 0.29541066445558917
339 0.36338898655769775
340 0.9245095
341 0.4490195000000001
342 0.60165992590934
343 0.7878640792787732
344 9.454341689646428E-4
345 0.3017606593622745
346 0.564086110672017
347 0.5980048990840996
348 0.7970600000000001
349 0.9730228030072865
350 0.8661463400250218
351 0.8138874018974502
352 0.3696905793500907
353 0.8159317500000001
354 0.16767000447520286
355 1.9929340159024573
357 0.36620041777117107
356 0.7499989999999999
358 0.0854410000000001
359 0.4348630141389682
360 0.4316453016512187
361 0.681373
362 0.8437215103994572
363 1.175273896922018
364 0.2380648939572706
365 0.9110710397252594
366 0.3008566958946347
367 0.021489119362808506
368 0.41680539330999666
369 0.4334650313106734
371 1.320303734539564
370 1.5333081580611945
372 0.959658533002866
373 0.48243691710497183
374 0.14266266720807752
375 0.38960385728120206
376 1.1172242712025187
377 0.022986370472232398
378 0.8012032482945517
379 0.13504177214509205
380 0.4622154999999999
381 0.861847
382 0.5003955856762057
384 0.8690555000000001
383 0.6672234677583807
385 0.32165176520413685
386 0.25256065463609834
387 0.33186325000000005
388 0.5884986926744402
390 0.5294114999999999
389 0.11719733162952894
391 0.8935625073130467
392 0.03286380934562061
393 0.617157
394 0.648823816468769
395 0.15923954826156672
396 0.7247334396269632
397 0.46753014454208874
398 0.6946085
399 0.6165090743487573
401 0.20711218416384503
402 1.3883263855797068
400 1.05
403 1.779412
404 0.7900949015919808
405 0.37095419563542453
406 0.7951822754285685
407 0.10518850000000013
408 1.0200884393777707
409 0.5398965755031052
410 0.6164385210653194
411 0.19840681803540927
412 0.09869517355573731
414 1.6833349999999998
413 0.5029816148099961
416 0.4391118739628903
415 0.5717025292315767
417 0.8846854313733484
419 0.13423985376460656
418 0.859659786854996
421 0.37978882621885135
420 1.19365
422 0.9186270000000001
423 0.5990719323636007
424 0.8491785188490001
425 0.25784300000000004
426 0.4462640840157027
427 0.5202150340722069
428 0.9715157976968669
429 0.25322329478314587
430 0.25446177475922305
431 2.4272912957158788
432 0.6542167401
433 0.24383022257169373
434 0.4204190000000001
435 0.390526509304138
436 0.7075060014582916
437 0.15147599999999994
438 0.0021838167851040424
439 0.7024253815835424
440 0.48339299999999996
441 0.45398747699797404
442 0.43260155010528645
443 2.1454624591988773
444 0.14980775000000013
445 0.23081400000000007
446 0.632414711481101
447 0.790311952885151
448 0.7820972103290165
449 0.5803074904661671
450 0.5100308191571651
451 0.5579824207968038
452 1.1487649238024542
453 0.0643747401000001
454 0.2913919999999999
456 0.2061883167956624
455 0.6113341988691833
457 0.1074606003002907
458 0.7405781090729544
459 0.07802000049497448
460 0.738073928704
461 0.5915983343077786
462 0.6531147559559005
463 0.6952650322483154
464 2.263627587818153
465 0.16949068523315214
466 1.3605625015579552
467 1.0215695
468 0.9453244237440259
469 0.7205890000000001
470 0.4700220934401428
471 0.15914699999999993
472 0.26370937200030165
473 1.3575001934772961
474 0.641345412517649
475 0.6691359062912985
476 0.34028887108693096
477 0.36596382576517494
478 0.29701063737609745
479 1.9391320002664492
480 0.2382359999999999
481 0.6111873539885453
483 0.06696325365939892
482 0.5167722889993456
484 0.9425790000000001
485 0.3870068366824351
486 0.804339482827336
487 0.7485027415715803
488 0.7126117635643847
489 0.6157207744137623
490 0.3349886175345189
491 0.7193621578450518
492 1.2721321068376763
493 0.15902457963158903
494 3.133716973664
495 0.1525050899581184
496 0.38355947331976625
497 0.5663506296040002
498 0.14324344844293724
499 0.5287754566295373
500 0.9069508948026053
501 0.7746875
502 0.9892160000000001
503 0.7188446842627078
504 0.30980450000000004
505 0.6809818168733943
506 0.651862589637954
507 0.0756699999999999
508 1.325804736895918
509 1.0828482529813603
510 0.7882305442620872
511 0.3828505000000002
512 0.8790708026007084
513 0.290743774543069
514 0.2779005091291593
515 0.6657403594448588
516 0.8275855692389977
517 0.5824845211813068
518 0.5387692060691935
519 0.17992184399188815
521 1.1003832379767486
520 0.4985037375952783
522 0.29450992467779846
523 0.7760603092404991
524 0.04140822757028717
525 0.5393687872923114
526 0.48338090251442467
527 0.7134481163119284
528 0.8281544775504368
529 0.5205879999999998
530 0.226720349726805
531 0.7009810000000001
533 0.2321263755395464
532 0.3065398129180006
534 0.2396886523962285
535 0.4544807500701322
536 0.48322198253246706
537 0.08910528922585148
538 0.1649648580324079
539 0.253337530835264
540 0.32156950000000006
541 0.10285401436489994
542 0.7117964271233228
543 0.31558109666141765
544 0.777481987407894
545 0.2911690683669188
546 0.9180849448352557
547 0.9485450239364175
548 0.0345093242854423
549 0.6721231924253173
550 0.8378130343317634
551 1.1118107864908733
552 1.0050358736119944
553 0.6431605
554 0.1443924873047313
555 0.852941
556 0.11153500000000016
557 1.3033250297300214
558 0.1970590000000001
559 0.858670968575819
560 0.19856271391711866
561 0.7686270000000002
562 0.7686429010642016
563 1.6371816420210001
564 0.6309507903116256
565 0.22803602164185288
566 0.0759805
567 0.21117802261853577
568 0.5223334812335578
569 0.41991315308677435
570 0.6352935000000002
571 0.6842293526703023
572 0.9340094600622846
573 0.6271320326662531
574 1.8911902866787471
575 1.3405478528980537
576 0.9054717273850453
577 0.09117700000000006
578 0.6198705497939161
579 0.26833729322487243
580 0.31503426219494
581 0.7292989805404901
582 0.21370685953329138
583 0.15637275377137172
584 0.80421901807
585 0.7361528838847855
586 0.7722074285467679
587 1.1751204803677127
588 0.7499405851992964
589 0.4957433259519999
590 0.29533087283750015
591 1.3364997678070207
592 1.259349
593 0.8561158235474962
594 0.5490069643047493
595 0.22311021879938964
596 0.23719102043538887
597 0.6040163921885453
598 0.7481777073603223
599 0.4508769724123538
600 0.8472022210671224
601 0.9638785123277274
602 0.8131395089018818
603 0.585294
604 0.7660942473195093
605 0.6222869955484092
606 0.769139
607 0.8054450000000002
608 0.6808364379559999
609 0.04957638009286758
610 0.7851064712777472
611 0.34720859479573707
612 0.9572139384827318
613 0.08137250000000007
614 0.2773210673417179
615 0.775743549481
616 0.5640932302018786
617 0.27253884096864467
618 0.2134238376637212
619 0.068627
620 0.3664810726976535
621 1.4026053769369449
623 0.09967756285215512
622 0.09236086645107444
624 0.4428725578867907
625 0.22844693502500002
626 0.2565620293998536
627 1.725491
628 0.04624382190556231
629 0.1318565141088539
630 0.28403898157073526
631 1.209033921287822
632 0.35756124275425916
633 0.12348088402766089
634 0.25082202855686586
635 0.7660661273291822
636 0.3842646683986944
637 0.7197245438631689
638 0.2572063992674021
639 0.6399463619884616
640 0.738393726020822
641 0.24645048062245012
642 0.20030816090000014
643 0.5023313980571622
644 0.8786130884140435
645 2.6186054515183024
646 1.4135009273297936
647 0.3036886904701215
648 0.8013147570874526
649 0.6044115
650 0.0019685949609339337
651 0.559207
652 0.5592286935716186
653 0.8545875566158637
654 0.3242250611983808
655 1.3939172598891225
656 0.14365528086169754
657 0.5179293829916227
658 0.3862976960662654
659 1.0337764411083625
660 0.46978609873624944
661 0.5655030000000001
662 0.43405437614388087
663 0.2194180000000001
664 0.330392
665 0.4441721113967137
666 0.4630799678342441
667 0.5718836076089898
668 0.5348550000000001
669 0.17937267420773773
670 0.5502499174320807
671 0.7926657411578943
672 0.2237555193929901
673 0.1727646897825561
674 1.322955107110303
675 0.6274730000000002
676 0.48351151679557325
677 0.489933265117636
678 0.6927515977780849
679 0.24231623509978628
680 0.5512713676627514
681 2.0323530000000005
682 0.15613971503536805
683 0.352047540926149
684 0.6055897708589353
685 0.7068457025454158
686 0.4568609804695328
687 2.1294115
688 0.9480380000000002
689 0.7100359999999999
690 0.5073532500000002
691 0.6633771717487849
692 1.185293
693 0.19901900000000006
694 1.0784325000000001
695 1.1107829999999999
696 0.48175780977269045
697 0.803956946734514
698 0.19537452833600022
699 1.2841425778224782
701 0.8754900000000001
700 0.8523068342063397
702 0.19621103629154057
703 0.32925621610745504
704 0.5651553884125677
705 2.0691516238045784
706 0.7781379411087127
707 0.1929786024110265
708 0.8924985
709 0.06106650835863103
710 0.5605445252911313
711 0.6336597979689482
712 0.9315407804157683
713 0.009936496412381257
714 0.3633153784109411
715 0.400156866978523
717 0.314662
716 0.616355887259721
718 0.6900070000000001
719 0.23866468176085642
720 0.5821492217796996
721 0.13583100811960103
722 0.8073513936773262
723 0.35550051549154627
724 0.3769536612205875
725 0.933333
726 1.0502432847816212
727 0.6490075
729 0.3649432557785423
728 0.13461455696000013
730 0.5504210183090581
731 0.867564
732 0.11397852316058521
733 0.10959529009511204
734 1.649942693637305
735 0.819215
737 0.4063592566339148
736 0.7197668812
738 0.6881074248703282
739 0.3841177095213688
740 2.1816375493687
741 0.5982734793334048
742 1.2981581186362001
743 0.5701166710604938
744 0.4749898838333444
745 0.10196716654865842
746 0.27276775506725515
747 0.45486853080425405
748 0.08537299999999992
749 0.4350952416215219
750 0.6920002465663428
751 0.5461904776461891
752 0.13785250274837635
753 0.1574860341463522
754 0.06802122829911794
755 1.5629563392616028
756 0.9558871682815002
757 0.6351353550772811
758 0.7870375455209999
759 0.7661897943292454
760 3.259803
761 0.5502531844127255
762 0.6654872258314307
763 0.45008937140970107
764 1.0299383434215539
765 0.022794756768991897
766 0.1420871393755363
767 0.10237026831901597
768 0.6065297584345992
769 0.584446019378
770 0.44447214444507765
771 1.7666680000000003
772 0.9135834954056044
774 0.606989
775 1.3659309604000003
773 0.7560888912091828
776 0.6218946564395786
777 0.39321659737992554
778 0.6137558032587692
779 0.24701600000000012
780 1.166297
781 0.5121708890742493
782 0.4666537134338773
783 1.0830239908933914
784 0.5160747451482799
785 0.22952148759972846
786 0.24855501333616137
787 0.4971721258176933
788 0.3623893378502263
789 0.6107548907383968
790 0.7774515
791 0.5515277220674215
793 0.7285649931467619
792 0.4979213150956202
794 0.6443064715579572
795 0.08976961384100002
796 0.47451
797 0.5126390000000001
798 0.7333990000000001
799 1.0915673465928377
800 0.4022311027122478
801 0.2815748775251399
802 0.826468160931402
803 0.6768073831584214
804 0.6068629999999999
805 0.4260112463673469
806 0.6711113625923721
807 1.6339432101869755
808 0.2451585283360005
809 0.08433756068620091
810 0.477579
811 0.5282440000000002
812 0.6709306216314713
814 1.081423822700036
813 0.4625962045182137
815 1.3873549631355375
816 0.5606125603674866
817 0.054879750000000005
818 0.2757904576252088
820 0.07005177113784744
819 0.021679350515015572
821 0.5378806106053765
822 0.615634
823 0.4147050000000004
824 0.16176500000000016
825 0.3263850577501348
826 0.4519349055982389
827 0.26777028163193184
828 0.8738110107579624
830 0.820997
829 0.03751799999999994
831 0.5622039834211483
832 0.1625097056957283
833 1.2036579519040005
834 0.596222
835 0.1370058493954749
836 1.0750031700610323
837 0.3825015044850546
838 1.511226
839 0.5862087449632231
840 0.1107344700743671
841 1.079314368290399
842 0.6334949599507359
843 0.7809101566810555
844 0.5189994063019874
845 0.534692622416
846 0.9414264973356041
847 0.8398345
848 0.09220836912093366
849 0.06490697308735127
850 0.8825681206237176
851 0.77205875
852 1.1659405972489407
853 0.523213118092584
854 0.8452774985416469
855 0.8730982484198528
856 1.8686255
857 0.9379886826872139
858 0.021314256628821072
859 0.6208598221209536
860 0.7952768164939885
861 0.7094464535819969
862 0.7641940511527163
863 0.11178036099382771
864 0.22615864526757562
865 0.8534821907753162
866 0.9287257220869404
867 0.16470550000000017
868 0.7692411670904037
869 0.3617649999999999
870 0.6460336695715949
871 0.11723698865301135
872 0.2804862264515686
873 0.63261409748159
874 0.4498357461450331
875 0.34511671507599995
876 0.2495297883239893
877 0.9084727544792719
879 1.0853578828012866
878 0.5764695000000002
880 0.5798007217032628
881 2.297714153798707
882 0.34970506094063736
883 0.7062220000000001
884 0.8992049052093584
886 0.46015782727225923
885 1.033791598846806
887 0.7687348591431484
888 0.22536320173000002
889 0.6043390292335789
891 0.6240957978662869
890 0.09375486549595013
892 0.17762066116249597
893 0.0019141163312286213
894 0.5666777092622279
895 0.6676470000000001
896 0.7712479529555815
898 0.1960780000000002
897 0.4012260748851828
899 1.0288144545620368
900 1.7330257035156496
901 0.6895813845093124
902 0.27519036655324514
904 0.21319597069220797
903 0.10178975477603847
905 0.48395000611641836
906 0.2890739691977924
908 0.8559617399438285
909 0.64362775
910 0.15962387531647926
907 0.15435620929772342
911 0.16182902131264587
912 0.2997954676834429
913 0.44808953013299035
914 0.8772965000000001
915 0.997058
916 0.859413
917 0.5003271724918943
918 0.5656860000000001
919 0.57067532802405
920 0.9768439904118227
921 1.072068752025033
922 0.23067488841998762
923 0.7261671152111395
924 0.18186275000000007
925 0.720873
927 0.3728587964028376
926 0.16967200000000005
928 0.7752687091306882
929 0.3626499234713696
930 0.20284293099542317
931 0.26062629318754094
932 0.7150833473280003
933 1.2778687499999999
934 1.9497433328198979
935 2.5592579385162484
936 0.23902081517598028
937 0.8729924353931641
938 0.03764786994324565
940 1.695098
939 0.9831443439503635
941 0.6871277140213692
942 0.5499001277238988
943 2.080054185871208
944 0.4676137710232231
945 0.8422553721932744
946 0.214916582084
947 0.7298232458698017
948 0.6428430899602731
949 0.832353
950 1.75052540879496
951 1.0337572885479338
952 0.12080635515131877
953 0.4060355973513896
954 0.366579479816316
956 0.6154959808311442
955 0.868360267486161
957 0.7405814213560626
958 0.1688664303562335
959 0.990141069393704
960 0.6237819777474258
961 0.6031233058076879
962 0.28638671565262386
963 0.5284310000000001
964 0.6011283452388039
965 1.326535436531045
967 1.1108750000000003
966 0.9473243116999865
968 0.17502925125490942
969 0.8088240000000002
971 0.5954353480824085
970 0.6776976780783708
972 0.20851299999999995
973 1.0345266209056168
974 0.792886
975 0.23528514401730427
977 0.915686
976 0.5468403651814826
978 0.3352282632830039
979 0.9513752344670203
980 0.46834149999999997
981 0.42411684080946066
982 0.07213047712813836
983 0.27587800000000007
984 0.8823110000000001
985 0.6969137639867145
986 0.10718790400326372
987 0.330392
988 0.2919170902162618
989 0.4134216324704961
990 0.19534818614974842
991 0.06491408262245613
992 0.27637097711393444
993 0.5134365725694576
994 0.6018487163354285
995 2.475492
996 0.21398443663583167
997 1.2284309999999998
998 0.10193651158655714
999 0.7692943530775398
1000 0.09670359300572828
1001 1.4450963986130885
1002 0.27578191841599997
1003 0.56911825
1004 0.8872792055866292
1005 0.06018976795600994
1006 0.5493241061793512
1007 0.25343150000000025
1008 0.17971189726367098
1009 0.2347502030560149
1010 0.4431841922697355
1011 0.9888955230009999
1012 0.5843871083295442
1013 0.7864915380022659
1014 0.4013674115780401
1015 0.04314564948100008
1016 0.7147319999999999
1017 0.9600191914036673
1018 1.8411918533059406
1019 0.6980629025375
1020 0.15746156144736756
1021 0.8090637704907955
1022 0.11803142802351951
1023 0.39117599999999997
1024 0.684893
1026 0.4424480807009479
1025 0.5940716724120563
1027 1.2185683228592776
1028 0.7381447254364166
1029 1.183994090271563
1030 0.053613332872904707
1031 0.06756799760512334
1032 1.654036953912443
1033 0.8995102500000001
1034 0.8857835000000001
1035 0.5065637215656331
1036 0.4131031303364374
1038 0.28668609066038964
1037 0.1759611291891483
1039 0.7456207549673461
1040 0.5273110636392284
1041 1.2955237979240002
1042 0.3819339667493191
1043 0.035873304720173804
1044 0.613726
1045 0.44584333355569217
1046 0.5178854897693956
1047 0.07839772635173459
1048 0.8361550000000002
1049 0.4565284999999999
1050 0.08227210664407503
1051 0.8332127234832958
1052 0.4703005837678409
1053 0.8070422625365974
1054 0.04412289838995642
1055 0.7203601946832713
1056 0.22531450000000008
1057 0.0027736076089999173
1058 0.3078430000000001
1059 1.3946949174964909
1060 0.08061768058258349
1061 0.63720983574164
1062 0.6396855331810782
1063 0.3770966634438284
1064 0.1973108057514259
1065 0.7855702245049585
1066 0.824009
1067 0.44557219014672866
1068 0.778940706260826
1069 0.4107165353641083
1070 0.9216434479959534
1071 0.08789936024227818
1072 0.3960520000000003
1073 0.23768979400159007
1074 0.8107528912475288
1075 0.1896533339147124
1076 0.42385304410318936
1077 0.6968392513517854
1078 0.08713756537216089
1079 1.267097960431202
1080 1.342157
1081 0.008165662975999965
1082 1.2858987174773902
1083 0.5699580906390466
1084 0.7281585000000002
1085 0.06092340378451966
1086 0.17102273298179127
1087 0.427098582257468
1088 0.1738560453462683
1089 0.07010148869285482
1090 0.9093469919471124
1091 0.21777956454692493
1092 0.8913414645191529
1093 0.9304357635202745
1094 0.6810106120098194
1095 1.4166670000000001
1096 0.5991566911211401
1097 0.053661097385441225
1098 0.5499863784025264
1099 0.2986808545754289
1100 0.2049970000000001
1101 0.18862187370026562
1102 0.6068169999999999
1103 0.8108275
1104 0.099170098766308
1105 0.6264700000000001
1106 0.7215830000000001
1107 0.041079169258707804
1108 0.500827521761
1110 0.3128989248816946
1109 1.533130354856387
1111 0.9589430378270458
1112 0.21357984645724515
1113 0.24466912409171448
1114 0.8533338730187081
1115 0.0033346073162533463
1116 0.5553450223998626
1117 0.36179509297238144
1118 0.3549472097090485
1119 0.09974100000000008
1120 1.4186963352971687
1121 0.19146239210292837
1122 3.4612290529736436
1123 0.6910633789797924
1124 0.7003617526622675
1125 0.665686
1126 0.2898262799744393
1127 1.437628
1128 1.1954715574113586
1129 1.230722438915279
1130 0.5313128278592993
1131 0.5113865000000001
1132 0.13137250000000011
1133 0.725074
1134 0.1960780000000002
1135 0.2850779799028367
1136 0.056440000000000046
1137 0.12229252970940707
1138 0.06884450744753212
1139 1.0033050025
1140 0.2918095250368018
1141 0.9056812981540424
1142 1.1329359773990302
1143 1.199243512257296
1144 0.2762506495810506
1145 0.7312562321610905
1146 0.8364319795937887
1147 0.08189435927616118
1148 0.009794801941400477
1149 0.5685518351347976
1150 0.6135772681160423
1151 0.24805232298447222
1152 0.14559592470684235
1153 0.6295246212595023
1155 0.24607800000000016
1154 0.6518727836292317
1156 0.7179925232801176
1157 0.8241499225999134
1158 0.09469642172147741
1159 1.7153290643152708
1160 0.411304
1161 1.2593124192654985
1162 0.20712291814909434
1163 0.15300647942029305
1164 0.47647
1165 0.8657769161375926
1166 0.9301768323067019
1167 0.06660257912052114
1168 0.44571095086404244
1169 0.3595909809082767
1170 0.9126878663379594
1171 0.8640536046817229
1172 0.4345391273810172
1173 0.5879326207345212
1174 0.8401965
1175 0.1534190174505276
1176 0.5774519999999999
1177 0.6460528419840001
1178 0.5367672992442705
1179 0.49679189220086334
1180 0.3532132242543472
1181 0.3343012206101191
1182 0.6033133777561526
1183 0.10305224004010172
1184 0.08137299999999992
1185 0.030018720584584546
1186 0.42443788930250004
1187 0.0855055290384732
1188 0.07303850000000023
1189 0.8403814689993085
1190 0.10414162960399986
1191 0.49213140377177766
1192 0.5310647136013017
1193 0.2807555185659891
1194 1.67745
1195 0.35342861102865514
1196 0.7606810000000002
1197 0.7947649965585943
1198 0.6503521943949305
1199 0.13769115815501531
1200 0.938488
1201 0.7734409517041407
1202 0.33696589167803315
1203 0.7958951751368071
1204 0.3274112747973754
1205 1.0915072698998445
1206 0.8021754221471088
1207 0.38436551166614197
1208 0.8129068255127929
1209 0.3756918083999998
1210 1.758348
1211 0.7374286194578423
1212 0.7984267400753082
1213 0.10118322334594443
1214 0.07106977614404286
1215 1.0207417045291918
1216 0.32619691864322276
1217 1.029569396061839
1218 0.5729376613866529
1219 0.14778399999999992
1220 0.9297837127136288
1221 0.9453059397701739
1222 0.8198745
1223 0.051231125719373605
1224 0.42325964539375716
1226 0.4265639515380002
1225 0.5437168300453256
1227 0.31813679847996046
1229 0.9769900308890291
1228 0.4925918881309145
1231 0.8992
1230 0.5874431183179708
1232 0.7150645796445081
1233 0.7014522104943499
1234 0.22917802845303492
1235 0.027999504852714407
1236 0.6311735831601202
1238 0.42587385278496703
1237 0.8179651222767406
1239 0.36081327217769277
1240 0.2558172477870635
1241 0.053778820555576035
1242 0.4600313248099337
1243 0.020966710917893927
1244 1.728432
1245 0.20083672623557325
1246 1.2676460000000003
1247 0.7825539682815001
1248 0.4641563319297878
1249 3.1607966609
1250 0.9980089203203075
1251 0.4090565893120002
1252 5.797351819483667
1253 1.339316
1254 1.6231020942036454
1255 0.7745881027964561
1256 0.9205334491697625
1257 0.6175703387936384
1258 0.754127562391944
1259 0.10981719364800213
1260 0.4024221548166722
1261 0.7546520278325398
1262 0.03797322851586027
1263 0.7612380694432361
1264 0.42058949999999995
1265 1.7107850000000002
1266 0.9981126893690031
1267 1.0686598657440005
1268 1.2155067512499997
1269 0.31323566590765917
1270 0.7674725000000001
1271 0.9615550587841712
1272 0.5320343709184425
1273 0.17621475256055946
1274 1.3292127426452136
1275 0.8329110752216855
1276 0.6937530545898054
1278 1.0530025126490001
1277 0.900050070867416
1279 0.3365340000000001
1280 0.4957681437604775
1281 0.16065046838582564
1282 0.20637953569081469
1283 0.01969639033933901
1284 0.16084283535292565
1285 0.38812960117570955
1286 0.14636694453938648
1287 0.20638624122889326
1288 0.495113935025
1289 0.012697283523147807
1290 0.9212363501777843
1291 0.1247900402500619
1292 0.2150510903570908
1293 1.845096
1294 0.3336852042721379
1295 0.9495138759930128
1296 0.7071729388033563
1297 0.14563062845697106
1298 0.6321914424130098
1299 0.763725
1300 0.9811206899872367
1301 0.49697720297400894
1302 0.8739013010407568
1303 0.6277402203000001
1304 0.5684065658013602
1305 0.79257865126938
1306 0.17102702582484364
1307 0.803452271713424
1308 0.4049887020638725
1309 0.05810318995715491
1310 0.17171124228289103
1311 0.34687706421812226
1312 0.07051424083569136
1313 0.33890484390143416
1314 0.9241123321256199
1315 0.44999999999999996
1316 1.2226359999999998
1317 0.7011683756249998
1318 1.4925695025
1319 0.501137062776819
1320 0.6556867848098
1321 0.6105040891341476
1322 0.33490358717134505
1323 0.09981535745192449
1324 0.20133400000000012
1325 0.8362735000000001
1326 0.679701
1327 0.17816237917054667
1328 0.6922425475957974
1329 0.18381815773374388
1330 0.7835759210020316
1331 0.603426
1332 0.6717272557865466
1333 0.8957571099929139
1334 0.782644918416
1335 0.25028347386324623
1336 0.36902556432073697
1337 0.4973054895555593
1338 0.12506000000000017
1340 0.4120293796585166
1339 0.42186411950195996
1341 0.5580049748330416
1343 0.047058000000000044
1342 0.10172479896200001
1344 0.48749928720796365
1345 1.2912154802000002
1346 0.9828100704495253
1347 0.9297748846632147
1348 2.6040908079200005
1349 2.679815397924
1350 0.7373389332862905
1351 0.5725421453936967
1352 1.2355250000000002
1353 0.5625490741865191
1354 0.5514913451636683
1355 0.29923262997566535
1356 0.7770537465078347
1357 0.02493229911419048
1358 0.7515312468879877
1359 0.7261864117486898
1360 0.7879661401837232
1361 0.6467514011581781
1362 1.958504962140329
1363 1.7443571060549348
1364 1.693134
1365 0.15735300000000008
1366 2.101111184013978
1367 0.5247162315145534
1368 1.5044325014843853
1369 1.3591420081472771
1370 0.23588342103264215
1371 0.338233
1372 0.08038221940583545
1373 0.8536696526960295
1374 0.19318000000000013
1375 0.5339105614018107
1378 0.5306779014525358
1377 0.5918485803049414
1376 1.732352
1379 0.8780498264234771
1380 0.7985000000000002
1381 0.6708770081378104
1382 0.8020746272450725
1383 0.7122840986040044
1384 0.8529485026457314
1386 0.05189022781478503
1385 0.297573677260204
1387 0.3500000000000001
1388 0.736274
1390 1.138234
1389 0.3125106546132649
1392 0.13938249806026826
1391 1.7276612412085062
1393 1.2232946854895521
1394 0.39215699999999987
1395 0.5513682235267003
1397 0.4361269524858472
1396 0.8943763762118153
1398 0.7735647860768897
1399 0.32123610254795754
1400 0.7895298217251454
1401 0.43172398255739686
1402 0.3380172987525296
1403 0.7376114466664919
1404 0.7325456446272125
1405 0.07469012828089716
1406 0.7713324220910494
1407 0.05021429272970268
1409 0.7888486430366914
1408 1.5501387755475868
1410 0.8575619848999999
1411 1.8777674719482678
1412 0.1069503734346835
1413 0.25512119934518473
1414 1.2460800000000003
1415 0.5564170298596183
1416 0.5504120000000001
1417 0.02999200000000002
1418 0.2942941085070152
1419 0.4618933115774291
1422 1.1780769299911376
1420 0.9047111095401357
1421 0.8758921211548668
1423 0.5487927450463319
1424 0.4642903562294269
1425 0.49719741522500005
1426 0.47044357067126397
1428 0.5973786142546074
1427 1.3120455845130363
1429 0.20294100000000004
1430 0.5042476447823874
1431 0.6506880836758613
1432 0.315225214297548
1433 0.13004763317936197
1434 0.3134700000000001
1435 0.5774191283471386
1436 0.8670840591650727
1437 0.1413177603294884
1438 0.7719066879957234
1439 0.01113271481972955
1440 0.19872647563179058
1441 0.15882400000000008
1442 0.7689422979632867
1443 0.23528541201117956
1444 0.22939711401258456
1448 0.4729375796652662
1446 0.9080165752628817
1447 0.9149919259770872
1445 0.3929970296077854
1449 0.282535
1450 0.8711025867610215
1451 0.5466343950655947
1452 0.9995190428406033
1453 0.8481400000000001
1454 0.7149767426853291
1455 0.7113544941184635
1456 0.3665549198879808
1457 0.022673694706519143
1458 0.03374928532458954
1461 0.04300457346673503
1459 0.8015168100936096
1460 0.025717959765930054
1462 0.7034013200298372
1463 0.8542939756377104
1464 0.7836930601891239
1465 0.1632601826216824
1466 0.6467021412877743
1468 0.37536680267635214
1467 0.7382350000000002
1469 0.7950974895099291
1470 0.7490680789807094
1471 0.7742754435405548
1472 0.7192575952528142
1473 0.43077644743706167
1474 1.3118619519158423
1475 0.9209807486337673
1476 0.6553713133887142
1477 0.4818875
1478 0.26980339071194703
1479 0.6951071022276796
1481 0.41233744049832605
1480 0.41686537927680556
1483 0.058991120673425934
1482 0.8493323423798882
1484 0.9275114387107659
1485 0.6369253520378203
1486 0.4484836880209875
1487 0.5900068809581664
1488 0.24990432814080976
1489 0.8826263405146131
1490 0.32236528654679075
1491 0.8441190000000001
1492 0.7839666514143617
1494 0.933334
1493 0.3468814998822992
1495 1.1326543762105026
1496 0.8235985559988832
1497 0.709510856849015
1498 0.4466524088084819
1499 0.06198778235671121
1500 0.9337673949868751
1501 0.540557294656
1502 0.462745
1503 0.1281870144435293
1504 0.8626545893330404
1505 0.8496566888455086
1506 0.010301291039569449
1507 0.7011342618075991
1508 0.47810850000000005
1509 1.493307838534469
1510 1.0230204187240002
1511 0.7541869999999999
1512 0.551706415225
1513 0.9448325505669433
1514 0.7843865482185501
1515 0.5358413876830362
1516 0.02339280608110883
1517 0.6761822439308278
1518 0.9055507481195764
1519 1.1314083067134224
1520 0.8369148761256067
1521 1.165723650195049
1522 0.15195104021589834
1523 0.2910753992900781
1524 0.6729579122617457
1525 0.3140351810058466
1526 0.6567910000000001
1527 0.5901955000000001
1528 0.5262612788125695
1529 0.336157118152
1530 0.6406377999160198
1531 0.18119231534604485
1532 0.5371714353319101
1533 0.7628896953290001
1534 0.8282247926478523
1535 0.938384
1536 0.5872555
1537 0.20046934880885003
1538 0.6154985969578625
1539 1.199698875625
1540 0.5567411112222109
1541 4.450602480355337
1542 0.507384126875
1543 1.820724406335944
1544 0.955884
1545 0.6289318768782073
1546 0.6763078810080054
1547 0.1552969685756156
1548 1.1447148597721124
1549 0.6227335
1550 0.1539210000000002
1551 0.0035641037044289448
1552 0.287944116303567
1553 0.7007779132428369
1554 1.4588179689735001
1555 0.8940098586643241
1556 0.16093168686600023
1558 0.07127000000000017
1557 0.8792496118559027
1560 0.47116055870089846
1559 0.24900975000000014
1561 1.3773024044794024
1562 0.691059106837397
1564 0.8273714898000477
1563 0.1645360079087037
1565 0.5147060000000001
1566 0.58660753978631
1567 0.4098035
1568 0.3242031608065181
1569 0.5518134241442296
1570 0.461931
1571 0.2134077351333481
1572 1.3193052795348452
1573 1.4557280761474225
1574 0.60098
1575 0.20097999999999994
1576 0.33792027081164755
1578 0.3146254085980943
1577 0.7854354026664325
1579 0.30625998514086583
1580 0.6994186759705702
1581 0.564321825698
1582 0.2988184540368637
1583 0.3949432250519871
1584 0.9138165953653778
1586 0.7393698514089597
1585 0.529024512948626
1587 3.0254909999999997
1588 0.832397460160063
1589 0.6447843476278698
1590 1.6479996440842604
1591 0.2518960000000001
1592 3.023184130784336
1593 0.624239951780952
1594 0.32314951697333844
1595 0.13684462362048966
1596 0.8499509155765881
1597 0.772599
1598 0.6697685543517968
1599 0.8319889017689167
1600 0.803322232350974
1601 0.9328418237243039
1602 1.2082516487927684
1603 0.1147060000000002
1604 0.7732873597901326
1605 0.7778152902216414
1606 0.9303915
1607 0.26326800000000006
1608 0.8297509123059275
1609 0.9428078403989939
1610 0.7729544593620941
1611 0.4340666931993742
1612 0.8767203101995165
1613 0.7873943373981827
1615 0.31751417565518475
1614 0.7780219441667326
1616 1.8618614482870501
1617 0.663537
1618 0.26960700000000015
1619 0.13725500000000013
1621 0.7630855490144349
1623 1.4537111004375334
1620 0.5574809497656952
1622 0.715367390316451
1625 0.4466659438221385
1624 1.3640454958945682
1626 0.8385761697569806
1628 0.37143419485808926
1629 0.7936370128490703
1627 0.7928645000000001
1630 0.0547740000000001
1631 0.9027793550067772
1633 0.9857477295946551
1632 0.5068630000000001
1635 0.05795000000000017
1634 1.0523160233090774
1636 0.0893275441089092
1637 0.5466891231981863
1639 0.21776339833738523
1638 0.5774520000000001
1640 0.6841996065777392
1642 0.09670900791005255
1643 0.3803915
1644 0.4864317466753533
1641 0.04779800000000001
1645 0.23378801563315244
1646 0.1576294165271619
1648 0.6760997032315383
1649 0.5444148487172084
1647 0.4317177501606366
1651 0.47281494783830413
1650 1.2155507933388197
1652 0.6504222609905088
1653 1.027335984189955
1654 0.8345955634375
1655 0.5901724711401961
1656 0.6906463929599369
1657 0.42450900000000025
1658 1.0013437441442108
1659 1.42182
1660 0.5353530706674817
1661 0.43511656913229046
1662 0.712744
1663 0.49067797894403964
1664 0.025823842309809275
1665 0.8871345756100296
1666 0.7996738434643744
1667 1.5441180000000003
1668 2.134653000769
1669 0.49830333015106687
1670 0.550922758570721
1671 0.5960780000000001
1672 0.9125975
1673 0.7707068084107314
1674 0.8027687254715574
1676 0.126471
1675 0.8950980000000002
1677 0.7968430216864653
1678 0.70701
1679 2.062314875744292
1680 0.9211997312
1681 0.983041130964166
1682 0.7414195430695908
1683 0.2892150000000002
1684 0.2413282177500513
1685 0.6458299999999999
1686 0.9125463867580879
1687 1.7950640000000002
1688 0.60168511015
1689 0.7888894601555547
1691 0.47542249999999986
1690 0.11726842729467357
1692 0.1460267395195809
1693 0.3931380000000002
1694 0.7382359999999999
1695 0.892484719673074
1696 0.41670811998332913
1697 1.5911760000000001
1698 1.9350039858185932
1700 0.16584884775476016
1699 0.811602792100918
1701 0.710569265420804
1702 0.1152751889568
1703 1.3046837220851273
1704 0.8500922427339711
1705 1.359715569612116
1706 0.17131769987610035
1708 1.2504068331875084
1707 0.36490726992309586
1709 0.6573656764042368
1710 0.9879423509146312
1711 0.22572650000000005
1712 0.6589528996619178
1713 0.07753797981485344
1715 0.7342338850188976
1714 1.1978369695139783
1716 0.30310040667838245
1717 0.007152272649964431
1718 0.5261626670408901
1719 6.844924334181712E-5
1720 0.6452835736163516
1721 0.18306200000000006
1722 0.565523085952824
1723 0.4526584719398492
1724 0.026471000000000022
1725 0.0432989715994746
1726 1.1501207401098574
1727 1.2996629434506277
1728 0.6029415
1729 0.20230628372531023
1730 1.28591370905394
1731 0.25821604522499997
1732 0.5129766222139811
1733 0.22101149999999992
1734 0.8773117795099123
1735 0.7279300848312891
1736 0.7743834686149818
1737 0.8332485706009035
1738 0.11787651841621494
1739 0.09062270070795564
1740 0.7893601225591292
1741 0.4982250067035671
1742 0.7898915000000002
1743 0.7488639418614786
1744 0.407497
1745 0.7158528143177643
1746 0.468649265622896
1747 0.3076752276155301
1748 0.30270116401570735
1749 0.3837565805229997
1750 0.4763589272026376
1751 0.3364056888889999
1752 0.743616853312
1753 0.34654356563199606
1754 0.5346309186971341
1755 0.5060329090388089
1756 0.8302893028339178
1757 0.756356122991156
1758 0.6385190000000001
1759 0.5902813343617319
1760 0.03588626361426961
1761 0.3036116321227984
1762 0.7447928416908982
1763 0.5549010000000001
1764 0.8529415
1765 0.9483527713146993
1766 0.1869324872992284
1767 0.551555
1768 0.6284315
1769 0.142568023214259
1770 0.88592400711537
1771 0.894534541797037
1772 1.304110673664
1773 0.9357174419984
1774 0.356346137074947
1775 0.3254352293518943
1776 0.328204957401
1777 1.8814892034050572
1778 0.39798084793503746
1779 0.7168651702187778
1780 0.6324110283013806
1781 0.562409626054071
1782 0.3945360000000828
1783 0.9479100168352534
1784 0.6644043046505825
1785 0.07827421844246407
1786 0.0439036948091831
1787 1.0700712725281767
1789 0.1439096755202378
1788 0.7840821314880004
1790 0.8238222549057184
1791 0.9544904055158494
1792 0.6476708250739005
1793 0.75918723001189
1794 0.6504562500000001
1795 0.043703102156594786
1796 0.2626876837374751
1797 0.17777006512899995
1798 1.6258369028804533
1799 0.413852
1800 0.04238249999999999
1801 0.12898788244980586
1802 0.13513021771894151
1803 0.4116172371474376
1804 0.14286242708642613
1805 0.6595875854849402
1806 0.947740465057142
1807 0.3668158776026387
1808 1.091178
1809 0.5666101736640002
1810 0.28451788526838057
1811 0.10606748018162082
1812 0.5354197061647461
1813 0.6596083862597051
1814 0.38343700000000003
1816 0.06176549999999992
1815 0.8539136281435615
1817 0.9425409140632348
1818 0.5377939827017433
1819 0.2798191505319436
1821 0.3465638025063611
1820 0.4480549350249998
1822 0.3309255184423292
1823 0.031162324529000363
1824 0.696959087292142
1825 0.8352301884449912
1826 1.3742297441941764
1827 0.35093762629950986
1828 0.4627630595545287
1829 0.20165455039661856
1830 0.6483387054851926
1831 0.9861030147409526
1833 0.28598310088634515
1832 0.6401175
1834 0.8756190773048435
1835 0.8586539470719706
1836 0.10699778904050516
1837 0.1942278730323468
1838 0.7247805786240002
1839 0.2717048548928178
1840 0.830182844488
1841 0.878434783395206
1842 0.10665308441478971
1843 0.21671063532715973
1844 2.308825439348266
1845 0.9273501070391129
1846 0.004466000000000081
1847 1.3053131839583985
1848 0.7595004389723883
1849 0.797714
1850 0.9352062209941667
1851 0.8562404383315829
1852 0.8715870214266788
1853 0.4568137857687071
1854 0.6416824138061827
1855 0.11379157488908742
1856 0.07504880321980112
1857 0.4184118994798786
1858 1.2915938292720097
1859 0.16127425000000017
1860 0.516667
1861 0.41595719316947233
1862 0.2206462549874304
1863 0.8711090411173952
1864 0.544889
1865 0.8088105467835074
1866 0.4212246249308933
1867 1.0004681476100432
1868 0.8914033007345169
1869 0.6857970239236075
1870 0.564919262173327
1871 0.3707295789248841
1872 0.6394770564077505
1873 0.7075045443053221
1874 0.39986751783773644
1875 1.9310397259520002
1876 1.2562859787366347
1877 0.6361730000000001
1878 0.8604066754720344
1879 0.311631097703984
1880 0.14310565053841873
1881 0.7707763756249999
1882 0.5262615693459247
1883 0.3323099969458616
1884 0.1316641654285915
1885 0.5991661702299338
1886 1.072706983652697
1887 0.727156419510611
1888 0.5352963312216905
1889 0.5804640000000003
1890 0.9005468604417088
1891 0.10071696592566859
1893 0.3977236253780301
1892 0.8942405910600655
1894 0.26369688182460044
1895 0.2980225502229228
1896 0.21666600000000003
1898 0.3873592930338836
1897 0.0435109150885682
1899 0.4345143500342592
1900 0.76127575
1901 0.6959270549480999
1902 0.7813729999999999
1903 0.894118
1904 0.22576740243131677
1905 0.732353
1906 1.2285803081516058
1907 0.5196854705472596
1908 0.8677693373539339
1909 0.6187341906735712
1910 0.9332899922571516
1911 0.2636919135725433
1912 0.7965436974717035
1913 2.8032601662625813
1914 0.36120352104215403
1915 0.5805334601762817
1916 0.8270870374134025
1917 0.1823530000000002
1918 1.3260377908590943
1919 0.5231965576007493
1920 0.9899658586311506
1921 0.6811578545908865
1922 0.22907787982819616
1923 0.6287991462833951
1924 0.7078425
1925 0.8114696348073894
1926 0.16433346052714182
1927 0.5371998077920159
1928 0.7707073444346502
1929 0.4237177736639999
1930 0.4879506126068983
1931 0.3617650000000001
1932 0.8271728781677183
1933 0.5444887323318959
1934 0.5793577358931581
1935 0.32627105718658767
1936 0.3281558008613673
1937 0.29963993333350003
1938 0.2668102234691344
1939 0.6286647440956499
1940 0.12335092979255258
1941 2.450542303942422
1942 0.08486671889411634
1943 0.7877489088276239
1945 0.27503064706409375
1944 0.6586755777412202
1946 0.01033181914116632
1947 0.14154733824760268
1948 0.13889382432787944
1949 0.5542722410357421
1950 1.310709312649
1951 0.6277818416569101
1952 0.733333
1953 0.5085615672524031
1954 0.9026860000000001
1955 0.5426139999999999
1957 0.2422653453433803
1956 0.1964721942233394
1958 0.5744697401000003
1959 1.3985313204765124
1960 0.8089957837656894
1961 0.9253298791743647
1962 0.7719787386157709
1963 0.5019615000000002
1964 0.0018876851888589563
1965 0.17658757049554508
1967 0.47187927838679145
1966 0.14460975722749247
1968 0.4579620982174679
1969 2.0906142390197857
1970 0.6873489483644817
1971 0.39405099999999993
1972 0.3505049534716511
1973 0.23823600000000011
1974 1.3994624104610944
1975 0.9043602822591911
1976 0.7180255911427134
1977 1.3270162698998444
1978 0.7010495217118007
1979 0.574195
1980 0.07519715521553971
1981 0.5992980080733952
1982 0.3544231311482231
1983 1.5347537701791405
1984 0.609337975334405
1985 0.6474244517473573
1986 2.7242914644856375
1987 0.5010911107337439
1988 0.19249141254678714
1989 0.8652190000000001
1990 0.8696725824901352
1991 0.37088999999999994
1992 1.3958425878003824
1993 0.44629693745124144
1994 1.3119626640703046
1995 0.05294191391582137
1996 0.39373737020629695
1997 0.6082443614199471
1998 0.9881255248163456
1999 0.49974950000000007
2000 0.7967015477998431
2001 0.8450254446054624
2002 3.2939225
2003 0.8155202110262567
2004 0.9334396210035643
2005 0.4243386256300632
2006 1.3059413065330776
2007 0.12448744652150867
2008 1.114899
2009 0.3409700000000002
2010 0.5420425888889999
2011 0.7098040000000001
2012 0.07872032558733211
2013 0.3750882835302367
2014 0.09685900000000003
2015 0.5246856392846626
2016 1.7480399999999998
2017 0.8879949752331864
2018 0.5147801614680743
2019 1.4962705842410975
2020 0.5481271411350774
2021 0.5744005106916348
2022 0.8342507401000001
2023 0.5357061362049347
2024 0.07027412323027682
2025 0.864106
2027 0.16278763683200026
2026 0.6664218365915417
2028 0.3772180000000003
2029 0.2763580655308672
2030 0.7014804345932397
2031 0.7228340710530714
2032 0.24438571225664263
2033 0.7789670000000002
2034 0.004922273675133315
2035 0.14271569543115814
2036 0.6864003315866907
2037 0.45778584797010535
2038 0.4987300000000001
2039 0.4798121739159653
2040 0.440834150596
2041 1.3299728632580765
2042 0.18142224302395427
2043 0.007420871962259823
2044 0.719303597854339
2045 0.15690950509124502
2046 0.09783532072099521
2047 0.288262
2048 0.8488561084866032
2049 0.4345839347407041
2050 1.3843145000000001
2051 1.1709828500281223
2052 1.2625897481953892
2053 0.9607128794476307
2054 7.386329458372032E-4
2055 0.6937734917959772
2056 0.670623197924
2057 0.4411284689459458
2058 0.4166741759542709
2059 0.016176500000000038
2060 0.5253760278203969
2061 1.370048161444234
2062 0.3313252854055435
2063 0.7169053830548475
2064 0.11746425000000005
2065 0.17322562795079066
2066 0.2693173725267395
2067 0.46330289465600005
2068 0.19238444965800006
2069 0.825256981638238
2070 0.6640546137760363
2071 0.7815832909570161
2072 0.7406631438029665
2073 0.26305328804319117
2074 0.8161736718407275
2075 0.7494820590448946
2076 0.3188305
2077 0.8830358555257011
2078 0.04253769203679858
2079 0.8593432629759999
2080 0.0450829085458162
2081 0.825157162814371
2082 0.052015706053029076
2083 0.010344165624299184
2084 1.193921275126214
2085 2.275291240145415
2086 0.06443304667832406
2087 0.3056119147346592
2088 0.13159412311076046
2089 0.3017471922954762
2090 0.2929523966415106
2091 0.011259383535945466
2092 0.19439923909980128
2093 0.44234307160846364
2095 0.21358450000000007
2094 0.8203194682700419
2096 0.9416275329381796
2097 0.27388177739233854
2098 0.7232425824401736
2099 0.31740856497988784
2100 1.2090111836164474
2101 0.09216004018293278
2102 0.5209692084968282
2103 0.4617724476668106
2104 2.891301241117027
2105 0.583748317884835
2106 1.7127460000000003
2107 0.08627549999999995
2108 0.638121972419595
2109 0.9261150229079136
2110 0.11532650000000011
2111 0.8641750962497863
2112 0.07225296511611451
2113 1.077084161073058
2115 0.632437045521
2114 0.5434400000000001
2116 0.16960862363824725
2117 0.25060255730042513
2118 0.6411133636410177
2119 0.1880428921814905
2120 0.926361058013619
2121 0.35236108412349165
2122 0.9107786103362496
2123 0.8045806808221376
2124 0.5161976195758664
2125 0.11009631841599998
2126 0.6141342763495652
2127 0.690125
2128 0.45211742256177456
2129 0.5998560334798653
2130 0.5284310000000001
2131 1.0291867957405527
2132 0.5839126637366787
2133 0.49366833287200007
2134 0.6874132986423207
2135 0.2228076663734464
2136 2.0245649818899025
2137 0.33128564274646144
2138 0.6488020933926761
2139 1.2267316547501548
2140 0.24509750000000013
2141 0.8503636874792302
2142 0.7780061320966019
2143 0.3609813556778476
2144 0.728432
2145 0.4032807910466095
2146 0.20506849715485553
2147 2.6528079999999994
2148 2.7160213233463715
2149 0.3803920000000003
2150 0.18354493502500002
2151 0.680591264918756
2152 0.92459
2153 0.6333325000000001
2154 0.8613905423780684
2155 0.20424691802021666
2156 0.6446032090949224
2157 1.1910177364480063
2158 0.07058900000000023
2159 0.6810631876385672
2160 0.08039250000000009
2161 0.9093939663023536
2162 1.2885934361553935
2163 1.2924519208000003
2164 0.04543689247160776
2165 0.817897998482589
2166 0.726861156393271
2167 0.46948390650592975
2168 0.3545164228634694
2169 0.16303449999999997
2170 0.9110404552844845
2171 1.3325132018349326
2172 0.34049078931582266
2174 0.3020630491444314
2173 0.909804
2175 0.548858
2176 0.48172786080372065
2177 0.5421575000000001
2178 0.8097985000000001
2179 0.3666670000000001
2180 0.36020690443830206
2181 0.710133360986301
2182 0.6927643197459461
2183 0.897129899654
2184 0.6273904065547669
2185 0.5478737328503838
2186 0.836994005
2187 0.4989552641623629
2188 0.2880078409008544
2189 0.8698054043030703
2190 0.1901261931519676
2191 0.7825311343570955
2192 0.7739866266719999
2193 0.8706390746873376
2194 0.7614043535695598
2195 0.07112890569943753
2196 0.14096070778067715
2197 0.31070589445031715
2198 0.43684275271210393
2199 0.17803668847465315
2201 0.07889154065741444
2200 0.4951322140826908
2202 0.8663793213634022
2203 0.7493518054115549
2204 0.4291088578970712
2205 0.9553328939000518
2206 0.8042310656703935
2207 0.8929905843921316
2208 0.2326512922144386
2209 1.1603318948199084
2210 0.4853182795522948
2211 0.63039
2212 0.5999990000000001
2213 0.5499092917328907
2214 0.6399668002676381
2215 1.3399918468056946
2216 0.3610416046646472
2217 0.022322557401000087
2218 0.5106851840830354
2219 2.1308524072949977
2220 0.041638000000000064
2221 0.829979
2222 0.5713287345359529
2223 1.6046323219022154
2224 0.593529
2226 1.1894203701925383
2225 0.16061391484475585
2227 1.0938761760858144
2228 0.6320556750885393
2229 2.0279718461207503
2230 0.009656018230192576
2231 0.554855089105349
2232 1.0724514798482627
2233 0.7483653912766342
2234 0.616237712649
2235 0.774780576996249
2236 0.07645418247778246
2237 1.8043069550573658
2238 0.9311614358948184
2239 0.6469865344596923
2240 0.6459061275649439
2241 0.09564061234762966
2242 0.5651371848508291
2243 0.3226046842509829
2244 0.7848489129514782
2245 0.08083075736387824
2246 0.7263929638997091
2247 0.22494875421675076
2248 0.7962554011449525
2249 1.8392145
2250 0.788593695692906
2251 0.9014083053481299
2253 0.24913665474485125
2252 0.4412090098613455
2254 2.15968662615
2255 0.2403655200881841
2256 0.7118321744826464
2257 0.9759896027464392
2258 0.7719199999999999
2259 0.7720016254376298
2260 0.05771500448147937
2261 1.282557
2262 0.8268425698599315
2263 0.8131314322648551
2264 0.5836910004584477
2265 0.6124032024999999
2266 0.6889709557549217
2267 0.757403
2268 0.8078805000000002
2269 0.703581
2270 0.15080673596728836
2271 0.42398660642298247
2272 0.6879325361156592
2273 0.155883
2274 0.6456992118662301
2275 0.6122198114831738
2276 0.641667
2277 0.5713905190829206
2278 0.16882880887631369
2279 0.46663081384100025
2280 0.6130567731639385
2281 0.6860389855716844
2282 0.9467825445654121
2283 0.3031019684122924
2284 0.16740752357974942
2285 0.8696079999999999
2286 0.9549271407841955
2287 0.5114265415112498
2288 0.32745100000000016
2289 1.4435240000000003
2290 0.920461995848
2291 1.3114265828831047
2292 1.4964562679715352
2293 0.5254648514326024
2294 0.13297666969835076
2295 0.6425759320074154
2296 0.8460493947570378
2297 0.4233410000000003
2298 0.20582500000000015
2299 0.3344696359424338
2300 0.29311164652900024
2301 0.13813052390819408
2302 0.6102112633976086
2303 0.8248293240203763
2304 0.9415349452030223
2305 0.3760328957470389
2306 0.612848935025
2307 0.5888819235931242
2308 0.23473016804907298
2309 0.26277964011850385
2310 0.28382225000000005
2311 0.575112101424653
2312 0.04614034599680761
2313 0.344148517935436
2314 0.8165194099734416
2315 0.617548
2316 0.22564113403203345
2317 0.8331718696290131
2318 0.18529400000000007
2319 0.587745
2321 0.7458259328319627
2320 0.4327174130374632
2322 0.2598873557502568
2324 1.0049020000000002
2323 0.33572100000000016
2325 0.931015473462909
2326 0.567990625596359
2327 0.49945969986623107
2328 0.30784250000000024
2329 0.24444
2330 0.8853965738123523
2331 0.19082526331474226
2332 0.8284564999999999
2333 0.778661625473605
2335 0.7353234944572881
2334 0.6866307687472387
2336 1.349413643203275
2337 0.5258896332179999
2338 0.853389
2339 1.5382360000000006
2340 0.31196191494200476
2341 0.5758207323444975
2344 0.5954095215702948
2342 0.45454467545610977
2343 0.7940708812
2345 0.9788627830377734
2346 1.0739283571716738
2347 0.7428514195412691
2349 0.8157103612117431
2348 0.47955238628734964
2350 0.636274
2351 1.063716
2352 1.1741228520288336
2353 0.268580890141487
2354 0.840571
2355 0.7141883962759848
2357 0.6865464504856957
2358 0.6499575
2356 0.8098617862494165
2359 0.9090970610724204
2361 0.5333340000000002
2360 0.7615194597740951
2365 0.133101768863354
2362 0.7558825
2363 0.5864622414507252
2366 0.15984783574839834
2369 1.338969838345348
2368 0.4066591519440475
2364 0.7983015457087081
2370 1.5943905170555495
2367 0.03299293463551756
2371 1.518928
2372 0.6907101784226224
2373 1.116734818432456
2375 0.7953565163240452
2374 0.9585856756152786
2376 0.7173016706169807
2378 1.275625903163814
2377 1.0011874556960525
2379 0.25003649475686274
2380 0.5841196417299421
2381 0.6074286630453112
2382 0.320105181991879
2383 1.585037211944783
2384 0.12847813683574238
2385 0.4927830913300051
2386 0.1450975000000001
2387 0.7836060141020043
2388 1.4424676688711087
2389 0.941453141789762
2390 0.9269565147876
2391 0.7812421847164354
2392 0.3529326628493332
2393 0.9435839738123547
2394 0.7615533111223776
2395 0.5719184270759221
2396 0.6676380000000001
2397 1.158885049109858
2398 0.5436870351369836
2400 0.6565223799205802
2399 1.821962945298185
2401 0.8505241735255269
2402 0.41998778304687434
2403 1.2235335
2404 0.21300864023825183
2405 0.664149159730465
2406 0.6518930617818693
2407 0.06294748019999985
2409 1.283333
2408 0.7340141270200613
2410 0.16875747191450308
2411 0.569896354740764
2412 0.8704089741753345
2413 0.9206701125500248
2414 0.892069
2415 0.8724355984778718
2416 1.2922220607170887
2417 0.7712846207573403
2418 0.5802087997515428
2419 0.9395130929856326
2420 0.40147489349932886
2421 0.9255562343703236
2422 0.788235
2423 0.7435675000000003
2424 0.09644942660799805
2425 0.7881899350250001
2426 0.13395500226308
2427 0.4389087160050116
2428 0.7977652160628801
2429 0.5547874878874761
2430 0.7473160000000001
2431 1.1675801227889575
2432 0.2905419852000002
2433 0.40405100000000016
2434 0.6750025095232359
2435 0.8658195158718245
2436 0.8709047737760001
2437 1.205408366738182
2438 0.40655714633995865
2439 0.7973659664887446
2440 0.24590014462302867
2441 0.8850477226567977
2442 0.2532350352730728
2443 0.6025293449615312
2444 0.9102883443487546
2445 1.1757266016478003
2446 0.10233690921161975
2447 1.1849321482480641
2448 0.09308573963398792
2449 1.002366
2451 0.41335308983995156
2450 0.15599860948913524
2452 0.35016809786767517
2453 0.170972358164744
2454 0.518665164398999
2455 1.2725951440875949
2456 0.05137543489744467
2457 0.3547988397181282
2458 0.5618316854121211
2459 0.48367174458815254
2460 0.9325489633763169
2461 0.6736577355862603
2462 0.49709497386790014
2463 0.36050550721975805
2464 0.7633915365950923
2465 0.20974716024171602
2466 0.7882855160625786
2467 0.42847669391074783
2468 0.044495382337876976
2469 0.7231840691855393
2470 0.03025493716436012
2471 0.6627449999999999
2472 0.40584810492066237
2473 0.14420424341717397
2474 0.11473121822792764
2475 0.419608
2476 0.6448952519882758
2477 0.5702309434785888
2478 0.9132960000000001
2479 0.2725335172862213
2480 0.5141821267413842
2481 0.6045607415020193
2482 0.044150228324296936
2483 0.7676470000000002
2484 0.8324973989945856
2486 0.5763100043846805
2485 0.9708787749615839
2487 0.018244505052063875
2488 0.5876834458157884
2489 0.12186495667021235
2490 1.0416622500000001
2491 0.7332310000000001
2492 0.2708174938570309
2493 0.665463445237452
2494 0.6694615979240001
2495 0.35392100000000004
2496 1.1993247142775847
2497 3.919642527825932
2498 0.7529825101796626
2499 0.6394557167753617
2500 0.8053332533347097
2501 0.8913552505656595
2502 0.558719837318352
2503 0.7020748036200859
2504 0.08529399999999998
2505 0.8701493478940909
2506 0.1540956146639596
2507 0.700931229596288
2508 0.38006174009999993
2510 0.16241817637523903
2509 0.7761171053104337
2511 0.8769061055230818
2512 0.5764332473673116
2513 0.008380314847905579
2514 0.3705632772012637
2515 0.887256
2516 0.6333161700162224
2517 1.133410394766542
2518 0.5890533468135069
2519 0.8037985679472499
2520 1.7088240000000001
2521 0.9764700000000002
2522 0.7261185192206802
2523 0.7575584211617545
2524 0.18128311353875026
2525 0.9768554137032301
2526 0.18534105316
2527 1.023363
2528 1.44847075429565
2529 0.8427033369631214
2530 1.5580889531722468
2531 0.010540452744101314
2532 2.5138343873440006
2533 0.6911160000000003
2534 0.22243869993142118
2535 0.7839120942894942
2536 0.17994548429183443
2537 0.7975661793482411
2538 0.05163089376653329
2539 1.0849015335808108
2540 0.1358385969414615
2541 0.5260516048866875
2542 0.6871480088077119
2543 0.10166557235170948
2544 0.7078298910281957
2545 0.470588
2546 1.7435199513778425
2547 1.809994948952567
2548 0.6487645187364537
2549 0.4775397883496517
2550 0.08335737117423458
2551 0.4432065372005503
2552 0.3935856311935443
2553 0.0840842424423962
2554 0.4788374351087432
2555 0.8931350000000001
2556 0.14362724999999998
2557 2.2343140000000004
2558 0.21652375119120282
2559 0.34624219875367546
2560 0.3150522742569508
2561 0.5322256790063788
2562 0.4491836797542066
2563 0.8356643894539852
2564 0.7079431227847364
2565 0.197366035992061
2566 0.6930368687699684
2567 0.909783
2568 1.1580215
2570 0.6397394190129688
2569 0.555225345329
2571 0.38752998535993166
2572 0.6192938976418165
2573 0.45465118954105527
2574 0.14240318700235122
2575 0.7794900000000002
2576 1.4985735271652267
2577 0.5900527486725993
2578 0.8106818456805128
2579 1.4656007086823657
2580 0.08310000000000017
2581 0.35743345771860535
2582 0.3372680000000001
2583 0.06176500000000007
2584 0.16347592749374718
2585 0.4848045000000002
2586 1.207966030023982
2587 0.24535933608324645
2588 0.022645413250357738
2589 0.9005667714944201
2590 0.8568625
2591 0.8256061866493866
2592 0.1332098453970627
2593 0.6577043960833311
2594 0.3270660000000003
2595 0.7747869147935436
2596 0.14526664632029562
2597 0.8201163719821978
2598 0.42451757152599795
2599 0.6400267430949258
2600 0.9003143091715022
2601 0.16251542683322967
2602 0.4565910139851136
2603 0.0645165822914632
2604 0.8067935307805083
2605 0.47517885645996216
2606 1.0516276226533872
2607 0.62605561900184
2608 0.4832567267539176
2609 0.66495025
2610 0.9466308109788841
2611 0.5580494614081981
2612 0.7513554664223443
2613 0.1048642348652693
2614 0.6636784099246283
2615 0.6288085
2616 0.04771343136399997
2617 0.0993654439713243
2618 0.8319466091539237
2619 0.6049637656691036
2620 0.07883516313600003
2621 0.040008948822974566
2622 0.4986250000000001
2623 0.24590135871839625
2624 0.7822580896435465
2625 0.5248992900002758
2626 0.9237209989295383
2627 0.0331500224826935
2628 1.1732980000000002
2629 0.0196075
2630 0.29934973253296304
2631 0.5284350000000002
2632 1.5044593379490265
2633 2.1695256036655293
2634 0.6794130000000003
2635 0.028922000000000003
2636 0.44047225749195973
2637 0.29912126708905823
2638 0.66264972795819
2639 0.5746375409970199
2640 0.84008925
2641 0.7514700000000001
2642 0.5475275
2643 0.6045535010453884
2644 0.30957784918548037
2645 0.8135353444118653
2646 0.9914614369886505
2647 1.2494783569814885
2648 1.1125626449604609
2649 0.7031128938107063
2650 0.3444156082398391
2651 0.8384935
2652 1.3504441355460812
2653 0.6743581795417272
2654 0.4631413433413669
2655 0.8598034999999999
2656 0.6329024159608119
2657 0.21176499999999998
2658 0.8846010791438295
2659 0.9669449999999999
2660 2.923288083008134
2661 0.9444394774136058
2662 0.442812803182816
2663 0.4663669462822724
2664 0.7435013041306318
2665 0.18950102187680073
2666 0.4497281208419901
2668 0.6788908650036756
2667 0.415566345933579
2669 1.1077464708171252
2670 0.7116674168705377
2671 0.6777487511269247
2672 0.7362572712963493
2673 0.5098726130090558
2674 0.4254910000000003
2675 0.7602150000000003
2676 1.145711880809
2677 0.28892422963187103
2678 0.7145606407728502
2679 0.46431860980726003
2680 0.8603766052027735
2681 0.3005359999999999
2682 0.6377703806755187
2683 0.18373278049600006
2684 1.1338712146511292
2685 0.6738558464723203
2686 1.5828196084301556
2687 1.1913599376889794
2688 0.1730085960549597
2689 0.23729867830242607
2690 1.6796080222101801
2691 0.4068370288617833
2692 0.4500421388935378
2694 0.6332532689514162
2693 0.6417250299389956
2695 0.16372500000000012
2696 0.278432
2697 0.2562878418869865
2698 0.4884498676269442
2699 0.8612532658119274
2700 0.11372500000000008
2701 0.6863801210413913
2702 0.6341801026172216
2703 1.5421569999999998
2704 0.8278998263128927
2705 0.19677539319040016
2706 1.2787258783494735
2707 1.8253945057390137
2708 0.5434881468641164
2709 0.7698432193438143
2710 0.714637
2711 0.36642024257264083
2712 0.5256058166089999
2713 0.8434263476936937
2714 0.06001433790245225
2715 0.32419070446434706
2716 0.23923523843205063
2717 0.27647100000000013
2718 0.5017872844549565
2719 0.8624323509978147
2720 0.917455799978145
2722 0.5537130000000001
2721 1.6670245100568863
2723 0.20520300000000025
2724 0.8559119472399717
2725 0.43374500000000027
2726 0.46071257409306
2727 0.17242107760814562
2728 0.4957562476856763
2729 0.7459265892255418
2730 0.42676782907067756
2731 0.27988187681232035
2732 0.9305812899240002
2733 0.5291256882220742
2734 0.8785569893500468
2735 0.5297962104254628
2736 0.6816510795538753
2737 0.19303390556761557
2738 1.3064468849593907
2739 0.6483241226901796
2740 0.8549015000000002
2741 0.5144624360996943
2742 0.2480340687865541
2743 0.5938209307817055
2744 1.0707350000000002
2745 0.3612799239813012
2746 0.7269352153577701
2747 0.5338244208
2748 0.5021597584313304
2749 0.3725317844696916
2750 0.1400720000000002
2751 0.0022747834117865517
2752 0.10322300000000006
2753 0.43247123986969505
2754 0.6518860376372557
2755 1.4598669257904981
2756 1.153078548092579
2757 0.9325904462575998
2758 0.568252775393038
2760 0.24292732564704322
2759 0.9444195366639002
2761 0.24269384352200007
2762 0.03746727789938675
2763 0.6511117230060849
2764 0.5038679888556767
2765 0.8202456124944915
2766 0.21480900000000003
2767 0.50725346008891
2768 0.8630941123946732
2769 0.8291558437757198
2770 0.5677859301658514
2771 0.14606521124148086
2772 0.7640727512365322
2773 0.513929791076
2774 0.5558884062590919
2775 0.6408310000000002
2776 0.2958941963948738
2777 0.8128423735967576
2778 0.4636901947190182
2779 0.507556607452847
2780 0.4769997862857933
2781 1.1100923278957755
2782 0.9169952077668513
2783 0.44707312212894046
2784 0.5990522425803151
2786 0.64136
2787 0.10869391316667598
2785 0.36987298285897263
2788 0.8955024161038645
2789 0.48392189552099996
2790 0.8540405280856391
2791 1.4822151518601834
2792 0.4415592450698848
2793 0.5663851147826393
2795 0.0954727253558103
2794 1.3617894999999998
2796 0.4348313466784568
2797 0.4931129999999999
2799 1.2800220580790198
2798 1.023628963689873
2800 0.637211898962
2801 0.10189128080920873
2802 0.2219275029761434
2803 0.0455804597191789
2804 1.6312629906286038
2805 0.7822694077032832
2806 0.7255107756641044
2807 0.08039250000000009
2808 1.8767893684633978
2809 0.4138002787948578
2810 0.39025877256100006
2811 0.08235300000000012
2812 0.3524658403388785
2813 0.898981236640241
2814 0.27354785947141846
2815 0.366934044875604
2816 1.636281
2817 0.35508466828100005
2818 0.7494966248401915
2819 0.2886593127491217
2820 0.463898552347299
2821 0.8812665823312443
2822 0.669323295185086
2823 0.41165496039999994
2824 0.7173313003012904
2825 0.5165946480415895
2826 0.8588422606923516
2827 1.304660834009314
2828 0.322418
2829 0.42103069513282865
2830 0.12549160838862494
2831 0.5737366816447589
2833 0.3384128317866744
2832 0.08998644600074401
2834 0.2420815888965738
2835 0.1544367968231557
2836 0.89030355332323
2837 0.4610087244084169
2838 0.7507496809241831
2840 0.4625458208460697
2839 0.517095734207335
2841 0.9045912398823357
2842 0.376471
2843 0.29819763059027315
2844 0.4248476194128876
2845 0.8976925633155044
2846 0.536958
2847 0.128436
2848 0.932353
2849 0.80098
2850 0.31702728370243627
2851 0.14373550345978492
2852 0.5887460832138229
2853 0.5869397902658651
2854 0.3335463105679095
2855 1.2875123050899326
2856 0.749880747367808
2857 0.222548
2858 0.8323535000000002
2859 0.04705950000000003
2860 0.14139601665994136
2861 0.22004798223407396
2862 0.8856444155023935
2863 0.3767987302792142
2864 0.206359805847524
2866 0.4725333917063115
2865 0.8862597330428281
2867 0.01950815888732127
2868 0.28039903025799995
2869 0.46791700000000014
2870 0.8631797397616892
2871 0.2528129958480001
2872 0.8118890968828342
2873 0.32289999999999996
2874 0.291388082084
2875 0.028500895343196442
2877 0.871328996685218
2878 0.4247815786240001
2876 0.790767490937941
2879 0.25233725125
2880 0.11636025001104766
2881 0.47213922094155825
2882 2.290476
2883 0.3378486139342516
2884 0.3171823235483666
2885 1.86597075955077
2886 0.5019270027344094
2887 2.0099257451886388
2888 0.7438788149100841
2889 0.2342006069153999
2890 0.14727307649252364
2891 0.1262402199397039
2892 0.24142953026277514
2893 0.351023238071904
2894 1.0873048860603396
2895 1.9421580000000003
2896 0.326126798809
2897 0.4087195664501526
2898 0.24657555102650464
2899 0.8566174195348643
2900 0.0012199356383665316
2901 0.10826504320897867
2902 0.3507403221010015
2903 0.886816407425724
2904 0.30361732248367446
2905 0.9240630575529731
2906 0.8146853338178669
2907 1.1159145892535556
2908 0.8354325112737999
2909 0.6300094703494269
2910 0.7869799029940536
2911 1.316413445775612
2912 0.5680014007940826
2913 0.5594053756250001
2915 0.049984357015709024
2914 0.408748438266304
2916 1.1243674310504057
2917 0.22432283006084774
2918 0.6532414721708677
2919 1.4215208397443921
2920 0.2598432836810385
2921 0.9429030531365228
2922 0.9073750619432499
2924 0.5058978219897028
2923 0.809749512421428
2925 0.117259
2926 0.8441630663687335
2927 0.3093330000000001
2928 0.1096735864592151
2929 0.6973325552973954
2930 0.5970356704331936
2931 1.2900133573967538
2932 0.752646193949227
2933 0.14759282174738408
2934 1.1675317632445055
2935 0.8782916390795266
2936 1.702414410921324
2937 0.8691219130252512
2939 0.9941554034541735
2938 0.07107891574904035
2940 0.47005614976653787
2941 0.3113599649961407
2942 0.9417192421572544
2943 0.4049020000000001
2944 0.8039230000000002
2945 0.7567496134500875
2946 0.7673635
2947 0.11356005836198202
2948 0.8225456022219539
2949 0.190472625685286
2950 0.21815200000000012
2951 0.8637270000000001
2952 0.9423159874817929
2953 0.10432272743280291
2954 0.6813379952049033
2955 0.1653145021672051
2956 0.1454657681636411
2957 0.0929653705604192
2958 0.7904774776455152
2959 0.13540299999999994
2960 0.764197565744
2961 0.6173532066607355
2962 0.02279824053584345
2963 0.36967640933620083
2965 0.729870036148524
2964 0.8616795036329421
2966 0.5865963777927149
2967 1.0048462960615843
2968 0.5341954909597846
2969 0.6865218727297133
2970 0.283022468100552
2971 0.2122545
2972 0.9225490000000003
2973 0.2763585627369931
2974 0.9689021194233629
2975 0.4254883662441078
2976 1.930391
2977 0.2136892815089586
2979 0.37080700542364764
2978 1.472466
2980 3.3667979872910445
2981 0.9610858744082578
2982 0.4641421699531032
2983 1.4408082699505569
2984 0.1493115732841681
2985 0.9370007023162672
2986 2.3450080501851325
2987 0.46929543292520326
2988 0.1305173939667028
2989 0.3198287951451848
2990 0.5741400198937494
2991 0.38888304852338673
2992 0.60469967083683
2993 1.227368
2994 0.5658303013983261
2995 0.6660268865439998
2996 0.057570487374378976
2998 0.4931311174456235
2997 0.24753646109171723
2999 0.7599554407252957
3000 0.01726345300839094
3001 0.2845973115024252
3002 0.8645802265655731
3003 0.6719640112849985
3004 0.855043
3005 0.876373379791043
3006 0.46440004725768236
3007 0.21619607362158244
3008 0.48387392276474017
3010 0.20454429120743733
3009 0.9831905224463142
3011 0.9228404223621509
3012 0.2841356937635877
3013 0.07826050000000007
3014 0.49788265745788496
3015 0.7022214074722883
3016 0.9056625000000003
3017 0.251283322368
3018 0.33815280074767906
3019 0.4803925
3020 0.09343024251837595
3021 0.34639972472105796
3022 0.9400092916933198
3024 0.891191382084
3025 1.0176465
3023 0.6351805686316383
3026 1.5128577003522958
3027 0.24431149936712093
3028 0.9328608888890001
3029 0.13720003299637584
3030 0.26364066227846994
3031 0.031473883529273494
3032 0.07865999999999995
3033 3.283333
3034 0.701015197924
3035 0.5431375
3036 0.707621210460994
3037 0.7054330192415965
3038 0.7391197843266839
3040 1.0220067240697037
3039 1.4333613998464763
3041 0.6404736108002715
3042 0.37433700000000014
3044 0.3142155000000002
3043 0.6175927669480998
3046 0.16449464422435534
3045 0.5901769053725727
3047 0.16862628408779767
3049 0.6196789450153275
3048 0.3136362790232574
3051 0.7291683217414743
3050 1.2803924999999998
3052 0.024725015376915516
3053 1.0790136336230722
3054 0.762791390991087
3055 0.13437355783374283
3056 0.8336355314871196
3057 1.8635696558256225
3058 0.6890992270870114
3059 0.14411799999999997
3061 0.6732773003800139
3060 0.7798354201973856
3062 0.7157728931272784
3063 0.9106970033743534
3064 1.2747936836010638
3066 0.7479849260335254
3065 0.46404200000000007
3067 0.08229941496325743
3068 1.355067099723115
3069 0.9192849999999999
3070 0.27141007033381404
3071 1.5177013935487722
3072 0.5972118299990423
3075 0.3031770804934546
3073 0.674125173689
3074 0.6267288787857527
3076 0.6205074975844795
3077 0.726126833171663
3078 0.730372738709872
3079 0.11115980366254008
3080 2.0087589999999995
3081 0.7287281429286812
3082 0.5288675195429176
3083 0.23550099999999996
3084 0.23617011993830417
3085 0.671884764373395
3086 0.10657860254917684
3087 0.3377596764756856
3088 0.3444540739475557
3089 0.13182747686364094
3090 0.8195336454553406
3091 0.6265034911296052
3092 0.6007119693771397
3093 0.4750603014301692
3094 1.5362724740143452
3095 0.8835744683174422
3096 0.6635486209198845
3097 0.10175966949362159
3098 0.7345568982096321
3099 1.0214933687532828
3100 0.7693904935839999
3101 0.8102833786985475
3102 1.7518446734405126
3103 0.03056000000000003
3104 0.12769299499791686
3105 1.0844200701351843
3107 0.25514359449339064
3106 0.323364966453465
3108 0.593093491325643
3109 0.18607484529516793
3110 0.9827585030767787
3111 0.2968651725984126
3112 0.01538170857429233
3113 0.9244310616885747
3114 1.1895065811442518
3116 0.04717823089766848
3115 0.19710282427273795
3117 0.47616348894197613
3118 0.071569
3119 0.20744461015000004
3120 0.7604314325647277
3121 1.7370688682754845
3122 0.7503190006442417
3123 1.1919623281134168
3124 1.288710429920371
3125 0.7237552078704448
3126 0.8872549999999999
3127 0.6571165695525069
3128 0.3687960505591681
3129 0.4636126553996228
3130 0.27246088857939055
3131 0.4078362511330469
3132 0.2783467804107388
3133 0.8773460000000001
3134 0.7175815460971127
3135 0.4190627235656441
3136 0.39705800000000013
3137 0.85294
3138 2.654037054989133
3139 0.3469079535493982
3140 0.7656544200198575
3141 0.9500010000000001
3142 0.5438196920822438
3143 0.6982540855990356
3144 0.1637584499587199
3145 0.8606838460099117
3146 0.763820389542593
3147 0.9582147386500337
3148 0.22009435428129215
3149 0.0269167564624343
3150 0.022541869594550908
3151 0.4519599999999999
3152 0.4117288896876819
3153 0.8411485000000001
3154 0.2852952182715027
3155 0.11225017510741409
3156 2.004429109890178
3157 0.08921600000000018
3158 0.693058
3159 0.93206
3160 0.2200792377553673
3161 0.9425793700499999
3162 0.068546
3163 0.012811137042406662
3164 0.7330273377792548
3165 0.6652488972178949
3166 0.94902
3167 0.24717068674473786
3168 0.16494740991729384
3170 0.30610584916827094
3169 0.4071400770330089
3171 1.0118319999999998
3172 1.8729278735972874
3173 0.44996000000000014
3174 0.7611278914830517
3175 0.7408250431745091
3176 0.4011442400194085
3177 0.8641300269684888
3178 0.27170856961746037
3179 0.309934511788166
3180 1.507614
3181 1.5984907722663688
3182 0.548827513016364
3183 0.5056498624650454
3184 0.8276835
3186 0.6701529396953273
3185 0.033902461263186634
3187 0.028074535421716895
3188 1.9382339999999998
3189 1.3044595443783467
3190 0.44307217754883277
3191 0.14087740230700008
3192 0.08411640147454791
3194 0.7588239999999999
3195 0.7887850000000001
3193 0.9068630000000002
3196 0.36803742864278033
3197 0.925205949954025
3198 0.47591287004999994
3199 0.34554937205964764
3200 0.14268250000000005
3201 0.1905296484985386
3203 0.4705889999999999
3202 0.735769
3204 1.3510246344870398
3205 0.4818729134734494
3206 1.3682923163951772
3207 0.6038619117646353
3208 0.533337265129
3209 0.1677083559135084
3210 1.0748330000000001
3211 0.6323520000000002
3212 0.6812824106246934
3213 0.917677476277548
3214 1.259001856864529
3215 0.39880094501376395
3216 1.6498969665721928
3217 0.03745459792145278
3218 0.7397465285767191
3220 0.018623687117165555
3219 0.059802859150977605
3221 0.7036087401
3222 0.1370363931230768
3223 0.042094999999999994
3224 0.7732880621479421
3225 0.6971474840463101
3226 0.1638308257932464
3227 0.3625027048681813
3228 2.415845734742116
3229 0.48362947427659553
3230 0.6929750130528389
3231 0.8907310204386669
3232 0.68480275
3233 0.6603609062039346
3234 0.16903237216754752
3235 0.8111445191118382
3236 0.4872540000000001
3237 0.9264211178904794
3238 1.3178555451188803
3239 0.7455464999999999
3240 0.7780190975157344
3241 0.4054617338314992
3242 0.5176774909307551
3243 0.11957125486599796
3244 0.528974790808304
3245 0.27299426709349617
3246 0.7116524038648688
3247 0.296079
3248 0.21169450000000006
3249 0.5092343950170557
3250 0.2017080488266481
3251 0.45563958704351926
3252 0.8821762962547541
3253 0.9287906391519964
3254 0.31290068991363107
3255 0.8915229825646142
3256 0.4145820654635097
3257 0.6283237876184387
3258 0.7713968666375504
3259 0.17232237997266875
3260 0.5611362730107208
3261 0.9118532335931023
3262 0.6097685081962201
3263 0.3635570475155661
3264 1.6614350000000002
3265 0.1119502014446716
3266 0.2237970009977337
3267 0.14724913496151326
3268 0.2784638550502643
3269 0.325937248314893
3270 0.8655440336535098
3271 0.38343267153556826
3272 0.741891735525698
3273 0.15551926291050155
3274 0.8593634637122883
3275 0.3568009554973163
3276 1.2837960497957808
3277 0.5812020066869994
3278 0.7190069392698129
3279 1.2157118374839937
3280 0.3704565732583254
3281 1.3870709295827288
3282 0.1594772911200717
3283 4.798631604768
3284 0.8123372866221128
3285 0.1381139657568624
3286 0.7958510052458903
3287 0.5801236571473012
3288 0.6343140000000003
3289 0.8813747789994436
3290 1.881372
3291 0.19453117679281728
3292 1.8885388953947733
3293 0.7273742765738924
3294 0.8387244288807987
3295 1.1088885785471743
3296 0.040651076273412245
3297 0.06011211783421633
3299 2.9831749883693295
3298 0.6810349999999998
3300 1.2598040000000001
3302 0.7890827196007939
3301 1.3802855
3303 0.8514196722596858
3304 0.038510583735206105
3305 0.8580129161391841
3306 0.22410921701343597
3307 0.4241519593028238
3308 0.027848698640349112
3309 0.8351370000000001
3310 0.45685753771760473
3311 1.8551364735716593
3312 0.01441163333350004
3313 0.645588
3314 0.6671721348519277
3315 0.8440466101850979
3316 0.2844057007847949
3317 0.29029634173085594
3318 0.10314976573065615
3319 0.6820949999999999
3320 0.3107285000000002
3321 0.4553385110270325
3322 0.807256
3323 0.3964523978854213
3324 0.3581244322415291
3325 1.1248930726186794
3326 1.528163570085942
3327 0.17876022387667254
3328 0.2698478443689912
3329 0.3737826029602606
3330 0.7072246984673118
3331 0.8215690000000004
3332 0.9415053580437911
3333 0.21876568222169457
3334 0.11961702306935339
3335 0.458873028568869
3336 0.5522326634335721
3337 0.6856259502973624
3338 1.0635100000000002
3339 0.4144235888912571
3340 0.686275
3342 0.072430868648931
3341 0.7712895
3343 0.613956420743373
3344 0.42501808831179694
3345 0.33341468579204125
3346 0.45008362290663473
3347 0.6156854999999999
3348 0.7392274438174675
3349 0.6991596362868652
3350 0.46103353388404467
3351 2.199883198553243
3352 0.9528626353376717
3353 0.7530025628686452
3354 0.23823550000000004
3355 1.4002865724198357
3356 0.9034427791385324
3357 0.738822435838796
3358 0.29889658899153204
3359 0.5843920905345024
3360 0.41540357780388937
3361 0.17549153914619486
3362 0.9314251914389796
3363 0.11447608403650933
3364 0.05368749465599998
3365 0.056941785160378844
3366 0.24091676199513956
3367 0.2504000474258874
3368 0.4824003458062629
3369 0.507843
3370 0.9343909256741693
3371 3.875720456226319
3372 0.27246404243743316
3373 1.2086797605254025
3374 0.36843612408779003
3375 0.8944469710459121
3376 0.23281714164382294
3377 0.8114842500479997
3378 0.5103307666380708
3379 2.402939
3380 1.2131051800929888
3381 0.08248120358713981
3382 0.11308738335160795
3383 0.5370931648063447
3384 0.774142
3385 0.2974745000000001
3386 0.1885214435141549
3387 0.09117700000000006
3388 0.372489065129
3389 0.5528179746338919
3390 0.8731290399361675
3391 0.19333700445448287
3393 0.7434732057390788
3392 0.1852184219657178
3394 0.491256123623802
3395 1.4049030000000002
3397 1.0178960800417138
3396 0.6742502422766901
3398 0.38940776362811147
3399 0.5939282034174338
3400 0.8877005902786921
3401 0.06016051264900013
3402 0.19183537924524963
3403 0.8530686689727054
3404 1.274305512289274
3405 0.777242
3406 0.14240700000000017
3407 0.3665893249000002
3408 0.09607849999999996
3409 0.768724001482884
3410 0.47386700905435597
3411 0.7882345
3412 1.5664607188592135
3413 0.5595572130566595
3414 0.6925752691696804
3415 0.8781029314880002
3416 0.8475630113075534
3417 0.3262823450952612
3418 0.505346609668152
3419 0.13196198433935802
3420 0.7759263469639159
3421 0.042361632202163935
3422 0.35106400000000004
3423 0.7416946556865638
3424 0.5365716576165238
3425 1.308105961598961
3426 1.6939756711074143
3427 0.8898657400999999
3428 0.1253790847872558
3429 0.4505427390987047
3430 0.497059
3431 0.23976900000000012
3432 0.489216
3433 2.718609792829813
3434 0.1869251237703773
3435 0.8502671907408315
3436 0.7782100041086266
3437 0.12896918450927797
3438 1.968848986895486
3439 0.3308755389899498
3440 0.5070805418454493
3441 0.7732447760160002
3442 0.03408324869467061
3443 0.28795473554864803
3444 0.8413603132246692
3446 0.7254177824823116
3445 0.8191170000000001
3447 0.17008773856039627
3448 0.5754900000000001
3449 0.7729227762259626
3450 1.197868414701574
3451 0.810397354259192
3452 0.46800655878655184
3453 0.7774509999999999
3454 0.7400648237649714
3455 2.2752829338497547
3456 0.325491
3457 0.930251901433989
3458 0.4123463697823131
3459 0.018459622505540896
3460 0.553271814766545
3461 0.006253699908177479
3462 0.8702378124175589
3463 0.19994118498119628
3464 1.1420759961465914
3465 0.9344402398655193
3466 0.7308404408833278
3467 0.10771650059661586
3468 0.5124137401
3469 0.5505040574199631
3470 0.2992712439856764
3471 0.3284309999999999
3472 0.4505850865187017
3473 0.48306924232756976
3474 0.6564176498259486
3475 1.0830451774272503
3476 0.5779607232915573
3477 0.940196
3478 0.17123099723199986
3479 0.5901960000000002
3480 0.25281200904010004
3481 0.2843140000000002
3482 0.35982638406881673
3484 0.4960785
3483 0.112327762976
3485 1.166787822709481
3486 0.8676481861042498
3487 1.178215834890595
3488 0.6479712005430264
3489 0.2621089999999999
3490 0.09560998822379219
3491 1.3146135000000003
3492 0.08645329855678052
3493 1.3421241059666495
3494 1.1098024422877393
3495 1.5120325381990585
3496 0.06666700000000003
3497 1.199152442432091
3498 0.361895614507296
3499 0.5420670000000003
3500 0.13340389836338695
3501 0.7802140506405659
3502 0.19229541522500004
3503 0.9579153995925662
3504 0.8097845
3505 0.015033091142503285
3506 0.14341900826308662
3507 0.6029103752602192
3508 0.4853188552910831
3509 0.285893667936
3510 0.5555064199153728
3512 0.6997676347021834
3511 0.2968742605919694
3513 0.4976238058464289
3514 1.0168587110270508
3515 0.9131959999999999
3516 0.8055280234169839
3517 0.6930275838881386
3518 0.1585110987053473
3519 0.7944621484107635
3520 0.8429501481609185
3521 0.7010230022683916
3522 0.06700250000000008
3523 0.2181672672339252
3524 0.7878692843606105
3525 0.471639375737531
3526 0.17704578892800016
3527 0.42487115260875535
3528 0.8255110000000001
3529 0.8496271265591184
3530 0.7483799999999998
3531 0.751049395848
3532 6.505471610893654E-4
3533 0.880167708748
3534 0.22980485878827528
3535 0.8305715116654119
3536 0.8183151752439678
3537 0.47491040344899993
3538 0.26261119700801316
3539 0.4665835007689998
3540 1.5481442