2 1.760784
1 1.690196
3 1.678822
4 1.67451
5 1.670588
6 0.8579343600495178
7 0.7514094111685152
8 0.6787175814964865
10 0.573928
9 1.405176
11 0.562745
12 0.653305
13 0.647375631775729
14 0.7759621372385915
15 1.686156661575229
16 1.047058
17 0.805882
19 1.384314
18 1.258824
20 1.094118
21 0.7251801554889529
22 1.290196
23 1.074768
24 0.7773567638567428
25 1.156862
26 1.243138
27 1.065858
28 0.6941933539442553
29 0.7149073390763077
30 0.7720070006945966
31 1.612596257967072
32 0.9142310552635481
33 0.7688744110358752
34 0.605882
35 0.6818258763865654
36 0.796078
37 0.7115843472484462
38 0.8610872106613902
39 0.764706
40 0.7004210656652035
41 0.4893412944039671
42 0.7162731996052242
43 0.284314
44 1.2606683465163757
45 0.4913591593170118
46 0.7118997228671218
47 0.87451
48 0.8830521656981343
49 1.82353
50 0.7747094184078487
52 1.65098
51 0.872549
53 0.794118
54 0.4129948903327276
55 0.7032991463582279
56 1.62796118405843
57 1.363938
58 1.466706
59 0.790196
60 0.77451
61 1.219608
62 1.5266470517544002
63 1.729412
64 1.434929681002868
65 0.747059
66 0.8286684426881548
67 1.305882
68 0.7456549062039346
69 1.180392
70 0.968628
71 0.6985191154053395
72 0.6736356412729915
73 1.513724
74 1.074508
75 0.55098
76 1.4582225930484558
77 0.8115772465717089
78 0.733334
79 0.859296
80 0.7075817070829284
81 0.833333
82 0.813725
83 1.713726
84 0.84902
85 0.8508915139889814
86 0.8093569870653082
87 1.6410441697875784
89 1.494118
88 1.5229976371785252
90 1.211764
92 1.392156
91 0.707843
93 0.7132773107904107
94 0.8078877924530158
95 0.8396499178189455
96 1.2325564203468373
98 0.9105504595472648
97 1.8360647611024894
99 0.962745
101 0.962745
100 1.290196
102 1.62745
103 0.801961
104 0.947059
105 1.770792328271196
106 0.919608
107 0.82549
108 0.8427057851582993
109 0.9267232127814026
110 0.8133222287699448
111 0.9533659302755618
112 1.57255
113 0.8812252629350487
114 1.533334
115 1.579414
116 1.094118
118 1.219608
117 0.8798446681436335
119 1.441444
120 0.872829315524967
122 0.8428976624414808
121 0.691804
123 1.109804
125 0.672549
124 1.3040905300292736
126 0.811764
128 0.6941032450745694
127 0.8256310745372228
129 1.502982
130 1.394568
131 1.517648
132 0.727451
133 0.6848107567436235
134 1.282352
135 1.12549
136 0.6800604313062542
137 0.7619140430572304
138 0.993378
139 0.734682
140 1.3712886868571594
141 0.97647
142 0.6793858221495964
143 1.5152970721398271
144 0.6903089195413419
145 1.29804
146 1.180392
147 1.070588
148 0.7076616142481462
149 0.921568
150 0.6168390575098673
151 0.394118
152 0.6930344068790348
153 0.7309792272004105
154 0.6783008529558108
155 0.694118
156 0.7174490245685251
158 0.350764
157 0.8717997026157317
159 0.824002
160 0.660784
161 1.37647
162 0.594118
163 1.054902
164 2.0
165 1.104336
166 0.485488
167 1.2774248160767399
168 0.378431
169 0.796376
171 0.303922
172 0.70196
170 0.8099556919026188
173 0.6723133776646689
174 0.505882
175 0.944756
176 0.7954201786599313
177 1.611764
178 1.597480877524636
179 0.798039
180 1.447058
181 1.384314
182 0.8224989904100078
183 1.198062
184 0.7300721570294909
185 1.086274
187 0.7726531110327248
186 1.25098
188 0.858824
189 0.480392
190 1.639216
191 0.945098
192 1.078432
193 1.367755396072979
194 1.25098
196 1.431372
195 0.7167129054938726
197 0.8178740054262895
198 1.080262915830988
199 1.258824
200 1.258824
202 2.015688
201 1.133334
203 1.156862
204 0.6276189028879874
205 1.4158333456264727
206 1.109804
207 1.6030552207351558
208 0.8056628755149009
209 0.7617380541169273
210 1.219608
211 0.837255
212 1.196078
214 1.486274
213 0.9110738267866197
215 0.968628
216 1.462746
217 0.6103243147584662
218 1.180392
219 1.6639733855266583
220 1.360784
221 1.3492563787774356
222 0.7164100719014832
223 0.8345919661049629
224 1.905884
225 0.7202458893728528
226 2.299736
227 0.7085681339341006
228 1.054902
229 1.1609875106994045
230 0.764706
231 0.69173424072807
232 0.6961398142202396
233 1.348588
234 0.7039632650186604
235 0.713724
236 0.276471
237 0.521568
238 0.8193985646103902
239 0.452941
240 0.6458425939972194
241 1.839216
242 1.486274
243 0.456863
244 0.684314
245 1.868285091648318
246 0.741176
247 0.913726
248 1.196078
249 1.180392
251 1.3119070658046172
250 0.5884019862039624
252 1.054902
253 1.2173855665574065
255 1.368628
254 1.031372
256 0.727451
257 0.871364593590932
258 0.8141272570442297
259 1.152292
260 0.732207272475775
261 0.6784351092762319
262 1.02353
263 0.97647
264 0.7061607881126085
265 0.726164
266 0.562745
267 0.6621030920190846
268 0.7189987276497077
269 0.7116189685023135
270 0.62353
271 1.98946
272 0.803756264208181
273 1.196078
274 1.070588
275 0.800257860234712
276 0.843138
277 0.678432
278 0.654902
280 1.5019242451583845
279 0.615686
281 0.7178315891025097
282 1.2650735662611854
283 0.6971797613895523
284 1.4664094409308814
285 0.309804
286 0.140892
287 0.452941
288 0.7361501823400116
289 0.778431
290 0.8207834565067166
291 0.7667916713775377
292 0.606552
294 1.1036252483030171
293 1.109804
295 0.7287406703464843
296 0.913726
297 0.7007355454972204
298 1.733332
299 0.6867765239507025
300 1.4297078270827928
301 1.4244395053783947
302 1.362603582034484
303 0.7312127394963228
304 0.9827080472351206
305 1.196078
306 0.7594245709835716
307 0.95783
308 0.929412
309 0.505882
310 0.670092264172618
311 0.6926445218150483
312 0.8376241001531178
313 0.639216
314 0.339216
315 0.639216
316 0.7897635477054753
317 0.7547885539077782
318 0.7135518964181734
320 0.330758
319 0.72549
321 2.143592
322 1.5727186127807786
323 1.305882
324 1.471478
325 1.282352
326 1.33882
327 1.6289764447306614
328 0.7009652806806472
329 0.960784
330 1.4876822704061108
332 0.960784
331 0.7772381732197049
333 1.7623056139386661
334 0.746314
335 1.14902
336 0.670588
337 1.470588
338 0.7831864873548492
339 0.777710174047585
340 1.10196
341 0.7622250947408142
342 0.6831263842144123
343 0.858824
344 0.6984095315138783
345 0.6922417440393316
346 0.803922
347 0.6542423182877222
348 0.370588
349 0.6957353144984345
350 1.5340948433286101
351 0.7387447030979141
352 0.7743412342841717
353 1.5140966583035795
354 0.622166
355 0.9689896906264354
357 1.015686
356 0.5100602483292698
358 0.6385133806876181
359 1.219608
360 1.180392
361 0.380855
362 1.1486976869581236
363 1.6021636968607686
364 0.6336542370677778
365 0.8460081569376304
366 0.984314
367 0.465594
368 0.7975311483953154
369 1.831372
370 0.9
371 0.880392
372 1.8347912576390433
373 1.490566
374 1.7462471528154406
375 1.743197368366556
376 1.54687
377 0.733334
378 0.8938194174318952
379 0.709804
381 1.405206
380 1.1763195444864036
382 1.141176
383 0.921568
385 0.758824
384 1.109804
386 0.8465353450752717
387 0.77451
388 0.754902
389 1.360784
390 1.117648
391 1.25098
392 0.968628
393 0.968628
394 0.733334
395 1.3372943503700374
396 0.460784
397 0.55098
398 0.586275
399 1.27451
400 0.562745
401 0.860385
402 1.486274
403 0.8705717168957272
405 1.517172
404 1.194106
406 1.2518236926696455
407 1.1758627787523706
408 1.29804
409 0.762745
410 0.641176
411 0.89804
412 0.707843
413 1.17255
414 1.4560749097406618
415 0.7346017953743417
416 1.641593014690404
417 1.65098
418 0.778431
419 0.8147103407088592
420 0.829412
421 1.360784
422 1.258824
423 0.87451
425 1.4112822384089965
424 0.668627
426 0.714583336424979
427 1.12474
428 0.976172
429 1.3606147391291465
430 0.920306
431 1.17204
432 0.85098
433 0.991791109499135
435 0.829412
434 1.062746
436 1.62745
437 0.44902
438 0.694118
439 1.470588
440 0.3539215
442 0.680392
441 0.9953898947418633
443 0.8864601728873331
444 1.27451
445 0.8944148872767509
447 0.77451
446 1.156862
448 0.419608
449 1.12549
450 0.609804
451 0.676471
452 0.872549
453 0.57647
454 0.48906272301485326
455 0.399881
456 0.801961
457 1.52549
458 0.756862
459 0.8469225530104617
460 1.7585607460239976
461 0.7146013071780655
462 0.692157
463 0.929412
464 0.560784
465 1.180392
466 1.729412
467 1.417576
468 0.962745
469 1.69804
470 0.8574157737267736
471 0.947059
472 1.1033
473 1.329412
474 0.966667
475 1.603922
476 3.113724
477 1.878432
478 1.211764
479 1.4403
480 1.117648
482 1.2411432615450606
481 0.7763450724685815
483 1.48799
484 1.474666150282866
485 0.958824
486 1.886274
487 3.976472
488 1.535732265278301
489 1.27451
490 1.50196
491 1.980392
492 0.75098
493 1.933976684054369
497 0.8669828239026512
496 1.980392
498 0.778431
495 1.9922187615177955
494 1.2581812058116726
499 0.845098
500 1.22745
501 0.7501831388166553
502 0.7485538793559494
503 0.925488
504 1.3410179441451193
505 0.6243044899118173
506 1.0
508 1.109804
507 1.27451
509 1.156862
510 1.17255
511 0.7995290534663039
513 0.743137
514 0.703922
512 1.6015193245893617
515 1.4700114467566803
516 0.8043373676024546
517 1.623324311775224
518 1.069886
519 0.7310364382760784
520 2.705884
521 0.843138
522 1.17255
523 1.560648782713469
524 0.97647
525 1.039216
526 0.8036184979046511
527 0.8468001416936196
528 0.554902
529 0.82564
531 1.580392
530 0.9154873013065501
532 1.52549
533 1.613876
534 2.674508
535 0.75351
536 0.733334
537 0.7293705339969793
538 1.411886
539 2.784312
540 0.739216
541 1.041544
542 0.649523
543 0.788313
544 1.047842
545 0.527451
546 1.3506446916784727
547 0.6092140422345682
548 1.121568
549 1.588236
550 1.9870486529818199
551 0.8780058226257534
552 0.684328
553 0.568628
554 0.7737579897822775
555 0.9679323648317792
556 0.6915935201290412
557 0.4291412091353399
558 2.2981
559 0.9799140154921314
560 0.9901638103578921
561 0.939944
562 0.9481973821180937
563 1.6002227151216772
564 1.847058
565 1.792612
566 0.884314
567 0.7485205112408054
568 1.766380891406555
569 2.815688
570 1.673902
571 0.9110977284187496
572 0.829412
573 0.8481022726445834
574 1.619608
575 1.345098
576 1.4613727148302313
577 1.7869284270377637
578 1.431372
579 0.592156
580 0.8448958933579223
581 1.603922
584 0.4529679241167384
582 0.6566731153191285
583 1.442098083868311
585 0.700003
587 0.672549
586 0.7348809057264025
588 1.290196
589 0.717648
590 0.9972438534991213
592 0.6398
591 0.774513
593 1.755123826302382
594 1.556862
595 0.7751633132096827
596 0.7912635099265082
597 1.196078
598 1.141176
599 1.25098
601 0.948246
600 0.660784
602 1.007844
603 0.445098
604 0.89804
606 0.757886
605 0.6442844901337219
607 1.078974
608 0.913726
609 1.425724
610 1.352942
612 1.4451475524663133
611 0.629412
613 0.819608
615 0.460931
614 0.7119377497535634
616 0.705969450685944
618 0.5600004660192903
617 1.015686
619 0.645098
620 2.407844
621 1.17255
622 0.8505054614160129
623 1.02353
624 0.8293846718544269
625 1.324052
626 0.747059
627 1.14902
630 0.7396156518253695
628 1.01157
629 0.83002
631 0.686274
633 0.6214791929921355
632 0.55098
634 2.376472
635 0.476471
636 0.49350078181483054
637 0.7893940620578812
638 0.7839996912985767
639 0.6719511497694183
640 1.5815578501073195
641 1.9527624926795144
642 1.362853204160717
644 0.9657251065294656
643 1.894118
645 0.9570382844598722
646 3.9451
647 1.7125697503628898
648 1.156862
649 0.867748
651 1.5189880239611906
650 0.881788
652 1.4472581228574402
653 0.97451
654 0.8848491530132412
655 1.12549
656 0.9645153706416415
657 1.02353
658 1.27451
659 0.652941
660 1.10196
661 0.866666
662 0.7146330541856003
663 1.7642
664 0.960784
665 0.452941
666 0.705886099187693
667 0.843138
668 0.751522
669 0.7300959597462356
670 1.42353
671 0.952942
672 0.366667
673 0.946421308935955
674 0.852941
675 0.841176
676 1.560996
677 1.2550404229116727
678 0.702256
679 1.461764
680 1.415686
681 1.4
682 0.676471
683 0.6615364505762361
685 0.531373
684 1.4200706255829123
686 0.938862
687 0.554902
688 0.7768289232008417
689 0.860784
690 1.470588
691 1.625776
692 1.7153564136051211
693 0.762745
694 1.4783528263709274
695 0.696078
696 0.7693343725254665
697 0.6810026289028628
698 0.9252779943426274
699 0.837255
700 1.235294
701 0.83113
702 0.866666
703 0.7998226312665618
704 0.641126
705 0.876471
706 1.4997343313130724
707 0.663293
708 0.881148888268876
710 0.8145699517961025
709 1.27451
711 0.633333
713 0.8975497726778453
712 0.707843
714 0.97647
715 0.7754989088644247
716 0.8034873987810885
717 0.7237884620040091
718 0.766246473978191
719 0.762745
720 0.46939718580684997
722 0.937254
721 1.282334
723 1.379916
724 1.054902
725 0.6626119876604991
726 1.1238278802305457
727 1.4272323371727027
728 1.047058
729 1.4103962626337876
730 1.2212904701845881
731 0.8529527075576652
732 0.405882
733 1.411772198375386
734 0.5279634754369387
735 0.803922
736 0.5502754873821846
737 1.839216
738 1.5221726373354207
739 0.9833348076408798
740 0.456863
741 0.8658046344810659
742 0.9141279783173102
743 1.682352
744 1.337254
745 0.829412
746 0.837255
748 0.9984082372547269
747 1.313726
749 0.8895415668899151
750 0.9985277912633419
751 0.833333
752 0.549661
753 1.269084
754 0.8117003049854026
755 1.868842
756 1.909804
758 1.8274219397389064
757 0.915686
759 1.9562644313267419
760 1.164706
761 0.923529
762 0.966242
763 0.9000351901616672
764 1.7257138991437133
765 0.778431
766 0.937254
767 0.915634419889746
768 0.913726
769 1.588236
770 1.305882
771 0.743137
772 1.42353
773 0.8036273126190985
774 1.17255
775 0.6797173019707282
776 0.960784
777 1.260974226540733
778 0.7417270665923323
779 0.680392
780 0.405882
781 0.97647
783 0.7130492800719198
782 0.6187626215145753
784 0.6373079484167281
785 0.733334
786 1.737254
787 0.770588
788 0.8305291439756499
789 0.637255
790 0.9982242433251112
791 1.031372
792 0.594118
795 1.181396
793 0.604978
794 0.6878010245034916
796 0.9967312636605119
797 1.054902
798 0.6874479584111799
799 1.623528
800 0.7325124811766521
801 1.105844
802 1.705882
803 0.461328
805 0.824762118697297
804 1.635294
806 0.672549
809 1.015686
807 0.96464
808 0.992156
810 1.02353
811 0.98786
812 0.6405088290933862
813 0.943046
814 0.7655440685028512
815 1.533334
816 1.7014450967207815
817 0.7737803712985284
819 0.843138
821 0.952942
818 0.7567445671314077
820 0.547761101749198
822 0.562745
823 1.3901336105788575
824 1.12549
825 1.070588
826 0.529075045369097
827 0.7134612502283052
828 0.82745
829 0.8028470068914448
830 0.866666
831 0.460784
832 0.8656749414530489
833 0.779042233054829
834 1.509804
835 0.882352
836 0.960784
837 1.141176
838 1.204804
839 0.929412
840 1.4908072220591189
841 0.6714056379645594
842 0.79457960474444
843 0.960784
845 0.905882
844 0.6928522582637217
846 0.339216
847 0.7956178483394755
848 0.678432
849 1.047058
850 0.9968807920598917
851 0.9823155264871671
853 0.484314
854 0.9395792080247719
852 0.523529
855 0.21779471101679798
856 0.8892386813912783
857 0.9795435673069497
858 0.6637871554163391
859 0.8913090517269976
860 0.264706
862 0.590196
863 0.362745
861 0.9915219866134488
864 0.39261908308578525
865 0.845098
866 0.821569
867 2.156864
868 0.8375191743427887
869 1.6513590724399894
870 0.674737368461962
871 2.29804
872 0.609804
873 0.9318753607510735
874 0.8569323105605564
875 0.6652806238783534
876 0.981528
877 0.7098524832932386
878 0.790968
879 1.6947258012611282
880 0.811764
881 0.8157025474725853
882 1.447058
883 0.794118
884 0.688235
885 0.660784
886 1.12549
887 0.539071
888 1.4902126121609995
889 0.6991074159486038
890 0.6031765373098477
891 0.890196
892 0.843138
893 1.070588
894 0.592156
895 0.6872755113682976
896 0.8696403185016284
897 0.82549
898 0.992156
899 0.7875569324653139
900 1.363478
901 2.542892
902 1.5027226472278432
903 0.89976
904 0.6185178823607403
905 1.6324624980421292
906 1.031372
907 0.7357092859855577
908 0.7109079422700969
909 0.7229795145373261
910 1.074014
911 1.431372
912 1.203922
913 1.6867185690806816
914 0.7427251573349026
915 0.680392
917 0.660784
916 0.7557199128534683
918 0.558824
919 1.12549
920 0.883048
921 0.570588
922 0.7399650795301628
923 0.6132382326809537
924 0.413725
925 0.788236
926 0.796078
927 1.5478891897461733
928 0.9436501213427775
929 0.888235
930 0.9200740052074852
932 0.9913392118643036
931 0.9949808262878765
933 1.964706
934 0.6667691655027481
935 3.05098
937 0.7871905489887284
936 1.566088
938 1.890196
939 1.8007293085030274
940 1.360784
941 0.580956
942 0.9795391318622019
943 0.798039
944 1.22571
945 1.02353
946 0.696078
947 0.739004
948 1.281844
949 0.835294
950 0.57451
951 0.8339466232317218
953 0.612561
952 1.3459927534642986
954 0.7106253649658693
955 0.6702313927125453
956 0.7353724815422573
957 1.12549
958 0.858824
959 0.6618814982059602
960 0.97647
961 0.841176
962 1.447058
963 0.782353
964 1.282352
965 1.447058
966 1.211764
967 1.368718
968 1.589197751763643
969 1.078432
972 0.7876154318438301
970 1.42353
971 0.696078
973 0.50194
974 0.6586764122310658
975 0.7499508783878562
976 0.5610391877547108
977 0.794118
978 0.8969966203625545
979 1.282352
980 0.875580954581428
981 1.462746
982 0.708695
983 1.011764
984 1.043092
985 0.952942
986 0.7787768479099749
987 0.631219
988 0.8528539972703383
989 0.6161536917466408
990 0.6583286317564223
991 0.6569791346023308
992 0.578423
993 1.67451
994 1.509804
995 1.454902
996 1.129196
997 0.7762571123611582
998 0.7137791551508175
1000 1.4152155497805254
999 0.983394
1001 0.6008053109660381
1002 2.37578
1003 0.558824
1004 0.796078
1005 1.345098
1006 0.937854012372704
1007 0.8117299754655277
1008 0.531373
1009 1.658824
1010 1.243138
1011 1.6816926991476537
1012 1.117648
1013 0.6930627783866588
1014 0.676471
1016 0.82549
1015 1.7181131394698537
1017 1.02353
1018 1.422244
1019 0.594118
1020 0.7388877116898279
1021 0.667481
1022 0.8418884857332685
1023 0.70623
1024 2.141176
1025 0.9300343930325169
1026 0.911765
1027 1.4927570484078772
1028 0.747059
1029 0.8788893096398572
1030 0.467068
1031 2.486276
1032 0.813878
1033 0.995576
1034 0.598039
1035 1.447058
1036 0.8354999975262368
1037 0.8855116195394004
1038 0.8973770856024532
1039 0.880392
1040 1.10196
1041 0.805882
1042 1.040568
1043 2.77492
1044 1.094118
1045 1.213906
1046 0.7357630720747335
1047 1.235054
1048 0.888268783380934
1049 0.7234430068844981
1050 1.117648
1051 1.243138
1053 1.021664
1054 0.7255501208725037
1052 1.14902
1055 0.853143190918982
1056 0.913726
1057 0.935271759950459
1058 1.462746
1059 1.643138
1060 1.141176
1061 1.465316
1062 0.805882
1063 1.5886829703508172
1064 0.87451
1065 1.007844
1066 1.45098
1067 0.7555464118992054
1068 0.8522842152169495
1069 0.8028913788315959
1070 1.074756
1071 0.992156
1072 0.554902
1073 3.39608
1074 1.878432
1075 1.596078
1076 1.5928789183568126
1077 1.8797775864066923
1078 1.4
1079 0.7964254006312973
1080 1.12549
1081 0.8431040407369268
1082 0.919738768690636
1083 1.1679458552812731
1084 0.8710528090882134
1085 1.57255
1086 0.75098
1087 2.4549
1088 1.490756
1089 0.805882
1090 1.407844
1092 0.629412
1091 0.811764
1093 0.8813903496743051
1094 1.078432
1095 0.8418696387359211
1096 0.8417864397997017
1097 0.7284162723399773
1098 1.4089203852679675
1099 0.830070719934359
1100 0.9400567354333894
1101 0.455877
1102 0.866666
1103 0.7814059492355201
1104 0.414755
1105 0.7771627993723966
1106 1.65098
1107 1.313726
1108 3.129412
1109 0.8953509980117172
1110 0.8893981250650781
1111 1.383646
1112 0.782353
1113 0.7194238486697475
1114 0.8171063140580516
1115 1.235294
1116 0.598039
1118 0.8284009358886985
1117 1.392156
1119 0.696078
1121 0.924118
1120 0.35098
1122 0.816916
1123 1.14902
1124 1.564706
1125 1.54902
1126 1.721568
1127 1.8176647981277465
1128 0.8873972055213386
1129 0.893050661490971
1130 0.835925096543344
1131 1.839109229530968
1133 0.790196
1132 1.603922
1134 1.4815478728416807
1135 1.266094
1136 1.6017459732501518
1137 0.7974795434947043
1138 1.518810112185245
1139 1.5411455705815305
1140 0.8181438997167018
1141 0.7588817587087031
1142 1.10196
1143 0.663665721244056
1145 0.6173308995911043
1144 1.282352
1146 0.984992
1147 0.8202664136348589
1148 0.762394
1149 0.594118
1151 0.8336325295755348
1150 1.4336504273059667
1153 1.4530506489214832
1152 1.109482
1154 0.54769
1156 0.6083566817796844
1157 1.1191003526994887
1155 0.500708
1159 0.733334
1158 0.694118
1160 0.5821680892895311
1161 0.706347950313516
1162 0.741639050933574
1163 0.468627
1165 0.8243656282998338
1166 0.7811355957912077
1164 0.7585740487740245
1168 0.7017307414850554
1169 1.721568
1170 0.754031987923215
1171 1.2343805063417845
1167 0.7755867738573824
1172 0.7795780483208642
1173 0.587343
1174 1.7413673233307123
1175 0.8577415591998769
1176 1.6840255581085752
1177 1.180392
1178 0.680392
1179 0.9287723447233125
1180 1.5174850175992736
1181 0.488235
1182 0.7309355204859708
1183 0.470188
1184 0.890196
1185 0.8977069139088797
1186 1.564706
1187 0.8348273459637329
1188 1.478432
1189 1.556862
1190 0.817647
1191 0.6773733234107472
1193 0.77451
1194 1.156862
1192 0.676471
1195 0.719608
1196 1.4320199965585942
1198 0.845098
1197 1.156862
1199 0.827865
1200 1.729412
1201 1.8695829257740735
1202 0.994118
1203 1.345098
1204 1.121012
1205 0.939216
1206 0.927451
1207 0.9649707209537297
1208 1.047058
1209 0.878746
1210 0.907843
1211 1.4483780118885223
1212 0.896078
1213 0.8535212958770874
1214 0.857561
1215 1.5881217404001442
1216 0.872549
1217 0.9342064095560354
1218 1.10196
1219 1.02353
1220 0.8562529924198377
1221 1.6028863441780972
1222 0.924908
1224 1.384314
1223 0.563922
1225 0.7483931083844594
1226 0.743137
1228 1.203922
1227 0.8449545164760037
1229 0.9965814849286679
1230 0.960784
1231 0.5213114287279771
1234 0.8320290374082973
1232 0.6660604390181041
1233 1.062746
1236 0.8791809691860346
1235 1.10196
1237 1.2815471021059122
1238 0.7836061404828886
1239 1.086274
1240 0.803922
1241 0.545098
1242 1.6096503808560867
1243 1.141176
1244 0.6225853229676496
1246 0.8660780937803642
1247 0.85098
1245 0.819608
1248 0.741176
1249 0.9282615567036991
1250 0.86445
1251 0.739216
1252 0.864706
1253 1.329412
1254 0.813725
1255 1.6366181108687858
1256 1.156862
1257 1.54902
1258 0.8598646345622777
1259 0.7617347275264631
1260 1.29804
1261 0.8482720799177175
1262 1.415686
1264 0.8804684259503771
1263 1.286058
1265 1.4855291429451565
1266 0.7176640800319299
1267 1.729412
1268 1.729412
1269 0.916623
1270 0.931373
1271 1.2273402434494336
1272 0.919608
1273 1.588236
1274 0.6882845799224273
1275 1.7236620700668972
1276 0.762745
1277 1.494118
1278 0.9201224735032266
1279 1.9727388278124365
1280 0.8173266226732023
1281 0.888235
1282 1.517648
1283 0.9003759309380442
1284 1.439216
1285 0.7411836734929498
1286 0.7713719770699525
1287 0.6364899079994759
1288 0.7476641457026979
1289 0.594118
1290 1.377348944653159
1291 0.921568
1292 1.015686
1293 0.82745
1294 1.733332
1295 1.556862
1296 0.6466635062332031
1297 0.5456042258680307
1298 1.321568
1299 1.305882
1300 1.437162
1301 0.8094009716418213
1302 1.3261781571835556
1304 1.219608
1303 0.671681117762849
1305 1.196078
1306 1.4397237309058977
1307 1.3798673419271705
1308 0.8901564583852923
1309 0.476099
1310 1.080764
1311 0.7903512236827496
1312 0.82745
1313 0.673968
1314 1.7834694904754713
1315 0.726921
1316 1.607844
1317 1.2909675650603893
1318 0.747059
1319 1.17255
1320 0.7
1321 0.8505054614160129
1322 0.8675304456308629
1323 0.7556430116917479
1324 0.7658867802128566
1325 0.6793992254417667
1326 0.7169030440506987
1327 0.708622130724113
1328 1.141176
1329 1.50196
1330 1.643138
1331 1.588236
1332 0.742292
1333 1.6388014602475065
1334 1.235294
1335 0.8398794184202472
1336 0.9679206457667843
1337 0.8869528002217167
1338 1.078432
1339 0.968628
1340 0.631372
1341 0.67369
1342 0.7558049772224242
1343 0.535294
1345 1.690994
1344 0.7999314678014604
1346 0.8876567797517217
1347 1.42353
1348 1.541564
1349 0.8675204554750262
1350 0.707843
1351 0.8681696167402622
1352 1.0165238505855498
1353 1.7106075268325456
1354 0.7395602988833454
1355 0.7883964738632461
1357 2.3451
1356 1.235294
1359 1.435426
1358 0.7268704101023187
1360 1.3467410804099682
1361 1.69804
1362 0.913566319941149
1363 1.596078
1364 0.8743498951984264
1365 1.751459838874222
1366 1.2654395629488893
1367 1.54902
1368 0.770953
1369 1.133334
1370 0.6319212936837053
1371 0.719608
1373 1.396858
1374 0.7849917669769663
1372 0.8244060333152983
1375 0.8479939244646054
1376 0.670588
1377 0.837255
1378 0.8311849189723436
1379 0.7553571761713872
1380 3.035296
1381 0.8013527545701588
1382 1.360258
1383 1.305882
1384 1.26614
1385 1.219608
1386 0.728962
1387 1.3873456658622447
1388 1.352942
1389 1.070588
1390 1.031372
1391 1.219608
1392 1.007844
1393 0.661392
1394 1.211764
1395 0.6936311527004424
1396 1.5302775295387132
1397 1.3509377443501023
1398 0.7617753446162069
1399 0.788236
1400 0.7271298728139791
1401 1.141176
1402 0.6612387816054816
1403 0.8131510239346497
1404 0.6556126074773299
1406 0.8190810917066297
1405 0.793190261267037
1407 0.446682
1408 0.7210022398555265
1409 0.8588184664860222
1410 1.65098
1411 0.747059
1412 1.494118
1413 0.821569
1414 1.0
1415 1.12549
1416 0.8141463946633326
1417 1.026632
1418 0.664706
1420 0.641176
1419 0.799566
1422 1.109804
1421 1.4589234195052494
1423 0.809804
1424 0.8355195034188515
1425 2.878432
1426 1.470588
1427 1.14902
1428 0.7268278593749721
1429 0.937254
1430 0.6596409686089116
1431 0.80121949115599
1432 1.015686
1433 0.4633500456667733
1434 0.647058
1436 0.8735024721519957
1435 1.211764
1438 1.121568
1437 0.6720502876312394
1439 1.133334
1440 0.819608
1441 0.6370886908429626
1443 0.8127718616377624
1442 1.5317234453636863
1444 0.756862
1445 0.7964055284271242
1446 0.5389667665817195
1447 0.72549
1448 0.7319720461084566
1449 0.7035232451237836
1450 1.435296
1452 0.8360572757138152
1451 0.7897065161188653
1453 0.77255
1454 0.5883750759035083
1455 0.703922
1456 0.8313727429843626
1457 1.551524
1458 1.752942
1459 0.794118
1460 1.65098
1461 0.8634046886239933
1462 1.542942
1463 0.7502933371775231
1464 1.3853248243950524
1465 1.126112
1466 1.180392
1468 1.040502
1467 0.8534042988736126
1470 1.2312605208631737
1469 1.405372
1471 1.454902
1472 1.094118
1473 1.415686
1475 1.5005028168472014
1474 1.7437606391679776
1476 1.258824
1477 0.566667
1479 0.7043862769918331
1480 0.89804
1481 0.803922
1478 0.7472543907119469
1483 1.6836829695026936
1482 0.6806939804765002
1484 0.362745
1486 0.37451
1485 0.8523355622137404
1487 0.7440368149662456
1488 0.301649
1489 0.7645162235229014
1490 1.266666
1491 0.7956166196682198
1493 1.007844
1492 0.7629330051337668
1494 0.85098
1495 0.937254
1496 0.374251
1497 0.72549
1498 1.278432
1499 0.6900769802201976
1501 0.5661273960693176
1500 0.362745
1502 0.53973
1503 0.7895424325222714
1504 1.2907651903406259
1505 1.6310573710272216
1506 2.625796
1507 1.392156
1508 0.7789967693087004
1509 1.407844
1510 1.094118
1511 0.6968289773189628
1512 0.500178
1513 1.048984
1514 0.6281502388943434
1515 0.7666466569423297
1516 0.689940792313061
1517 0.788236
1518 0.866666
1519 0.7211225744506379
1520 0.7192252399434099
1521 0.7688369691461204
1522 0.398039
1523 0.7731491060865849
1524 1.109804
1525 0.492157
1526 0.835294
1527 0.7993755278155711
1528 0.6229203137157378
1530 1.4728124785500178
1529 0.6955912239609797
1531 1.02353
1532 0.6434188395031335
1533 0.323529
1534 0.7082337722783855
1535 0.90407
1536 0.7106139678250034
1537 0.990196
1538 0.868627
1539 0.9732665316931322
1540 0.986275
1541 1.10196
1542 0.978431
1543 1.772036
1544 0.7218145709133243
1545 1.690196
1546 1.941176
1547 0.9850689038994601
1548 1.980436837582164
1549 0.929412
1550 1.933334
1551 0.743137
1552 1.073684
1553 0.907843
1554 0.7382768697697037
1555 1.27451
1556 1.552
1557 0.331373
1558 2.905724
1559 0.735294
1560 0.688235
1561 1.204102
1562 1.29804
1563 0.610803
1564 0.617647
1565 0.960195143190423
1567 1.325098
1566 1.22745
1568 0.572522
1569 1.305882
1570 2.423528
1571 0.7104812276297764
1572 0.515686
1573 1.3921808127869288
1574 0.803922
1575 0.74902
1576 0.670588
1577 0.7295266204715648
1578 0.560784
1579 0.6932788552401893
1580 0.7257175523102134
1581 0.3814981344118988
1583 0.803922
1582 0.26274
1584 0.205038
1585 1.815686
1586 0.872549
1587 0.868627
1588 1.533334
1589 1.67451
1590 0.8586265466590518
1591 0.8322622186911514
1592 1.387518366742447
1593 1.196078
1594 0.743137
1595 1.188236
1596 1.43753
1597 0.6945618052513094
1598 1.7106065551426628
1599 1.384314
1600 1.032184
1601 0.645098
1602 0.629419237569757
1603 0.9615967981988528
1604 1.3110312434288134
1605 0.8733261261417109
1606 0.7280427282660829
1607 1.470602
1608 1.431386
1609 0.492157
1610 0.9189394530669077
1611 0.74902
1612 1.290196
1613 0.7442877574291966
1614 0.665408
1615 1.203922
1616 1.219608
1617 0.907639
1618 1.015258
1619 0.8513407008108885
1620 0.9405438554561366
1621 1.478432
1622 0.704206
1623 1.0385789943841661
1624 0.743137
1625 0.8269680311624543
1626 1.266666
1627 1.4085494826773062
1628 1.201528
1629 0.7732919508541181
1630 1.3661
1631 0.9430189620848507
1632 1.117648
1633 0.8295993008675936
1634 1.219608
1635 0.7397791577234519
1636 0.7799000185443371
1637 1.4
1638 0.7569591343046053
1639 0.633333
1640 0.531112
1641 0.8667979981640241
1642 1.5923887785351525
1643 1.14902
1644 1.624560958942407
1645 0.97647
1646 0.460784
1647 0.7
1648 0.570588
1649 0.8411035850785654
1650 0.835891898141654
1651 1.282352
1652 1.4
1653 0.6666609022276283
1654 1.23079
1655 1.17255
1656 1.127028
1657 0.890196
1658 0.7384006848157098
1659 0.803922
1660 1.17712398756597
1661 0.451967
1662 0.858824
1663 1.023528
1664 1.6015987429788718
1665 1.6185413430503965
1666 1.282352
1667 0.8898507194257574
1668 0.8705989876758283
1669 0.9271357867291674
1670 0.7678639745327639
1671 1.133334
1672 1.047058
1673 0.912685779055287
1674 1.12549
1675 0.884432
1676 1.22745
1678 1.22745
1677 0.7934768465750358
1679 2.441804
1680 2.125492
1681 3.129412
1682 0.855462
1683 1.08871
1684 1.619172
1685 1.663039810482597
1686 0.7395223201904022
1687 1.203922
1688 1.418
1690 0.819608
1689 0.543137
1691 0.8258538085632517
1692 0.511765
1693 0.8223493549146073
1694 1.203922
1695 2.768628
1696 0.7295937993983697
1697 1.325492
1698 1.4771379934860118
1699 0.73463
1700 0.594118
1701 1.321568
1702 0.7491028144394949
1703 0.37057
1704 0.9431872956981882
1705 1.407844
1706 0.4700439232226463
1707 0.653012
1708 1.274648
1709 0.7811464112236243
1710 0.451316
1711 0.8728926929507737
1712 0.7186028060577094
1713 1.3726
1714 1.5451814485779973
1715 1.415384
1716 1.156862
1717 1.352942
1719 0.601961
1718 0.57451
1720 0.480392
1721 0.8116579637310298
1722 0.945098
1723 1.188236
1724 0.6690933620928039
1725 0.6907889422294483
1726 0.6370245085049968
1727 1.054902
1729 1.541176
1728 1.5451
1731 1.5119138478087055
1730 0.7536850780037944
1732 0.715686
1733 1.180392
1734 1.329412
1735 1.156862
1736 1.086274
1737 0.667402806721526
1738 0.547059
1739 1.062746
1740 1.086274
1741 1.10196
1742 0.61097677226052
1743 1.089036
1744 0.6704911400160958
1745 1.117648
1746 1.283646
1747 0.913726
1748 1.4884136310543175
1749 0.523529
1750 0.7374931265859922
1751 1.437250620828596
1752 0.7482028763363907
1753 0.7918675284858359
1754 1.133334
1756 0.523529
1755 0.7639389983300509
1757 1.3745821509465368
1758 0.37255
1759 0.6602803318743701
1761 0.9055952825007014
1760 0.8578059514512569
1762 1.320616
1763 0.896078
1764 0.868627
1765 1.7648378736948434
1766 0.437255
1767 0.568905756660541
1768 1.083054
1769 0.8507225483603907
1771 0.6847474568126367
1770 1.282352
1772 0.711765
1773 0.860431725412899
1775 0.8755952261176394
1774 0.9162901100578232
1776 0.676562
1777 1.368628
1778 0.598041
1779 0.9421705649627216
1780 0.9182171522695669
1781 1.75125
1782 1.941176
1784 1.9540585549712899
1783 1.94902
1786 0.9862708925562494
1785 0.966667
1787 0.962745
1788 0.95098
1789 0.9682658388810942
1790 1.917648
1791 0.9739458156525435
1792 1.49248
1793 0.4367110928900375
1794 0.641176
1795 0.9996332852225951
1796 0.6440598638278552
1797 1.305882
1798 0.820019400818404
1799 0.7868154506720878
1800 0.7518305670284843
1801 0.688302
1802 1.7044392867182938
1803 1.7039089103468141
1804 0.668627
1805 0.9021717048259416
1806 0.7310335350412058
1807 0.766717
1808 0.750492
1810 1.97255
1809 1.462746
1811 1.482739858816701
1812 0.62549
1813 1.078432
1814 1.3648780838235006
1815 1.02353
1816 0.8597767151999407
1817 1.447058
1818 0.924659
1819 1.321568
1820 1.078432
1821 1.290196
1822 1.666666
1823 0.990196
1824 1.3114646718021363
1825 1.407844
1826 2.4549
1827 0.771589
1828 0.77451
1829 1.478432
1830 1.339448
1831 0.7927073218329725
1832 1.117648
1833 0.7942499145414702
1834 2.313724
1835 1.1445584964143138
1836 0.6932619619077197
1837 0.519608
1838 0.741176
1839 1.5640266941854561
1840 1.3913361303080531
1841 0.732491
1842 0.805882
1843 1.3729523455529933
1844 0.790196
1845 1.258824
1846 1.18148
1847 1.423085960597592
1849 0.80882331791685
1848 1.5029866592464445
1851 1.211764
1850 1.062764
1852 1.013754
1853 0.8093996913085121
1854 0.558824
1855 0.609998
1856 1.5278398338917278
1857 1.798922
1858 1.133334
1859 1.109804
1860 1.516756
1861 1.462746
1862 0.82624
1863 0.8589573209853639
1864 1.345098
1865 0.74813
1866 1.95294
1867 0.613725
1868 0.89804
1869 1.141176
1870 0.7064002434392949
1871 1.604937108736443
1872 1.3868883761482687
1873 0.904777
1874 0.8620032705635141
1875 1.729412
1876 0.856863
1877 1.415686
1878 1.42353
1879 1.54902
1880 1.52549
1881 0.747059
1882 0.688522178203384
1883 0.725533
1884 1.3263294510180434
1885 0.97647
1886 1.360784
1887 1.62745
1889 1.268842
1888 0.460779
1890 0.684314
1892 0.7058595908914904
1891 1.211764
1893 1.112534
1894 0.7391242284278143
1895 1.3843934553784039
1896 0.6735665127859657
1897 0.814422
1898 1.3787870668822326
1899 0.796078
1900 0.592156
1901 0.35098
1902 0.3
1903 0.488235
1904 1.437346976930289
1905 0.9944055275499473
1906 1.541176
1907 1.988236
1908 0.998039
1909 0.994118
1910 0.991327909126787
1911 1.14902
1912 1.282352
1913 0.515702
1915 0.892157
1914 1.813176
1916 0.889916
1917 1.541176
1918 1.070588
1919 0.9926295018803095
1920 0.864706
1921 0.896078
1922 0.876471
1923 0.8520927041662968
1924 0.9115988967337241
1925 0.711765
1926 1.337254
1927 0.686058443206816
1928 0.816938066774146
1929 1.243138
1930 1.283101370366633
1931 0.6305141159859367
1932 1.12549
1933 0.929412
1934 0.7167409104238308
1935 0.8429464790610794
1936 1.8076865634298567
1937 1.6632992273173381
1938 0.778431
1939 0.7604188915914182
1940 1.384314
1941 0.8163350417366987
1942 0.82549
1943 0.8734692800310679
1944 1.6271586529671103
1945 0.981826
1946 0.747059
1947 0.7799154060129456
1948 1.030876
1949 1.431372
1950 2.611764
1951 0.7505295005872309
1952 1.2984326429522666
1953 1.45783
1954 1.324452
1955 0.7941770032373001
1956 1.415686
1957 1.4333001562284113
1958 1.196078
1959 1.266666
1960 0.8505283096271798
1961 0.6633269285006087
1962 1.25098
1963 0.876202
1964 0.7533153226928331
1965 0.848722436762779
1966 1.007844
1967 1.133334
1968 1.02353
1969 1.389522
1970 0.8325232089221969
1971 1.117648
1972 0.75783
1973 0.7519121780106642
1974 1.478432
1975 1.342638
1976 0.7544516435149086
1977 1.3211529880775137
1978 0.7857986802907315
1979 2.015688
1980 1.843136
1981 1.13377
1982 1.10196
1983 0.7749619196702472
1984 2.423528
1985 0.9046148414085097
1986 1.219608
1987 0.84902
1988 1.69804
1989 1.441268
1990 0.797487710215067
1991 0.8423450129480107
1992 0.8508929864291259
1993 0.836131793021548
1995 0.7743185161207654
1994 1.486274
1996 0.719608
1997 0.8271977839886027
1999 1.611764
1998 0.872549
2000 0.7949846458070113
2001 0.8006446136932138
2002 1.071074536481849
2003 1.666666
2005 0.6551511847729942
2004 1.894118
2007 0.805882
2006 1.836650780754293
2008 1.239029170575098
2009 1.1861324637326105
2011 0.9815558590303097
2012 1.494118
2013 1.117648
2010 1.5802512043883112
2014 0.8974138963963287
2015 0.9914466696584604
2016 0.556317
2017 1.831372
2019 1.7237655669069873
2018 0.770588
2020 1.321568
2021 0.9014025204211972
2022 0.845098
2023 1.22745
2024 1.65098
2025 0.586275
2026 0.6694867804993762
2027 0.790196
2028 1.14902
2029 1.509804
2030 1.0
2031 0.8152348625616478
2032 0.672549
2033 0.705771
2034 2.070408
2035 0.675299178849899
2036 2.20392
2038 0.505882
2039 0.233333
2037 0.535294
2040 0.7714706500114719
2041 0.647058
2042 1.117648
2043 0.5824122803219706
2044 0.311765
2045 0.6670049677748567
2046 0.733334
2047 0.82745
2048 0.6108990985894305
2050 0.9611840376369729
2051 0.943137
2049 0.9947506645164464
2052 1.290196
2054 2.407844
2053 1.4
2055 0.868627
2056 1.188236
2057 1.17255
2058 0.45728
2059 0.896078
2060 0.892157
2061 1.4190283658490315
2062 0.94989705914603
2063 1.478432
2064 0.6299192270796614
2066 1.27451
2065 0.907843
2068 0.633333
2067 1.6417414121831175
2069 0.75098
2070 1.4528222605820642
2071 1.078432
2072 0.6389060846180434
2073 0.6306387982558487
2074 1.081724
2075 0.992156
2076 0.6754037756831599
2077 0.9352800688927332
2078 1.669217127527675
2079 1.117648
2080 0.99405
2081 1.580392
2082 1.6717930838582689
2083 0.8251527751855737
2084 0.7709114510985968
2085 1.27451
2086 0.7944912637557484
2087 0.7889458842060474
2088 0.562745
2089 1.5853413184602376
2090 0.992156
2091 0.945098
2092 0.921568
2093 0.87451
2094 0.83501
2095 0.7412676726274866
2096 1.3461449942707593
2097 1.345098
2098 1.517648
2099 2.110624
2100 0.715686
2102 1.27451
2101 1.219608
2103 1.2342855283774459
2104 0.6829669803667168
2105 0.360886
2106 1.0
2107 0.8189744188940468
2108 0.515686
2109 0.6998636319408653
2110 0.818212317409944
2111 0.7640841331183087
2112 0.8463919318306075
2113 0.912994
2114 0.794118
2115 0.778431
2116 1.25098
2117 1.14902
2118 0.8409450324659101
2119 1.4759923051893753
2121 0.6715203614591161
2120 0.668627
2122 0.633333
2123 1.25098
2124 0.8604238538719157
2125 0.820806
2126 0.854210559428069
2127 1.183456
2128 0.97647
2129 1.3939708547524003
2130 0.937254
2131 1.6079249843698316
2132 0.6559074419784964
2133 1.313726
2134 0.58509
2135 1.009378
2136 0.7362191764033514
2137 0.8549637249169423
2138 1.10196
2139 1.007844
2140 0.7105149450059985
2141 0.691611011155895
2142 0.94022
2143 0.8200908486259312
2144 0.82745
2145 1.847058
2146 1.49004
2147 0.9131800801257253
2148 1.364492
2149 1.407844
2150 0.923529
2151 1.643138
2152 0.8133106113339705
2153 1.8
2154 0.8764800483834877
2155 0.884314
2157 0.743137
2156 1.122764
2158 1.235294
2159 1.4429288493674024
2160 0.719608
2161 1.5735119991765738
2162 0.9257986800526335
2163 0.994118
2164 1.611764
2165 0.82549
2166 1.752942
2167 3.09804
2169 0.5571234067189935
2168 1.070588
2170 1.996078
2171 1.578632
2172 1.282352
2173 0.95098
2174 0.998039
2175 0.8476976693243202
2176 0.947059
2177 1.219608
2178 0.8050167787148848
2179 1.5125314013696254
2180 1.235294
2181 1.4643363847278228
2182 1.062746
2183 1.585245190681037
2184 0.469601
2185 0.6919771775933977
2186 0.796078
2187 0.5640633273792944
2188 0.6933116082173736
2189 0.366402
2190 1.094118
2191 0.803922
2192 1.6178224306574465
2193 0.7814603504406803
2194 0.7557487894514106
2195 1.392156
2196 1.556862
2198 1.039216
2197 0.8591392479737373
2199 0.6342770047277967
2200 0.6842706210599758
2201 0.960784
2202 0.8454300500636825
2203 0.8512874769918828
2204 0.613725
2205 1.6342160146639773
2206 1.180392
2207 0.960814
2208 0.7943414851754086
2209 1.322796
2210 0.698390652530046
2211 0.7707155386625894
2212 0.680392
2213 1.007844
2214 0.543137
2215 0.6235556036299982
2216 0.7725863212535826
2217 0.6164722215963993
2218 0.960784
2219 0.696466
2220 0.890196
2221 0.6845598633276734
2222 0.552942
2223 0.7136510229544804
2224 0.3876034671648297
2225 1.759104
2226 1.57255
2227 1.822727299112555
2228 0.8671724446597476
2229 0.8690356808430321
2230 1.229188
2231 1.196078
2232 0.672549
2233 0.7891601124239294
2234 0.960784
2236 2.3451
2235 1.047058
2237 1.156862
2238 1.039216
2239 1.564706
2240 0.637255
2241 0.908123804900164
2242 0.778431
2243 1.229644
2244 0.6321669200222766
2246 0.676471
2245 2.894116
2247 1.352942
2248 1.29561
2249 0.7864257244025049
2250 0.6332671687978682
2251 0.74906846609554
2252 0.6684770758568885
2253 2.360784
2254 1.2522350099247193
2255 1.447058
2256 1.341176
2257 0.8536856878975735
2259 1.360784
2258 0.809804
2261 0.735561
2260 1.57255
2262 0.8779505208025523
2263 0.672633
2264 1.305882
2265 0.9873829253150388
2266 1.27451
2267 1.20297
2268 0.866666
2269 0.866666
2270 1.109804
2272 0.55098
2271 0.707843
2273 1.368291128844091
2274 0.7345123041766125
2276 1.988236
2275 1.8100220246622931
2277 3.976472
2278 0.598039
2279 0.9396586679257112
2280 1.9047166386337229
2281 1.141176
2282 1.0
2283 1.321568
2285 0.888235
2284 0.844602
2286 0.7170955771610061
2287 1.6244870185450482
2288 1.651128
2289 1.305882
2290 1.439216
2291 0.963676
2292 0.7658380949848292
2293 2.031372
2294 0.8418089773156687
2295 1.447058
2296 0.7382894251758961
2297 1.02353
2298 0.7412722773653176
2299 2.690196
2300 1.12549
2301 1.25098
2302 1.27451
2303 0.858998069250141
2304 0.605882
2305 0.945098
2306 0.8016835399759161
2307 1.235294
2308 1.086274
2309 1.5108047536584641
2310 0.578431
2311 1.086274
2312 1.5109070405917489
2313 0.741096
2314 0.441176
2315 1.435296
2316 1.090196
2317 0.7920801888967691
2318 0.718180541043569
2319 1.02353
2320 0.77255
2321 1.321568
2322 1.4
2323 0.7367147458603845
2324 0.8106299979744617
2325 1.5565868108303438
2327 0.582213
2328 1.3401790925096542
2326 1.3819106305681301
2329 1.462672
2330 1.038624
2331 0.5954676588174705
2332 0.7867146470350577
2333 1.007844
2334 0.6506968063884938
2335 0.6478834227850112
2336 0.6950606824315517
2337 0.49502349294908193
2339 1.792156
2338 0.857249
2340 1.290196
2341 1.290196
2342 0.8895875759793695
2343 0.9319184009799926
2344 1.588236
2345 0.8030899441052226
2346 0.7685186566117262
2347 0.578431
2348 1.02353
2349 0.8256254714280685
2351 0.717648
2352 0.7498592597646562
2350 1.156862
2353 1.839216
2354 0.876471
2355 0.74902
2356 0.882352
2357 0.871312
2358 1.69804
2359 1.666666
2360 2.360784
2362 0.6178376231059216
2361 0.8843919282510807
2363 0.592156
2365 0.754902
2364 0.454238
2366 0.5865866851277749
2367 0.9920310545773704
2368 0.8132520644746037
2369 1.1196315799358316
2370 0.919608
2371 0.8916487846278226
2372 1.65098
2374 0.7877484331946887
2373 0.897488498744163
2375 1.541176
2376 0.798039
2377 1.38699
2378 1.2909248365704282
2379 1.532416
2380 0.8234905517223481
2381 0.7910343185675024
2382 0.766667
2383 0.8003089815565348
2384 1.243234
2385 0.813725
2386 1.556862
2387 0.6683129780113656
2388 1.141176
2389 1.070588
2390 0.7032900058395599
2391 0.866666
2392 1.054902
2393 0.7514033695820015
2394 0.8362588953231079
2395 0.7624210204203608
2396 0.6128827696826598
2397 1.0842257703386489
2398 0.952942
2399 0.7272381716873274
2400 0.6631187965106177
2401 0.9
2402 1.729412
2403 1.559668
2404 0.977664
2405 0.656863
2406 0.790196
2408 1.308174
2407 0.754902
2409 0.8317157762231121
2410 0.645716
2411 1.235294
2412 0.8892618447769128
2413 1.462746
2414 1.439216
2415 2.08374
2416 1.321568
2417 1.575096
2418 1.729412
2419 0.852941
2420 0.821908
2421 0.8387756175798788
2422 0.945098
2423 0.758824
2424 0.8401611360124567
2425 1.6716478829459676
2426 1.007844
2427 0.882352
2428 1.368628
2429 0.90537
2430 0.913726
2431 1.6310573710272216
2432 0.7915244313489717
2433 0.723529
2434 1.8
2435 1.6885422863520736
2436 1.333168
2437 0.635127
2438 2.407832
2439 1.5256823157971828
2440 1.219608
2441 0.8902872986014074
2442 0.74902
2443 1.22745
2444 1.243138
2445 0.8080824985493031
2446 0.656863
2447 1.015686
2448 1.4002212746861087
2449 1.340028
2450 1.74902
2451 1.159352
2452 0.8585275792322692
2453 0.492312
2454 1.5792594610754758
2455 0.609804
2456 1.462746
2457 0.694981
2458 1.14902
2459 0.7926706592301188
2460 0.835294
2461 1.1019702287784938
2462 0.678432
2463 1.3878371871089905
2464 1.1579081337607386
2465 0.7658362198813214
2466 0.735294
2467 0.42549
2468 1.031372
2469 0.476471
2470 1.078432
2471 0.421569
2472 0.530729
2473 0.484314
2474 0.968628
2475 0.605769706944879
2476 1.362967582792295
2477 0.519608
2478 1.639216
2479 0.468627
2480 0.6401174558799579
2481 0.5525544875594031
2482 0.9216393056524117
2483 0.8114863212665867
2484 0.519608
2485 0.668832
2486 0.72549
2487 0.9279756719164226
2488 0.8623267706597222
2489 0.529412
2490 1.039216
2491 0.466666
2492 0.6741692062214746
2493 0.9937946450653273
2495 1.3493869342768567
2494 1.7212222835139097
2496 0.7502539784387733
2497 1.528030739696519
2498 0.637255
2499 1.155646
2500 0.523529
2501 0.5
2502 0.543137
2503 1.6424373955188782
2504 1.094118
2505 0.558925
2506 1.154872922370777
2507 0.6380721194603433
2508 1.3997057580996553
2509 1.010758
2510 0.7686219308234504
2511 1.133334
2512 0.6211302802889027
2513 1.82353
2514 1.2396302579675986
2515 3.85098
2516 1.917648
2517 1.203922
2518 0.958824
2519 1.9817702754756799
2520 1.62959
2521 1.541176
2522 0.9625779785438356
2523 0.743137
2524 1.454902
2525 1.439216
2526 1.4362324882490698
2527 1.77647
2528 0.768263
2529 0.943137
2530 0.801961
2531 1.737254
2532 0.9387065048066483
2533 0.8658776558392104
2534 1.666666
2535 0.872549
2536 0.9037650293865582
2537 0.8654686602035465
2538 0.7432023265546056
2539 1.003682
2540 2.862744
2541 1.25098
2542 0.803889
2544 0.758824
2543 1.50623796489544
2545 1.4240805842635575
2547 0.8691597003507137
2546 1.29804
2548 1.953978
2549 0.570588
2550 0.982353
2551 0.9870444088310658
2552 0.586275
2553 0.976615595297107
2554 3.89804
2555 1.91468
2556 0.563983
2557 1.109804
2558 0.966667
2559 0.982353
2561 0.876633880186069
2560 1.5867000527061572
2562 0.8103357330314324
2564 1.156862
2563 0.7382885583016889
2565 0.8855832656610491
2566 0.867024
2567 0.422839
2568 0.794118
2569 0.76581
2570 0.8966169801804872
2571 1.996633905522633
2572 0.8228954590404264
2573 1.8063648861282982
2574 0.711765
2575 0.906038
2576 0.7677875980601475
2577 0.823741690385983
2578 0.7607665268653456
2580 1.243138
2581 0.8161928784282986
2582 0.7098197043643218
2583 1.532373707430753
2584 0.97623
2579 2.878432
2585 1.094118
2586 2.0
2588 0.904126
2587 0.952942
2590 0.417647
2589 0.6631320453990691
2591 0.770950489221661
2592 0.6932619619077197
2593 0.882352
2594 0.858076
2595 0.43977694797309913
2596 1.5933026501362102
2597 0.801362773691835
2599 0.751292
2598 0.629412
2602 0.7586246837541977
2600 1.4519866780440018
2601 1.039216
2603 0.8211301737159982
2604 0.8721963957177864
2606 1.162138
2605 1.2372163053176815
2607 1.556862
2608 1.10196
2609 0.7397791577234519
2610 0.566667
2611 0.601961
2613 0.7299783794783634
2612 0.7120007928066646
2614 0.682948389465641
2615 0.7424389001337366
2616 0.4928790035814044
2617 0.6825607667203392
2618 0.796044993719081
2619 0.378431
2620 0.639888
2621 0.74902
2622 0.6999014373149561
2623 0.9899277179798054
2625 0.7150132107014242
2624 0.46678396518356624
2626 0.637255
2627 0.841176
2628 1.9157689558949216
2629 0.798039
2630 0.558824
2631 0.743137
2632 0.7848572201512906
2633 1.400006
2634 0.680392
2635 0.672549
2637 0.9207132431387589
2636 0.811764
2638 0.613731
2639 0.476471
2640 0.362745
2641 0.923529
2642 1.084976
2643 0.766753267884399
2644 0.782353
2645 2.470588
2647 1.643138
2646 0.943137
2648 1.6773817289821165
2650 0.982353
2649 0.692157
2651 0.856863
2652 0.9523924444636361
2653 1.517648
2654 0.907843
2655 1.22745
2657 0.721092
2656 0.841176
2659 1.313726
2658 0.8713985091765456
2660 0.854900020607608
2661 0.598039
2662 0.855985777642226
2663 0.862306
2664 1.2378555749794393
2665 0.8265895583008235
2666 1.321568
2667 0.892528
2668 1.1877505535530823
2669 1.14902
2670 0.590196
2671 1.133334
2672 1.282352
2673 0.8150331869805829
2674 1.883976501086975
2675 1.541176
2676 0.97451
2677 3.89804
2678 0.8769346643969368
2679 0.994118
2680 1.5377633597249067
2681 0.9964058547437563
2682 0.321998
2683 0.796044993719081
2684 1.180392
2685 0.558824
2686 0.782353
2687 1.721568
2689 0.892157
2688 1.6419140089446085
2690 0.939624
2691 1.258824
2692 0.9547104969351617
2693 1.878432
2694 0.931373
2695 1.778658
2696 1.313726
2697 1.14902
2698 0.990196
2699 0.994118
2700 0.5586913941022086
2702 0.57451
2701 0.9971469316808053
2703 1.541176
2704 1.3154288015178417
2705 1.52549
2706 1.556862
2707 1.454902
2708 0.715686
2709 1.4
2710 0.629412
2711 1.495909237773496
2712 0.7741142547322657
2713 0.570824
2714 0.6971770273145712
2715 0.7271479070987961
2716 0.6959650023894631
2717 0.984314
2718 0.7243682196014692
2719 1.191284
2720 0.7206859732148627
2721 0.8535834356276271
2722 3.2549
2723 0.5208425348763216
2724 0.851959
2725 1.447058
2726 0.8693586229439207
2727 0.413725
2728 0.7865518953388088
2729 0.8108751049416577
2730 0.36314617220970824
2731 1.423538
2732 0.590196
2733 1.2064951731237907
2734 0.7724037489182298
2735 1.42353
2736 0.6182173221340975
2737 0.476638
2738 3.364704
2739 0.758824
2740 0.8954328263363777
2741 0.798039
2742 0.8128484699754632
2743 1.360784
2744 1.337254
2745 1.29804
2746 1.29804
2747 0.7312298278249053
2748 1.282352
2749 1.244631032502195
2750 1.8368382782425696
2751 1.0924549911888848
2752 1.235294
2753 0.8646417911160222
2754 1.260414
2755 0.67323
2756 1.290196
2757 0.660784
2758 1.5357301096856049
2759 0.6824775867191635
2760 1.22745
2761 1.1199070647309133
2762 0.940248
2763 0.870588
2764 1.007844
2765 0.839896
2766 0.7553227200594465
2767 0.6954032997736115
2768 0.6900891333514658
2769 1.501244
2770 1.163791985424471
2771 1.237226
2772 1.262688
2773 0.7425279804684872
2774 1.095856
2775 0.7405470429158688
2776 0.959562
2777 0.7292119542278691
2778 0.6499280312663049
2779 0.724336400856499
2780 0.8668178571833585
2781 0.378431
2782 0.7003382886763232
2784 0.6968959209494249
2783 0.496078
2785 1.745098
2787 1.070588
2786 0.4172863887281682
2788 1.588252
2789 0.452941
2790 3.019608
2791 1.454902
2792 0.8714500350481992
2793 0.438359575679088
2794 0.4474714712968967
2795 0.8815750481855342
2796 0.7654314849476559
2797 0.629412
2798 0.7273561735511839
2800 0.435294
2799 0.766667
2801 0.939216
2802 1.81328
2803 1.29804
2804 0.590196
2805 0.656863
2806 1.9720588227379163
2807 0.864706
2808 1.815686
2809 0.7256381590465529
2810 1.792156
2811 0.82549
2812 0.5404503821065143
2813 1.619608
2814 0.798039
2815 0.982353
2816 0.966667
2817 0.7612244011720366
2818 0.8035266888349594
2819 1.235294
2820 0.937254
2821 0.562745
2822 1.3845574251792365
2823 1.79608
2824 0.76697
2825 1.457667470302874
2826 0.77255
2827 0.6825287636673857
2828 0.670588
2829 1.6646171713323517
2831 1.7045102579929525
2830 0.562745
2832 0.5025686735470789
2833 0.7194937748675043
2834 0.7323241415719688
2835 0.765524
2836 0.9959883193453467
2837 0.9734824214779654
2838 0.7190408298317588
2839 1.7266137280671308
2840 0.476471
2841 0.6044225904932377
2842 0.4711961764546436
2843 0.139216
2844 1.5606271461374677
2845 0.8026577112755646
2846 0.7871871571020502
2847 0.7615476015207012
2848 0.7945853634427884
2849 0.880394
2850 1.713732
2851 0.996276496769257
2852 1.29804
2853 0.511765
2854 0.157849
2855 0.992238618474118
2856 0.22969655957606347
2857 0.9979370328527887
2858 0.18402566299468393
2859 0.5888709766348452
2860 0.9625224188080083
2861 0.629417
2862 0.621569
2863 0.952942
2864 0.7439334973852315
2865 1.329412
2867 1.142054
2866 0.712596136552328
2868 1.305882
2869 0.801961
2870 1.12549
2871 0.717648
2872 1.9357159958417283
2873 0.8042063082105021
2874 2.109804
2876 0.8508143504229778
2875 0.7948995974399549
2877 0.6426314214282377
2878 0.8185874282221823
2879 1.827452
2880 1.130212
2881 0.9778
2882 0.9827303221849958
2883 0.9750528775363829
2884 0.7496851567321103
2885 0.841176
2886 1.053932
2887 0.958824
2888 1.682352
2889 1.181382
2890 0.9961637728903503
2891 0.936906
2892 1.862746
2893 1.133334
2894 0.939216
2895 0.9724028484546029
2896 3.725492
2897 1.62745
2898 0.688235
2899 0.749706
2900 1.196078
2901 1.383538
2902 1.529412
2903 1.2609106130547938
2904 1.464475980057554
2905 0.727089967749119
2906 1.086274
2907 0.819608
2908 1.7336376834411635
2909 0.937254
2910 0.913726
2911 1.329412
2912 0.647058
2913 1.548719062491481
2914 0.693905
2915 1.6260847929975188
2916 0.87451
2917 1.566040832076461
2919 1.134222
2918 1.010054
2920 0.7702778682988064
2921 1.3961194433086912
2922 0.97647
2923 0.7001382878092637
2924 1.3996789571975725
2925 0.421569
2927 1.02353
2926 0.8322959417475699
2928 0.3901568601859159
2929 1.643138
2930 0.8389768935421353
2931 0.751063
2932 0.7480925443237555
2933 1.5593121111299963
2934 0.637255
2935 0.7996468454418532
2936 0.780392
2937 0.7241593577673507
2938 0.87451
2939 1.039216
2940 0.819608
2941 0.7058434238905369
2942 0.890196
2943 0.64902
2944 0.8413452808432211
2945 0.7301749887123414
2946 1.14902
2947 1.047058
2948 0.930896
2949 0.866666
2950 0.62353
2951 0.8381177548290036
2952 1.196078
2953 0.57451
2954 0.5450719295213801
2955 0.6930617725878295
2956 0.7020991183370575
2957 0.6879865874706422
2958 0.5222727114235264
2959 1.3964704590225745
2960 0.905882
2961 1.782752
2962 1.039216
2963 1.164706
2964 1.67451
2965 1.094118
2966 2.837908
2967 0.754902
2968 0.803922
2969 1.6365117734885801
2970 0.718776
2971 1.415686
2972 1.5884651625071242
2973 0.7739004609123415
2974 1.368628
2975 0.8357327315394264
2976 1.5500643899263602
2977 1.646744
2978 1.941176
2979 1.7788873297746248
2980 1.780764189071933
2981 0.9080290410400522
2982 0.8244532537056299
2983 0.766667
2984 1.337254
2985 3.09804
2986 1.737254
2987 1.3552737182080394
2989 1.352942
2988 1.462746
2990 1.337254
2991 1.784314
2992 1.305882
2996 1.20547
2994 0.735094751063237
2993 0.770588
2995 1.252762
2997 1.094118
2998 1.188236
2999 0.582353
3000 1.12549
3002 1.066442
3001 2.141176
3003 0.992156
3004 0.6979084288694624
3005 0.82745
3007 0.8248156185313141
3006 0.937254
3008 0.858824
3010 1.454902
3009 0.9232312951718356
3011 1.418284
3012 0.700881
3013 0.802671038782779
3014 1.258824
3015 1.164706
3016 1.188236
3017 0.8320376191783136
3018 0.7906796062835288
3019 1.494118
3020 0.633333
3021 1.290196
3022 0.7570676117868106
3024 0.7406389872697842
3023 0.7014681635250052
3025 0.77586
3026 0.9669620031064722
3028 1.464438
3027 0.84902
3029 1.480063216081058
3030 1.758924
3031 0.872549
3032 1.0878
3033 0.860878915964735
3034 1.336050727352799
3035 1.50196
3036 0.821569
3037 0.8929156098393414
3038 0.578431
3039 1.418962
3040 1.5728663448730396
3041 1.8765841308078888
3043 0.75098
3042 1.82353
3044 1.539471753307222
3045 0.804308245219791
3046 0.8023312406182846
3047 0.833333
3048 0.8850043057852647
3050 1.337254
3049 0.605882
3051 0.8464714468895039
3052 1.054902
3053 0.6319724715516714
3054 0.757698
3055 0.739216
3056 0.886267345459404
3057 1.9336256802717577
3058 0.947059
3059 0.931373
3060 1.28154
3061 0.911765
3062 1.4136632811597698
3063 1.94902
3064 0.970588
3065 1.737254
3066 0.804258000655092
3067 0.7827663599642198
3068 1.188304
3069 0.8056326481007461
3070 0.9761325911223728
3072 0.958494
3071 0.903922
3073 1.037884
3074 0.8762330305046716
3075 0.8343228230220272
3076 1.219608
3077 0.750599699098943
3078 1.6486821282848638
3079 0.7168586621726207
3080 0.7156214589684646
3081 0.9467
3082 0.921568
3083 0.890196
3084 0.8709064042981193
3085 0.87451
3086 0.906047988349975
3087 1.47922882216794
3089 1.8149127075891551
3088 0.717648
3090 0.929412
3091 0.8855446797017418
3092 0.9895369640969709
3094 3.235032
3093 0.8809040553286102
3095 2.50196
3096 1.494118
3097 0.9457239357939667
3098 0.727451
3099 0.8488809638722589
3100 0.7908103633473117
3101 0.523529
3102 1.50196
3103 0.476471
3104 0.727451
3105 1.481646
3106 1.4164283906225357
3107 1.316768
3109 1.186488
3108 0.618999
3110 0.7636046695399528
3111 0.7370931588927904
3112 1.6374574417320162
3113 0.433776
3114 0.7105336649933418
3115 0.950362
3116 0.77255
3117 0.866666
3118 0.394118
3119 0.7671915244632753
3121 1.65098
3120 1.2819016084543449
3123 1.509804
3124 1.317478
3122 1.235294
3125 0.652941
3126 0.484314
3127 0.5814491572014281
3128 0.7578026491656269
3129 1.094118
3130 1.054902
3131 0.8056986561582457
3132 1.256298
3133 0.7828395955287686
3134 0.6914754053828351
3135 1.1967
3136 0.921568
3137 0.633333
3138 0.547059
3139 0.7200374841361181
3140 0.7153258103212806
3141 0.7924448490180277
3142 0.382353
3143 1.639216
3144 0.7141033147006165
3145 1.45098
3146 0.72549
3147 0.7068363159724613
3148 0.8228302349972177
3149 0.6462222427442552
3150 0.229412
3151 0.472549
3152 0.6896339106133421
3153 0.748244
3154 1.25098
3155 0.66622
3156 1.180392
3157 1.047058
3158 0.807526
3159 0.6719194781448201
3160 0.471177
3161 0.72549
3162 0.717648
3164 0.764706
3163 0.717648
3165 0.6698806507460048
3166 1.4767238718649693
3167 1.0
3168 0.366667
3169 0.982353
3170 1.384314
3171 1.164706
3172 0.8589
3173 2.172036
3174 1.007844
3175 0.9676390148571491
3176 0.7323716001092928
3178 0.852941
3177 1.164706
3179 1.392156
3180 0.995482532673519
3182 0.9822737199018556
3181 0.921568
3183 0.8467161177712417
3184 3.239216
3185 0.884314
3186 0.764706
3187 0.601961
3188 1.37647
3189 0.8653012012643775
3190 0.8695343340515683
3191 0.679024551966465
3192 0.9507492825058922
3193 0.692209
3195 1.337254
3194 1.7878986368527396
3196 0.668627
3197 0.268962
3198 0.201961
3199 0.9358479941249243
3201 0.733580832391037
3202 1.792156
3200 0.594166
3203 1.007844
3204 0.884314
3205 1.682352
3206 1.315268
3208 0.768212568633338
3207 0.8647757675892692
3209 1.534762150354793
3210 1.456396
3211 0.776562526356681
3213 1.352942
3214 1.415686
3212 1.02353
3217 0.872553
3215 1.527718
3216 1.431372
3219 0.9605646068594206
3220 1.3436778722468325
3218 0.9273528105468458
3223 0.780392
3222 0.8872809661740622
3221 0.8778554524226354
3225 0.652941
3224 0.747059
3226 0.4996076691708443
3227 0.9008417426826787
3228 0.652941
3229 0.7610915873966131
3230 0.9025209477656755
3231 0.798039
3232 0.728368662621167
3233 0.8621069018211058
3234 0.672549
3235 1.02353
3236 0.9072216027367248
3237 0.668627
3238 1.486274
3239 1.407844
3240 0.9978018328859067
3241 0.8201656405999933
3242 0.6650058575326177
3244 0.7404784564214432
3243 0.8653708829448397
3245 0.5825847375941838
3246 0.6481770947635006
3247 0.8340807087930114
3248 0.796078
3249 0.9
3250 1.156862
3251 0.7598518671418062
3252 0.845098
3253 1.50227
3254 0.7677190510581624
3255 0.678432
3257 0.7395847901874105
3258 1.6400232528890626
3256 0.844142
3259 0.6203056758324146
3260 2.517648
3261 0.711765
3262 1.415686
3264 1.305882
3265 0.813725
3263 0.554902
3266 1.266666
3267 0.656863
3268 0.735294
3269 0.6387141223941067
3271 0.960784
3270 0.710052
3272 0.629412
3273 0.6817489689125033
3274 0.6018891123231475
3275 1.137988
3276 0.488235
3277 0.8710103392162256
3278 0.7133553614767449
3279 0.645098
3280 0.524051
3281 1.721568
3282 0.9971469316808053
3284 1.368628
3283 0.994118
3285 1.305882
3286 1.996078
3287 1.141176
3288 1.0875750289497426
3289 0.998039
3290 0.992156
3291 0.396078
3292 1.79331306491599
3293 1.37647
3294 0.8527236328538589
3295 1.567688
3296 0.998039
3297 0.990196
3298 1.27451
3299 1.619608
3300 1.97255
3301 0.982353
3302 0.982353
3303 0.978431
3304 0.978431
3305 1.047058
3306 1.603922
3307 0.970588
3308 1.941176
3309 0.440039
3310 0.9677599791063127
3311 1.964706
3312 0.867044
3313 1.628436
3314 1.431372
3315 0.8556876946309343
3316 1.219608
3317 1.42353
3318 0.762745
3320 0.519386
3319 1.486274
3321 0.8133106113339705
3322 1.359675582161809
3323 0.6777453341282623
3324 0.6165394846536041
3325 0.519608
3326 0.5646680553357699
3327 0.8870650993951382
3328 1.5378874571337786
3329 0.7300795825468082
3330 0.8506562466789367
3331 1.392156
3332 1.345098
3333 0.984314
3336 0.7142614020077379
3334 0.85098
3335 1.3755853023107585
3337 0.7371029483970583
3338 1.1248536381072896
3340 1.22745
3339 0.695249941312007
3341 0.6886288347388876
3342 0.398039
3343 1.211778
3344 0.6935572108566515
3345 1.721568
3346 0.5014289459945561
3347 1.22745
3348 1.62745
3349 1.974612602659727
3350 0.8742809043273211
3352 1.368628
3351 1.415686
3353 0.8039988515740509
3355 0.637255
3354 1.6549
3356 0.9971324777983033
3357 1.12648
3358 0.997018968793863
3359 0.75098
3360 0.89804
3361 0.8621105288008716
3362 1.776206
3363 1.329412
3364 1.196078
3366 1.057946
3365 0.994118
3367 0.9212622557573211
3368 1.944548
3369 0.960784
3370 1.039216
3371 1.9749404718417276
3372 0.9950090364478006
3373 0.9902916503156266
3374 0.8378137124421164
3375 0.5411336416564438
3376 1.658824
3377 1.27451
3378 0.7844220190874016
3379 1.42353
3380 0.970126
3381 1.086274
3382 0.781398
3383 0.866666
3384 0.7227481127076404
3385 0.6873667412855055
3386 0.8429725488028695
3387 0.592156
3388 1.4463576223990149
3389 0.7201877739792722
3390 0.858927217496336
3391 0.507843
3392 0.8546363910852339
3393 0.9992153383416886
3394 0.823212
3395 1.6738074906960694
3396 1.164706
3397 0.500496
3398 0.7748492492392525
3399 0.6342222425760796
3400 0.8096692820842144
3401 0.8666865473991724
3402 1.231126768936364
3403 0.7330865301856071
3404 0.612058910447569
3405 1.10196
3406 0.7636652675824753
3409 0.811861
3408 1.345098
3410 1.496056
3407 0.8178463547968764
3411 2.768628
3412 1.337254
3413 1.517648
3414 1.219608
3415 0.8094610454871726
3416 0.921568
3417 1.102924
3418 0.531373
3419 0.609804
3420 1.1466744074450417
3421 1.1059896359680181
3423 1.4680701744749924
3422 1.082786
3424 0.82871
3425 1.4
3426 0.692157
3428 1.102748
3427 1.5082097268392942
3429 2.533332
3430 0.790196
3431 1.54902
3432 0.497792
3433 0.6203879423392871
3435 0.62549
3434 1.219608
3436 0.62549
3437 0.847452
3438 0.497455
3439 1.22745
3440 1.337254
3441 1.8
3442 0.876471
3443 1.564706
3444 1.693938
3445 1.0185771233717518
3446 1.0570991351461407
3447 0.77451
3448 1.258824
3449 1.478432
3450 1.196078
3451 0.839248162262116
3452 0.707279
3453 0.8112776540131574
3454 0.8099882282156382
3456 1.062746
3455 0.815574
3457 0.910368
3458 1.3969830165766817
3459 1.070588
3460 0.8835379355323387
3461 1.658824
3462 0.8741819033199442
3463 1.156862
3464 1.407844
3465 1.815251242817001
3466 1.4927825271881099
3467 0.47116703967349044
3468 1.466714
3469 1.352942
3470 0.9068264281458469
3471 0.492157
3472 0.8519122552759554
3473 0.7988797489192768
3474 1.643138
3475 1.564706
3476 0.7830288008929104
3477 1.243138
3478 0.676471
3479 0.66506
3480 0.645098
3481 0.8629148233556682
3482 0.598039
3483 1.4457042344104092
3484 0.780118
3485 1.086274
3486 1.050376
3487 0.8051486727910833
3489 0.962745
3488 0.5915559979503937
3491 1.8724430741321234
3490 0.852941
3492 1.807844
3494 1.486274
3493 1.450174
3495 1.7925552165925989
3497 0.856863
3496 1.407844
3498 1.5697
3499 0.8653277393602421
3501 0.848648245597189
3500 1.619608
3502 1.6544926782744005
3503 0.9917094258920118
3504 0.8198767042149806
3505 0.946850365832089
3506 0.35098
3507 0.9055558585835056
3508 0.9441583574241657
3509 0.9218075303385241
3512 0.8656539079008919
3510 0.7316010623066844
3511 0.8668841386626301
3513 1.047058
3514 0.7208384007529011
3518 1.3465834073840819
3516 1.337254
3515 0.7283166133339538
3517 0.629412
3519 0.7011963690779907
3520 0.82745
3521 1.141176
3522 1.439216
3524 1.156862
3523 0.8223116733250679
3525 0.547059
3526 0.6808766778248894
3527 1.3333508009611261
3528 0.917362
3529 0.929412
3530 0.890484
3532 0.6982352295112872
3531 1.3691197266553468
3533 0.7921402176568481
3534 0.6692729492576697
3535 0.7503332905961954
3536 0.7342498398637382
3537 1.29804
3538 1.90196
3539 0.986275
3540 1.211764
3541 0.9860982501596842
3542 0.539216
3543 0.978431
3544 1.956862
3545 2.329412
3546 1.13653
3547 0.6611858076730546
3548 0.970588
3549 0.939924
3550 1.039216
3552 1.10196
3553 1.321568
3551 1.963908
3554 1.2475627121965407
3555 0.943137
3556 0.7354694785682571
3557 0.9119510861652373
3558 0.903922
3559 0.8131083695547046
3560 0.539216
3561 0.8327691878054837
3562 1.282352
3563 1.243138
3564 1.3487366529357068
3565 1.188236
3566 0.828779867424465
3567 1.25098
3568 1.7509724484894609
3569 0.999376187516459
3570 1.384314
3571 1.9437024145843194
3572 1.8981115531224493
3573 0.747059
3574 0.641176
3575 0.833333
3576 0.668627
3577 1.7274754991896537
3578 0.8668593528450166
3580 0.778431
3579 0.8849050036305807
3581 0.762745
3582 0.909933415759371
3583 0.49943698119095
3584 1.400418
3585 0.713271
3586 1.360784
3587 1.1895677577019999
3588 1.368628
3589 0.8033892591172556
3590 0.652941
3591 0.952942
3592 1.4019711530260084
3593 1.062746
3594 0.7591329107549603
3595 1.180392
3596 1.137888
3597 0.929412
3598 1.007844
3599 0.7867806816993557
3600 0.6949234870696924
3601 0.605959
3602 0.7264289634332779
3603 1.5743911780027178
3604 0.6976415501231173
3605 0.460784
3606 1.465964
3607 0.9910152208397232
3608 0.7075817070829284
3609 0.7235840992144302
3610 0.7150793816946796
3611 0.435294
3612 1.266666
3613 0.6982972938454569
3614 1.196078
3615 0.528814
3616 0.7623773076445336
3617 0.652941
3618 0.660784
3619 0.9523119269865046
3620 1.219608
3621 0.9295545747060968
3622 0.813725
3623 0.6943376341167333
3624 1.2178310485738197
3625 0.719608
3626 0.692157
3627 1.6792747844759124
3628 0.629412
3629 1.3937261088977613
3630 1.6428252735768643
3631 1.29804
3632 0.7181617133041843
3633 0.813725
3634 0.354902
3635 0.7872932295197854
3636 1.164706
3637 1.40484
3638 0.7771293164027784
3639 0.668627
3640 0.7678453377490542
3642 1.094118
3641 0.847538
3643 1.5158015272033316
3644 1.251071956343218
3645 0.819608
3646 0.7390799382445561
3647 2.219608
3648 0.7744357019709046
3649 0.8874279318636747
3650 1.8338611456405856
3651 0.8877565567788877
3652 0.7774921099274853
3653 0.8832354402302495
3654 0.8236094037463942
3655 1.356474
3656 1.4876152134061427
3657 0.7130605166026365
3658 1.007844
3659 0.609804
3660 1.5005866743550462
3661 1.57255
3662 1.874508
3663 0.9339761489885391
3664 0.6971770273145712
3665 1.368628
3666 0.743137
3667 1.081418
3668 0.813358829634759
3669 1.2828860780671814
3670 0.617647
3672 1.078432
3671 0.905882
3673 1.094118
3674 1.062746
3675 1.421927272362392
3676 0.664902
3677 0.960784
3678 0.788236
3679 1.12549
3680 0.456245
3681 1.465684
3682 1.385246
3683 0.8607958686582264
3684 1.462746
3685 0.7559352178232728
3686 1.039216
3687 1.94304
3688 0.7088533419555365
3690 0.55098
3689 0.7412461763261021
3691 0.7991207919971132
3693 1.356864
3692 0.6868096696542214
3694 0.7864164452602904
3695 1.345098
3696 1.3814204617361676
3697 0.73612
3698 1.65098
3699 0.676471
3700 1.25098
3701 1.188236
3702 1.086274
3703 1.039216
3704 1.996444
3705 0.678955
3706 1.1434146648905876
3707 0.850712664620936
3708 0.7336193544639362
3709 0.7294466691506745
3710 0.8153722393792953
3711 0.568342
3712 0.57451
3713 0.837255
3714 1.216596
3715 0.8277846222625092
3716 1.2298050506683254
3717 0.731373
3718 0.97647
3719 1.007844
3720 0.8096583084112048
3721 0.897348
3722 0.7435