1 0.82549
2 0.813725
3 0.839411
4 0.819754
5 0.718936
6 0.664706
7 0.65217
8 0.720511
9 0.5441175
10 0.860892
11 0.586275
12 0.562745
13 0.5244272120315737
14 0.753876
15 0.77695
16 0.518394
17 0.755118
18 0.833333
19 0.692157
20 0.77451
21 0.645917
22 0.9029415
23 0.9436800000000001
24 0.641176
25 0.641176
26 0.578431
27 0.5474337161344398
29 0.779412
28 0.609804
30 0.8029410000000001
31 0.668627
32 0.496078
33 0.668627
34 0.608944
35 0.870588
36 0.823529
37 0.507843
38 0.769521
40 0.52647
39 0.7062029999999999
41 0.6957070000000001
44 0.581068
42 0.308656
43 0.808704
45 0.8039210000000001
46 0.623529
47 0.8313729999999999
49 0.919608
48 0.3293505
50 0.856863
51 0.837255
52 0.844761
53 0.856863
54 0.674248
55 0.682115
56 0.813725
57 0.9323535000000001
58 0.766667
59 0.727451
60 0.75446
61 0.672549
62 0.8163739999999999
63 0.801961
64 0.962613
65 0.735294
66 0.693281
67 0.676471
68 0.5904866824206921
70 0.908456
69 0.605882
71 0.6499995000000001
72 0.94261
73 0.738465
74 0.7764709999999999
75 0.741177
76 0.670374
77 0.731325
78 0.592157
79 0.854902
80 0.5533380000000001
81 0.898545
82 0.880392
83 0.862899
84 0.841176
85 0.829412
87 0.77451
86 0.79064
88 0.9676469999999999
89 0.747059
90 0.726353
91 0.707843
92 0.696078
93 0.808824
95 0.809804
94 0.660784
96 0.657442
97 0.911765
98 0.978431
99 0.927451
100 0.919608
102 0.954902
101 0.9264705
103 0.7069385365037868
104 0.686547
105 0.927451
106 0.7932076045928784
107 0.743137
108 0.837255
109 0.878432
110 0.812254
111 0.833333
112 0.804811
113 0.7484904964266618
114 0.845098
115 0.789707
116 0.9457545
117 0.9112905
118 0.8500005
119 0.57451
120 0.629412
121 0.804951
122 0.779412
123 0.665213
124 0.680392
125 0.776471
126 0.823529
127 0.778431
128 0.627113
129 0.805882
130 0.75
131 0.7222497080441006
132 0.8643930000000001
133 0.874509
134 0.8792264999999999
135 0.6852945
136 0.885294
137 0.7735289999999999
139 0.488235
138 0.7382355
140 0.497023245218742
141 0.8684879999999999
142 0.911165
143 0.827451
144 0.7107380000000001
145 0.7
146 0.660784
147 0.9264705
148 0.7336965
149 0.527451
150 0.886275
151 0.73463
152 0.398039
153 0.707843
154 0.684314
155 0.672549
156 0.564706
157 0.523505
158 0.8361660000000001
159 0.6264704999999999
160 0.317647
161 0.7
162 0.9264705
163 0.605882
164 0.823529
165 0.8918619999999999
167 0.453998
166 0.401961
168 0.77647
169 0.5500005
170 0.654713
171 0.452941
172 0.699307
173 0.647059
174 0.6
175 0.854902
177 0.762745
176 0.6509799999999999
178 0.778431
180 0.723529
179 0.75098
181 0.7
182 0.656863
183 0.84896
184 0.832353
185 0.578431
186 0.779412
187 0.617647
188 0.519608
189 0.6323535
190 0.755883
191 0.727451
192 0.468627
194 0.764425
193 0.997059
195 0.654663
196 0.944118
197 0.885294
198 0.5847672860871089
199 0.9098040000000001
200 0.8617649999999999
201 0.720588
202 0.8970585
203 0.8441175000000001
204 0.7617645000000001
205 0.8147055
206 0.832353
207 0.9382349999999999
208 0.7894155
209 0.778431
210 0.685957
211 0.8794124999999999
212 0.629412
213 0.997059
214 0.739738
215 0.933554
216 0.744117
217 0.779412
218 0.507843
220 0.652941
219 0.675177
221 0.9558825
222 0.527451
223 0.762745
224 0.854902
225 0.885294
226 0.634452
228 0.6205875000000001
227 0.7029405
229 0.784314
230 0.417647
231 0.733333
232 0.362745
234 0.324347
233 0.564853
235 0.462745
236 0.41960800000000004
237 0.361764
238 0.372549
239 0.687828
240 0.321568
241 0.919608
242 0.743137
243 0.9
244 0.907843
245 0.9911760000000001
246 0.633333
247 0.641176
248 0.860784
249 0.8500005
250 0.8911770000000001
251 0.833333
252 0.805882
253 0.752538
254 0.637255
255 0.880392
256 0.794118
257 0.731373
258 0.9382349999999999
259 0.997059
260 0.609804
261 0.9029415
262 0.8215
263 0.934499
264 0.8627450000000001
265 0.879783
266 0.6264704999999999
267 0.835294
268 0.72549
270 0.647059
269 0.752941
271 0.57451
272 0.34465317996629774
273 0.590196
274 0.8029410000000001
275 0.8130999999999999
276 0.694118
277 0.752941
278 0.690794
279 0.643475
280 0.532353
281 0.486274
282 0.440272
284 0.345098
283 0.5058819999999999
286 0.28795099999999996
285 0.238236
287 0.6980390000000001
288 0.251926
289 0.747059
291 0.9323535000000001
290 0.755883
292 0.606552
293 0.575492
294 0.890196
295 0.85098
296 0.7323525
297 0.697059
298 0.913725
299 0.847059
300 0.614706
301 0.386275
302 0.378431
303 0.7911765
305 0.680392
304 0.696078
306 0.5650505167153062
309 0.8917660000000001
307 0.7183725
308 0.823044
310 0.819608
311 0.792157
312 0.69187
313 0.690196
314 0.515183
315 0.47352900000000003
316 0.588236
317 0.647059
318 0.3205875
319 0.5859270000000001
320 0.443137
321 0.684314
322 0.645098
323 0.8794124999999999
324 0.688235
325 0.723529
326 0.756297
327 0.548037
328 0.6941115
329 0.611265
330 0.535294
331 0.5382235667062174
332 0.691501
333 0.543137
334 0.484314
335 0.922153
336 0.885294
337 0.70377
338 0.703922
339 0.652941
340 0.5719736431719525
341 0.578431
342 0.7676475
343 0.878431
344 0.937255
345 0.729412
346 0.764705
347 0.597863
348 0.713726
349 0.697059
350 0.545699
351 0.917647
352 0.635609
353 0.669899
354 0.9029415
355 0.8705890000000001
356 0.707843
357 0.562745
358 0.894264
359 0.9452560000000001
360 0.713792
361 0.544938
362 0.627451
363 0.4820175
364 0.9433929999999999
365 0.69333
366 0.888776
367 0.52647
368 0.57451
369 0.892157
370 0.7587692622475836
371 0.785499
372 0.82647
373 0.7894779060808987
374 0.696078
375 0.838236
376 0.6246048899225348
377 0.8784320000000001
378 0.629412
379 0.932655
380 0.598126
381 0.8735295000000001
382 0.656863
383 0.723847
384 0.832353
385 0.778431
386 0.758824
388 0.704985
387 0.676471
389 0.682029
390 0.680392
391 0.660784
392 0.9205874999999999
393 0.586275
394 0.645098
395 0.570588
396 0.540369
397 0.4572649476715957
398 0.539216
399 0.519608
400 0.501805
401 0.7558819999999999
402 0.829412
403 0.809804
404 0.801961
405 0.758824
406 0.735063
407 0.692157
408 0.778431
409 0.7147064999999999
410 0.645098
411 0.909277
412 0.707843
413 0.662745
414 0.566667
415 0.568076
416 0.7725489999999999
417 0.813406
418 0.790196
419 0.743137
420 0.705187
421 0.747059
422 0.6601035369890215
423 0.8970585
424 0.623463330671963
425 0.587287
426 0.633333
427 0.7970595
428 0.601961
429 0.7617645000000001
430 0.9424870000000001
431 0.9800805000000001
432 0.922195
433 0.519608
434 0.512406
435 0.75
436 0.470047
437 0.782353
438 0.754902
439 0.727451
440 0.339216
441 0.670588
442 0.572549
443 0.613726
444 0.609818
445 0.8705879999999999
446 0.648429
447 0.8039620000000001
448 0.209804
449 0.907843
450 0.9176469999999999
451 0.9447789999999999
452 0.7617645000000001
453 0.905882
454 0.829412
455 0.77647
456 0.778431
457 0.5500005
458 0.52647
459 0.660328
460 0.756862
461 0.664706
462 0.692157
463 0.667647
464 0.690352
465 0.884314
466 0.864706
467 0.84902
468 0.864706
469 0.892157
470 0.941177
471 0.831214
472 0.95098
473 0.803611
474 0.7833340000000002
475 0.747059
476 0.778431
477 0.727451
478 0.95098
479 0.884314
480 0.9029415
481 0.8533310482824147
482 0.970588
483 0.998039
484 0.7395586884730941
485 0.944517
486 0.994118
487 0.994118
488 0.994118
489 0.994118
491 0.7990200000000001
490 0.994118
492 0.990196
493 0.990196
494 0.94485
495 1.002942
496 0.786275
497 0.809804
498 0.794118
499 0.652941
500 0.735294
501 0.9323535000000001
502 0.770588
503 0.621016429920107
504 0.62021
505 0.914706
506 0.707843
507 0.933512
508 0.6499995000000001
509 0.664706
510 0.629412
511 0.703922
513 0.84902
512 0.543137
514 0.7000606294101075
515 0.672549
516 0.716809
517 0.6800160000000001
519 0.645098
518 0.707843
520 0.749617
521 0.943966
522 0.566667
523 0.901961
524 0.598039
525 0.890196
526 0.8500005
527 0.660784
528 0.554902
529 0.997059
530 0.868627
532 0.745197
533 0.719608
531 0.884314
534 0.940288
535 0.656863
538 0.601961
536 0.645098
539 0.6558825
537 0.892911
540 0.739216
541 0.9948089999999999
543 0.711765
542 0.547059
544 0.527451
546 0.841183
545 0.872549
547 0.764706
549 0.803922
548 0.527451
550 0.754902
551 0.735294
552 0.370588
553 0.684314
554 0.319608
558 0.7787189999999999
556 0.280392
555 0.262745
557 0.635294
559 0.686274
560 0.582353
561 0.913473
562 0.8649941132046836
563 0.927451
564 0.923529
565 0.903922
566 0.884314
567 0.876471
568 0.880392
569 0.9794115
570 0.821569
573 0.804611
574 0.845098
572 0.736275
571 0.7245032461118844
575 0.892157
576 0.809804
577 0.6852959999999999
578 0.856863
579 0.8509800000000001
580 0.813727
581 0.6421600000000001
582 0.858823
584 0.881648
583 0.614857
585 0.707843
586 0.890196
587 0.672549
588 0.9852945
589 0.718018
590 0.613731
591 0.578431
592 0.898039
593 0.817647
594 0.7222502065780323
595 0.758824
596 0.961764
597 0.707843
598 0.8526719999999999
599 0.64902
600 0.601961
602 0.855882
601 0.9029415
603 0.82647
604 0.535294
605 0.933333
606 0.614706
607 0.878431
608 0.92549
609 0.711765
610 0.997059
611 0.896078
612 0.5868212864713667
613 0.838236
614 0.945098
615 0.47919789562179893
616 0.6559665
617 0.588325
618 0.854902
619 0.917647
620 0.735294
621 0.674593
622 0.890196
623 0.84902
624 0.684314
626 0.758824
625 0.786275
628 0.677649
627 0.725983
629 0.67353
630 0.4578000246958836
631 0.5147055
632 0.8627450000000001
633 0.670588
634 0.772549
635 0.732206
636 0.332066
637 0.535294
638 0.519608
639 0.944118
640 0.653961
641 0.892157
642 0.854266501466426
643 0.809804
644 0.947059
645 0.786275
646 0.931373
647 0.982353
648 0.912012
649 0.978431
650 0.903922
651 0.8852940000000002
652 0.97451
653 0.878529
654 0.880392
655 0.935294
656 0.935294
657 0.727451
658 0.605882
659 0.578431
660 0.644118
661 0.914706
662 0.7323525
663 0.875895
664 0.496078
665 0.729412
666 0.7764709999999999
667 0.395264
668 0.5382359999999999
669 0.694118
670 0.7153419999999999
671 0.511765
672 0.645964
673 0.735294
674 0.829412
675 0.6293970952532194
676 0.809804
677 0.801961
678 0.758824
679 0.6378903376261212
680 0.713908
682 0.558824
681 0.527451
683 0.840407
684 0.680392
685 0.65505
686 0.535294
687 0.758824
688 0.886313
689 0.95098
690 0.852941
691 0.833333
692 0.790196
693 0.723529
695 0.696078
694 0.762745
696 0.6424878242582817
697 0.715686
698 0.644118
699 0.837255
700 0.676471
701 0.723188
702 0.590196
703 0.884415
704 0.8617649999999999
705 0.754902
706 0.590196
708 0.8794124999999999
707 0.617647
709 0.794118
710 0.744169
711 0.719608
712 0.707843
713 0.688235
714 0.684314
715 0.773571
716 0.7528064999999999
717 0.97353
718 0.808824
719 0.633333
720 0.598039
721 0.9558825
722 0.88527
723 0.689359
724 0.652941
725 0.6970215
726 0.554902
727 0.533113
728 0.777747
729 0.760785
730 0.505882
731 0.6794115
732 0.823529
733 0.5882350000000001
734 0.5441175
735 0.594118
736 0.52647
737 0.919608
738 0.894335
739 0.884645
740 0.68433
741 0.680334
742 0.831318
743 0.868627
745 0.481978
744 0.856863
747 0.747059
746 0.821569
748 0.825326
749 0.743961
750 0.734329
751 0.876471
752 0.6029419999999999
753 0.9676469999999999
754 0.943137
755 0.958824
756 0.997059
757 0.884314
758 0.909988
759 0.845098
760 0.970588
761 0.872549
762 0.966667
763 0.911765
764 0.958824
765 0.8147055
766 0.873176
767 0.943137
768 0.869154
769 0.711765
770 0.829412
771 0.684314
772 0.711765
773 0.82647
775 0.75098
776 0.605882
774 0.758824
777 0.707843
778 0.598039
779 0.82647
780 0.480392
781 0.585294
782 0.5205885
783 0.621569
784 0.488235
785 0.813725
786 0.798991
787 0.770588
788 0.633333
789 0.598039
791 0.648921
790 0.547059
792 0.643895
793 0.680392
794 0.633333
795 0.672549
796 0.600233
797 0.641176
798 0.885294
799 0.697023
800 0.8424404999999999
801 0.7
802 0.794118
803 0.82549
804 0.9029415
805 0.553683
806 0.757575
807 0.735294
808 0.722913
809 0.703922
810 0.503922
811 0.64902
812 0.629412
813 0.671564
814 0.676471
815 0.586275
816 0.844233
817 0.770588
818 0.8983755
819 0.696079
820 0.664706
821 0.476471
822 0.8441175000000001
823 0.933333
825 0.5441175
824 0.4602336151058289
826 0.5183
827 0.741177
828 0.269119
829 0.65098
830 0.596078
831 0.9852945
832 0.7911765
833 0.786275
834 0.754902
835 0.9558825
836 0.696078
837 0.65483
838 0.601961
840 0.531373
839 0.578431
841 0.890196
842 0.662367
843 0.9246949999999999
844 0.492157
845 0.780392
846 0.7137260000000001
847 0.621569
849 0.5647260000000001
848 0.675271
850 0.856863
851 0.829416
852 0.833333
853 0.727451
854 0.778431
855 0.739216
856 0.668627
857 0.4068630000000002
858 0.684314
859 0.922892
860 0.48235300000000003
861 0.605882
862 0.431372
863 0.640864
864 0.605882
865 0.7931817112170196
867 0.703922
866 0.9920054999999999
868 0.661072
869 0.655174
870 0.605882
871 0.839216
872 0.779412
873 0.914706
874 0.8500005
875 0.644118
876 0.7050645
877 0.933334
878 0.628844
879 0.7382355
881 0.84902
880 0.835385
882 0.821569
883 0.696078
884 0.5463679275929699
885 0.739216
886 0.9215690000000001
887 0.8735295000000001
888 0.8117650000000001
889 0.586594
891 0.614706
890 0.627451
892 0.818655
893 0.8029410000000001
894 0.67564
895 0.8500005
896 0.7323525
897 0.837255
898 0.809804
899 0.782353
900 0.680392
901 0.692157
902 0.731373
903 0.555799
904 0.63996
905 0.637255
906 0.9264705
907 0.8196669999999999
908 0.581133
909 0.9021170000000001
910 0.60599
911 0.630517
912 0.4945778309269184
913 0.82549
914 0.75098
915 0.693134
916 0.660784
917 0.622757
919 0.633333
918 0.562745
920 0.554902
921 0.654548
922 0.456863
923 0.905138
924 0.4280773713628347
925 0.792157
926 0.8078430000000001
927 0.594118
928 0.605882
929 0.888235
930 0.990196
931 0.860217
932 0.82549
933 0.9382349999999999
934 0.802631
935 0.773608
936 0.978431
937 0.845098
938 0.742113
939 0.808824
940 0.982353
941 0.966667
942 0.691176
943 0.982353
944 0.637255
945 0.715686
946 0.696078
947 0.739216
948 0.640922
949 0.713174
950 0.82647
951 0.9029415
952 0.9205874999999999
953 0.8125760000000001
954 0.525239125623682
955 0.9264705
956 0.7382355
957 0.543137
958 0.935224
959 0.925304
960 0.539216
961 0.833333
962 0.9794115
963 0.77451
964 0.9748874999999999
965 0.813725
966 0.684314
967 0.684359
968 0.598039
969 0.5761161559491986
970 0.878432
971 0.621569
972 0.8676465
973 0.605882
974 0.605882
975 0.591308
976 0.566667
977 0.886479
978 0.688235
979 0.794118
980 0.631096
982 0.9029415
981 0.885294
983 0.703922
984 0.9341900000000001
985 0.7617645000000001
986 0.788365
987 0.631219
988 0.865233
989 0.899907
990 0.582353
991 0.858823
992 0.578423
993 0.837255
994 0.809804
995 0.6390517773882656
996 0.84902
997 0.723529
998 0.688235
999 0.9852945
1000 0.882207
1001 0.5425978743114386
1002 0.948464
1003 0.696078
1004 0.8676465
1005 0.672549
1006 0.846211
1007 0.515686
1008 0.711317
1009 0.696078
1010 0.97353
1011 0.860784
1012 0.831569
1013 0.75
1014 0.841176
1015 0.759525
1016 0.82549
1017 0.9382349999999999
1018 0.908823
1019 0.913726
1020 0.8676465
1021 0.667481
1022 0.94639
1023 0.852941
1024 0.53554
1025 0.911765
1026 0.891458
1027 0.886877
1028 0.656863
1029 0.84902
1030 0.7794110000000001
1031 0.801961
1032 0.813878
1033 0.914706
1034 0.82549
1035 0.747059
1036 0.790196
1037 0.527451
1038 0.8617649999999999
1039 0.852124
1040 0.621569
1041 0.798039
1043 0.6372696044350664
1042 0.719608
1044 0.669709
1045 0.7
1046 0.656863
1047 0.617527
1048 0.855882
1049 0.5802897499160711
1050 0.55098
1051 0.718886
1052 0.5506547357753908
1053 0.547059
1054 0.7676475
1055 0.64902
1056 0.594118
1057 0.915686
1058 0.896078
1060 0.758824
1059 0.864706
1061 0.845098
1062 0.917647
1063 0.745099
1064 0.770588
1065 0.786275
1066 0.713726
1067 0.715686
1068 0.908312
1069 0.849302
1070 0.933334
1071 0.711765
1072 0.672642
1073 0.9179740000000001
1074 0.8586778781824516
1075 0.7960060733879494
1076 0.915686
1077 0.747059
1078 0.860784
1079 0.676471
1080 0.535294
1081 0.82549
1082 0.621569
1083 0.82549
1084 0.778431
1085 0.786275
1086 0.909078
1087 0.723529
1088 0.758824
1089 0.743137
1090 0.997059
1091 0.739216
1092 0.737503
1093 0.692157
1094 0.539216
1095 0.584275
1096 0.523328
1097 0.8079255000000001
1098 0.7680674999999999
1099 0.8782019999999999
1100 0.644118
1101 0.670723
1102 0.6264704999999999
1104 0.421569
1103 0.9852945
1105 0.8012337091466193
1106 0.821569
1107 0.798039
1109 0.758824
1108 0.856863
1110 0.813725
1111 0.779412
1112 0.782353
1113 0.7147064999999999
1114 0.8096110000000001
1115 0.8970585
1116 0.719608
1117 0.598039
1118 0.9294120000000001
1119 0.731373
1120 0.898039
1121 0.931373
1122 0.919608
1124 0.884314
1123 0.8186280000000001
1125 0.879479
1126 0.805882
1127 0.839588
1128 0.837255
1129 0.829412
1130 0.808228
1131 0.6892415756697491
1132 0.727451
1133 0.577636
1134 0.703922
1135 0.872549
1136 0.997059
1140 0.919466
1139 0.737127
1138 0.633333
1141 0.9499995000000001
1137 0.697059
1142 0.9423729999999999
1143 0.660784
1144 0.945681
1145 0.7676475
1146 0.543137
1147 0.45176408820682074
1148 0.716491
1149 0.578431
1151 0.914706
1152 0.6059
1150 0.8627450000000001
1153 0.562745
1154 0.82647
1156 0.681246
1155 0.75
1157 0.788235
1158 0.347059
1159 0.847059
1160 0.7924530000000001
1161 0.7735289999999999
1162 0.492157
1163 0.658823
1164 0.327451
1165 0.352941
1166 0.409804
1167 0.755217
1168 0.394118
1170 0.837255
1169 0.860784
1171 0.914706
1172 0.769057
1174 0.770588
1173 0.711765
1175 0.784313
1176 0.715686
1177 0.7849320000000001
1178 0.680392
1180 0.940839
1179 0.8927229999999999
1181 0.690196
1183 0.778431
1182 0.645098
1184 0.672549
1185 0.911765
1186 0.896078
1187 0.880392
1188 0.876471
1189 0.817647
1190 0.833333
1191 0.6902900133556729
1192 0.9677775
1193 0.77451
1194 0.6774447042737646
1195 0.747059
1196 0.731373
1197 0.8029410000000001
1198 0.613725
1199 0.827865
1201 0.903922
1200 0.914706
1202 0.958824
1203 0.864706
1204 0.864706
1205 0.994118
1206 0.994118
1207 0.994118
1208 0.915686
1209 0.878746
1210 0.9
1211 0.8441175000000001
1212 0.817647
1213 0.9205890000000001
1214 0.986275
1216 0.8330085
1217 0.713065
1215 0.935294
1218 0.6983470243772332
1219 0.876471
1220 0.9094545
1221 0.578431
1222 0.715686
1223 0.723529
1224 0.692157
1225 0.82647
1226 0.641176
1227 0.7465875
1228 0.7754099999999999
1229 0.7
1230 0.680392
1231 0.9038115
1232 0.672549
1233 0.84902
1234 0.930129
1235 0.6313227622148023
1237 0.590196
1236 0.9911760000000001
1238 0.7999179999999999
1239 0.668627
1240 0.8713299999999999
1242 0.472549
1243 0.8862749999999999
1244 0.729412
1245 0.8784319999999999
1241 0.929412
1246 0.401961
1247 0.5548735302554509
1249 0.885807
1248 0.515686
1251 0.723529
1250 0.75098
1252 0.876471
1253 0.84902
1255 0.8970585
1256 0.5979685614334103
1254 0.813725
1258 0.6119067177668039
1257 0.676471
1259 0.747059
1260 0.6825015
1261 0.755883
1264 0.944118
1262 0.8199529999999999
1263 0.731373
1266 0.944931
1265 0.954832
1268 0.762745
1267 0.934413
1269 0.84902
1270 0.82549
1271 0.97451
1272 0.919608
1273 0.911765
1274 0.69808
1275 0.896078
1276 0.892157
1277 0.958824
1278 0.880392
1279 0.978431
1280 0.954902
1281 0.888235
1282 0.758824
1283 0.727451
1284 0.692157
1285 0.562745
1286 0.652941
1287 0.9558825
1288 0.547059
1289 0.7911765
1290 0.941176
1291 0.868967
1293 0.468163
1294 0.823529
1292 0.668627
1295 0.672549
1296 0.929412
1297 0.9911760000000001
1298 0.747059
1299 0.652941
1300 0.703922
1301 0.8325735000000001
1302 0.6130688458199248
1303 0.728904
1304 0.6794115
1305 0.62549
1306 0.598039
1308 0.803446
1307 0.745128
1309 0.925119
1310 0.638863
1311 0.542602116193543
1312 0.874509
1313 0.798039
1315 0.908823
1316 0.5642998129734527
1314 0.837255
1317 0.684314
1318 0.6852945
1319 0.5099450897920055
1320 0.7
1321 0.917149
1322 0.394118
1323 0.75
1324 0.7147064999999999
1325 0.788235
1327 0.762745
1326 0.854902
1328 0.685381
1329 0.837255
1330 0.805882
1331 0.786275
1332 0.573839
1333 0.82647
1334 0.683392
1335 0.660424
1337 0.652941
1336 0.558824
1338 0.6982065000000001
1340 0.788646
1339 0.615035
1342 0.843969
1341 0.839215
1343 0.641176
1344 0.745754
1345 0.7833330000000001
1346 0.829412
1347 0.794173
1348 0.782353
1349 0.836874
1350 0.707843
1351 0.680392
1352 0.777681
1353 0.652941
1354 0.621569
1355 0.613725
1356 0.8703855
1357 0.586275
1358 0.64902
1359 0.727521
1360 0.687841
1361 0.8792783794229475
1362 0.884314
1363 0.7833330000000001
1364 0.9911760000000001
1365 0.837255
1366 0.803003
1367 0.7271521367040737
1368 0.758824
1369 0.941176
1370 0.6964335519040485
1371 0.711765
1372 0.717939
1373 0.70043
1374 0.691328
1375 0.817647
1376 0.671634
1377 0.903922
1378 0.75098
1379 0.845098
1380 0.666600468924787
1381 0.6210945984186441
1382 0.7009635
1383 0.762745
1384 0.94902
1385 0.864117
1386 0.590196
1387 0.57451
1388 0.676471
1389 0.913726
1390 0.645098
1391 0.7
1392 0.78701
1393 0.7
1394 0.6794115
1395 0.605533
1396 0.8441175000000001
1397 0.9098040000000001
1398 0.6205875000000001
1399 0.734405
1400 0.394118
1401 0.3794115
1402 0.8205884999999999
1403 0.607484
1404 0.631008
1405 0.5607850000000001
1406 0.623529
1407 0.8313729999999999
1408 0.3794115
1409 0.609804
1410 0.880392
1411 0.860784
1412 0.845098
1413 0.829412
1414 0.9419230000000001
1415 0.77451
1416 0.77451
1417 0.758824
1418 0.664706
1419 0.5349748979784047
1420 0.696078
1421 0.570588
1422 0.9270849999999999
1423 0.562745
1424 0.929076
1425 0.766667
1427 0.696078
1426 0.734434
1428 0.7617645000000001
1429 0.7025805
1430 0.535294
1431 0.5119437023532522
1432 0.7735289999999999
1433 0.495755
1434 0.729584
1435 0.8470580000000001
1436 0.464706
1437 0.562745
1438 0.588235
1439 0.9264705
1440 0.7911765
1441 0.816818
1442 0.508824
1443 0.638235
1444 0.749019
1445 0.67353
1446 0.42058799999999996
1447 0.7215689999999999
1448 0.242689
1449 0.609804
1450 0.287045
1451 0.641115
1452 0.9490460000000001
1453 0.235294
1454 0.533358
1455 0.910517
1456 0.562745
1457 0.907843
1458 0.888235
1459 0.997059
1460 0.852941
1461 0.797112
1462 0.8970585
1463 0.761354
1464 0.754902
1465 0.762745
1466 0.885294
1467 0.719608
1468 0.7852935000000001
1469 0.723529
1470 0.707843
1471 0.637255
1472 0.676471
1473 0.688235
1474 0.676471
1475 0.698361
1477 0.644118
1476 0.605882
1478 0.527497
1479 0.9058820000000001
1480 0.7088235
1481 0.8627450000000001
1482 0.7975380000000001
1483 0.417647
1484 0.760784
1485 0.390196
1486 0.6934899999999999
1487 0.5235768732853257
1488 0.6608940000000001
1490 0.9250484999999999
1489 0.688235
1491 0.9450989999999999
1492 0.609804
1493 0.503922
1494 0.840024
1496 0.74902
1495 0.8274509999999999
1497 0.7176469999999999
1498 0.319608
1499 0.43235250000000003
1500 0.58597
1501 0.5450980000000001
1502 0.503198
1503 0.6794115
1504 0.460002
1505 0.798039
1506 0.945098
1507 0.9404865
1508 0.670922
1509 0.577953
1510 0.547059
1512 0.746167
1511 0.838236
1514 0.6941175
1513 0.779412
1515 0.464706
1516 0.646031
1517 0.468627
1518 0.824303
1519 0.555121
1520 0.858824
1521 0.676471
1522 0.622934
1523 0.9676469999999999
1524 0.7
1525 0.519608
1526 0.498617
1527 0.77609
1528 0.857027
1529 0.4018187431125828
1531 0.655278
1530 0.725491
1532 0.647059
1533 0.637255
1534 0.3499995
1535 0.8696820000000001
1536 0.588235
1537 0.699969
1538 0.986275
1539 0.990196
1540 0.978431
1541 1.0107840000000001
1542 0.978431
1543 0.97451
1544 0.97451
1545 0.97451
1546 0.7
1547 0.841176
1548 0.926779
1549 0.966667
1550 0.966667
1551 0.9029415
1552 0.962745
1554 0.847059
1553 0.719608
1555 0.813725
1556 0.805882
1557 0.789426
1559 0.704843
1558 0.9873779999999999
1560 0.82647
1561 0.9030765000000001
1562 0.680392
1563 0.672549
1564 0.652941
1565 0.908823
1566 0.645098
1567 0.8970585
1568 0.598039
1569 0.656863
1570 0.613725
1571 0.503922
1572 0.496078
1573 0.6369560000000001
1574 0.8078430000000001
1575 0.5441175
1576 0.37877979598525546
1577 0.638494
1578 0.503922
1579 0.480392
1580 0.486274
1581 0.466666
1582 0.623529
1583 0.8641220000000001
1584 0.401961
1585 0.907843
1586 0.892157
1587 0.868627
1588 0.9911760000000001
1590 0.813725
1589 0.6403570000000001
1591 0.794118
1592 0.7735289999999999
1593 0.75098
1594 0.961764
1595 0.727451
1596 0.719608
1597 0.7
1598 0.692157
1599 0.9323505
1600 0.674105
1601 0.676471
1602 0.864706
1603 0.558824
1604 0.807843
1605 0.803838
1606 0.8617649999999999
1607 0.739216
1608 0.715686
1609 0.492157
1610 0.680399
1611 0.656863
1612 0.413725
1613 0.64902
1615 0.786275
1614 0.613734
1616 0.938952
1617 0.843768
1618 0.813725
1619 0.872549
1620 0.7189593660179575
1621 0.829412
1622 0.835294
1623 0.676471
1624 0.767698
1625 0.752655
1626 0.611248
1627 0.691176
1628 0.917647
1629 0.696078
1630 0.856956
1631 0.75098
1632 0.49042435935591616
1633 0.7210900417581024
1634 0.682221
1635 0.715686
1636 0.684314
1637 0.708468
1638 0.846252
1639 0.9499995000000001
1640 0.62549
1641 0.6794115
1642 0.661764
1643 0.527451
1644 0.945098
1645 0.586275
1647 0.57451
1646 0.5607945
1648 0.5500005
1649 0.805882
1650 0.713607
1651 0.8617649999999999
1652 0.9558825
1653 0.997059
1654 0.933333
1655 0.5642172226908446
1656 0.5556729679604551
1657 0.9215690000000001
1658 0.827451
1659 0.831372
1660 0.776471
1661 0.82353
1662 0.858824
1663 0.643294
1664 0.662745
1665 0.735294
1666 0.714974
1667 0.8735295000000001
1668 0.743137
1669 0.597648
1670 0.874509
1671 0.570843
1672 0.7
1673 0.684611
1674 0.929473
1675 0.8676465
1676 0.507843
1677 0.7264740000000001
1678 0.473677
1679 0.8488530000000001
1680 0.4420329174438482
1681 0.9558825
1682 0.855462
1683 0.860784
1684 0.739216
1685 0.788413
1686 0.9323535000000001
1687 0.8735295000000001
1688 0.945191
1689 0.638235
1690 0.543137
1691 0.8651230000000001
1692 0.469581
1693 0.824132
1694 0.897939
1695 0.629412
1696 0.7858860000000001
1697 0.609748
1698 0.754902
1699 0.944118
1700 0.813725
1701 0.9911760000000001
1702 0.784313
1703 0.878431
1704 0.723529
1705 0.688306
1706 0.4385180934493706
1707 0.9204159999999999
1708 0.7806179999999999
1709 0.9558825
1710 0.7626949999999999
1711 0.523529
1712 0.621569
1713 0.759462
1714 0.711765
1715 0.680392
1716 0.8476589999999999
1717 0.686339
1718 0.636006
1720 0.481189
1719 0.4168979519498712
1721 0.941177
1722 0.7159059999999999
1723 0.94902
1724 0.739633
1725 0.543137
1726 0.78191
1727 0.688235
1728 0.930874
1729 0.688235
1730 0.754902
1731 0.739216
1732 0.715686
1733 0.885294
1734 0.605882
1735 0.652941
1736 0.5534817809897484
1737 0.8911770000000001
1738 0.535294
1739 0.586275
1740 0.566667
1741 0.7676475
1742 0.547059
1743 0.696078
1745 0.7
1744 0.8735295000000001
1746 0.8441175000000001
1747 0.7264710000000001
1748 0.7264710000000001
1749 0.523529
1750 0.358824
1751 0.69804
1752 0.5970584999999999
1754 0.8500005
1755 0.599136
1753 0.752941
1756 0.514491
1757 0.503922
1758 0.260784
1759 0.4346158524311656
1760 0.537255
1761 0.852941
1762 0.829412
1763 0.713161
1764 0.6854263588854658
1765 0.543137
1766 0.754902
1767 0.667647
1768 0.782353
1769 0.4852939999999999
1770 0.5500962256903216
1771 0.9267345
1772 0.621569
1773 0.892301
1774 0.578431
1775 0.766667
1776 0.433333
1777 0.935294
1778 0.982353
1779 0.982353
1780 0.9
1781 0.81386
1782 0.9794115
1783 0.852941
1784 0.852941
1785 0.841176
1786 0.6421290493578807
1787 0.954902
1788 0.775623
1789 0.786275
1790 0.954902
1791 0.862256
1792 0.786275
1793 0.870588
1794 0.8750939999999999
1795 0.727451
1796 0.922205
1797 0.543137
1798 0.6241829999999999
1799 0.727501
1800 0.627436
1801 0.710344
1802 0.9098040000000001
1803 0.436946
1804 0.9794115
1805 0.9558825
1806 0.6078429999999999
1807 0.944118
1808 0.594118
1809 0.994118
1810 1.010355
1811 0.868627
1812 1.0186270000000002
1813 0.949848
1814 0.8735295000000001
1815 0.852941
1816 0.986275
1817 0.966667
1818 0.966667
1819 0.856743
1820 0.978431
1821 0.7600009999999999
1822 0.90728
1823 0.711765
1824 0.829412
1825 0.84902
1826 0.711765
1827 0.961764
1828 0.62549
1829 0.755883
1830 0.669724
1831 0.519608
1832 0.7439685
1833 0.9019600000000001
1834 0.594118
1835 0.57451
1836 0.945098
1837 0.901961
1838 0.549837
1839 0.715686
1840 0.523529
1841 0.84902
1842 0.7158174666088286
1843 0.798039
1844 0.790196
1845 0.766667
1846 0.722085
1847 0.613725
1848 0.558292
1849 0.8603210000000001
1850 0.531382
1851 0.9849135
1852 0.65098
1853 0.9794115
1854 0.637255
1855 0.778431
1856 0.644118
1857 0.9794115
1858 0.829412
1859 0.863156
1860 0.82549
1861 0.827992
1862 0.762745
1863 0.672653
1864 0.719608
1865 0.9382349999999999
1866 0.633333
1867 0.719151
1868 0.8785755000000001
1869 0.8676465
1870 0.776471
1871 0.818983
1872 0.945098
1873 0.907843
1874 0.880392
1875 0.864706
1876 0.852941
1877 0.7642142486149639
1878 0.799373
1879 0.782353
1880 0.9696104999999999
1881 0.747059
1882 0.735294
1884 0.707843
1883 0.808824
1885 0.697257
1886 0.680049
1888 0.672549
1887 0.813725
1889 0.7
1890 0.645098
1891 0.664706
1892 0.8931465000000001
1893 0.6696165000000001
1894 0.503922
1895 0.843138
1896 0.472549
1897 0.8117639999999999
1898 0.702075
1899 0.619608
1900 0.6431370000000001
1901 0.6794115
1902 0.513726
1903 0.882314
1904 0.5500005
1905 0.8273932702115655
1906 0.994118
1907 0.986275
1908 0.6681611472638742
1909 0.998039
1910 0.998039
1911 0.9316275
1912 0.778431
1913 0.7735529999999999
1914 0.994118
1916 0.997059
1915 0.982353
1917 0.6739030405385577
1918 0.876471
1920 0.998039
1919 0.770588
1921 0.82549
1922 0.794118
1923 0.527451
1924 0.62549
1925 0.719608
1926 0.754902
1927 0.5759125610007672
1928 0.8160540000000001
1929 0.492157
1930 0.598039
1931 0.582353
1932 0.42979
1933 0.554902
1934 0.539216
1936 0.705883
1935 0.605882
1937 0.786275
1938 0.868627
1939 0.786275
1940 0.848673
1941 0.911765
1942 0.82549
1943 0.888235
1944 0.77451
1945 0.754902
1946 0.594118
1947 0.75
1948 0.719608
1949 0.715686
1950 0.838475
1951 0.841176
1952 0.680392
1953 0.782353
1954 0.885294
1955 0.669568
1956 0.707843
1957 0.8591805000000001
1958 0.8441175000000001
1960 0.64902
1959 0.8500005
1962 0.578431
1961 0.75
1963 0.623933
1964 0.905882
1965 0.601961
1966 0.7331595
1967 0.676471
1968 0.941177
1969 0.852941
1970 0.817647
1971 0.845098
1972 0.828827
1973 0.801961
1975 0.8911770000000001
1974 0.758824
1976 0.8147055
1977 0.696078
1978 0.706065
1979 0.755883
1980 0.945098
1981 0.8503274999999999
1983 0.778431
1982 0.792157
1984 0.808824
1985 0.7445800000000002
1986 0.817647
1987 0.880392
1988 0.829412
1989 0.847165
1990 0.9654645
1991 0.833333
1992 0.9264705
1993 0.6779684870368214
1994 0.668627
1995 0.729384
1996 0.696078
1997 0.67353
1998 0.668627
1999 0.84902
2000 0.688235
2002 0.994118
2003 0.856863
2004 0.907843
2001 0.994118
2005 0.637255
2006 0.986275
2007 0.8970585
2008 0.919608
2009 0.7362740000000001
2010 0.762745
2011 0.896078
2012 0.747059
2013 0.7740878939799803
2014 0.970588
2015 0.935294
2016 0.970588
2017 0.901111
2018 0.888235
2019 0.892157
2021 0.864706
2020 0.888235
2022 0.852941
2023 0.727451
2024 0.82549
2025 0.822295
2026 0.801961
2027 0.684314
2029 0.660784
2028 0.7088235
2030 0.8911770000000001
2031 0.821569
2032 0.8911770000000001
2033 0.705771
2034 0.660784
2035 0.9187890000000001
2036 0.5169294634092976
2037 0.667647
2038 0.5794125
2039 0.737255
2040 0.605882
2041 0.5147055
2042 0.558824
2043 0.6010279999999999
2044 0.519608
2045 0.505111
2046 0.666667
2047 0.6794115
2048 0.5500005
2049 0.994118
2050 0.7108191058352921
2051 0.856863
2052 0.6912480394018871
2053 0.9499995000000001
2055 0.923529
2054 0.931373
2056 0.986275
2058 0.903922
2059 0.944118
2057 0.907843
2061 0.888235
2060 0.911765
2062 0.831902
2063 0.935294
2064 0.876471
2065 0.829412
2067 0.629412
2066 0.917647
2068 0.692157
2069 0.770588
2070 0.747059
2071 0.727451
2072 0.8169770000000001
2073 0.688235
2074 0.941232
2075 0.735294
2076 0.749019
2078 0.6852945
2077 0.460784
2079 0.8828320000000001
2080 0.9264705
2081 0.790196
2082 0.9673065
2083 0.6644154033999465
2084 0.688235
2085 0.7382355
2086 0.598565
2087 0.8117650000000001
2088 0.8707309999999999
2089 0.779412
2090 0.872547
2091 0.5441175
2092 0.72549
2093 0.436861
2094 0.697184
2095 0.944118
2097 0.813725
2096 0.789142
2098 0.833333
2099 0.741778
2100 0.855882
2101 0.694556
2102 0.637255
2103 0.617647
2104 0.582353
2105 0.9353959999999999
2106 0.586275
2107 0.535294
2108 0.815687
2109 0.5147055
2110 0.492777
2111 0.905882
2112 0.548172
2113 0.907843
2114 0.6927024545435853
2115 0.876471
2116 0.798039
2117 0.845098
2118 0.813725
2119 0.8029410000000001
2120 0.676471
2121 0.633091
2122 0.911384
2124 0.9378489999999999
2123 0.779412
2125 0.641176
2126 0.8676465
2127 0.762745
2128 0.667647
2129 0.7970595
2130 0.758824
2131 0.723529
2132 0.680392
2133 0.9707625
2134 0.58509
2135 0.558721
2137 0.884244
2136 0.7264710000000001
2138 0.741359
2139 0.682353
2140 0.9010050000000001
2141 0.670589
2142 0.43301101395814806
2143 0.855882
2144 0.445098
2145 0.915686
2146 0.958824
2147 0.880392
2148 0.868627
2149 0.77451
2150 0.833333
2151 0.821569
2152 0.696078
2153 0.908823
2154 0.786275
2155 0.770588
2156 0.896078
2157 0.743137
2158 0.731373
2159 0.798039
2160 0.747059
2161 0.900694947348685
2162 0.886047
2163 0.998039
2164 0.998039
2166 0.994118
2165 0.9558825
2167 0.994118
2168 0.911765
2169 0.852941
2170 0.903922
2171 0.841176
2172 0.994118
2173 0.994118
2174 0.8735299999999999
2175 0.998039
2176 1.042157
2177 0.743137
2178 0.703909
2179 0.797334
2180 0.9264705
2181 0.658812
2182 0.7852935000000001
2183 0.829529
2184 0.840189
2185 0.5997349999999999
2186 0.807843
2187 0.9029415
2188 0.427606
2189 0.71929
2190 0.894118
2191 0.49554199680205674
2192 0.628851
2194 0.792157
2193 0.674157
2195 0.9676469999999999
2196 0.652941
2197 0.827451
2198 0.543137
2199 0.7799039999999999
2200 0.75
2202 0.5312642827893895
2201 0.5088414759017105
2203 0.803307
2204 0.62549
2205 0.908823
2206 0.937255
2207 0.878431
2208 0.8760915
2209 0.707843
2210 0.743137
2211 0.723529
2212 0.7852935000000001
2214 0.90457
2213 0.82647
2216 0.8705879999999999
2215 0.945098
2217 0.5205885
2218 0.8794124999999999
2219 0.72549
2220 0.5882350000000001
2221 0.869618
2222 0.468036
2223 0.543137
2225 0.880392
2224 0.527451
2226 0.860784
2227 0.8343210669350177
2229 0.723529
2228 0.7195932215827529
2230 0.7
2231 0.617647
2232 0.605882
2233 0.717956
2234 0.9794115
2235 0.523529
2236 0.510711
2237 0.7264710000000001
2238 0.64902
2239 0.9029415
2240 0.938666
2241 0.837255
2243 0.786275
2242 0.82549
2244 0.566667
2245 0.723529
2246 0.676471
2247 0.745098
2248 0.668627
2249 0.641176
2250 0.570588
2251 0.547059
2252 0.815687
2253 0.914288
2254 0.7617645000000001
2256 0.913726
2255 0.7
2257 0.791177
2258 0.885057
2259 0.783169
2260 0.846445
2261 0.827504
2262 0.778431
2263 0.682353
2265 0.74205
2264 0.9543840000000001
2266 0.754902
2267 0.8669865000000001
2268 0.586275
2269 0.683371
2270 0.609804
2272 0.7852935000000001
2271 0.6451849147979024
2273 0.7864379704012163
2274 0.958824
2275 0.997059
2276 0.91924
2277 0.821569
2278 0.747059
2279 0.782353
2280 0.919608
2282 0.990196
2281 0.57451
2283 0.8549019999999999
2284 0.731373
2285 0.888235
2286 0.8112444332552493
2287 0.739216
2288 0.808824
2289 0.876471
2290 0.7088977656493177
2291 0.9925619999999999
2292 0.547059
2294 0.737945
2293 0.77451
2295 0.719608
2296 0.703922
2298 0.672549
2297 0.688012
2299 0.84077
2300 0.5727257510017664
2301 0.8205884999999999
2302 0.7921560000000001
2303 0.778431
2304 0.515686
2305 0.8029410000000001
2306 0.782353
2307 0.746399
2308 0.8441175000000001
2309 0.92549
2310 0.691176
2311 0.945098
2312 0.9490190000000001
2313 0.697059
2314 0.7323525
2315 0.740776
2316 0.727735
2317 0.8823529999999999
2318 0.768627
2319 0.8676465
2320 0.745098
2321 0.82549
2323 0.838236
2322 0.852941
2325 0.5146619972631824
2324 0.711765
2326 0.665595
2327 0.515686
2328 0.562745
2329 0.535294
2330 0.97353
2331 0.691176
2332 0.43983771226740764
2333 0.894117
2334 0.790141
2335 0.770588
2336 0.756694
2337 0.860784
2338 0.911765
2339 0.896078
2340 0.824341
2341 0.613725
2342 0.770588
2343 0.6909052296193976
2344 0.821569
2345 0.9558825
2347 0.684314
2346 0.801961
2349 0.756879
2348 0.940801
2350 0.609804
2351 0.637255
2352 0.7911765
2353 0.892157
2354 0.9
2355 0.869756
2356 0.654901
2357 0.87451
2358 0.84902
2359 0.829412
2360 0.857382
2361 0.773839
2362 0.6082090000000002
2363 0.746872
2364 0.8676465
2365 0.812373
2366 0.583394
2367 0.856863
2368 0.5735295
2369 0.857906
2370 0.834934
2371 0.869928
2372 0.896078
2373 0.852941
2374 0.821569
2375 0.813725
2376 0.790196
2377 0.78337
2378 0.766667
2379 0.8215080000000001
2380 0.754763
2381 0.778431
2383 0.830283
2382 0.9470129999999999
2384 0.715686
2385 0.9408150000000001
2386 0.720588
2387 0.6858037215157978
2388 0.7346865
2389 0.8029410000000001
2391 0.6162375
2390 0.941176
2392 0.6323535
2393 0.417647
2394 0.9176470000000001
2395 0.7998449999999999
2396 0.668622
2397 0.843137
2398 0.682353
2399 0.586275
2400 0.5666410000000001
2401 0.7267140000000001
2402 0.892157
2403 0.860784
2404 0.872549
2405 0.821569
2406 0.790196
2407 0.758824
2408 0.790196
2409 0.621569
2410 0.621569
2411 0.633333
2412 0.8794124999999999
2413 0.704924
2414 0.69348
2415 0.794118
2416 0.711765
2417 0.886125
2418 0.864706
2419 0.833333
2420 0.8066556558914609
2421 0.821569
2422 0.908823
2424 0.754902
2423 0.743137
2425 0.6268725019330941
2426 0.7
2427 0.696078
2428 0.691176
2429 0.652941
2430 0.9522645000000001
2431 0.7318497482625046
2432 0.652941
2433 0.9676469999999999
2434 0.739216
2436 0.7274601535287164
2435 0.798039
2437 0.9526905
2438 0.574436
2439 0.692157
2440 0.692157
2441 0.64902
2442 0.737998
2443 0.722391
2444 0.531373
2445 0.691235
2446 0.44226088595262425
2447 0.727451
2448 0.8500005
2449 0.6963638014568053
2450 0.933333
2451 0.566667
2452 0.837255
2453 0.9264705
2454 0.77451
2455 0.9205874999999999
2456 0.497224
2457 0.707843
2458 0.676762
2459 0.680816
2460 0.7855650000000001
2461 0.741177
2462 0.8431379999999999
2463 0.9852945
2464 0.940589
2465 0.672549
2466 0.9323535000000001
2467 0.706884
2468 0.67159
2469 0.640555
2470 0.445098
2471 0.566667
2472 0.5617650000000001
2473 0.527451
2474 0.787548
2475 0.940079
2476 0.539216
2477 0.421569
2478 0.681648
2479 0.609804
2480 0.421569
2481 0.801961
2482 0.770588
2483 0.678431
2484 0.696523
2485 0.668832
2486 0.7921560000000001
2488 0.592157
2487 0.578879
2489 0.362745
2490 0.531373
2491 0.8147055
2492 0.5647059999999999
2493 0.347059
2494 0.67353
2495 0.77647
2496 0.643953
2498 0.743137
2497 0.9852945
2499 0.707843
2500 0.9794115
2501 0.652941
2502 0.531373
2503 0.8068
2504 0.916806
2505 0.484314
2506 0.8330535
2507 0.885294
2508 0.832353
2510 0.941176
2509 0.556708
2511 0.6089505000000001
2512 0.8823529999999999
2513 0.902149
2514 0.928431
2515 0.962745
2516 0.9852945
2517 0.97451
2518 0.813725
2519 0.82647
2520 0.778431
2521 0.927451
2522 0.799701
2523 0.954902
2524 0.755883
2525 0.872369
2526 0.703922
2527 0.970588
2528 0.935294
2529 0.8666087450306301
2530 0.801984
2531 0.868627
2532 0.916707
2533 0.903922
2534 0.833333
2535 0.876471
2537 0.813725
2538 0.84902
2536 0.997059
2539 0.8390925
2540 0.815447
2541 0.77451
2542 0.803889
2543 0.892157
2544 0.758824
2545 0.990196
2546 0.990196
2547 0.978431
2548 0.976989
2549 0.982353
2550 0.986639
2551 0.8941065
2552 0.978431
2553 0.97451
2554 0.97451
2555 0.970588
2556 0.956719
2557 0.943137
2558 0.966667
2559 0.82549
2560 0.783288
2561 0.8147055
2562 0.890196
2563 0.507843
2564 0.896078
2565 0.547059
2566 0.792157
2567 0.653871
2568 0.692157
2569 0.7333339999999999
2570 0.766667
2571 0.75098
2572 0.739216
2573 0.652941
2574 0.542419
2576 0.7
2575 0.464706
2577 0.77244
2578 0.747059
2579 0.711765
2580 0.692157
2581 0.656863
2582 0.592446
2583 0.8097239999999999
2584 0.772549
2585 0.8872249999999999
2586 0.911117
2588 0.496078
2587 0.867976
2589 0.437255
2590 0.421569
2591 0.9382349999999999
2592 0.771938
2593 0.872549
2594 0.852941
2595 0.813725
2596 0.790196
2597 0.794118
2598 0.586275
2599 0.7904730000000001
2600 0.6941080000000001
2601 0.8274509999999999
2602 0.308823
2603 0.52647
2604 0.894118
2605 0.803922
2606 0.633333
2607 0.778431
2608 0.564864
2609 0.723529
2610 0.8500005
2611 0.570588
2612 0.5263691894285988
2613 0.570588
2614 0.503922
2615 0.698039
2616 0.532353
2617 0.803921
2618 0.390196
2619 0.6078429999999999
2620 0.5647059999999999
2621 0.688235
2622 0.676471
2623 0.7852935000000001
2624 0.660784
2625 0.684314
2626 0.9264705
2627 0.5108603815747258
2628 0.817647
2629 0.7382355
2630 0.9451010000000001
2631 0.531373
2632 0.4892209999999999
2633 0.851164
2634 0.790976
2635 0.675748
2636 0.311765
2637 0.637255
2638 0.613731
2639 0.782353
2640 0.6156860000000001
2641 0.915746
2642 0.9911760000000001
2643 0.896078
2644 0.5773780000000002
2645 0.860784
2646 0.837255
2647 0.613725
2648 0.805882
2649 0.982353
2650 0.923529
2651 0.881617
2652 0.770588
2653 0.758824
2654 0.978431
2655 0.84902
2656 0.978431
2657 0.890193
2658 0.688235
2659 0.922782
2660 0.62549
2661 0.8676465
2662 0.735294
2663 0.711765
2664 0.75
2665 0.9911760000000001
2666 0.660784
2667 0.637255
2668 0.7606930000000001
2669 0.6213315
2670 0.788235
2671 0.75098
2672 0.8735295000000001
2674 0.807808
2673 0.939216
2675 0.778637
2676 0.763053
2677 0.892157
2678 0.994118
2679 0.692157
2680 0.95098
2681 0.997059
2682 0.965994
2684 0.946872
2683 0.3611925
2685 0.621569
2686 0.715686
2687 0.723529
2688 0.7764359999999999
2689 0.8225490000000002
2690 0.872549
2692 0.991177
2691 0.994118
2693 0.9499995000000001
2694 0.931373
2695 0.923529
2696 0.6859824131982835
2697 0.907843
2698 0.894118
2699 0.9325950000000001
2700 0.994118
2701 0.888235
2703 0.994118
2702 0.609804
2705 0.914706
2704 0.6615700818994635
2707 0.705839
2706 0.778431
2708 0.711765
2709 0.7
2710 0.672549
2711 0.8617649999999999
2712 0.8205884999999999
2714 0.838236
2713 0.562745
2715 0.531373
2716 0.7617645000000001
2719 0.633333
2718 0.503922
2720 0.515686
2721 0.8387
2717 0.5617650000000001
2722 0.855882
2723 0.783812
2724 0.766667
2725 0.741589
2726 0.792635
2727 0.554902
2728 0.9685619999999999
2730 0.792157
2729 0.4964984327620835
2731 0.711769
2732 0.590196
2734 0.8205884999999999
2733 0.562745
2735 0.790196
2736 0.7970595
2737 0.915686
2738 0.903922
2739 0.7417338726467361
2740 0.805882
2742 0.703922
2741 0.619225
2743 0.637255
2744 0.838236
2745 0.64902
2746 0.598039
2747 0.6143457286754944
2748 0.605882
2749 0.7
2750 0.9323535000000001
2751 0.782353
2752 0.680392
2753 0.794118
2754 0.786275
2755 0.758824
2756 0.9917415
2757 0.62549
2758 0.664706
2759 0.8205884999999999
2760 0.5701908618364067
2761 0.7911765
2762 0.914706
2763 0.568107
2764 0.547059
2765 0.547059
2766 0.933334
2767 0.677597
2768 0.828889
2769 0.751809
2770 0.778431
2771 0.676471
2772 0.944118
2773 0.598892
2774 0.645098
2775 0.9019600000000001
2776 0.7323525
2777 0.511765
2778 0.480392
2779 0.937255
2780 0.8470580000000001
2781 0.611764
2782 0.788235
2783 0.617647
2784 0.602912
2785 0.880392
2786 0.856863
2787 0.7970595
2788 0.8274509999999999
2789 0.6183617957104622
2790 0.747059
2791 0.735294
2792 0.668627
2793 0.664719
2794 0.672549
2795 0.6334029999999999
2796 0.609818
2797 0.590212
2798 0.5205885
2799 0.772549
2800 0.7635240000000001
2801 0.939216
2802 0.994118
2803 0.7755029850194957
2804 0.903922
2805 0.870366
2806 0.919608
2807 0.915686
2808 0.9116744999999999
2809 0.903922
2810 0.837255
2811 0.82549
2812 0.817647
2813 0.871935
2814 0.868952
2815 0.9009800000000001
2816 0.790196
2817 0.6420819099295052
2818 0.6095228013290065
2819 0.62549
2821 0.790528
2820 0.9490190000000001
2822 0.831372
2823 0.742864
2824 0.776376
2825 0.370588
2826 0.690543
2827 0.690196
2828 0.682353
2829 0.6603079999999999
2830 0.647059
2831 0.779412
2832 0.3852945
2833 0.819608
2834 0.67353
2835 0.639216
2836 0.5382359999999999
2837 0.9215679999999999
2838 0.531373
2839 0.721569
2840 0.670589
2841 0.592157
2842 0.42549
2843 0.317647
2844 0.217636
2845 0.461979
2846 0.155883
2847 0.40294050000000003
2848 0.319608
2849 0.758824
2851 0.885294
2850 0.617647
2852 0.813727
2853 0.818714
2854 0.42549
2855 0.908146
2856 0.755883
2857 0.707843
2858 0.347059
2859 0.656863
2860 0.362745
2861 0.629417
2862 0.4397292079589713
2863 0.691176
2864 0.609804
2865 0.766667
2866 0.723529
2867 0.621569
2868 0.5284310000000001
2869 0.9911760000000001
2870 0.754902
2871 0.601961
2872 0.855082
2873 0.886274
2874 0.7686280000000001
2875 0.8452109999999999
2876 0.854902
2877 0.8946689999999999
2878 0.460784
2879 0.594118
2880 0.9449609999999999
2881 0.982353
2882 0.982353
2884 0.99902
2883 0.978431
2885 0.970588
2886 0.958824
2887 0.949059
2888 0.958824
2889 0.954902
2890 0.837255
2891 0.7094391486666897
2892 0.947059
2893 0.943137
2894 0.939216
2895 0.966667
2896 0.919608
2897 0.813725
2898 0.778431
2899 0.684314
2900 0.723529
2901 0.692157
2902 0.641176
2903 0.9029415
2904 0.8794124999999999
2905 0.564111
2906 0.8029410000000001
2907 0.932231
2909 0.784313
2908 0.7382355
2910 0.933334
2911 0.7911765
2912 0.605882
2913 0.789613
2914 0.75098
2915 0.6786480253463115
2916 0.8794124999999999
2917 0.64902
2918 0.590196
2919 0.558824
2920 0.6264704999999999
2921 0.770124
2922 0.492508
2923 0.937254
2924 0.672744
2925 0.8527469999999999
2926 0.643137
2927 0.623508
2928 0.58308
2930 0.778431
2929 0.821569
2931 0.751063
2932 0.721013
2934 0.527451
2933 0.7852935000000001
2935 0.793158
2936 0.8794124999999999
2937 0.6852945
2938 0.690196
2939 0.858824
2940 0.913726
2941 0.479668
2942 0.6888719999999999
2943 0.663708
2944 0.445098
2945 0.64902
2946 0.692157
2947 0.7831649999999999
2948 0.9176470000000001
2949 0.9254899999999999
2950 0.7530939999999999
2951 0.9323535000000001
2952 0.635294
2953 0.580392
2954 0.509804
2955 0.556421
2956 0.3208024409319322
2957 0.4088235
2958 0.619608
2959 0.820754
2960 0.6039220000000001
2961 0.903922
2962 0.769719
2963 0.856863
2964 0.829412
2965 0.770588
2966 0.784992
2967 0.758824
2968 0.762745
2969 0.857871
2970 0.719608
2971 0.9029415
2972 0.688235
2973 0.645098
2974 0.933334
2976 0.656183
2975 0.805882
2977 0.892157
2978 0.860784
2979 0.970588
2980 0.8740860214429677
2981 0.966667
2982 0.7971384003795523
2983 0.962745
2984 0.9715680000000002
2985 0.9386745
2986 0.966667
2987 0.860784
2988 0.7613516734328188
2989 0.856863
2990 0.8363149999999999
2991 0.962745
2992 0.6879165
2993 0.73407
2994 0.766667
2995 0.755883
2996 0.676819
2997 0.672549
2998 0.755883
2999 0.9323535000000001
3000 0.5258716675706113
3001 0.8247
3002 0.7676475
3003 0.945098
3004 0.7088235
3005 0.507843
3006 0.858823
3007 0.7735289999999999
3008 0.825096
3009 0.864706
3010 0.841176
3011 0.727451
3012 0.794118
3013 0.778431
3014 0.6531447746677398
3015 0.914706
3016 0.707843
3017 0.9098029999999999
3018 0.563723
3019 0.668627
3020 0.686226
3021 0.520448
3022 0.788235
3023 0.980559
3024 0.9205874999999999
3025 0.837255
3026 0.931373
3027 0.787255
3028 0.833333
3029 0.857844
3030 0.892157
3031 0.75098
3032 0.98451
3033 0.845098
3034 0.743137
3035 0.833333
3036 0.9029415
3037 0.813725
3038 0.82549
3039 0.801961
3040 0.813725
3041 0.923529
3042 0.909631
3043 0.90025
3044 0.888235
3045 0.864706
3046 0.8480235
3047 0.688235
3048 0.821569
3049 0.80708
3050 0.558824
3051 0.707843
3052 0.8434110000000001
3053 0.82647
3054 0.808824
3055 0.8874614999999999
3056 0.754902
3057 0.954902
3058 0.7448277696900477
3059 0.833333
3060 0.919608
3061 0.940131
3062 0.97451
3063 0.97451
3064 0.9499995000000001
3065 0.868627
3066 0.860784
3067 0.962745
3068 0.841176
3069 0.841176
3070 0.958824
3071 0.911765
3072 0.6813720000000001
3073 0.9794115
3074 0.637255
3075 0.605882
3076 0.656863
3077 0.9264705
3079 0.598039
3078 0.55098
3080 0.535294
3081 0.792157
3082 0.44902
3083 0.8864810000000001
3084 0.823529
3085 0.464706
3086 0.819608
3087 0.601961
3089 0.8078430000000001
3088 0.777668
3090 0.9
3091 0.852941
3093 0.6381831137869965
3092 0.841176
3094 0.841176
3095 0.671127
3096 0.910037
3097 0.761917
3098 0.711765
3099 0.961764
3100 0.8970585
3101 0.629412
3102 0.6400617052699474
3103 0.6818736184855416
3104 0.727451
3105 0.792494
3107 0.719608
3106 0.754902
3108 0.633333
3109 0.65792
3110 0.535294
3111 0.8580435
3112 0.6852945
3113 0.91368
3114 0.8745099999999999
3115 0.874003
3116 0.835294
3117 0.870588
3118 0.810517
3119 0.628447
3120 0.784555
3121 0.790196
3122 0.770588
3123 0.75098
3124 0.692157
3125 0.839584
3126 0.617647
3127 0.818136
3128 0.539216
3130 0.778383
3129 0.519608
3131 0.838236
3132 0.5
3133 0.6794115
3134 0.929412
3135 0.898039
3136 0.81752
3137 0.6423212608522495
3138 0.997059
3139 0.536061
3140 0.7526459999999999
3141 0.809388
3142 0.7264710000000001
3143 0.492157
3144 0.738664
3145 0.7764709999999999
3146 0.855882
3147 0.726818
3148 0.635476
3149 0.52647
3150 0.49840300000000004
3151 0.7088235
3152 0.511124
3153 0.703922
3154 0.676471
3155 0.99933
3156 0.5799085996069688
3157 0.558824
3158 0.449399114460737
3159 0.882143
3160 0.788235
3161 0.444853
3162 0.7901549999999999
3164 0.685604
3163 0.682353
3165 0.645088
3166 0.576471
3167 0.5205885
3168 0.3852945
3169 0.7686280000000001
3170 0.958824
3171 0.8147059999999999
3172 0.64902
3173 0.907843
3174 0.55098
3175 0.8147055
3177 0.778431
3176 0.958824
3178 0.852941
3179 0.6000000000000001
3180 0.739216
3181 0.6432765
3182 0.904249
3183 0.747059
3184 0.931373
3185 0.872549
3186 0.997059
3187 0.599067
3188 0.813725
3189 0.18122790428710708
3190 0.754902
3191 0.7529410000000001
3192 0.921568
3193 0.692209
3194 0.680392
3195 0.480392
3196 0.882352
3197 0.9794115
3198 0.292965
3199 0.8029410000000001
3200 0.621569
3201 0.852941
3203 0.833253
3202 0.911765
3204 0.803253
3205 0.79469
3206 0.735294
3207 0.718174
3208 0.735294
3209 0.77451
3210 0.8587905
3211 0.770588
3212 0.762745
3213 0.680392
3214 0.75098
3215 0.763859
3216 0.656863
3217 0.888235
3218 0.488235
3220 0.813725
3219 0.42549
3221 0.539091
3222 0.758824
3223 0.727458
3224 0.668627
3225 0.9794115
3226 0.684314
3227 0.668627
3229 0.647495
3228 0.652941
3230 0.847059
3231 0.596078
3232 0.411765
3233 0.84902
3234 0.6165079067901583
3235 0.876471
3236 0.649506
3237 0.841176
3238 0.743137
3239 0.609804
3241 0.762745
3240 0.778431
3242 0.8029410000000001
3243 0.8823529999999999
3244 0.704176
3245 0.7
3246 0.680392
3247 0.739216
3248 0.9018900000000001
3249 0.599019
3250 0.833333
3251 0.878539
3252 0.845098
3253 0.8500005
3254 0.8149065
3255 0.713898
3256 0.762745
3257 0.67353
3258 0.727451
3259 0.511765
3260 0.727451
3261 0.745098
3262 0.636123
3263 0.719608
3264 0.840848
3265 0.813725
3266 0.629412
3267 0.656863
3268 0.724071
3269 0.523529
3270 0.562745
3272 0.629412
3271 0.558824
3273 0.480392
3274 0.500350741626109
3275 0.930438
3276 0.5007320642818506
3277 0.855648
3279 0.645098
3278 0.476471
3280 0.703886
3281 0.8330154278347524
3282 0.8524433090269538
3283 0.814066
3284 0.8427499999999999
3285 1.002941
3287 0.739216
3286 0.75098
3288 0.994118
3289 0.697947
3290 0.994118
3291 0.708293
3292 0.998039
3293 0.688235
3294 0.998039
3295 0.9977775
3296 0.994118
3297 1.030392
3298 0.990196
3299 0.978431
3301 0.982353
3300 0.840933
3302 0.809804
3303 0.9186194999999999
3304 0.978431
3305 0.805882
3306 0.97451
3307 0.948388
3308 0.970588
3310 0.966667
3309 0.966667
3311 0.982353
3312 0.786275
3313 0.743137
3314 0.794118
3315 0.770588
3316 0.743246
3317 0.716573
3318 0.762745
3319 0.764558
3320 0.697059
3321 0.643125
3322 0.664859
3323 0.6205875000000001
3325 0.700732
3324 0.7241420000000001
3326 0.7584060000000001
3327 0.696078
3328 0.726993
3329 0.779093
3330 0.735294
3331 0.715686
3332 0.669331
3333 0.634568
3334 0.576414
3335 0.417647
3336 0.519608
3337 0.866325
3338 0.77647
3340 0.839216
3339 0.898954
3341 0.441099
3342 0.578431
3343 0.576448263173751
3344 0.7333339999999999
3345 0.860784
3347 0.845098
3346 0.645098
3349 0.766667
3348 0.813725
3350 0.735294
3351 0.890595
3352 0.997059
3354 0.9243375
3353 0.885294
3355 0.9558825
3356 0.8911770000000001
3357 0.6368429999999999
3358 0.9029415
3359 0.5461340000000001
3360 0.832353
3361 0.705861
3362 0.8070680616393454
3363 0.998039
3364 0.884314
3365 1.030393
3366 0.982353
3367 0.579412
3368 0.994118
3369 0.994118
3370 1.0112690000000002
3371 0.990196
3372 1.002424
3373 0.990196
3374 0.986275
3375 0.9382349999999999
3377 0.696078
3376 0.979122
3378 0.882353
3379 0.613725
3380 0.5
3381 0.547059
3382 0.5676465
3384 0.788235
3383 0.827451
3385 0.752941
3386 0.398039
3387 0.347059
3388 0.4382355
3389 0.576471
3390 0.362745
3391 0.47703732885836303
3392 0.582353
3393 0.884314
3394 0.852941
3395 0.837255
3396 0.735294
3397 0.785928
3398 0.766667
3399 0.754902
3400 0.727354
3401 0.5351068650197219
3402 0.67353
3403 0.6784319999999999
3404 0.664706
3406 0.681759
3405 0.7323525
3407 0.782353
3408 0.8205884999999999
3409 0.856863
3410 0.798039
3411 0.758824
3412 0.668627
3414 0.601961
3413 0.758824
3415 0.855882
3416 0.93415
3418 0.5428813130891538
3417 0.590196
3419 0.939211
3420 0.501945
3421 0.9065780000000001
3422 0.788235
3423 0.7
3424 0.503922
3425 0.813725
3426 0.786275
3427 0.8617649999999999
3428 0.9911760000000001
3429 0.758824
3431 0.641176
3430 0.696078
3432 0.7
3433 0.641176
3434 0.64902
3435 0.719608
3436 0.97353
3439 0.747059
3437 0.586275
3438 0.5019252241478657
3440 0.531373
3441 0.907843
3442 0.880392
3443 0.864706
3444 0.845098
3446 0.7991
3448 0.767012
3447 0.782353
3445 0.829412
3451 0.6847786699457621
3449 0.747059
3452 0.707279
3453 0.688235
3454 0.8147055
3455 0.817647
3450 0.8970330000000001
3456 0.665222
3457 0.853503
3458 0.892157
3459 0.804615
3460 0.856863
3462 0.790196
3461 0.758824
3463 0.692157
3465 0.9752055
3464 0.66917
3466 0.645098
3467 0.696078
3469 0.723539
3468 0.7382355
3470 0.961764
3471 0.739216
3472 0.700125
3473 0.845098
3474 0.815083
3475 0.782353
3476 0.668627
3477 0.731373
3478 0.688235
3479 0.66506
3480 0.641176
3481 0.609804
3482 0.917647
3483 0.578431
3484 0.6029415
3485 0.8054295
3486 0.8813340000000001
3487 0.723529
3488 0.502941
3489 0.935294
3490 0.954902
3491 0.82549
3492 0.947059
3493 0.77451
3494 0.9852945
3495 0.9323535000000001
3496 0.9323535000000001
3497 0.758824
3498 0.8502210000000001
3499 0.9841230000000001
3500 0.892157
3501 0.719858
3502 0.801961
3503 0.762745
3504 0.6988269811734822
3506 0.856863
3505 0.790196
3507 0.9333340000000001
3508 0.8441175000000001
3509 0.8147055
3510 0.747111
3511 0.739216
3512 0.67353
3513 0.879168
3514 0.788235
3515 0.878502
3517 0.890196
3516 0.652941
3518 0.613725
3519 0.77451
3520 0.7489410000000001
3521 0.747059
3522 0.719608
3523 0.97353
3524 0.5980027359964466
3525 0.890196
3527 0.7764709999999999
3526 0.543137
3529 0.6794115
3528 0.709804
3530 0.638235
3531 0.445098
3532 0.8078430000000001
3533 0.713726
3534 0.780392
3535 0.7617645000000001
3536 0.8936810000000001
3537 0.75098
3538 0.98041
3540 0.986275
3539 0.986275
3541 1.001961
3542 0.982353
3543 0.978431
3544 0.978431
3545 0.7517845763232728
3546 0.97451
3547 0.970588
3548 1.001961
3549 1.0186280000000003
3550 0.939761
3551 0.962745
3552 0.927451
3553 0.790196
3554 0.8499999999999999
3555 0.833333
3556 0.923529
3557 0.880392
3558 0.715686
3559 0.69587
3560 0.679764
3561 0.743493
3562 0.640756
3563 0.9323535000000001
3564 0.75
3565 0.8849625000000001
3566 0.688949
3567 0.6614522475651521
3568 0.552948
3569 0.798039
3570 0.5617650000000001
3571 0.860784
3572 0.84902
3573 0.843359
3574 0.820778
3575 0.401961
3576 0.885294
3577 0.633333
3578 0.6164068043408323
3579 0.786275
3580 0.8051539999999999
3581 0.6368985352193527
3582 0.891342
3583 0.817647
3584 0.933708
3585 0.744117
3586 0.681391
3587 0.601961
3588 0.715686
3589 0.656863
3590 0.652941
3591 0.9735765000000001
3592 0.82647
3593 0.8205884999999999
3594 0.8794124999999999
3596 0.9019600000000001
3595 0.894118
3597 0.547059
3598 0.5116664986535321
3599 0.82647
3600 0.515686
3601 0.652941
3602 0.601961
3603 0.543987
3604 0.6323535
3605 0.868363
3606 0.764706
3607 0.6745099999999999
3608 0.666666
3609 0.7058819999999999
3610 0.5882350000000001
3611 0.9333340000000001
3612 0.280392
3613 0.480968
3614 0.8970585
3615 0.4382355
3616 0.8735295000000001
3617 0.680392
3618 0.864706
3619 0.7208775
3620 0.535294
3621 0.8794124999999999
3622 0.723529
3623 0.94052
3624 0.9098040000000001
3625 0.945098
3626 0.75098
3627 0.464706
3628 0.680392
3629 0.9205874999999999
3630 0.749019
3631 0.747059
3632 0.839289
3633 0.845098
3634 0.778431
3635 0.8794124999999999
3636 0.6120729107210592
3637 0.723529
3638 0.8156859999999999
3639 0.672549
3641 0.9264705
3640 0.7852935000000001
3642 0.690196
3643 0.587018
3644 0.535481735756965
3645 0.737173
3646 0.539216
3647 0.703922
3648 0.8212759999999999
3649 0.864706
3650 0.6852940000000001
3651 0.661764
3652 0.759542
3653 0.75098
3654 0.735294
3655 0.837255
3656 0.9866774999999999
3657 0.6448
3658 0.798039
3659 0.838236
3660 0.9029415
3661 0.779412
3662 0.8819205
3663 0.723529
3664 0.57451
3665 0.798039
3666 0.741022
3667 0.9558825
3668 0.684314
3669 0.8175824999999999
3670 0.570588
3671 0.452941
3672 0.808824
3673 0.82647
3674 0.534529
3675 0.937255
3676 0.49867649999999997
3677 0.744117
3678 0.769725
3679 0.9558825
3680 0.7738879999999999
3681 0.821569
3682 0.8392160000000001
3684 0.543137
3683 0.8147055
3685 0.7
3686 0.779412
3687 0.481725
3688 0.8705879999999999
3689 0.9499995000000001
3690 0.760785
3691 0.917648
3692 0.507843
3693 0.744117
3694 0.835296
3695 0.779939
3696 0.819609
3697 0.798039
3699 0.743137
3698 0.766667
3700 0.779655
3701 0.77451
3702 0.735294
3703 0.711765
3704 0.7486665
3705 0.678955
3706 0.69219
3707 0.9702165
3708 0.4970595
3709 0.763046
3710 0.582353
3711 0.742132
3712 0.57451
3713 0.837255
3715 0.786275
3714 0.673529
3716 0.6779551108130206
3717 0.8500005
3718 0.539216
3720 0.945098
3719 0.997059
3721 0.6794115
3722 0.8117650000000001
3723 0.672549
3724 0.736448
3725 0.672549
3726 0.801961
3727 0.8029410000000001
3728 0.794118
3729 0.864706
3730 0.815394
3731 0.82549
3732 0.935897
3733 0.652941
3734 0.908328
3735 0.711765
3736 0.885294
3739 0.8796900000000001
3738 0.677818
3740 0.57451
3741 0.617647
3737 0.684314
3742 0.598039
3744 0.7029405
3743 0.766667
3745 0.982353
3746 0.856863
3747 0.845098
3748 0.97451
3750 0.936996
3749 0.9264705
3751 0.795099
3753 0.778431
3752 0.884314
3754 0.95098
3755 0.912415
3756 0.947059
3757 0.943137
3758 0.605882
3760 0.931373
