1 0.821569
2 0.8726816514715336
3 0.839411
4 0.743137
5 0.708849
6 0.533979
8 0.720511
7 0.437797
9 0.702588
10 0.4983790014977882
11 0.578431
12 0.457094
13 0.8205884999999999
14 0.6064330636012119
15 0.683391
16 0.729984
17 0.805882
18 0.480392
19 0.554902
20 0.7126394427811421
21 0.38676449999999996
22 0.9838020000000001
23 0.293756
24 0.961764
25 0.8147055
26 0.898678337216
27 0.7911765
28 0.5562640465933395
29 0.7749440000000001
30 0.691176
31 0.688235
32 0.744117
33 0.6117701657175786
34 0.4787040018254147
35 0.558658
36 0.515254
37 0.480392
38 0.4866345
39 0.6205875000000001
40 0.652941
41 0.437759409669284
42 0.254412
43 0.3
44 0.839215
45 0.286854375625
46 0.24730539229597617
47 0.856862
48 0.358824
49 0.894346
50 0.707843
51 0.468627
52 0.9666678404767775
53 0.24718148187178857
54 0.762745
55 0.805882
56 0.9113515398403842
57 0.813725
58 0.692157
59 0.717699
60 0.703764
61 0.672549
62 0.711765
63 0.9820370070636522
64 0.914706
65 0.735294
66 0.693281
67 0.664706
68 0.9205874999999999
69 0.578431
70 0.3191175
71 0.485723
72 0.405882
73 0.4686974165372225
74 0.5382359999999999
75 0.3794115
76 0.8502559999999999
77 0.507843
78 0.366667
79 0.816627
80 0.44999999999999996
81 0.903922
82 0.813725
83 0.862805
84 0.108725024541607
85 0.821569
86 0.6339601475395884
87 0.668627
88 0.569877029604
89 0.739216
90 0.723529
91 0.71143
92 0.696078
93 0.7264710000000001
94 0.668627
95 0.810186
96 0.652941
97 0.7212909925217319
98 0.958824
99 0.9268779350249999
100 0.8274048604298866
101 0.8617649999999999
102 0.813725
103 0.935294
104 0.947059
105 0.943137
106 0.837907
107 0.845098
108 0.911765
109 0.829412
110 0.798039
111 0.8227650000000002
112 0.919608
113 0.696078
114 0.786275
115 0.652941
116 0.629412
117 0.544304
118 0.6586624340904831
119 0.45197699999999996
120 0.6370489590568623
121 0.7897865
122 0.562745
123 0.692157
124 0.5663764375108813
125 0.715101
126 0.39852975
127 0.749858
128 0.773529
129 0.526661
130 0.9911760000000001
131 0.379412
132 0.9751259999999999
133 0.621569
134 0.43663549465600004
135 0.6852945
136 0.7975545
137 0.641176
138 0.5
139 0.480623
140 0.826678627204
141 0.6936317538702242
142 0.46549952779854314
143 0.9020805000000001
144 0.425019
145 0.7
146 0.9317334804232837
147 0.582353
148 0.547810348554216
149 0.75
150 0.476471
151 0.6264704999999999
152 0.41216471421342665
153 0.711676
154 0.445287
155 0.479412
156 0.315686
157 0.42647100000000004
158 0.221569
159 0.6707065
160 0.4473425
161 0.9676469999999999
162 0.944118
163 0.586275
164 0.592024
166 0.4853939959741468
165 0.829142269329
167 0.405882
168 0.6448575
169 0.750206
170 0.246627
171 0.355915
172 0.142066
173 0.5500005
174 0.2669973363693603
175 0.860276
176 0.3029415
178 0.733016
177 0.2842735
179 0.586275
180 0.547059
181 0.5369977530365818
182 0.9701535000000001
183 0.6863056301316244
184 0.755883
185 0.6295171631321897
186 0.5
187 0.717102
188 0.5196474594344388
189 0.3166819350250001
191 0.7874746025162807
190 0.8911770000000001
192 0.638979
194 0.944118
193 0.5515384652980422
195 0.6078435
196 0.4344731633885607
197 0.708326
198 0.566889
199 0.287255
200 0.45271839171724737
201 0.8609391126500586
202 0.591229
203 0.2861195
204 0.727299
205 0.21697416416274237
206 0.5442791890814365
207 0.676471
208 0.5710526550404524
209 0.7956960000000001
211 0.9205874999999999
212 0.762587
210 0.6926312551467302
213 0.5467065
214 0.6957139424778274
215 0.8509800000000001
216 0.8016269999999999
217 0.696466
218 0.9461814152250001
219 0.82647
220 0.991563
221 0.6441175000000001
222 0.272549
223 0.688235
224 0.401961
225 0.861320778249863
226 0.621569
227 0.566667
228 0.667647
229 0.6567215
230 0.644118
231 0.405987
232 0.5405805
233 0.337147
234 0.303922
235 0.3598035
236 0.40098
237 0.2582048107232811
238 0.135294
240 0.173529
239 0.4496109868339406
241 0.939216
242 0.47602015715373514
243 0.7613417574010001
244 0.455666
245 0.8508615
246 0.5502655654633194
247 0.908823
249 0.77451
248 0.9264705
250 0.782773
251 0.513271
252 0.9676469999999999
253 0.8441175000000001
254 0.5005627427913009
255 0.526128650596
256 0.725508
257 0.829412
258 0.952617
259 0.6103012105453609
260 0.908823
261 0.578431
262 0.547059
263 0.42549
264 0.456863
265 0.35875032675042234
266 0.41416659898620356
267 0.360235
268 0.370588
269 0.5146224654597129
270 0.338888
271 0.503922
272 0.268627
273 0.601961
274 0.539216
275 0.7382355
276 0.427079
277 0.5979555000000001
278 0.48529350000000004
279 0.36492282806962534
280 0.5490200000000001
281 0.3029415
282 0.221569
283 0.52451
284 0.1869464560715397
285 0.15098
286 0.3676475
287 0.35098
288 0.128397
290 0.57451
289 0.708661
291 0.7
292 0.658215
293 0.558824
294 0.7775125126490001
295 0.452941
296 0.6611538888799586
297 0.421803
298 0.823529
299 0.44204197743021717
300 0.614706
301 0.5273355
302 0.323529
303 0.543137
304 0.635470105348312
305 0.8021310766058174
306 0.6264389860930231
307 0.8794124999999999
308 0.7323525
309 0.421569
310 0.6029415
311 0.6413941626723816
312 0.4216425
313 0.532353
314 0.0936275
315 0.272549
316 0.670254681307248
318 0.264706
317 0.8441175000000001
319 0.585294
320 0.3137753367884042
321 0.809804
322 0.9911760000000001
323 0.735294
324 0.97353
325 0.723529
326 0.531373
327 0.646143
329 0.7676475
328 0.5196085000000001
330 0.312745
331 0.8794124999999999
332 0.429412
333 0.5419102104095557
334 0.554902
335 0.684096287929
336 0.515686
337 0.617647
338 0.692157
339 0.6540341760059366
340 0.7299509262236707
341 0.39852975
342 0.6492232045801608
343 0.684394665744
344 0.454573
345 0.6079077401
346 0.52647
347 0.25393738208399996
348 0.4382355
349 0.335528
350 0.327451
351 0.9431680616338611
352 0.4261397401
353 0.9794115
355 0.838236
354 0.880392
356 0.8029410000000001
357 0.562519852917553
358 0.437255
359 0.9676469999999999
360 0.894309
361 0.437255
362 0.468627
363 0.398039
365 0.32040495471720365
364 0.539061184172871
366 0.488235
367 0.44902
368 0.476471
370 0.9
369 0.684314
371 0.488235
372 0.76038
373 0.5870180567202233
374 0.910384375625
375 0.790196
376 0.6066030546103987
377 0.680392
378 0.782353
379 0.322549
380 0.944118
382 0.594118
381 0.552904155521442
383 0.7260015
384 0.7041332656294277
385 0.786275
386 0.6554567312678088
387 0.9088235
389 0.680392
388 0.754902
390 0.656863
391 0.672549
392 0.6206045057600424
393 0.9382349999999999
394 0.660656844102337
395 0.9411816298181641
396 0.691176
397 0.55098
398 0.5501311264181326
399 0.43342
400 0.6029415
401 0.852941
402 0.6922962746743777
403 0.656863
404 0.786275
405 0.7622083837812443
406 0.809804
407 0.5053058114791726
408 0.720588
409 0.652941
410 0.691632
411 0.8970585
412 0.367144
413 0.585873
414 0.717259045521
415 0.8500005
416 0.8147055
417 0.802877
418 0.813725
419 0.743137
420 0.48580599999999996
421 0.6323535
423 0.8970585
422 0.9438945000000001
424 0.7137739061225317
425 0.8809305000000001
426 0.515686
427 0.7617645000000001
428 0.8147055
429 0.47352900000000003
430 0.460153
431 0.87903
433 0.5745919750138644
432 0.5970584999999999
434 0.5877730000000001
435 0.829412
436 0.7050704999999999
437 0.782353
438 0.7503641838340411
439 0.703933
440 0.5265310000000001
441 0.4588987756299494
442 0.3823619536592003
443 0.256863
444 0.914727
445 0.847059
446 0.648429
447 0.77451
448 0.586275
449 0.566667
450 0.510567557401
451 0.43795722758795835
452 0.2539215
453 0.3802776826057506
454 0.167755
455 0.6756163281112252
456 0.4009805
457 0.29649
458 0.548039
459 0.71178
460 0.40195663163002415
461 0.40668897106214746
462 0.692157
463 0.755194418416
464 0.8427184408259071
465 0.821569
466 0.970588
467 0.970588
468 0.833333
469 0.973155
470 0.958824
471 0.7077960790818555
472 0.942041065744
473 0.845098
474 0.921569
475 0.804592868559572
476 0.962745
477 0.966667
478 0.641176
479 0.6886347918330877
480 0.747059
481 0.6972598371218819
482 0.743157
484 0.6319160124461302
483 0.998039
486 0.3362745
485 0.565558
487 0.994118
488 0.97353
489 0.994118
490 0.8298570000000001
491 0.990196
492 0.8441175000000001
493 0.5416603408059264
494 0.990196
495 0.994118
496 0.990196
497 0.703922
500 0.9558825
498 0.6976003767645198
499 0.845098
501 0.652941
502 0.4379630000000001
503 0.65417212075117
504 0.848579
505 0.723529
506 0.586275
507 0.629901
508 0.6778969725706234
509 0.7003145676858364
516 0.8617649999999999
515 0.744249
514 0.739216
517 0.593442
513 0.614706
512 0.531373
511 0.680392
510 0.8882345
519 0.7534040000000001
518 0.6487898507706482
520 0.885294
521 0.561676849683304
522 0.9254899999999999
523 0.914706
524 0.488235
526 0.505735
530 0.79208
527 0.6241667289608063
528 0.260784
529 0.82549
525 0.8666670000000001
531 0.8437110000000001
533 0.7264710000000001
532 0.745197
534 0.692157
536 0.9676469999999999
535 0.543137
540 0.5503178869807887
539 0.815686
537 0.6056167868947739
538 0.3579819187518133
542 0.649523
541 0.6371666919795922
544 0.656915476928095
543 0.57451
545 0.7911765
546 0.841183
547 0.4807402209169323
548 0.53766
549 0.398039
550 0.479945443597701
551 0.5652339331216629
552 0.684328
553 0.6977177145764334
554 0.598635
555 0.625505
556 0.9029415
557 0.3465024278424046
558 0.201961
560 0.5945972509719202
559 0.77451
562 0.915686
561 0.939944
563 0.7706900020906049
564 0.711765
565 0.738491
566 0.884314
568 0.629412
569 0.7923629753405375
567 0.546440294656
570 0.7785578047753852
571 0.9382349999999999
573 0.9852945
572 0.6192510969859533
575 0.8653168980714523
574 0.621569
576 0.794118
577 0.386275
578 0.7019610000000001
579 0.8441175000000001
580 0.668627
581 0.613725
582 0.8543795
583 0.26336550000000003
584 0.20785500000000012
586 0.680392
585 0.720588
588 0.5505465
587 0.374528
590 0.363725
589 0.352941
591 0.2264705
592 0.3256752420752605
593 0.837255
594 0.786275
595 0.801961
596 0.727451
597 0.9093119999999999
598 0.9282465
599 0.5333793215467456
600 0.599308
602 0.4823535000000001
601 0.609804
603 0.5863805519246272
604 0.864894762976
605 0.48182889705469184
606 0.522762
607 0.43787321648519323
608 0.4998015
609 0.711765
610 0.7531056864639043
611 0.582353
612 0.8735295000000001
613 0.838236
614 0.5133952400999999
615 0.697059
616 0.5647055
617 0.5911770000000001
618 0.562745
619 0.652406
620 0.567186
621 0.6745099999999999
622 0.341714
623 0.779412
625 0.890568
624 0.43235193502499997
626 0.747059
627 0.493245
628 0.7323525
629 0.7578075
630 0.5617650000000001
631 0.343137
632 0.49875197854423825
633 0.42060549999999997
634 0.5345763977282093
635 0.492157
636 0.7264710000000001
637 0.47352900000000003
638 0.3632981993285039
639 0.295098
640 0.644118
641 0.966667
642 0.9804881184159999
643 0.528432
644 0.786275
645 0.848828665129
646 0.931373
647 0.923529
648 0.912012
649 0.900659
650 0.645098
651 0.939216
652 0.551248
653 0.6047925000000001
654 0.908823
655 0.6034279150820822
656 0.6481778597493423
657 0.75098
659 0.82647
658 0.3092165
660 0.6698934262582992
661 0.7852935000000001
662 0.908013
663 0.5010780836285232
664 0.4538267206526044
665 0.413725
666 0.378431
667 0.555882
668 0.6205875000000001
669 0.81979
670 0.3802802218208085
671 0.586275
672 0.311765
673 0.876471
674 0.512057
675 0.813725
676 0.821569
677 0.9159120000000001
678 0.6241335021647596
679 0.605882
680 0.735294
681 0.688235
682 0.7
683 0.40132036135140736
684 0.721291641361523
685 0.558824
686 0.3009805
687 0.754627
688 0.621569
689 0.770129
690 0.735665
691 0.885943812649
692 0.789762
693 0.845678873664
694 0.715686
696 0.731373
695 0.681373
697 0.868627
698 0.6345632100760333
699 0.837255
700 0.617647
701 0.8911770000000001
702 0.468627
703 0.937044
704 0.8441175000000001
705 0.876471
706 0.5080075534015582
707 0.8794124999999999
708 0.805882
709 0.48975311476017047
710 0.6497469607175935
711 0.7382463016647018
712 0.554902
713 0.40904399999999996
714 0.3162795862879589
715 0.49264725
716 0.8872786794910864
717 0.82647
718 0.57451
719 0.762745
720 0.390624
721 0.768329
722 0.727451
723 0.688235
724 0.480392
725 0.622251
726 0.6500005
727 0.7977704999999999
728 0.5
729 0.507616557401
730 0.8274509999999999
731 0.41603763916701897
732 0.405882
733 0.386275
734 0.9245518363006078
735 0.586275
736 0.5205885
737 0.704964
738 0.790196
739 0.915686
740 0.892157
741 0.880392
742 0.831318
743 0.801961
744 0.7029405
745 0.792508
746 0.758824
747 0.770588
748 0.5733134071437824
749 0.554149829057464
750 0.743137
751 0.833333
752 0.786275
753 0.954902
754 0.876471
755 0.786275
756 0.895331
757 0.8088191626498885
758 0.896078
759 0.888235
761 0.5615601195342863
760 0.856863
762 0.861765
763 0.962745
764 0.613725
765 0.769635989521
766 0.7546506967803052
767 0.9715680000000002
768 0.862995
769 0.797866
770 0.719608
771 0.86097
772 0.9911760000000001
773 0.997059
774 0.911845665744
775 0.8284320000000001
776 0.8888857400999999
778 0.7735289999999999
777 0.590196
779 0.680392
780 0.503922
781 0.47787155642245965
782 0.7029405
783 0.613725
784 0.44852925
785 0.40457079953095465
786 0.58332858642018
787 0.434371349481
788 0.8347849065398655
789 0.406093935025
790 0.739216
791 0.6308275
792 0.492157
793 0.907467
794 0.633333
795 0.590698
796 0.586275
797 0.535294
798 0.6785643837498645
799 0.6299191850410301
800 0.8065305
801 0.8888667899310995
802 0.860784
803 0.8970585
804 0.786474
806 0.8323535
805 0.763993
807 0.540657266436
808 0.621569
809 0.519608
810 0.6674435000000001
811 0.644118
812 0.2892155
813 0.64902
814 0.9088235
815 0.786275
816 0.7560609604
817 0.476471
818 0.606791
819 0.3907742236706723
820 0.9911774999999999
821 0.9382349999999999
822 0.627524229604
823 0.8735295000000001
824 0.5410021322728387
825 0.5147055
826 0.2459595
827 0.475958
828 0.894118
829 0.390196
830 0.356474865129
831 0.661764
832 0.527451
833 0.758824
834 0.45761301384100006
835 0.997059
837 0.9088235
836 0.68326
838 0.9036029999999999
839 0.8500000000000001
840 0.481741
841 0.755882
842 0.4442101416619541
843 0.663142645521
844 0.5735295
845 0.390196
846 0.9166664999999999
847 0.6762004215105527
848 0.4746705
849 0.523529
850 0.7323525
851 0.814706
852 0.813728
853 0.798039
854 0.362745
855 0.6029415
856 0.48765000000000003
857 0.5291849574009999
858 0.593219890770418
859 0.922892
860 0.3437716415060752
861 0.46989805639698773
862 0.601972
863 0.9057315
864 0.9464315800498163
865 0.556556641704261
866 0.805882
867 0.798039
868 0.9580725000000001
869 0.719608
870 0.304485447204
871 0.777942173664
872 0.838236
873 0.06725052661407352
874 0.885294
875 0.484314
876 0.8718524999999999
877 0.7285725000000001
878 0.472549
880 0.511765
879 0.696078
881 0.654638
882 0.601961
884 0.5893856250372197
885 0.62549
883 0.7200681909972717
886 0.57451
887 0.539071
888 0.4854605000000001
889 0.484314
890 0.40196100000000023
891 0.441176
892 0.5152730079087343
893 0.43261919262696347
894 0.5
895 0.6696428656398374
896 0.488347
897 0.6814337400999999
898 0.662692922949486
899 0.5250459216035952
900 0.645098
901 0.46828565059599997
902 0.838236
903 0.617647
904 0.562745
905 0.855882
906 0.755883
907 0.590255
908 0.885294
909 0.441176
910 0.472549
911 0.607418
912 0.8203629561810596
913 0.77451
914 0.75098
915 0.6116923387313811
916 0.735294
917 0.34437615137680233
918 0.562867
919 0.523529
920 0.691176
921 0.331373
922 0.5891235
923 0.7264710000000001
924 0.287024808174293
925 0.593137
926 0.37451
927 0.590196
928 0.37451
929 0.990196
930 0.385294
931 0.9029415
932 0.809804
933 0.762745
934 0.990196
935 0.978431
936 0.6224052173383071
937 0.554902
938 0.65387924230243
939 0.760124
940 0.680392
941 0.519608
942 0.9794115
943 0.990196
944 0.4892155
945 0.732312
946 0.680392
947 0.634488
948 0.516531127401
949 0.6264704999999999
950 0.8970585
951 0.523529
952 0.482635752793242
953 0.566667
954 0.632804311122654
955 0.75
956 0.6842588598762045
957 0.598039
958 0.691176
959 0.676471
960 0.6270919645389609
961 0.8617649999999999
962 0.805882
963 0.681955
964 0.8970585
965 0.61982
967 0.684314
966 0.688803
968 0.847059
969 0.9333340000000001
970 0.562745
971 0.696078
972 0.45237141854541313
973 0.916765159936
974 0.527451
975 0.5705499413002687
976 0.637255
977 0.7168037247455424
978 0.755883
979 0.8407699587458687
980 0.7516245461978257
981 0.731373
982 0.362745
983 0.672549
984 0.675449
985 0.7147064999999999
986 0.6450985
987 0.480882
988 0.62549
989 0.8205884999999999
990 0.535294
991 0.524115185764
992 0.14453114883427193
993 0.707843
995 0.782353
994 0.707843
996 0.84902
997 0.43146900076899997
998 0.46828565059599997
1000 0.64902
999 0.9911760000000001
1001 0.667647
1002 0.594118
1003 0.7210914535281232
1004 0.332353
1005 0.542578
1006 0.9499995000000001
1008 0.5
1007 0.515686
1009 0.754902
1010 0.4899418428828229
1011 0.7717185886357799
1012 0.77451
1013 0.726765
1014 0.49550618208400005
1016 0.82549
1017 0.627829
1015 0.660784
1018 0.3722256706089999
1019 0.6242150736431619
1020 0.680444
1021 0.609804
1023 0.5098035000000001
1022 0.775647
1024 0.5131296967360364
1025 0.6323535
1026 0.8543972029817278
1027 0.903922
1028 0.7812719099353904
1029 0.215597705625
1030 0.9264705
1031 0.6279479511798729
1032 0.7226205
1033 0.684314
1034 0.586275
1035 0.747059
1036 0.805882
1037 0.719608
1038 0.5197169526262251
1039 0.872549
1040 0.27820455740100003
1041 0.785325302386823
1042 0.7249871033515279
1043 0.6215694999999999
1044 0.669709
1045 0.688235
1046 0.9264705
1047 0.660784
1048 0.838236
1049 0.500235
1050 0.41132474999999996
1052 0.5274380705538898
1051 0.496078
1053 0.601961
1054 0.5678536360415205
1055 0.580411
1056 0.755883
1057 0.839677
1058 0.7583655400057906
1059 0.6330734999999998
1060 0.758824
1061 0.7970595
1062 0.42111786798252904
1063 0.766667
1064 0.7199847974286777
1065 0.5617650000000001
1066 0.628018
1067 0.8190124999999999
1068 0.696078
1069 0.652941
1070 0.41470650000000003
1071 0.816423
1072 0.578431
1073 0.665686
1074 0.689965
1075 0.919608
1076 0.6603374701438095
1077 0.719608
1078 0.860784
1079 0.84902
1080 0.8637065788082876
1081 0.813228
1082 0.6583538288358869
1083 0.6602401393934135
1084 0.586165
1085 0.766269
1086 0.801961
1087 0.386348021761
1088 0.758057
1089 0.7852166560237686
1090 0.429412
1091 0.5999273466263131
1092 0.696524
1093 0.641176
1094 0.8029410000000001
1096 0.5546
1095 0.3779456826279186
1097 0.75
1098 0.476471
1099 0.42549
1100 0.5158461270660887
1101 0.7259261218106127
1102 0.9029415
1103 0.605882
1104 0.586275
1105 0.821569
1106 0.43147819689999994
1107 0.379412
1108 0.78192
1109 0.754902
1110 0.506609415225
1111 0.9379014999999999
1112 0.590153520656898
1113 0.762745
1114 0.629412
1115 0.7395914456768444
1116 0.644118
1117 0.6205875000000001
1119 0.8128500000000001
1118 0.558824
1120 0.4210046237965604
1121 0.8610622717566173
1123 0.911765
1122 0.7560461209938429
1124 0.884314
1125 0.7985592514316017
1126 0.8194394862767985
1127 0.84902
1128 0.829412
1129 0.6617131598702088
1130 0.6336535024883347
1131 0.692157
1132 0.5020200000000001
1133 0.9382349999999999
1134 0.765051
1135 0.762745
1136 0.5722224427199036
1137 0.997059
1138 0.9676469999999999
1139 0.379412
1140 0.543137
1141 0.829243
1142 0.26511668149906065
1143 0.6499995000000001
1144 0.6622185
1145 0.697059
1146 0.511765
1147 0.75
1148 0.644118
1149 0.34595775
1150 0.41000365673622524
1151 0.855059
1152 0.445559
1153 0.590196
1154 0.55098
1155 0.480392
1156 0.6558825
1157 0.652941
1158 0.029069991549421085
1159 0.315116
1160 0.253237
1161 0.24737054259699387
1162 0.5906175
1163 0.304902
1164 0.375964
1165 0.4676475
1166 0.2676465
1167 0.94902
1168 0.394118
1169 0.502681231198044
1170 0.944118
1171 0.8794124999999999
1172 0.769057
1173 0.77451
1174 0.758824
1175 0.55098
1176 0.727106
1177 0.59532559003955
1178 0.8520225126490001
1179 0.656863
1180 0.42549
1181 0.488235
1182 0.413725
1183 0.570588
1184 0.445098
1185 0.884314
1186 0.723951
1187 0.6166253866292456
1188 0.741065
1189 0.860784
1191 0.801961
1190 0.817647
1192 0.9676469999999999
1193 0.692157
1194 0.367647
1195 0.739905
1196 0.6024814423223996
1197 0.578431
1198 0.8619585000000001
1199 0.827865
1201 0.966667
1200 0.672549
1202 0.884314
1203 0.754902
1204 0.947059
1205 0.570588
1206 0.4183938435605
1207 0.994118
1208 0.809804
1209 0.911765
1210 0.570701
1211 0.896078
1212 0.554902
1213 0.6115965
1214 0.4382355
1216 0.4931375
1215 0.566667
1217 0.713065
1218 0.707843
1220 0.860784
1219 0.543137
1221 0.845098
1222 0.743137
1223 0.348039
1224 0.5930510925997929
1225 0.6895421769662342
1226 0.825678273664
1227 0.6249209957955344
1228 0.507843
1229 0.5102895000000001
1230 0.507843
1231 0.5239846317907272
1233 0.46545074999999997
1232 0.7461734999999999
1234 0.6291290248436723
1236 0.660784
1235 0.7218030258981671
1237 0.475242
1238 0.8029410000000001
1240 0.5331325310758417
1239 0.9107344725017796
1241 0.609804
1243 0.8794124999999999
1242 0.605882
1244 0.627451
1245 0.409599
1246 0.3156421316327012
1249 0.8270484199646354
1247 0.690599
1250 0.6736013533717322
1248 0.45788
1251 0.711765
1252 0.829412
1254 0.527506
1253 0.847599
1255 0.801961
1256 0.578431
1257 0.792667
1258 0.755883
1259 0.3243374272958391
1260 0.515686
1261 0.707843
1263 0.7037568216789566
1262 0.633333
1264 0.4450080750927417
1265 0.903922
1266 0.986275
1267 0.747716466436
1268 0.92905
1269 0.927451
1270 0.813725
1272 0.900899
1271 0.923529
1273 0.8373999999999999
1274 0.903922
1275 0.962745
1277 0.4441175
1276 0.9166395936703718
1278 0.570588
1279 0.9294119999999999
1280 0.566667
1281 0.809804
1282 0.778431
1283 0.7353776524575655
1284 0.7
1285 0.801961
1286 0.716481764653874
1287 0.503922
1288 0.480392
1290 0.6571869725756007
1289 0.8199285
1291 0.503922
1293 0.697059
1292 0.279412
1294 0.4943257634454036
1296 0.37451
1295 0.633333
1297 0.717566
1298 0.645098
1299 0.9851745000000001
1300 0.629412
1301 0.660784
1302 0.7264710000000001
1303 0.9710759999999999
1304 0.5655787437058343
1305 0.511765
1306 0.691176
1307 0.527451
1308 0.722282635503056
1309 0.644118
1310 0.745099
1311 0.6771889346773295
1312 0.492157
1313 0.8579008990709396
1315 0.7288685149776342
1314 0.758431
1316 0.5689234425921369
1317 0.7259099999999999
1318 0.721728
1319 0.9323535000000001
1320 0.6499995000000001
1321 0.6011994559327059
1322 0.5500005
1323 0.488235
1324 0.300674
1325 0.464706
1326 0.26937
1327 0.492157
1328 0.4592200387150115
1329 0.621569
1330 0.786275
1331 0.786275
1332 0.855882
1333 0.22549
1334 0.645039
1335 0.660784
1336 0.645098
1337 0.875401
1338 0.6948762921255803
1339 0.452941
1340 0.820999
1341 0.613725
1342 0.608632671188323
1343 0.837241381156
1344 0.297059
1345 0.684314
1346 0.6132120000000001
1347 0.711765
1348 0.852736
1349 0.758824
1350 0.9676469999999999
1351 0.424985
1352 0.668627
1353 0.641176
1354 0.7735289999999999
1355 0.605882
1356 0.908823
1357 0.885294
1358 0.558824
1359 0.794118
1360 0.687841
1361 0.907645
1362 0.884314
1363 0.8099538064289017
1364 0.852941
1365 0.837255
1366 0.75
1367 0.786275
1368 0.9279164296039999
1369 0.6524560834513436
1370 0.661764
1371 0.731373
1372 0.723529
1373 0.7858649979221465
1374 0.7229510911224101
1375 0.813725
1376 0.7779762201150581
1377 0.677451
1378 0.64902
1379 0.715686
1380 0.841176
1381 0.817647
1382 0.9676469999999999
1383 0.3284315
1384 0.476471
1385 0.6906419144013777
1386 0.5467215
1387 0.832353
1388 0.832353
1389 0.687681997924
1390 0.51918
1391 0.540806
1392 0.629412
1393 0.7
1394 0.9158115
1395 0.838236
1396 0.409804
1397 0.523529
1398 0.414398
1399 0.1921565
1400 0.394118
1401 0.39096299999999995
1402 0.46176449999999997
1403 0.28101074701657086
1404 0.6113999999999999
1405 0.484314
1406 0.232353
1407 0.563733
1408 0.252941
1409 0.618669
1410 0.8245357042239531
1412 0.775815
1411 0.832353
1413 0.821569
1414 0.7886692803722672
1415 0.808824
1416 0.3460785
1418 0.997059
1417 0.633333
1419 0.540657266436
1420 0.883855488889
1421 0.731376265129
1422 0.38370011347478133
1423 0.809804
1424 0.9457365
1425 0.8038349978500735
1426 0.8037975591662556
1427 0.696078
1428 0.672549
1429 0.755883
1430 0.5911770000000001
1431 0.441176
1432 0.507843
1433 0.3728707754996266
1434 0.472549
1435 0.119626
1436 0.909804
1437 0.3166819350250001
1438 0.42058799999999996
1439 0.472549
1440 0.444117
1441 0.6164040000000001
1442 0.496078
1443 0.7911765
1444 0.6029415
1445 0.502941
1447 0.5441175
1446 0.585294
1448 0.42972
1449 0.2522069604
1450 0.594118
1451 0.241176
1452 0.3029415
1453 0.267647
1454 0.4343135
1455 0.28963939336354094
1456 0.4899631652766312
1457 0.868627
1458 0.525513355929
1459 0.7217962775114135
1460 0.685745
1461 0.813725
1462 0.798039
1463 0.828168
1464 0.9499995000000001
1465 0.57451
1466 0.731373
1467 0.535294
1468 0.5390595
1469 0.7656864999999999
1471 0.397059
1470 0.57451
1472 0.337667
1473 0.732467
1474 0.676471
1475 0.9676469999999999
1476 0.7911765
1477 0.8022435
1478 0.441176
1479 0.472549
1480 0.44925900438064
1481 0.4939840048404677
1482 0.35721971207635544
1483 0.328231
1484 0.1990195
1485 0.479412
1486 0.6745099999999999
1487 0.3904200459250983
1488 0.37451
1489 0.9051430572026702
1490 0.8379509915906975
1491 0.472549
1492 0.8274140869945454
1493 0.7303379999999999
1494 0.433333
1495 0.757881997924
1496 0.582353
1497 0.5205885
1498 0.9107850000000001
1499 0.362745
1500 0.280392
1501 0.366667
1502 0.311765
1503 0.533118173064925
1504 0.217647
1505 0.660784
1506 0.8186275
1507 0.735294
1508 0.660784
1509 0.703922
1510 0.533082
1511 0.759343382084
1512 0.42770085435110683
1513 0.4386664657256552
1514 0.328338
1515 0.75
1516 0.8627450000000001
1517 0.6852945
1518 0.41099692120786824
1519 0.8147065
1520 0.555882
1521 0.674498
1522 0.685691
1523 0.8694945000000001
1524 0.601961
1525 0.6144284313024373
1526 0.75
1527 0.382353
1529 0.6470730570190676
1528 0.6205875000000001
1530 0.531373
1531 0.366667
1532 0.508824
1533 0.48529350000000004
1534 0.37353
1535 0.656863
1536 0.5666665
1537 0.656863
1538 0.990196
1539 0.9431375
1541 0.9650174166090001
1540 0.669608
1542 0.978431
1543 0.8648775
1544 0.97451
1545 0.936675
1546 0.970588
1547 0.67353
1549 0.833333
1548 0.4813725
1550 0.91987
1551 0.601961
1552 0.6474608568573212
1553 0.8688962392527265
1554 0.17303925
1555 0.9343135
1556 0.6065325
1557 0.673919433520804
1558 0.5349064651290001
1559 0.739216
1560 0.7364231607710819
1561 0.707843
1562 0.8913165000000001
1563 0.421569
1564 0.713583
1565 0.590324
1567 0.747724
1566 0.578431
1568 0.8573202171587275
1569 0.642819
1570 0.37665837562499993
1571 0.755883
1572 0.515686
1573 0.462457
1575 0.585294
1576 0.5441175
1577 0.455882
1574 0.526436090176
1578 0.4531732801140233
1579 0.27307499999999996
1580 0.25340495849916256
1581 0.362745
1582 0.38201957449275586
1583 0.5177066756434091
1584 0.3185020818591389
1586 0.889734
1585 0.810784
1587 0.696078
1588 0.852941
1589 0.821569
1590 0.711765
1591 0.786275
1592 0.8278365282436
1593 0.754902
1594 0.755055917492393
1595 0.739216
1596 0.707843
1598 0.808824
1597 0.515686
1599 0.817647
1600 0.7634307315334856
1602 0.541176
1601 0.676471
1603 0.582353
1604 0.6910866780568604
1605 0.798039
1606 0.57451
1607 0.5266244211408104
1608 0.45136773719038703
1609 0.703922
1610 0.680392
1611 0.656863
1612 0.5492117898009231
1613 0.9558825
1614 0.3174335841
1615 0.8014620112133342
1616 0.908823
1617 0.531373
1619 0.620251243721244
1618 0.551127624270585
1620 0.5892459999999999
1621 0.44902
1622 0.531537
1623 0.858481650596
1624 0.07531778445278774
1625 0.64902
1626 0.7813730000000001
1627 0.260784
1628 0.598039
1629 0.696078
1630 0.429412
1631 0.315686
1632 0.614706
1633 0.6766749046947631
1634 0.9676469999999999
1635 0.7449172121028506
1636 0.7995014999999999
1637 0.7936785383980749
1638 0.7536735000000001
1639 0.7260316249069894
1640 0.7088235
1641 0.7286533154998214
1642 0.488235
1643 0.543137
1644 0.5
1645 0.38930643689481564
1646 0.832353
1647 0.4669270000000003
1648 0.524016160159551
1649 0.649445797924
1650 0.5592369982295428
1651 0.734213
1652 0.702551
1653 0.808824
1654 0.613725
1655 0.755883
1656 0.554902
1657 0.28230648847887957
1658 0.5382359999999999
1659 0.7407
1660 0.7089315
1661 0.44902
1662 0.432964
1663 0.8500005
1664 0.413725
1665 0.729777
1666 0.641176
1667 0.5244007404526042
1668 0.809804
1669 0.594325
1670 0.4649921927530646
1671 0.723529
1672 0.5291849574009999
1673 0.267647
1674 0.660784
1675 0.5984095
1676 0.404412
1677 0.652941
1678 0.7048825
1679 0.696078
1680 0.27549
1681 0.9794115
1682 0.798039
1683 0.6413198901023076
1684 0.809586
1685 0.656863
1686 0.596302
1687 0.572081
1688 0.6084815717119816
1690 0.543137
1689 0.601961
1691 0.562745
1692 0.3362745
1693 0.624462
1694 0.9166402550560001
1695 0.692157
1696 0.9676469999999999
1697 0.363132
1698 0.672549
1699 0.841176
1701 0.794118
1700 0.5595590635555074
1702 0.6376430851961594
1703 0.4396130359412481
1704 0.080834450596
1705 0.31729104012890647
1706 0.49705728456566767
1707 0.653012
1708 0.615017656748936
1709 0.3264705
1710 0.454902
1711 0.5280419282240164
1712 0.190196
1713 0.630623397924
1714 0.52119
1716 0.691469
1715 0.944118
1717 0.5388331709966323
1718 0.507843
1719 0.6078435
1720 0.5480143785627052
1721 0.8840235000000001
1722 0.7088235
1723 0.434202
1724 0.49397199787713264
1725 0.8441175000000001
1726 0.539216
1727 0.688235
1728 0.413725
1729 0.511765
1730 0.601961
1731 0.680392
1732 0.493062682493455
1733 0.62549
1734 0.429412
1735 0.832353
1736 0.7088235
1738 0.62549
1737 0.527232
1739 0.531373
1740 0.492157
1741 0.511765
1742 0.503922
1743 0.672549
1744 0.535294
1745 0.9911760000000001
1746 0.421569
1747 0.9026219999999999
1748 0.42196897530132554
1749 0.6774505000000001
1750 0.390196
1751 0.5794125
1752 0.3747952712339543
1753 0.4192649604
1754 0.3044857529567955
1755 0.46176449999999997
1756 0.6598044999999999
1757 0.205882
1758 0.292157
1759 0.661764
1760 0.2776791280290155
1761 0.880392
1762 0.7871412328100127
1763 0.837255
1764 0.7545128651290001
1765 0.762745
1766 0.6256591685519304
1767 0.586275
1768 0.542426
1769 0.40207100000000007
1770 0.745625
1771 0.40111068888900003
1772 0.97353
1773 0.3024785
1774 0.7220683783849122
1775 0.77451
1776 0.433333
1777 0.64902
1778 0.8970615000000001
1779 0.7668540959928074
1780 0.809804
1781 0.944118
1782 0.5042795483577448
1783 0.837759
1784 0.962745
1785 0.841176
1786 0.817778088889
1787 0.9112916979489625
1788 0.6455234999999999
1789 0.762745
1790 0.754635
1791 0.8484071604411004
1792 0.477451
1793 0.790196
1794 0.856863
1796 0.8735295000000001
1795 0.3426175025590199
1797 0.652941
1798 0.468627
1800 0.6076481386863618
1799 0.4957822192398891
1801 0.688302
1802 0.672601
1804 0.644118
1803 0.34714995590006437
1805 0.858823
1806 0.373817
1807 0.42058799999999996
1808 0.413725
1809 0.647287
1810 0.972738375625
1811 0.9882705979239998
1812 0.864706
1813 0.8521056178162032
1814 0.990196
1815 0.598039
1816 0.93126
1817 0.972738375625
1818 0.966667
1819 0.8291481248999657
1820 0.912414
1821 0.621569
1822 0.914706
1823 0.9804881184159999
1824 0.978431
1825 0.778431
1827 0.767999
1826 0.9264705
1828 0.62549
1829 0.712562
1830 0.5213413216956975
1831 0.64656
1832 0.6858898169567732
1833 0.304902
1834 0.594118
1835 0.75
1836 0.558824
1837 0.350313
1839 0.7001798286490407
1840 0.904902
1838 0.585294
1841 0.8892222590538645
1842 0.811599
1843 0.813725
1844 0.790196
1845 0.9261303820040039
1846 0.528673
1847 0.508315
1848 0.406863
1849 0.680392
1850 0.6586235849983482
1852 0.8676465
1851 0.629691983455668
1853 0.5903700015096901
1854 0.5112502381463901
1856 0.914706
1857 0.9792525000000001
1855 0.3892155
1859 0.56239
1858 0.8747620809611543
1860 0.6549706981420365
1861 0.726374
1862 0.684314
1863 0.8147055
1864 0.9807584999999999
1865 0.5735295
1866 0.9277605
1867 0.7924176596048657
1868 0.8794124999999999
1870 0.633333
1869 0.9205874999999999
1872 0.7681875
1871 0.7823525000000002
1873 0.904777
1874 0.7012311480548185
1875 0.758824
1876 0.7839428037346433
1877 0.8137759068950516
1878 0.794118
1879 0.78342
1880 0.908823
1881 0.613725
1882 0.6205875000000001
1883 0.585294
1885 0.688235
1884 0.696078
1886 0.7029405
1887 0.813725
1888 0.755697
1889 0.7
1890 0.6662194289206322
1891 0.813129473664
1892 0.562745
1893 0.446411
1895 0.7147064999999999
1894 0.6794115
1896 0.48529350000000004
1897 0.3467302025955761
1898 0.3817820487909299
1899 0.398039
1900 0.5095065
1901 0.6794115
1902 0.3852945
1903 0.544085438910337
1904 0.3558825
1906 0.998039
1905 0.812091693382496
1907 0.929591
1908 0.668627
1909 0.5356075
1910 0.998039
1911 0.972738375625
1912 0.8441175000000001
1913 0.998039
1914 0.787938474751649
1915 0.8617649999999999
1916 0.994118
1917 0.6880405202738579
1918 0.37223952533994537
1919 0.998039
1920 0.998039
1922 0.9382360000000001
1921 0.5903585195530395
1923 0.9985080000000001
1924 0.758824
1925 0.805882
1926 0.57451
1927 0.914767512649
1928 0.351961
1929 0.617647
1930 0.8794124999999999
1931 0.445698
1932 0.5970584999999999
1933 0.8147055
1934 0.779412
1935 0.536053
1936 0.923036688889
1937 0.8959850304041543
1938 0.852941
1939 0.939216
1940 0.7960134437880639
1941 0.821569
1942 0.688734432300772
1943 0.782353
1944 0.770588
1945 0.876471
1946 0.594118
1947 0.312357465129
1949 0.715686
1948 0.779412
1950 0.49730392519305094
1951 0.821569
1952 0.680392
1953 0.688235
1954 0.7187084657439999
1955 0.598039
1956 0.707843
1957 0.6098040000000002
1958 0.525584
1959 0.9205874999999999
1960 0.502554180740412
1961 0.6453088107422278
1962 0.578431
1963 0.543137
1964 0.539216
1965 0.5940338751488281
1966 0.7852935000000001
1967 0.672549
1968 0.7735289999999999
1969 0.552966478919354
1970 0.817647
1971 0.711765
1972 0.778431
1973 0.754902
1974 0.772865
1975 0.755222
1976 0.8500005
1977 0.9499995000000001
1978 0.672549
1979 0.690687
1980 0.680392
1981 0.617647
1982 0.44558850000000005
1983 0.747059
1984 0.6429404763518525
1986 0.626184177124
1985 0.9794115
1987 0.85909
1988 0.880392
1989 0.719608
1990 0.809804
1991 0.825453
1992 0.692157
1993 0.52451
1994 0.6018180457506636
1996 0.9499995000000001
1997 0.911203688889
1999 0.82549
1998 0.743137
1995 0.735294
2000 0.6495663687761998
2001 0.896078
2002 0.994118
2003 0.764442
2004 0.947059
2005 0.829412
2007 0.888075
2008 0.711765
2006 0.910968
2009 0.7852935000000001
2010 0.7829735
2011 0.5664309119635244
2013 0.484314
2012 0.562745
2015 0.9315375000000001
2014 0.7611752907724018
2016 0.758327
2017 0.551934
2018 0.81
2019 0.767114738462246
2020 0.7208349604
2021 0.864706
2022 0.481101
2024 0.817647
2023 0.8597599467044367
2025 0.5758138629760001
2026 0.5858606951269787
2028 0.885294
2027 0.759871
2029 0.57528
2030 0.6016847463432153
2031 0.618290433410586
2032 0.747059
2033 0.633333
2034 0.578431
2035 0.8735295000000001
2036 0.855882
2037 0.5815638251513472
2039 0.4589495
2038 0.6197749675055639
2040 0.3205875
2041 0.532353
2042 0.5617650000000001
2043 0.14952888692635233
2044 0.378872246827894
2045 0.3709672996879679
2046 0.36027924674907846
2047 0.6029415
2048 0.314706
2049 0.696078
2051 0.7214735360140059
2050 0.697164
2052 0.770588
2053 0.911781
2054 0.5457724006642898
2055 0.7516455
2056 0.6951743762023549
2057 0.972738375625
2058 0.903922
2059 0.75098
2060 0.7890140000000001
2061 0.6735300000000002
2063 0.935294
2062 0.9127450000000001
2064 0.876471
2065 0.41110666297599996
2066 0.649217
2067 0.5328270637743606
2068 0.692157
2069 0.7455280660399938
2070 0.715686
2071 0.9993974999999999
2072 0.554902
2073 0.503922
2074 0.7323525
2075 0.4607840000000001
2076 0.5272650064440182
2078 0.621569
2077 0.7029405
2079 0.62549
2080 0.497025
2081 0.681713
2082 0.9029415
2083 0.8794124999999999
2084 0.668627
2085 0.653679
2086 0.5748796145532227
2087 0.8794124999999999
2088 0.708823
2089 0.519691
2090 0.5
2091 0.473758
2092 0.6952051943636366
2093 0.6499995000000001
2094 0.291302
2095 0.625828
2096 0.666667
2097 0.7204988287388296
2098 0.778431
2099 0.914706
2100 0.566667
2101 0.609804
2102 0.8676465
2103 0.455614
2104 0.8911770000000001
2105 0.312666
2106 0.5500005
2107 0.7911765
2108 0.7382355
2109 0.527465
2110 0.478633
2111 0.9911760000000001
2112 0.48184649999999996
2113 0.772735
2114 0.8735295000000001
2116 0.75
2115 0.937255
2117 0.8617649999999999
2118 0.687463
2119 0.798039
2120 0.676471
2121 0.240864
2122 0.9499995000000001
2123 0.9382349999999999
2124 0.629412
2125 0.507843
2126 0.6609414875995706
2127 0.562745
2128 0.8633829604
2129 0.746875
2130 0.790196
2131 0.7334769999999999
2132 0.936955
2133 0.668627
2134 0.6707715066553521
2135 0.370813
2136 0.257843
2137 0.41029424999999997
2138 0.456863
2139 0.9415880000000001
2140 0.492157
2141 0.9177849152249999
2142 0.617541
2143 0.302941
2144 0.394118
2145 0.911765
2146 0.86479962052741
2147 0.845098
2148 0.829412
2149 0.703922
2150 0.8564156831212768
2151 0.406093935025
2152 0.801961
2153 0.676471
2154 0.735294
2155 0.7868755766562656
2156 0.561382
2157 0.6347050062941313
2158 0.731373
2159 0.9181558211248202
2160 0.5178356736640001
2161 0.731373
2162 0.872549
2163 0.852941
2164 0.47503938257329886
2165 0.8976537441443294
2166 0.998039
2167 0.547059
2168 0.682932
2169 0.6990718701552441
2170 0.8617649999999999
2171 0.998039
2172 0.8616790000000001
2173 0.562745
2174 0.914706
2175 0.766667
2176 0.998039
2177 0.747059
2178 0.580066
2179 0.6098040000000002
2180 0.515686
2181 0.6199765677187924
2182 0.779412
2183 0.85458
2184 0.5874266001786237
2185 0.42058799999999996
2186 0.6499995000000001
2187 0.394118
2188 0.558516
2189 0.360748565761
2190 0.333047
2191 0.27549
2192 0.311765
2193 0.84902
2194 0.739216
2195 0.5704362857142858
2196 0.513725
2197 0.7
2198 0.9911760000000001
2199 0.9676469999999999
2200 0.739216
2201 0.5036576625158594
2202 0.660784
2203 0.519608
2204 0.944118
2205 0.362745
2206 0.2980395
2207 0.3943819954940094
2208 0.8715685
2209 0.660784
2210 0.9205874999999999
2211 0.9323535000000001
2212 0.7617645000000001
2213 0.5189800436495672
2214 0.7313221352589774
2215 0.6323535
2216 0.580033747685964
2217 0.4470585
2218 0.621569
2219 0.67353
2220 0.667647
2221 0.413725
2222 0.7617645000000001
2223 0.4006509920241296
2224 0.398039
2225 0.879552
2226 0.747059
2227 0.758824
2228 0.5947508556998188
2229 0.676471
2230 0.7966306822530752
2231 0.8676465
2232 0.47794125
2233 0.717956
2234 0.652941
2235 0.684314
2236 0.337171
2237 0.988899
2238 0.7010979528831178
2239 0.593557008186456
2240 0.609804
2241 0.6384083345493
2242 0.951567
2243 0.613725
2244 0.77451
2245 0.832353
2246 0.692157
2247 0.57451
2248 0.609804
2249 0.9264705
2250 0.272549
2251 0.9264705
2252 0.6594957617526818
2254 0.554902
2253 0.6093767638533789
2255 0.519608
2256 0.699034935025
2257 0.860784
2258 0.885057
2259 0.7341021323701427
2260 0.6707248624162446
2261 0.821569
2262 0.778431
2263 0.672633
2264 0.798039
2265 0.715686
2266 0.596874
2267 0.44902
2268 0.43371300000000024
2269 0.731373
2270 0.5970584999999999
2271 0.809226
2272 0.719608
2273 0.896078
2274 0.994118
2275 0.994118
2276 0.7060301077652575
2277 0.7006931615103242
2278 0.931373
2279 0.535294
2280 0.770588
2281 0.696078
2282 0.9220728028098673
2283 0.896078
2284 0.994118
2285 0.5357210025490948
2286 0.6203234277980184
2287 0.9882705979239998
2288 0.6313360979239999
2289 0.5639709603999999
2290 0.359804
2292 0.766667
2291 0.708823
2293 0.6419607162005709
2294 0.582353
2295 0.855467363794368
2297 0.5888656721647136
2296 0.641176
2298 0.5194126316969326
2299 0.539216
2300 0.9852945
2301 0.760057549481
2302 0.6916089791508517
2304 0.6552618789308308
2303 0.766667
2305 0.817647
2306 0.5617886142757059
2307 0.680392
2308 0.9558825
2309 0.7777502983168676
2310 0.4789264927526132
2311 0.771548
2312 0.58503
2313 0.56169
2314 0.7029405
2316 0.6619428517115777
2315 0.691176
2317 0.3655729266589636
2318 0.6197445
2319 0.601961
2320 0.5065315
2321 0.7388895477949777
2324 0.9676469999999999
2323 0.613725
2322 0.766667
2325 0.884647
2326 0.609804
2327 0.33913501660900003
2328 0.67353
2329 0.5481201391781428
2330 0.5795333709876708
2331 0.47123550000000003
2332 0.6488741373058329
2333 0.532353
2334 0.343137
2335 0.531434012649
2336 0.44999999999999996
2337 0.833333
2338 0.911765
2339 0.834569
2340 0.829412
2341 0.743137
2342 0.763773
2343 0.749323
2344 0.2637255
2345 0.692157
2346 0.347039
2348 0.8526835447668759
2347 0.641176
2349 0.652941
2350 0.578431
2351 0.9323535000000001
2352 0.33006174009999995
2353 0.892157
2354 0.876471
2355 0.997059
2357 0.821569
2356 0.961764
2358 0.641176
2359 0.594118
2360 0.5509242820419127
2361 0.295098
2362 0.735294
2363 0.582353
2364 0.7127450000000001
2365 0.8676465
2366 0.49879414111702103
2367 0.813725
2368 0.731373
2369 0.857906
2370 0.833333
2371 0.914706
2372 0.719845
2373 0.425062
2374 0.692157
2375 0.813725
2376 0.688235
2377 0.693495
2378 0.6372555
2379 0.660784
2380 0.8231489261743659
2381 0.497058
2382 0.9470129999999999
2383 0.833333
2385 0.5595926572336661
2384 0.9558825
2386 0.77679
2387 0.908823
2388 0.8205884999999999
2389 0.503922
2390 0.456863
2391 0.890196
2393 0.6205875000000001
2392 0.6611702950343284
2395 0.4490128269432071
2394 0.549444
2396 0.507843
2397 0.5205885
2398 0.720588
2399 0.755883
2400 0.28346575268201885
2401 0.911765
2402 0.8911890636512382
2403 0.872549
2405 0.84902
2404 0.801961
2406 0.9323535000000001
2407 0.801961
2408 0.739216
2409 0.7627460000000001
2410 0.742348
2411 0.711765
2412 0.731373
2413 0.731373
2414 0.633333
2415 0.401961
2417 0.864706
2416 0.8970585
2418 0.856863
2419 0.8636165310111694
2420 0.8470013587192373
2421 0.821569
2422 0.768122
2423 0.6089064434510455
2424 0.735294
2425 0.712054
2426 0.7295715
2427 0.681308
2428 0.7587488750291939
2430 0.609804
2429 0.9794115
2432 0.652941
2433 0.743137
2431 0.6423562361131746
2434 0.613725
2435 0.645098
2436 0.7414551391309862
2437 0.578431
2438 0.703922
2439 0.3931375
2440 0.664706
2441 0.8260090577133521
2443 0.6952002403025093
2442 0.737998
2444 0.705929
2445 0.456863
2446 0.682335061824
2447 0.727451
2448 0.697821
2449 0.9
2450 0.357650645521
2451 0.8205884999999999
2452 0.652941
2453 0.817647
2454 0.8095424070511179
2455 0.75098
2456 0.8676465
2457 0.429412
2458 0.554902
2459 0.519608
2460 0.6625379439165302
2461 0.6191510883443555
2462 0.4516924756237183
2463 0.6712988443611491
2464 0.484314
2465 0.3362745
2466 0.801961
2467 0.7339597397036786
2468 0.531373
2469 0.801534613841
2470 0.450484261609888
2471 0.554244
2472 0.8205884999999999
2474 0.7031870505960001
2473 0.36666087940652553
2475 0.488235
2476 0.445098
2478 0.40353094484574065
2479 0.914229
2477 0.437255
2480 0.29366
2481 0.790458
2482 0.770588
2483 0.731373
2484 0.6354389727936987
2485 0.308823
2486 0.8579239657439999
2487 0.6605645301420658
2488 0.3524978759175957
2490 0.504439
2491 0.3503479457387026
2489 0.620296917301963
2492 0.30763026298599644
2493 0.526723
2494 0.291177
2495 0.652941
2496 0.2068625
2497 0.766667
2498 0.829412
2499 0.711765
2501 0.7705347283765022
2500 0.523529
2502 0.703922
2503 0.57451
2505 0.40111068888900003
2504 0.543171197924
2506 0.464706
2507 0.720588
2508 0.339216
2509 0.519608
2510 0.519608
2511 0.6368875682671538
2512 0.488235
2513 0.744117
2514 0.507605663419589
2515 0.682302
2516 0.997059
2517 0.641176
2518 0.882352
2520 0.800465
2519 0.962745
2521 0.601961
2522 0.954902
2523 0.743137
2524 0.731373
2525 0.805882
2526 0.4341041739055095
2527 0.6879242657440001
2528 0.6506530809730072
2529 0.6212764152249999
2530 0.939216
2531 0.927451
2532 0.753659
2533 0.9
2534 0.790196
2535 0.9216677623268127
2536 0.766667
2537 0.8745100000000001
2538 0.9382355
2539 0.7511242164338843
2540 0.594118
2541 0.878175224016
2542 0.5838785087068626
2543 0.6124640687665195
2544 0.633333
2545 0.990196
2546 0.990196
2547 0.8213871934548692
2548 0.986275
2549 0.82549
2550 0.82549
2551 0.978431
2552 0.958824
2553 0.97451
2554 0.97451
2555 0.62549
2556 0.970588
2558 0.833688
2557 0.966667
2559 0.802942
2560 0.558824
2561 0.5957633075877571
2562 0.7
2563 0.5779133250058099
2564 0.2536952401331114
2565 0.22566973528014553
2566 0.889072
2567 0.9808064999999999
2568 0.6952294459409906
2569 0.6049855924689342
2570 0.766667
2571 0.75098
2572 0.307737
2573 0.28836
2574 0.676472
2575 0.5205885
2577 0.668504
2576 0.7
2578 0.747059
2579 0.707843
2581 0.476471
2580 0.7564988301991947
2582 0.8911770000000001
2583 0.503922
2584 0.6068625000000001
2585 0.46286067542350057
2586 0.25
2587 0.4713000185083807
2588 0.437255
2589 0.780393
2591 0.8051655
2590 0.41704
2592 0.401961
2593 0.857125
2594 0.633160490099713
2595 0.813725
2596 0.26047
2597 0.766667
2598 0.1441175
2599 0.5927353423814037
2600 0.578465597924
2601 0.535294
2603 0.194118
2602 0.5003140850328001
2604 0.615448
2606 0.398039
2605 0.770259
2607 0.743137
2608 0.5466170865825546
2609 0.2931375
2610 0.7635491578293001
2611 0.8419095000000001
2612 0.460784
2613 0.4563312658731954
2614 0.503922
2615 0.452941
2616 0.31481775
2617 0.508824
2618 0.8724120926133943
2619 0.41615155932464476
2620 0.5617650000000001
2622 0.7911759999999999
2621 0.5147055
2623 0.523529
2624 0.4228076418885985
2625 0.884314
2627 0.833337
2626 0.856866
2628 0.855135
2629 0.798039
2630 0.9400034680076297
2631 0.743137
2632 0.251977
2633 0.366667
2634 0.366667
2636 0.5518885512967627
2635 0.656863
2637 0.6032629715577313
2639 0.456863
2638 0.5500005
2640 0.42058799999999996
2641 0.8529058138410001
2642 0.907843
2644 0.9499995000000001
2643 0.786275
2645 0.624596183414799
2646 0.7273508637394335
2647 0.939216
2649 0.31583476367616276
2648 0.762516311588808
2651 0.845678873664
2650 0.868627
2652 0.830673
2653 0.7342564152250001
2654 0.5826909607747496
2655 0.37254375
2656 0.5991380036099775
2657 0.3536693169156526
2658 0.7009959350249999
2659 0.6665727651867174
2660 0.922751
2661 0.77451
2662 0.5843140000000002
2663 0.47667294086425926
2664 0.62549
2665 0.46071242256399997
2666 0.601961
2667 0.9598965
2668 0.549594
2669 0.8911770000000001
2670 0.508824
2671 0.533104
2672 0.8550502700493644
2673 0.621569
2674 0.798039
2675 0.817647
2676 0.763053
2677 0.994118
2678 0.994118
2679 0.6617650000000002
2680 0.6797733651568489
2681 0.994118
2682 0.6323525000000001
2683 0.8636265000000001
2684 0.560258
2685 0.5792284715318866
2686 0.994118
2688 0.44810300000000014
2687 0.4756916760714913
2689 0.688235
2690 0.5832867746123653
2691 0.856863
2692 0.770588
2693 0.912215
2694 0.931373
2695 0.7676475
2696 0.8303929999999999
2698 0.9350259999999999
2697 0.57451
2699 0.896078
2700 0.892157
2701 0.559758
2702 0.994118
2703 0.8029410000000001
2704 0.5711144218737595
2705 0.791984
2706 0.713269
2707 0.722684
2708 0.577932976153757
2709 0.622136
2710 0.9676469999999999
2711 0.28653966643600004
2712 0.9499995000000001
2713 0.609804
2714 0.47416749999999985
2715 0.8088109079909794
2716 0.875844185344
2717 0.7241212280077832
2718 0.519608
2719 0.707843
2720 0.358824
2721 0.745563
2722 0.813725
2723 0.7836787679870284
2724 0.492157
2725 0.693432591076
2726 0.711765
2729 0.7
2727 0.5083520073449325
2728 0.7345814025279103
2730 0.10585711993902942
2731 0.997059
2732 0.453738
2733 0.7165965000000001
2734 0.668267
2735 0.683184836233869
2736 0.8205884999999999
2737 0.715686
2738 0.813725
2739 0.563609046121
2740 0.944118
2741 0.641176
2743 0.993471
2742 0.7227500000000002
2744 0.8617649999999999
2745 0.539216
2747 0.625584
2746 0.42647100000000004
2749 0.944118
2750 0.7889424148800575
2748 0.944118
2751 0.855882
2752 0.9264705
2754 0.5249350265759999
2753 0.804394
2755 0.676471
2756 0.5122064505960001
2759 0.528911740704757
2757 0.633972
2758 0.556268
2760 0.5321580240553698
2761 0.7852935000000001
2762 0.710105032033947
2763 0.5318687966184146
2764 0.7049025
2765 0.7752793881803679
2766 0.609384
2767 0.684314
2768 0.523529
2769 0.747059
2770 0.992526
2771 0.731373
2772 0.637255
2773 0.8911770000000001
2774 0.6714543346210411
2775 0.4217575180550747
2776 0.6366634618816156
2777 0.452941
2778 0.600999369971565
2779 0.45978687952508684
2783 0.8911770000000001
2780 0.40628706971959294
2781 0.49560292139642065
2782 0.5202869999999999
2786 0.559425
2785 0.5132837752587266
2784 0.5552043940746213
2788 0.813725
2790 0.747059
2789 0.782353
2787 0.7512825000000001
2793 0.46780916926439503
2794 0.43235250000000003
2791 0.703933
2792 0.323529
2795 0.8147755000000001
2796 0.36235704552099995
2797 0.590196
2798 0.578431
2799 0.9281127401
2801 0.9382349999999999
2802 0.994118
2800 0.5264705000000001
2803 0.395098
2804 0.7809451315210001
2805 0.935294
2806 0.868627
2808 0.907843
2807 0.7588234999999999
2809 0.903922
2810 0.896078
2811 0.8220683615782813
2812 0.6185340934947053
2813 0.404902
2814 0.798039
2816 0.5754910000000002
2815 0.440196
2817 0.975003
2818 0.562745
2819 0.710800382084
2820 0.52735
2821 0.9098666409183905
2822 0.433333
2823 0.202941
2824 0.456863
2825 0.382276
2826 0.658032375625
2828 0.45588300000000004
2829 0.7794114999999999
2827 0.52647
2830 0.3243709973347315
2831 0.395961
2832 0.44732802960400003
2833 0.5617650000000001
2834 0.703922
2835 0.6401216007689999
2836 0.5218065
2837 0.6372545000000001
2838 0.361551
2840 0.2757
2839 0.350644185633623
2842 0.537366147591564
2841 0.222549
2843 0.135294
2844 0.278432
2845 0.356863
2846 0.14988818732753204
2847 0.5160385153831163
2848 0.273529
2849 0.884314
2850 0.719608
2851 0.5146919999999999
2852 0.6762964936914382
2854 0.45589660018363815
2853 0.8117650000000001
2856 0.2530266831258448
2855 0.9508224818677758
2857 0.476471
2858 0.4106953425620055
2859 0.3431685
2860 0.645098
2861 0.637255
2862 0.7948423641220914
2863 0.8488714315895995
2864 0.491964145521
2865 0.664706
2866 0.6960861565279354
2868 0.7970595
2867 0.84902
2869 0.9323535000000001
2871 0.605882
2870 0.5356211752305293
2874 0.547059
2872 0.441176
2875 0.47549875385744766
2873 0.5795392255803365
2877 0.2982295
2876 0.643348935025
2878 0.723531
2880 0.358824
2879 0.622085185388893
2884 0.7793427338242569
2881 0.7219448524793547
2885 0.970588
2882 0.9911760000000001
2883 0.978431
2886 0.953642
2887 0.95098
2888 0.958824
2889 0.7320795
2890 0.95098
2891 0.947059
2892 0.6302471588642133
2894 0.939216
2895 0.958226
2896 0.931373
2893 0.9313719999999999
2897 0.762745
2898 0.676471
2900 0.723529
2899 0.9558825
2901 0.5735689316299022
2902 0.4460141150490481
2903 0.77073
2904 0.7264710000000001
2905 0.8441175000000001
2906 0.7725489999999999
2907 0.5222252711062535
2908 0.335294
2909 0.472549
2910 0.5676465
2912 0.6852945
2911 0.817548
2913 0.723529
2914 0.4852939999999999
2915 0.715686
2918 0.885294
2916 0.684314
2919 0.8500005
2917 0.8205884999999999
2920 0.6264704999999999
2921 0.4025905521370317
2922 0.594863222546731
2923 0.691176
2924 0.554902
2925 0.638235
2926 0.40759
2927 0.5842952639260646
2928 0.38872
2930 0.778431
2929 0.5715680000000001
2932 0.9085093485994665
2931 0.6078425000000001
2933 0.582353
2934 0.7029405
2936 0.6205875000000001
2935 0.7101195983782286
2937 0.56354
2938 0.8112555
2939 0.522431
2940 0.8752085000000001
2941 0.719502
2942 0.47705288200118556
2943 0.7455507612666848
2944 0.437255
2945 0.660784
2946 0.571723
2947 0.523529
2948 0.7147064999999999
2949 0.484314
2952 0.3263471525789497
2950 0.32961148476566493
2951 0.8382989999999999
2955 0.311765
2954 0.362745
2953 0.8617649999999999
2956 0.511765
2957 0.352537
2958 0.34411800000000003
2959 0.401961
2960 0.23840995328145612
2961 0.795944112649
2962 0.769719
2963 0.856863
2964 0.7109
2965 0.674975621761
2966 0.786275
2967 0.758824
2968 0.743137
2971 0.660784
2970 0.739216
2969 0.2411719154248095
2973 0.731373
2972 0.39810781510582466
2975 0.709716
2974 0.672549
2976 0.4593590474661501
2977 0.892157
2979 0.7950980000000001
2978 0.7848785817846816
2980 0.903922
2981 0.896078
2982 0.958824
2983 0.515407016034953
2984 0.6219050890737906
2985 0.735294
2986 0.47220018673413866
2987 0.4892160000000001
2988 0.731373
2990 0.6421560000000002
2989 0.713369
2991 0.3783805
2992 0.686139
2993 0.691625
2994 0.731983
2995 0.711765
2996 0.357843
2997 0.321407
2999 0.5473466221245435
2998 0.779412
3000 0.55098
3001 0.531373
3002 0.472549
3003 0.36323550000000004
3004 0.523529
3005 0.441176
3007 0.7466595
3006 0.6508845000000001
3008 0.6558825
3009 0.864073
3010 0.630623397924
3011 0.821569
3012 0.601961
3013 0.84902
3014 0.594118
3015 0.7138280000000001
3016 0.703922
3017 0.6895535529818131
3018 0.656863
3019 0.672549
3020 0.8888740727664133
3021 0.7588822966152592
3022 0.6601743651930779
3023 0.8858244999999998
3024 0.9205874999999999
3025 0.6462187953341215
3026 0.805882
3027 0.927451
3028 0.739216
3029 0.9
3032 0.5439
3030 0.8216189999999999
3031 0.880392
3033 0.641176
3034 0.9264705
3035 0.908823
3036 0.833333
3037 0.5980906395121062
3038 0.4398236324536304
3039 0.786275
3040 0.794118
3041 0.800949
3042 0.780475
3043 0.903922
3044 0.798039
3045 0.680392
3046 0.770588
3047 0.829412
3048 0.821569
3049 0.908823
3051 0.6345515125110017
3050 0.6500000000000001
3052 0.320588
3053 0.82647
3054 0.5622619938809664
3055 0.9077649714547997
3056 0.5900929113067557
3057 0.9911760000000001
3058 0.936274
3059 0.735294
3060 0.982353
3061 0.711765
3063 0.97451
3062 0.9496697400999999
3064 0.845906
3065 0.927451
3066 0.610804
3067 0.852941
3068 0.7075770629760001
3069 0.8438113967643981
3070 0.72416368668578
3071 0.609804
3072 0.8911770000000001
3075 0.586275
3073 0.696926
3074 0.8077706555783623
3076 0.618287
3077 0.676471
3078 0.7911765
3079 0.838236
3080 0.5580229305421841
3081 0.5654450988647642
3082 0.4245494053956448
3083 0.614706
3084 0.422311
3085 0.356119
3086 0.5617650000000001
3087 0.472549
3088 0.394118
3089 0.911765
3090 0.739216
3092 0.868627
3091 0.884314
3096 0.413725
3093 0.9852945
3094 0.5
3095 0.791715
3100 0.8970585
3097 0.762745
3099 0.39558825
3098 0.605882
3101 0.7
3102 0.8313269999999999
3104 0.727451
3103 0.5862745
3106 0.756787
3105 0.6294662092534963
3107 0.722331
3109 0.652941
3108 0.692157
3110 0.148039
3111 0.572029
3112 0.720588
3113 0.667647
3114 0.498646
3115 0.803921
3116 0.9676469999999999
3119 0.9129059992090001
3117 0.417647
3118 0.8872545000000001
3120 0.788236
3122 0.7754905
3121 0.856863
3123 0.723529
3124 0.680392
3125 0.488604
3126 0.4544115
3127 0.583726
3128 0.67353
3129 0.3838450000000002
3130 0.5676465
3131 0.511765
3132 0.519608
3133 0.638235
3135 0.503922
3134 0.45194169294648323
3137 0.506609415225
3136 0.594236
3138 0.8617649999999999
3139 0.29769455111564314
3140 0.808824
3141 0.885294
3142 0.6656865000000001
3143 0.35098
3144 0.686275
3145 0.1990195
3146 0.5347515
3147 0.5911770000000001
3148 0.391176
3149 0.828104
3151 0.7088235
3150 0.307843
3152 0.256863
3153 0.7699850929624521
3154 0.707843
3155 0.67353
3156 0.9221927056249999
3157 0.14326983321800002
3158 0.521557
3159 0.5377787748143593
3160 0.6029415
3161 0.07732023807020125
3162 0.370588
3163 0.594525
3164 0.502941
3165 0.5441175
3166 0.433333
3167 0.657713557401
3168 0.3558825
3169 0.676628
3171 0.957327221761
3170 0.868627
3172 0.6610199073027531
3173 0.632879
3174 0.962745
3175 0.5396084999999999
3176 0.958824
3177 0.778431
3178 0.601961
3180 0.562745
3179 0.704766
3181 0.8386469999999999
3182 0.2573105364897645
3183 0.42635377102720096
3184 0.7956519184310629
3185 0.884314
3186 0.5127872963487558
3187 0.854240487929
3188 0.285294
3189 0.630623397924
3190 0.3728445261690003
3191 0.221569
3192 0.711814
3193 0.5981029505747792
3194 0.401961
3195 0.9853725
3196 0.367647
3197 0.8461274999999999
3198 0.930470569696
3199 0.4754148776949105
3200 0.594166
3201 0.7193351090551768
3202 0.896078
3203 0.872549
3204 0.801961
3205 0.84902
3206 0.758824
3207 0.37549
3208 0.782353
3209 0.617647
3210 0.754902
3211 0.770588
3212 0.6207919444802148
3213 0.680392
3214 0.703922
3215 0.852941
3216 0.9676469999999999
3217 0.43242703335593474
3218 0.8872545000000001
3220 0.813728
3219 0.829416
3221 0.5617650000000001
3222 0.3875575541982308
3223 0.680392
3224 0.4410448914203846
3225 0.7187733080442389
3226 0.4041383601053901
3227 0.4044795
3228 0.38148781660899994
3229 0.605882
3230 0.590196
3231 0.3558825
3232 0.314706
3233 0.7470245516424923
3234 0.535294
3235 0.643141445521
3236 0.688235
3237 0.841176
3238 0.6518745
3240 0.570588
3239 0.858036
3241 0.582706
3243 0.652941
3242 0.64902
3245 0.7
3246 0.578431
3244 0.48529350000000004
3247 0.292157
3248 0.755883
3249 0.775090073664
3250 0.880392
3251 0.6188715852530535
3252 0.5122064505960001
3253 0.7597228890925187
3255 0.7029405
3256 0.8211985033609571
3254 0.798039
3258 0.44902
3257 0.743137
3259 0.6673945243210097
3260 0.727451
3261 0.562745
3263 0.696078
3265 0.7028240167615664
3262 0.3991879511504764
3264 0.5292018298056798
3267 0.723529
3266 0.8202404999999999
3268 0.7911765
3269 0.997059
3270 0.256063
3271 0.8147055
3272 0.629412
3273 0.7478981458212857
3274 0.7815358425077605
3275 0.8441175000000001
3276 0.513568301459504
3277 0.7147064999999999
3278 0.8441175000000001
3279 0.720588
3280 0.7911765
3281 0.8452290888890002
3282 0.835579
3283 0.82549
3284 0.794711
3285 0.794118
3286 0.7402485582921906
3288 0.994118
3287 0.998039
3289 0.998039
3290 0.744117
3291 0.2362745
3292 0.677074
3294 0.95034
3295 0.497059
3293 0.888235
3296 0.727451
3297 0.805882
3298 0.9650174166090001
3299 0.664706
3300 0.986275
3301 0.6094130000000002
3302 0.982353
3303 0.8014452217610002
3304 0.5189746391032133
3305 0.99902
3306 0.3011843937385319
3308 0.8303793312304122
3307 0.954902
3309 0.7603500611858451
3310 0.7382355
3311 0.863543131996119
3312 0.6187408443977171
3313 0.6441439578767454
3314 0.7621040324715432
3315 0.77096846186447
3316 0.739216
3317 0.719608
3318 0.656863
3319 0.9580852678496445
3320 0.5877073339954125
3321 0.44852925
3322 0.5079632099279613
3323 0.48214158035247495
3324 0.6038886857713652
3325 0.521539
3326 0.8101030000000001
3327 0.55098
3328 0.5233051001581592
3329 0.779093
3330 0.735294
3331 0.14656875
3332 0.669331
3333 0.3166660000000001
3335 0.832353
3334 0.535294
3336 0.522007
3337 0.5450035937001547
3338 0.67353
3339 0.42549
3340 0.698749582756
3341 0.28291599999999995
3342 0.788847
3343 0.5967342938223641
3344 0.37451
3345 0.609819435025
3346 0.49558800000000003
3347 0.9264705
3348 0.782353
3349 0.75098
3350 0.5852691276626933
3352 0.42958324147599997
3351 0.676826
3353 0.6196075000000001
3355 0.684314
3354 0.684314
3356 0.6331596645400314
3357 0.8500005
3358 0.9323535000000001
3359 0.747059
3360 0.8794124999999999
3361 0.8264684265627352
3362 0.6120148791937667
3363 0.84377876492259
3364 0.9911760000000001
3365 0.872549
3366 0.7756874999999999
3367 0.994118
3368 0.856863
3369 0.9882705979239998
3370 0.570588
3372 0.7208349604
3371 0.990196
3373 0.7323525
3374 0.779412
3375 0.994118
3376 0.572982
3377 0.9558825
3378 0.9653939999999999
3379 0.9382349999999999
3380 0.7565805085140653
3381 0.720588
3382 0.48231
3384 0.603383802683579
3383 0.5394976492617924
3386 0.32539595805050614
3387 0.378431
3385 0.394118
3388 0.43673330470503036
3389 0.2859684916523846
3390 0.48529350000000004
3391 0.507843
3392 0.367647
3393 0.6788524409494305
3394 0.6769165338951809
3397 0.805882
3395 0.605882
3396 0.6619000275973785
3398 0.558824
3399 0.6096700877339268
3400 0.539216
3401 0.7970595
3402 0.40396541842553446
3403 0.7324749729893051
3404 0.8675470000000001
3405 0.539216
3406 0.657447
3407 0.766667
3410 0.798039
3408 0.667647
3409 0.829412
3411 0.805882
3412 0.684314
3414 0.586744
3413 0.660784
3415 0.4925478810667378
3416 0.6781819648690658
3417 0.7539215
3418 0.629412
3419 0.5
3420 0.590196
3421 0.57451
3422 0.558824
3423 0.621569
3424 0.5019143719171059
3425 0.808241
3426 0.785167
3427 0.5730264921857162
3428 0.45761301384100006
3429 0.578431
3430 0.624409718416
3431 0.8147055
3432 0.684314
3433 0.617647
3434 0.808824
3435 0.9339105000000001
3437 0.637255
3436 0.62549
3438 0.944118
3439 0.41512268163396654
3440 0.855882
3441 0.903922
3442 0.886283
3443 0.866969
3445 0.832378
3444 0.8200942920307498
3446 0.6487676342291848
3447 0.672549
3448 0.754902
3449 0.621569
3450 0.727451
3451 0.589938385829997
3452 0.5071055959517421
3453 0.688235
3454 0.75
3455 0.9794115
3456 0.9272054999999999
3457 0.696078
3458 0.6856685913607045
3459 0.805882
3460 0.398039
3461 0.786275
3462 0.798039
3463 0.429412
3464 0.570588
3465 0.3373884025
3466 0.447062065129
3467 0.7617645000000001
3468 0.8
3469 0.7147064999999999
3470 0.6495930544089998
3471 0.809804
3472 0.2678801847676134
3473 0.829412
3474 0.805882
3475 0.782353
3476 0.9910904999999999
3477 0.460784
3478 0.539216
3479 0.668627
3481 0.303922
3480 0.43333299999999997
3482 0.8959185000000001
3483 0.5964163719842024
3484 0.554902
3485 0.5735295
3486 0.37039055044119623
3487 0.723529
3488 0.755883
3489 0.935294
3490 0.868627
3491 0.911765
3492 0.727451
3493 0.821569
3494 0.707843
3495 0.7545128651290001
3496 0.670347
3497 0.5842116992365258
3498 0.676471
3499 0.97353
3500 0.892157
3501 0.9382349999999999
3502 0.775090073664
3503 0.809804
3504 0.864706
3505 0.401961
3506 0.856863
3507 0.727451
3508 0.6340709924088416
3509 0.786309
3510 0.605882
3511 0.3274505000000001
3512 0.6015689525743634
3513 0.5911770000000001
3514 0.9504947245372768
3515 0.668627
3516 0.611241
3517 0.637255
3518 0.613725
3519 0.6177989488361755
3520 0.37451
3521 0.758824
3522 0.5178356736640001
3523 0.8528955
3524 0.8970589999999999
3525 0.540897
3526 0.7264710000000001
3527 0.471059
3528 0.7147064999999999
3529 0.452941
3530 0.407228
3531 0.2095615
3532 0.42251965949382747
3533 0.421569
3534 0.705882
3535 0.5107695
3536 0.8794115
3537 0.958824
3538 0.660784
3539 0.743137
3540 0.986275
3541 0.9264705
3542 0.723529
3543 0.954902
3544 1.0303920000000002
3545 0.511765
3546 0.947059
3547 0.948556
3548 0.727703693169136
3549 0.3090114685440001
3550 0.82647
3551 0.652941
3552 0.8911770000000001
3553 0.860186
3554 0.829412
3555 0.833333
3557 0.723529
3556 0.6544
3558 0.684314
3559 0.696078
3560 0.904452
3561 0.9558825
3562 0.9323535000000001
3563 0.688235
3564 0.676471
3565 0.729645
3566 0.7463069958324232
3567 0.62549
3568 0.691176
3569 0.5291849574009999
3570 0.8139842541827353
3571 0.6757568626359148
3572 0.46337386782345275
3573 0.5240101304379082
3574 0.6351765
3575 0.6612372331335278
3576 0.4157292349230838
3577 0.6107444618395379
3578 0.3498604085555647
3579 0.609804
3580 0.562745
3581 0.7691910000000001
3582 0.7911765
3583 0.7281757771630419
3585 0.47366741522500005
3584 0.700209
3586 0.660784
3587 0.7333602348633537
3588 0.707843
3589 0.5970584999999999
3590 0.7911765
3591 0.649051
3592 0.9205874999999999
3593 0.377282178289
3594 0.8794124999999999
3595 0.57451
3596 0.8911770000000001
3597 0.5382359999999999
3598 0.431650833352215
3599 0.877451
3600 0.27549
3601 0.7308628837385901
3602 0.691176
3603 0.5734515
3604 0.2264705
3605 0.479412
3606 0.7035745
3607 0.41843294404360887
3608 0.658824
3609 0.296078
3610 0.33724366503563363
3611 0.142157
3612 0.439216
3613 0.3499995
3614 0.3816026861285177
3615 0.5911770000000001
3616 0.252641185263834
3617 0.680392
3618 0.914706
3619 0.637255
3620 0.674343
3621 0.422549
3622 0.539216
3624 0.692157
3623 0.32586058896399994
3625 0.6021906762906026
3626 0.5205885
3627 0.568435
3629 0.652941
3628 0.5404785293866908
3630 0.4368419956033659
3631 0.653235
3632 0.869345595910398
3633 0.7372555000000001
3634 0.668627
3635 0.6547429714277931
3636 0.743137
3637 0.9044968448722548
3638 0.944118
3639 0.5081699100071764
3640 0.7852935000000001
3641 0.9403815
3642 0.848096843498134
3643 0.8441175000000001
3644 0.539216
3645 0.445098
3647 0.684356
3646 0.8441175000000001
3648 0.7410575
3649 0.736472
3650 0.488235
3651 0.763775
3652 0.75231
3653 0.790196
3654 0.7382355
3655 0.719608
3656 0.656863
3657 0.606757
3658 0.908823
3659 0.7382355
3660 0.692157
3661 0.8617649999999999
3662 0.5492543286123621
3663 0.644118
3665 0.66605
3664 0.7617645000000001
3666 0.8055320421446105
3667 0.607173
3668 0.57495
3670 0.7382355
3669 0.492157
3671 0.49827774317019063
3672 0.6053415
3673 0.539216
3674 0.8029410000000001
3675 0.5406154329019381
3677 0.803921
3676 0.2664307823537893
3678 0.5911770000000001
3679 0.8735295000000001
3680 0.348398
3681 0.961764
3682 0.690235
3683 0.848039
3684 0.5500225991827518
3685 0.7
3686 0.519608
3687 0.480392
3688 0.5398729715731476
3690 0.409804
3689 0.5382359999999999
3691 0.3269193113211067
3692 0.7617645000000001
3693 0.515556
3694 0.1715685
3696 0.452942
3695 0.7208425447296609
3697 0.720997
3698 0.766667
3699 0.743137
3700 0.641176
3701 0.3923989426024941
3702 0.735294
3703 0.696078
3704 0.7486665
3705 0.7753201286256428
3706 0.69219
3707 0.5777445
3708 0.62549
3709 0.748750421761
3710 0.6430716610700035
3711 0.6547483347195318
3712 0.52647
3713 0.837255
3714 0.744117
3715 0.9911760000000001
3716 0.56277389512388
3717 0.491812
3718 0.808824
3719 0.735
3720 0.3009805
3721 0.673011
3722 0.609804
3723 0.8575063820640001
3724 0.838236
3726 0.568138396515695
3725 0.6183307829096548
3727 0.672549
3728 0.9182130000000001
3729 0.864706
3730 0.829412
3731 0.82549
3733 0.5967061750820779
3735 0.717102
3732 0.377451
3734 0.8044965
3738 0.6808587516673948
3736 0.554902
3737 0.629412
3739 0.594118
3740 0.668627
3741 0.7617645000000001
3742 0.9323535000000001
3743 0.914706
3744 0.7072029771066726
3745 0.982353
3747 0.651342462769
3746 0.62549
3749 0.8228569033657472
3748 0.25535223802218615
3750 0.75098
3751 0.786275
3753 0.5285038217610001
3752 0.503922
3754 0.95098
3755 0.8747748664359999
3756 0.907511
3757 0.943137
3758 0.803552680921
3759 0.838236
3760 0.887637
3761 0.919608
3762 0.633333
3765 0.856863
3763 0.9118378296040001
3764 0.69663
3767 0.415375
3766 0.62549
3768 0.6936719687826002
3769 0.801961
3770 0.592459514621775
3771 0.736355
3772 0.998039
3773 0.998039
3774 0.939216
3775 0.9147973805391735
3776 0.939216
3777 0.884314
3778 0.864706
3779 0.643141445521
3781 0.6740695917511966
3780 0.821569
3782 0.594118
3785 0.5647065
3783 0.855882
3784 0.6401191066992272
3786 0.672549
3787 0.9474045
3791 0.727451
3790 0.5
3788 0.527451
3789 0.598039
3792 0.844931
3793 0.77451
3794 0.915441
3795 0.664706
3796 0.47908131264900006
3797 0.8500005
3798 0.515686
3799 0.996351
3800 0.4085684466304269
3801 0.62549
3803 0.5301963050210743
3802 0.6029415
3804 0.390196
3805 0.28883270587162874
3806 0.6436074258369123
3807 0.8649641662497372
3808 0.3981
3809 0.786275
3810 0.5259607648485782
3811 0.9794115
3812 0.5361250519943882
3814 0.578431
3815 0.6567706919575012
3813 0.6898903798595856
3816 0.1715685
3818 0.327451
3817 0.5617650000000001
3820 0.405882
3819 0.409804
3821 0.1284315
3823 0.601961
