7 0.747059
12 0.570588
11 0.6227128841372384
4 0.872549
8 0.629412
5 0.813725
10 0.6626949642245671
2 0.694637
6 0.67281
3 0.839411
9 0.702588
1 0.821569
17 0.813725
19 0.59315025
15 0.578431
16 0.519608
14 0.531373
21 0.684314
13 0.46658525
24 0.570588
23 0.637255
25 0.5377412010118083
29 0.5274443945101916
31 0.429412
30 0.519608
33 0.660784
27 0.5716410718217461
26 0.578431
32 0.5013164999999999
35 0.55098
34 0.617647
36 0.516931
37 0.480392
38 0.445098
39 0.39215675000000005
40 0.43059600000000003
42 0.641176
43 0.273565
41 0.362745
45 0.24340087435061497
47 0.437255
48 0.29019625
44 0.605882
49 0.727451
46 0.3041105
51 0.688235
57 0.813725
55 0.766667
54 0.57451
56 0.75098
53 0.829139
50 0.8072115016846814
52 0.6621933166876718
59 0.527451
58 0.6971420936852394
60 0.656863
61 0.672549
62 0.739216
18 0.77451
22 0.523529
64 0.6555287297257144
65 0.736753
20 0.547059
66 0.6700665
68 0.6138495
63 0.801961
28 0.543717
69 0.579522
67 0.613725
70 0.523529
71 0.484314
74 0.417647
73 0.594118
72 0.405882
75 0.394118
76 0.358824
78 0.347059
80 0.33245225
81 0.903922
79 0.570588
77 0.35098
82 0.8043644898953389
84 0.793137
88 0.754902
85 0.68194675
86 0.7043955000000001
83 0.786275
87 0.6902303218830689
89 0.62549
90 0.726353
92 0.662833
91 0.707843
94 0.668627
93 0.6385195
95 0.7538666995203229
96 0.652941
98 0.91665
97 0.978431
99 0.6962707581283882
101 0.962745
102 0.6607848561381596
100 0.860784
105 0.927451
103 0.7313725000000001
104 0.7503132499999999
109 0.818116
108 0.817647
106 0.7834724604249174
110 0.6162918718352502
112 0.786275
107 0.821288
113 0.837255
111 0.833333
114 0.845098
116 0.735294
115 0.652941
118 0.568414
120 0.715686
121 0.523647
122 0.519608
123 0.665213
124 0.55535475
117 0.676471
125 0.472549
128 0.476471
119 0.4947972900949591
129 0.805882
127 0.747059
126 0.417647
130 0.762745
132 0.715686
133 0.668706
137 0.590196
134 0.586275
136 0.582353
139 0.531373
135 0.55098
138 0.50332025
131 0.6956121959620039
142 0.4221186979464345
141 0.586275
143 0.637255
145 0.702594950290355
147 0.532129
144 0.445098
146 0.645098
140 0.465698
148 0.5344954188872887
151 0.42549
150 0.456863
149 0.503922
155 0.37849
152 0.341022
153 0.370588
159 0.492157
158 0.660784
156 0.327451
154 0.288235
157 0.36568625
162 0.64902
161 0.719977
160 0.201961
163 0.629577
164 0.592024
166 0.42206493354105995
167 0.42549
170 0.284314
169 0.39210950000000006
171 0.3173403105573762
173 0.315686
168 0.433333
165 0.464706
174 0.30005522123757855
172 0.303922
175 0.4333763815402885
178 0.733016
176 0.292157
179 0.586275
180 0.547059
177 0.764477
181 0.654879
183 0.5813725
184 0.64902
185 0.609804
182 0.7
187 0.578431
190 0.488235
189 0.535294
192 0.482469
188 0.523529
193 0.6882352500000001
191 0.634485
196 0.688235
195 0.742048
186 0.62549
194 0.770588
199 0.547059
201 0.637255
200 0.547059
202 0.591229
203 0.572239
204 0.468231
205 0.496078
198 0.668627
197 0.6568625
208 0.4771575
209 0.72812525
207 0.680392
206 0.539352
210 0.685957
211 0.791881
212 0.604902
214 0.605882
213 0.65784325
217 0.519608
216 0.705975
218 0.6837621119053069
215 0.723529
221 0.651992
219 0.55098
222 0.464706
224 0.50949025
223 0.766667
226 0.617647
225 0.688235
220 0.661042
227 0.5311928375336571
228 0.527451
229 0.523529
230 0.427217
233 0.5
232 0.3148547842601375
235 0.300755
231 0.405987
234 0.362745
236 0.270544
237 0.24745175000000003
239 0.609804
240 0.190196
238 0.323529
241 0.821569
244 0.64313725
243 0.269545
242 0.743137
245 0.645098
246 0.617647
247 0.6813722500000001
248 0.469387
249 0.590196
253 0.5930365000000001
250 0.594118
254 0.73538
255 0.637255
251 0.770255
258 0.696078
252 0.405882
260 0.559597
261 0.577343
264 0.41822055003468867
263 0.5431585912580704
265 0.436386
259 0.639909
257 0.735294
256 0.445098
262 0.496078
266 0.4147059682424252
268 0.390196
270 0.338888
271 0.480392
267 0.42388225
269 0.354902
275 0.484314
276 0.441133
273 0.5886225
272 0.366667
277 0.379156
274 0.535294
279 0.307843
278 0.324127
282 0.24356874181378876
281 0.24756192705486643
285 0.178431
288 0.1668632631201911
286 0.15098
284 0.19333148289516683
280 0.213725
289 0.727451
287 0.359421
283 0.190196
290 0.653259
293 0.5796676185967534
294 0.554902
291 0.62549
297 0.46966624999999995
292 0.641176
295 0.469608
298 0.433333
304 0.696078
299 0.394118
301 0.719608
296 0.562745
303 0.521071
305 0.680392
306 0.62854475
302 0.445098
300 0.433333
308 0.55098
310 0.445098
307 0.586275
309 0.504888
311 0.413725
316 0.586275
313 0.358824
318 0.205882
314 0.335294
319 0.4309533751022968
321 0.591074211893389
320 0.245098
317 0.278748
315 0.370588
322 0.645098
312 0.386275
324 0.735739
323 0.652941
325 0.57451
326 0.66941
327 0.633333
328 0.637255
329 0.52058825
331 0.586275
330 0.535294
332 0.56254
334 0.484314
333 0.601961
335 0.62549
336 0.476471
338 0.703922
340 0.6085059031905254
337 0.743137
339 0.6088235000000001
343 0.485052
342 0.511765
344 0.464706
345 0.44705875
348 0.35820775951716816
341 0.578431
347 0.40588250000000003
349 0.331373
353 0.674309
346 0.414088
354 0.62549
356 0.590159
350 0.445098
362 0.347585
352 0.3
351 0.496078
364 0.44182849999999996
363 0.562745
361 0.570588
360 0.713792
367 0.605882
369 0.872549
358 0.447175
368 0.597338
371 0.82549
355 0.628088
373 0.782353
357 0.5850532382314358
370 0.84902
359 0.747059
374 0.805882
372 0.864706
366 0.612548
375 0.766667
365 0.335955
376 0.715686
377 0.63994625
378 0.629412
379 0.715686
382 0.594118
383 0.712514
384 0.578431
381 0.582353
385 0.829412
387 0.732125
388 0.68139
380 0.598126
389 0.727451
390 0.6354569377919289
386 0.809804
395 0.570588
393 0.598039
397 0.547059
391 0.62549
398 0.468627
396 0.460784
392 0.684314
402 0.692157
403 0.801961
404 0.739216
405 0.6963460997949324
394 0.582353
401 0.75098
407 0.798039
406 0.809804
400 0.4161375
399 0.629719
408 0.676094
409 0.652941
411 0.621569
413 0.707843
410 0.645098
412 0.501766127741788
414 0.5049020000000001
416 0.45472650000000003
418 0.740196
421 0.688235
415 0.6135159524057815
420 0.715686
419 0.794118
417 0.798039
423 0.630528
422 0.766667
427 0.554902
429 0.476471
430 0.48385504102729787
428 0.54188575
425 0.587287
426 0.527451
434 0.601961
435 0.829412
433 0.450588
432 0.44902
431 0.603362862983692
424 0.586275
440 0.668627
439 0.680392
442 0.645111
444 0.609818
446 0.613725
447 0.387295
437 0.782353
438 0.366667
443 0.664706
436 0.794126
448 0.619904
441 0.688235
445 0.517647
449 0.747059
451 0.531373
450 0.503922
452 0.872549
453 0.719852
454 0.452941
455 0.399881
456 0.452941
457 0.790196
459 0.762745
460 0.36899275
458 0.727466
461 0.296562
463 0.845098
464 0.311765
462 0.64902
466 0.970588
468 0.986275
465 0.884314
467 0.780055
471 0.833333
472 0.970588
469 0.735294
476 0.73740125
474 0.966667
477 0.719608
473 0.758824
479 0.805882
481 0.9111181220714701
483 0.998039
478 0.719608
475 0.747059
470 0.7833098873077293
484 0.994118
480 0.5609035289459829
482 0.75098
485 0.9363633557034469
486 0.994118
487 0.994118
491 0.6818320383650995
490 0.97451
492 0.927451
489 0.83157025
493 0.990196
488 0.994118
497 0.884314
498 0.7774572126331302
499 0.75098
501 0.723529
496 0.962745
494 0.966667
502 0.770588
506 0.707843
503 0.676471
500 0.735294
495 0.7527597500000001
508 0.5759363167922594
504 0.62021
505 0.621569
512 0.450459
507 0.605882
510 0.535294
509 0.55098
511 0.677083
513 0.72549575
516 0.716809
517 0.75098
514 0.684402
523 0.552163
519 0.615297
522 0.571113
521 0.64902
515 0.690304
518 0.601961
520 0.5153958477809875
524 0.4794115
527 0.670059
528 0.476623
529 0.856712
525 0.509298154986353
534 0.660199
531 0.69420525
536 0.615896
526 0.503922
538 0.705943
537 0.5809197500000001
530 0.837255
535 0.77451
533 0.739216
532 0.739216
539 0.690757
542 0.52713075
543 0.44902
541 0.5064680773915607
540 0.676683
544 0.641176
545 0.496078
547 0.566667
548 0.515686
546 0.456863
551 0.394118
550 0.74030056166193
552 0.284314
549 0.468627
555 0.64902
556 0.629412
553 0.3347568850885789
554 0.362745
558 0.613725
559 0.4571625
557 0.191972
560 0.582353
561 0.7968121208612389
562 0.9
563 0.9236785319802103
564 0.911765
565 0.903922
567 0.739216
566 0.860784
570 0.71765225
568 0.841176
572 0.805882
571 0.837255
573 0.804611
575 0.8196077500000001
577 0.884314
569 0.754902
579 0.5423675
578 0.864706
574 0.707843
576 0.794118
581 0.7290349212144444
583 0.519608
580 0.668627
582 0.762745
584 0.715692
585 0.703922
586 0.393232
587 0.343137
589 0.629417
588 0.652941
592 0.598045
591 0.47156925000000005
593 0.735294
595 0.758824
596 0.672549
594 0.805882
590 0.347059
598 0.661592
597 0.727451
600 0.629412
599 0.62329
601 0.652941
604 0.519608
606 0.495233
603 0.539216
602 0.568417
609 0.6417769379127802
605 0.57451
610 0.719608
608 0.484314
607 0.594644
615 0.5452664907165848
614 0.496078
611 0.688235
613 0.554902
612 0.6048194615585644
617 0.786275
618 0.488235
619 0.75098
620 0.378124
616 0.45915502298461974
621 0.49641720657420607
622 0.7
624 0.43675057350110813
626 0.5880707500000001
625 0.785664
631 0.577745
630 0.45195413434406206
629 0.5879113153371025
628 0.692157
627 0.57451
633 0.531373
623 0.531993
635 0.37804050000000006
634 0.519608
632 0.401961
637 0.4502961348350913
640 0.3936725
642 0.990196
639 0.629412
638 0.241001
644 0.942414
643 0.947059
645 0.931373
647 0.982353
636 0.480392
641 0.8400346181968489
649 0.6601865
648 0.982353
650 0.5670902398295933
651 0.896078
646 0.547059
653 0.758824
654 0.970588
655 0.986275
656 0.598039
652 0.935294
660 0.5031948250958042
659 0.62843125
662 0.531373
658 0.634764
664 0.484314
663 0.4822481846330089
665 0.405882
657 0.6867281959922144
667 0.421569
666 0.445098
661 0.509556
668 0.37451
678 0.637255
675 0.7511705
677 0.77451
673 0.852666
672 0.34776549999999995
671 0.51349
670 0.711765
676 0.780498
674 0.826436
669 0.3809004906643393
679 0.743137
681 0.7
686 0.660784
687 0.758824
680 0.735294
685 0.558824
684 0.507843
682 0.6803845980990684
689 0.95098
683 0.696078
690 0.947059
692 0.923529
691 0.7671744552548461
694 0.739216
693 0.762745
688 0.660784
696 0.6522445
699 0.621569
700 0.60936
701 0.5859699187310617
697 0.868627
698 0.666966
695 0.668627
703 0.778431
702 0.578431
704 0.562745
705 0.7911765000000001
706 0.852941
707 0.663293
708 0.762745
709 0.562745
711 0.605882
710 0.743137
712 0.707843
715 0.672549
716 0.656863
717 0.5453997411936176
719 0.762745
722 0.6178887667166537
718 0.480392
720 0.616714
714 0.672549
713 0.590196
725 0.4900201547164316
724 0.65373
721 0.766667
723 0.688235
726 0.554902
727 0.3569678110954359
729 0.480392
730 0.457382
731 0.562745
738 0.919608
728 0.523529
739 0.5269832388922617
737 0.648351600475832
736 0.362745
734 0.382353
735 0.586275
741 0.6615725
743 0.841176
733 0.394118
732 0.411372
744 0.6088235
742 0.876471
746 0.837255
747 0.82549
740 0.872598
748 0.533258
745 0.605882
749 0.743137
750 0.6095285138018653
751 0.707343
752 0.642157
753 0.970588
755 0.7386703638484551
754 0.676659
756 0.954902
757 0.782353
759 0.825809
758 0.97451
761 0.923529
760 0.645098
762 0.915686
763 0.852941
764 0.845098
765 0.778431
766 0.7472885
767 0.872549
768 0.869154
769 0.794118
770 0.747790023850607
772 0.6049803334248851
773 0.637255
771 0.6709487736991232
774 0.758824
775 0.598039
776 0.523529
777 0.452941
778 0.543137
779 0.47528775
780 0.507843
781 0.4632171906178514
783 0.668627
782 0.452941
784 0.488235
785 0.7813771202570896
786 0.68063
787 0.764268
788 0.715686
789 0.809804
790 0.407553
792 0.578431
791 0.641928010954742
793 0.488235
794 0.54413975
795 0.621569
796 0.586275
798 0.576673
799 0.758824
800 0.5135064765525018
797 0.578431
802 0.778211084325872
801 0.758824
804 0.809804
803 0.803657
805 0.715686
806 0.343964
807 0.731373
808 0.546175759150469
809 0.5402211855381391
810 0.5966359999999999
811 0.586275
812 0.692157
813 0.558824
814 0.663378
815 0.786275
816 0.55098
817 0.770588
818 0.731373
820 0.535294
819 0.5814407498968052
822 0.562745
824 0.507843
827 0.284385
823 0.582353
821 0.44803925
830 0.370588
828 0.413725
829 0.32972250000000003
826 0.312418
833 0.7214187681053917
832 0.421569
825 0.4527281358022857
831 0.656863
834 0.692157
836 0.676471
838 0.602402
837 0.5198937431225773
839 0.578431
835 0.664706
840 0.556882
841 0.535106
842 0.468627
843 0.496078
844 0.429412
845 0.417647
846 0.450431
848 0.362184
850 0.856863
847 0.590196
849 0.55016725
852 0.813728
851 0.46438500000000005
854 0.703922
853 0.798039
858 0.633333
857 0.688244
859 0.288235
856 0.362745
861 0.637255
855 0.41666675
862 0.601972
863 0.766672
860 0.637264
864 0.205882
865 0.845098
866 0.805882
867 0.689893
868 0.676471
871 0.652941
872 0.557007
870 0.672549
874 0.5314390809988014
869 0.6838045
876 0.5073773128055156
875 0.508792
873 0.5456385511182283
879 0.715686
877 0.488235
882 0.723529
881 0.6721576127980124
880 0.523529
878 0.48096993394161297
884 0.590196
885 0.739216
883 0.62549
887 0.569248260365409
888 0.405882
886 0.692157
890 0.5171160819527606
889 0.543137
891 0.42502575000000004
892 0.405882
893 0.507843
895 0.566667
894 0.519608
899 0.7330976224589845
896 0.366667
897 0.813725
900 0.739216
901 0.64902
898 0.778431
903 0.5913915
902 0.692157
904 0.64902
905 0.535294
906 0.617647
907 0.503922
908 0.5489073537958518
909 0.482826
910 0.46465108614250417
911 0.630517
912 0.531373
914 0.721259
915 0.770588
913 0.786275
916 0.688235
918 0.5681345
917 0.637255
919 0.633333
921 0.515686
922 0.511765
920 0.539216
923 0.39803925000000007
924 0.426565
926 0.37375
927 0.6155065
930 0.8636082848266831
929 0.990196
925 0.456863
931 0.673564620406794
928 0.468627
933 0.982353
934 0.982353
932 0.994118
937 0.727451
936 0.782353
935 0.735875
938 0.97451
939 0.732913
941 0.464706
940 0.970588
947 0.758824
944 0.735294
943 0.876471
942 0.978431
948 0.718701
945 0.7107842500000001
949 0.6540287499999999
952 0.566667
946 0.754902
953 0.562745
950 0.664706
951 0.647567
954 0.62549
956 0.570588
955 0.579676
957 0.562745
958 0.539216
959 0.703922
961 0.833333
960 0.539216
962 0.805882
964 0.676471
965 0.6554452500000001
963 0.84902
970 0.52132825
971 0.586275
969 0.64902
973 0.594118
966 0.656863
968 0.64035125
967 0.590183789033846
972 0.5656865
974 0.582353
975 0.798039
976 0.511765
977 0.6565876286518053
986 0.57451
979 0.740107387085367
985 0.543137
984 0.472679
981 0.731373
980 0.758824
982 0.723529
983 0.688235
978 0.582353
991 0.739216
990 0.480392
992 0.49125549999999996
989 0.547059
988 0.527451
993 0.837255
987 0.558824
994 0.7238471778832447
995 0.782353
996 0.84902
997 0.662407524695683
1000 0.5262957997104757
1001 0.559804
999 0.766667
1002 0.594118
998 0.6995234633387235
1005 0.64902
1003 0.680392
1007 0.813725
1004 0.578431
1006 0.723289
1008 0.794118
1009 0.78333325
1010 0.880392
1011 0.700406
1012 0.558824
1013 0.719608
1014 0.676471
1015 0.527451
1018 0.794118
1016 0.626072
1019 0.762745
1020 0.586275
1023 0.696078
1024 0.5694755
1025 0.5274213396201958
1027 0.886877
1022 0.55098
1021 0.52941175
1017 0.62549
1029 0.707843
1028 0.747059
1033 0.837255
1034 0.601961
1026 0.860784
1032 0.617647
1035 0.520983
1036 0.527426
1031 0.707843
1030 0.5656985
1037 0.7639225717845659
1039 0.719608
1040 0.621569
1042 0.6168887553521786
1043 0.69373
1041 0.75098
1038 0.582353
1045 0.6806602500000001
1047 0.621569
1044 0.723529
1046 0.668627
1049 0.547059
1048 0.617647
1050 0.5510090822062946
1051 0.496078
1052 0.53044
1054 0.507843
1055 0.672549
1053 0.5201902364187824
1057 0.923529
1059 0.821569
1061 0.735294
1062 0.805882
1058 0.8380456195113193
1064 0.5617755
1056 0.5164392388278682
1060 0.884314
1065 0.786275
1066 0.660784
1068 0.596547
1063 0.766667
1069 0.652941
1073 0.947059
1070 0.684908
1067 0.59644025
1074 0.905852
1072 0.554902
1075 0.703922
1071 0.719608
1076 0.915686
1078 0.837792
1084 0.6166900313488038
1077 0.868905
1082 0.799164
1080 0.822189
1085 0.805882
1079 0.668627
1083 0.601961
1086 0.762745
1081 0.637255
1087 0.857635
1090 0.703922
1088 0.758057
1091 0.59719175
1089 0.77451
1092 0.6342135
1097 0.5120315865906023
1096 0.555127
1098 0.535294
1094 0.539216
1099 0.452941
1095 0.584275
1100 0.429412
1103 0.605882
1105 0.852941
1106 0.692157
1107 0.801961
1102 0.433333
1108 0.7235295
1104 0.40065502474504155
1093 0.5471066054478684
1109 0.595239
1112 0.668408
1117 0.696078
1110 0.59619625
1114 0.5459562087955266
1115 0.578431
1116 0.597686
1120 0.680392
1119 0.731373
1113 0.64902
1101 0.4796880929519294
1111 0.692157
1118 0.566667
1121 0.935294
1122 0.911765
1123 0.911765
1125 0.879479
1127 0.656863
1124 0.782353
1131 0.660784
1134 0.672549
1128 0.692157
1129 0.762745
1132 0.794118
1130 0.75098
1126 0.851337
1133 0.60764125
1137 0.692157
1135 0.860784
1136 0.762745
1138 0.7
1139 0.6835658891288492
1140 0.743137
1141 0.723529
1142 0.598039
1143 0.4691825
1144 0.630454
1145 0.605882
1146 0.543137
1148 0.579827
1149 0.51862725
1147 0.589644
1150 0.496078
1151 0.609804
1152 0.445098
1153 0.558824
1154 0.511765
1155 0.405443422111495
1156 0.445098
1157 0.370588
1158 0.336972
1159 0.27840975
1160 0.34215675
1162 0.492157
1164 0.217647
1163 0.205882
1161 0.27127025
1165 0.154902
1166 0.186275
1168 0.139216
1167 0.621569
1169 0.680392
1170 0.852941
1171 0.758824
1172 0.6032034304945166
1173 0.65294125
1174 0.758824
1175 0.637519147225646
1176 0.715686
1177 0.578431
1178 0.582353
1179 0.672549
1181 0.465009
1182 0.523529
1180 0.57171675
1185 0.810741
1183 0.470188
1184 0.47549025
1186 0.7288056710084927
1187 0.749305
1188 0.741065
1189 0.860784
1190 0.786275
1192 0.783498
1195 0.739905
1197 0.711987
1191 0.794787
1198 0.731373
1196 0.586275
1194 0.6714932918015308
1193 0.692157
1202 0.884314
1201 0.966667
1199 0.845098
1203 0.990196
1200 0.731373
1204 0.947059
1206 0.829412
1205 0.939216
1207 0.927451
1209 0.907843
1208 0.586275
1210 0.9
1211 0.990196
1212 0.641176
1213 0.892157
1215 0.652941
1214 0.876471
1216 0.872549
1217 0.6754899999999999
1219 0.6098042499999999
1218 0.892157
1220 0.5642810075641003
1221 0.618562
1222 0.601961
1223 0.53950975
1225 0.4589417499999999
1226 0.743137
1224 0.596002
1228 0.5602365783376402
1232 0.394158
1230 0.578431
1229 0.417647
1233 0.7922835651539919
1231 0.735294
1234 0.6399884507247865
1237 0.739216
1227 0.5762634654072942
1235 0.6558820000000001
1236 0.660784
1238 0.692157
1240 0.5
1242 0.590196
1241 0.62549
1239 0.578431
1246 0.465074
1245 0.531373
1244 0.55098
1243 0.570588
1249 0.911765
1252 0.864706
1250 0.868627
1248 0.475415
1251 0.880392
1254 0.598039
1247 0.566667
1256 0.584831657643339
1255 0.7144653245670392
1258 0.629412
1253 0.84902
1257 0.6028055223345737
1259 0.747059
1261 0.591699
1260 0.731373
1263 0.660784
1262 0.711765
1264 0.405692
1267 0.723529
1266 0.705512
1269 0.927451
1270 0.62549
1272 0.919608
1274 0.770811
1275 0.9
1268 0.661675
1273 0.966667
1265 0.696078
1277 0.888235
1279 0.935294
1276 0.896078
1278 0.68280825
1280 0.876471
1271 0.923529
1284 0.590196
1283 0.6528221601326075
1285 0.6460785
1282 0.778431
1288 0.53039225
1287 0.637255
1281 0.77451
1291 0.492157
1289 0.582353
1292 0.46650624999999996
1286 0.652941
1290 0.523529
1303 0.647384
1299 0.601961
1300 0.6335135
1294 0.456863
1304 0.633333
1295 0.613725
1301 0.719608
1302 0.652941
1297 0.66934525
1296 0.5
1293 0.641176
1298 0.645098
1305 0.554902
1307 0.51764725
1308 0.605882
1309 0.50788
1306 0.535294
1312 0.582353
1311 0.684592
1315 0.6421612502697104
1310 0.503922
1314 0.837255
1313 0.79385
1316 0.692157
1317 0.535294
1319 0.719608
1318 0.582353
1320 0.566667
1322 0.523062
1321 0.539216
1323 0.539216
1325 0.464706
1327 0.55874825
1330 0.7259060806536294
1324 0.452941
1332 0.573839
1333 0.552786
1331 0.594118
1329 0.75098
1326 0.44902
1328 0.35455271521059106
1334 0.683392
1335 0.6146079999999999
1336 0.668627
1337 0.5835224365589002
1338 0.613725
1339 0.527451
1340 0.617647
1341 0.57451
1343 0.59453125
1342 0.581054
1344 0.49509824999999996
1346 0.821569
1347 0.790196
1345 0.8081969999999999
1349 0.6641292982829221
1348 0.770782
1350 0.707843
1353 0.641176
1352 0.654069
1354 0.637255
1351 0.7446875
1355 0.637255
1356 0.605882
1358 0.570588
1357 0.652941
1359 0.7209334302927932
1360 0.687841
1361 0.831284
1363 0.864706
1362 0.888235
1365 0.837255
1364 0.856863
1366 0.6684760254101535
1367 0.72184675
1368 0.762745
1370 0.739216
1369 0.760569
1372 0.716188
1371 0.711765
1374 0.689238
1376 0.671634
1373 0.7
1375 0.818985
1377 0.837255
1378 0.758824
1380 0.680392
1379 0.770588
1382 0.641176
1381 0.7235289999999999
1383 0.54313725
1385 0.617647
1387 0.7
1384 0.633333
1391 0.711765
1386 0.456863
1388 0.676471
1389 0.447059
1390 0.390216
1392 0.5
1394 0.676471
1393 0.6745097499999999
1395 0.5832582500000001
1396 0.543137
1397 0.531373
1398 0.460784
1399 0.371603
1400 0.386275
1402 0.391627
1406 0.2528951014014496
1401 0.570588
1403 0.284314
1405 0.241176
1409 0.7718352290026561
1404 0.280392
1408 0.241176
1411 0.684893383571192
1407 0.488235
1412 0.5079005
1410 0.61957
1413 0.6673772696899595
1415 0.540329
1418 0.539216
1416 0.5967544788001018
1419 0.503922
1420 0.47269134978477745
1417 0.6241531904316949
1414 0.794118
1421 0.650235
1422 0.5460785
1423 0.554902
1424 0.496078
1425 0.77451
1426 0.67620075
1427 0.6029410000000001
1429 0.629412
1428 0.672549
1431 0.519608
1435 0.34525465254856125
1430 0.566667
1436 0.464706
1432 0.515686
1437 0.445098
1439 0.617647
1438 0.401961
1434 0.586275
1433 0.536166596614979
1440 0.3841838672120331
1441 0.523529
1442 0.480392
1444 0.5
1445 0.437255
1443 0.42549
1446 0.311765
1447 0.3
1448 0.315686
1449 0.274892752729212
1451 0.57451
1450 0.23676695294860545
1452 0.324645
1453 0.213725
1455 0.32400625
1458 0.876471
1459 0.7323967241034286
1457 0.8430861242607404
1456 0.347059
1454 0.578431
1461 0.609804
1460 0.7340407499999999
1462 0.798039
1463 0.5906644999999999
1464 0.6140767500000001
1465 0.739362
1466 0.590196
1467 0.533164
1468 0.601961
1469 0.58668175
1470 0.684314
1471 0.784819
1472 0.660784
1475 0.664706
1473 0.688235
1474 0.668624039646049
1476 0.598039
1477 0.562745
1480 0.421569
1478 0.52158025
1479 0.5
1483 0.421569
1482 0.401961
1484 0.309256
1481 0.407491
1486 0.3
1489 0.688235
1487 0.5331520000000001
1485 0.311765
1488 0.347059
1490 0.629412
1491 0.472549
1492 0.578431
1493 0.4798575
1494 0.4606725278359269
1495 0.42225544471069887
1496 0.417647
1497 0.347059
1499 0.370588
1500 0.303922
1502 0.366667
1501 0.29284844725115855
1498 0.535294
1504 0.24375339900562273
1506 0.747059
1505 0.676471
1503 0.468369
1507 0.711765
1508 0.601961
1510 0.598039
1509 0.652941
1511 0.51325
1512 0.554902
1514 0.511765
1516 0.523529
1513 0.480392
1515 0.4862745
1517 0.472549
1518 0.472549
1519 0.601446
1523 0.62579825
1524 0.601961
1525 0.566667
1520 0.468627
1530 0.4182932432004393
1521 0.676471
1522 0.6612942322553026
1529 0.554902
1527 0.472549
1526 0.468627
1531 0.37451
1528 0.3980232554394252
1532 0.4166665
1533 0.296078
1534 0.3067
1537 0.986275
1536 0.290641
1539 0.7068625
1535 0.535294
1544 0.97451
1543 0.81200075
1540 0.7729168785016706
1541 0.955966
1538 0.990196
1546 0.970588
1545 0.8601492500000001
1542 0.856863
1547 0.841176
1548 0.970588
1549 0.921364
1551 0.982353
1550 0.966667
1553 0.868627
1552 0.74313725
1554 0.845098
1555 0.52070375
1556 0.601961
1557 0.821569
1558 0.758824
1559 0.654889
1561 0.652941
1560 0.645718
1562 0.692157
1564 0.601646
1565 0.652941
1566 0.621569
1563 0.6124245248475618
1567 0.539216
1568 0.598039
1570 0.586275
1574 0.3877675
1575 0.390196
1569 0.6507068143771116
1571 0.5473596183248077
1577 0.527451
1573 0.460784
1572 0.527451
1579 0.288235
1576 0.39275725
1580 0.277451
1578 0.3
1581 0.229412
1582 0.209804
1583 0.633333
1587 0.868627
1586 0.872549
1585 0.9077289713623067
1589 0.839377
1595 0.729045
1590 0.711765
1592 0.539214
1588 0.855776
1594 0.743729
1591 0.794118
1584 0.217647
1597 0.7
1596 0.718765
1593 0.6967162499999999
1599 0.8227105235275601
1602 0.5226069999999999
1600 0.5579445000000001
1601 0.660784
1598 0.680392
1605 0.484314
1607 0.33431375
1609 0.5009805
1603 0.50294275
1606 0.766667
1608 0.4671
1604 0.645098
1610 0.354902
1612 0.358824
1615 0.582353
1614 0.4024375
1611 0.680392
1613 0.62942
1617 0.843768
1616 0.39607825
1620 0.7922689281883627
1622 0.800026
1618 0.888235
1619 0.872549
1621 0.82549
1623 0.684314
1624 0.688235
1625 0.7
1626 0.5697389618510539
1633 0.809804
1630 0.5349755809269848
1631 0.809804
1628 0.601961
1632 0.409804
1635 0.638107
1627 0.592836
1636 0.714187
1629 0.5714773126022458
1634 0.6396815
1637 0.4830321938836912
1639 0.633333
1640 0.613725
1638 0.676471
1641 0.613972
1643 0.601961
1644 0.5
1646 0.554902
1642 0.503922
1649 0.777451
1648 0.47857875
1647 0.594118
1645 0.586275
1651 0.734213
1652 0.702551
1656 0.554902
1650 0.76918
1653 0.672549
1655 0.586275
1658 0.511765
1659 0.44345100000000004
1657 0.516667
1654 0.621569
1660 0.472549
1662 0.429412
1664 0.413725
1668 0.790196
1661 0.35098
1666 0.727451
1669 0.794118
1667 0.803347
1670 0.613725
1672 0.7
1673 0.684314
1675 0.4774075
1665 0.821569
1663 0.6418804486607281
1671 0.716636
1674 0.692157
1676 0.637255
1677 0.62549
1678 0.519608
1680 0.4931033839459352
1679 0.720487
1681 0.687015
1683 0.766667
1682 0.798039
1686 0.605882
1684 0.5347179451513535
1689 0.470588
1687 0.5875276054661124
1690 0.49313725
1685 0.594118
1688 0.452941
1692 0.672549
1693 0.486425
1691 0.562745
1695 0.622824
1698 0.6952590000000001
1694 0.601961
1700 0.594118
1697 0.4503906653048588
1701 0.660784
1699 0.723529
1696 0.49898625
1702 0.747111
1703 0.727503
1704 0.441176
1710 0.366667
1705 0.2337287705121377
1709 0.652941
1708 0.378431
1711 0.77451
1707 0.653012
1714 0.711765
1715 0.613725
1706 0.684314
1716 0.664706
1722 0.5247281090837039
1719 0.531373
1717 0.75098
1720 0.660784
1712 0.44414050000000005
1713 0.6863
1721 0.5344437032237035
1718 0.703922
1724 0.47301699999999997
1725 0.543137
1723 0.578431
1727 0.61764675
1726 0.496804
1728 0.527451
1729 0.7404018571137718
1730 0.697037
1731 0.6695921072071278
1732 0.640489
1735 0.651031
1734 0.680392
1733 0.6176875999087349
1736 0.637255
1738 0.578431
1737 0.531373
1741 0.5222492684647408
1743 0.56367225
1739 0.472549
1742 0.4394129237037123
1746 0.562745
1745 0.6567557500000001
1744 0.4927517948405687
1740 0.558109
1747 0.49994675
1749 0.515686
1748 0.4823505
1751 0.418105
1750 0.315686
1752 0.3886958372948863
1754 0.24644575000000002
1756 0.29365848191748783
1757 0.366667
1755 0.241176
1753 0.586275
1758 0.366667
1760 0.241176
1761 0.852941
1763 0.713161
1759 0.39425317928729425
1762 0.856863
1765 0.542628
1764 0.817647
1767 0.735294
1766 0.5894004761835805
1768 0.779676
1769 0.7
1770 0.684314
1774 0.590196
1772 0.617647
1771 0.59338425
1775 0.633333
1776 0.664706
1779 0.841176
1778 0.982353
1773 0.605882
1780 0.886608
1782 0.850624
1777 0.986275
1781 0.978431
1783 0.970588
1784 0.852941
1785 0.621569
1786 0.817647
1787 0.962745
1788 0.813725
1790 0.76168075
1789 0.958824
1791 0.970588
1792 0.954902
1793 0.339216
1795 0.841176
1794 0.5897641501617213
1796 0.4338459636446347
1797 0.4548416480148958
1799 0.3
1798 0.758824
1800 0.56078425
1802 0.45980399999999993
1801 0.468627
1803 0.503922
1804 0.668627
1805 0.652941
1814 0.97451
1810 0.868627
1813 0.860784
1811 0.64902
1816 0.570588
1812 0.978431
1809 0.994118
1817 0.6270520840225862
1806 0.602049
1815 0.986275
1807 0.770588
1808 0.605882
1818 0.8375335
1819 0.582353
1820 0.978431
1821 0.978431
1824 0.829412
1829 0.609804
1825 0.758824
1823 0.7340363754954458
1822 0.8717509713441307
1826 0.82549
1827 0.771589
1828 0.747547
1830 0.605882
1831 0.688235
1832 0.480392
1833 0.609804
1834 0.605882
1835 0.57451
1836 0.543137
1837 0.42941175
1838 0.511765
1840 0.441176
1839 0.692436
1842 0.7
1841 0.884314
1843 0.813725
1844 0.760028
1845 0.598039
1846 0.692157
1848 0.558824
1847 0.6533440955779153
1850 0.684314
1849 0.633333
1851 0.5891522499999999
1852 0.5918534301063991
1853 0.554902
1855 0.703557
1854 0.55098
1859 0.56239
1857 0.837255
1856 0.5743125
1858 0.7390845256891694
1860 0.844826
1863 0.778352
1864 0.5757147499999999
1866 0.668627
1865 0.62549
1861 0.827992
1862 0.747059
1868 0.560551
1867 0.652941
1869 0.641176
1871 0.714186
1870 0.558824
1872 0.543118
1873 0.903922
1876 0.841176
1877 0.837255
1875 0.8250556234755537
1879 0.783147
1874 0.886452
1881 0.7186710000000001
1878 0.799373
1888 0.660784
1882 0.727451
1880 0.762745
1885 0.697257
1889 0.6980971598626713
1887 0.7803444966706627
1884 0.7065311554771571
1883 0.727451
1890 0.669334
1891 0.5834115
1892 0.5743497996928426
1893 0.523529
1886 0.592157
1894 0.5047796541431132
1895 0.4237916082239901
1896 0.472549
1898 0.387255
1897 0.398039
1899 0.307843
1900 0.35098
1904 0.344401229962877
1901 0.452941
1905 0.688235
1903 0.554902
1902 0.366667
1906 0.684314
1909 0.8437838876547449
1908 0.998039
1907 0.994118
1910 0.986275
1911 0.998039
1912 0.914706
1913 0.91666675
1915 0.7764270606793279
1916 0.986275
1917 0.998039
1914 0.829412
1918 0.766667
1919 0.652941
1922 0.794118
1923 0.6411467525710897
1921 0.896078
1925 0.6080944114821464
1924 0.5711267103039079
1920 0.666823566372044
1926 0.668627
1927 0.507843
1928 0.500090183405671
1929 0.601961
1931 0.582353
1932 0.492157
1933 0.55098
1934 0.5223732612110219
1935 0.468627
1936 0.503922
1937 0.8627452499999999
1930 0.520007
1941 0.911765
1938 0.884314
1939 0.872002
1943 0.598039
1946 0.688235
1947 0.5162098049168161
1945 0.758824
1940 0.837255
1942 0.805179
1948 0.672549
1951 0.821569
1944 0.77451
1950 0.5721795
1952 0.452941
1955 0.598039
1954 0.697225
1953 0.794118
1956 0.645273
1959 0.62549
1957 0.703922
1960 0.598039
1961 0.582353
1958 0.64902
1964 0.543137
1963 0.617647
1949 0.715686
1962 0.573743
1966 0.503922
1965 0.5599808699103243
1967 0.64902
1970 0.802788129039844
1968 0.482034
1969 0.88921
1971 0.785227
1972 0.7569215952200266
1975 0.6706682500000001
1982 0.5641987500000001
1977 0.5690604987687233
1976 0.770588
1978 0.617647
1983 0.621569
1980 0.590196
1979 0.690687
1984 0.57498575
1973 0.736933
1989 0.852941
1990 0.7210572500000001
1993 0.762745
1987 0.872549
1988 0.829412
1974 0.772865
1986 0.8188416220325224
1991 0.723529
1992 0.778431
1981 0.676471
2001 0.8008595886165161
1995 0.735294
1996 0.59607
2003 0.990196
1997 0.707843
1999 0.782052
1998 0.668627
2002 0.958824
2004 0.921557
2000 0.688235
1994 0.727451
2007 0.599877
1985 0.911765
2008 0.919608
2006 0.986275
2011 0.978431
2005 0.637255
2016 0.876471
2018 0.582353
2010 0.903922
2012 0.896078
2014 0.7577561757589072
2019 0.892157
2020 0.872549
2009 0.778431
2021 0.860122927630441
2013 0.89829225
2023 0.812265
2015 0.904804
2017 0.9002777500000001
2022 0.7395162499255425
2025 0.703922
2027 0.6587132011649676
2028 0.715686
2026 0.75098
2029 0.488235
2030 0.6901878297743195
2024 0.77451
2032 0.731373
2035 0.613725
2033 0.656863
2037 0.472549
2036 0.5053547599604646
2038 0.441176
2039 0.405882
2041 0.382353
2046 0.3190301681252042
2034 0.659128
2047 0.5
2044 0.307843
2043 0.334427
2048 0.182353
2051 0.943137
2049 0.7746448236249052
2052 0.841176
2055 0.782353
2050 0.6914144648730406
2054 0.8331590285208664
2057 0.6927024258535883
2053 0.87745525
2056 0.919608
2031 0.656863
2058 0.903922
2042 0.354902
2045 0.31568625
2060 0.892157
2040 0.405882
2062 0.8204963970903155
2061 0.888235
2059 0.852693
2064 0.556728
2065 0.7737627499999999
2067 0.6057757054076962
2063 0.990196
2066 0.892157
2070 0.6856251021966928
2071 0.727451
2072 0.676471
2068 0.6882355
2076 0.637255
2077 0.507843
2080 0.562745
2078 0.590196
2073 0.5973288064717457
2079 0.731373
2074 0.75098
2075 0.464706
2081 0.790509
2069 0.6492997500000001
2082 0.735294
2083 0.6485605
2084 0.628068289545582
2086 0.601961
2085 0.664706
2088 0.562745
2089 0.521413
2091 0.49049849999999995
2092 0.452941
2087 0.5124495270695584
2090 0.49408017973043494
2095 0.5876957500000001
2094 0.409804
2096 0.652941
2093 0.437255
2097 0.811941
2101 0.696078
2098 0.758824
2099 0.6650119999999999
2102 0.641176
2103 0.433333
2100 0.6161255
2107 0.37451
2104 0.409804
2105 0.4535195
2112 0.460784
2113 0.74532625
2111 0.660784
2116 0.798039
2108 0.51398
2114 0.758824
2109 0.5
2115 0.727451
2110 0.476471
2106 0.45338184875904664
2119 0.543137
2117 0.594118
2121 0.633091
2120 0.715686
2122 0.552941
2124 0.59811775
2118 0.813725
2127 0.75098
2123 0.739216
2129 0.77451
2126 0.56669
2130 0.770588
2125 0.574164
2131 0.630234104958573
2128 0.621569
2132 0.683087
2133 0.672549
2135 0.536809
2136 0.57451
2137 0.515686
2138 0.543137
2134 0.617647
2139 0.503922
2140 0.441176
2143 0.6056115204948456
2147 0.892157
2146 0.958824
2149 0.802847390324056
2141 0.472549
2142 0.426943
2145 0.809202
2144 0.41725531522905446
2154 0.73529425
2156 0.766667
2153 0.798039
2158 0.731373
2148 0.939216
2160 0.617647
2152 0.7127451668704047
2151 0.7882355
2157 0.743137
2159 0.931373
2161 0.8237209999999999
2162 0.8515246286612379
2155 0.884314
2163 0.998039
2165 0.82549
2171 0.569514
2164 0.8477529832767592
2167 0.840433
2150 0.833333
2172 0.998039
2166 0.876471
2173 0.998039
2174 0.998039
2176 0.998039
2175 0.998039
2179 0.5945340580624068
2177 0.6968476334644198
2169 0.7614566540016313
2168 0.828311
2170 0.51015425
2180 0.622447
2181 0.586275
2178 0.707843
2182 0.446552
2184 0.460784
2186 0.414557
2183 0.497418
2185 0.437255
2187 0.394118
2188 0.39591975
2190 0.547059
2189 0.37058825000000006
2191 0.421247
2195 0.696078
2199 0.696078
2200 0.621569
2197 0.6100085
2194 0.7071369232146472
2193 0.721004
2196 0.715686
2198 0.542838
2201 0.660784
2192 0.284314
2202 0.707843
2203 0.629412
2204 0.62549
2205 0.594118
2207 0.566667
2208 0.586275
2209 0.656863
2211 0.6276915723072743
2210 0.6745095
2212 0.523529
2214 0.598039
2206 0.590196
2215 0.4666015
2213 0.633333
2217 0.5249102680107678
2216 0.519608
2218 0.4097385
2222 0.394118
2220 0.543137
2223 0.543137
2221 0.413725
2224 0.381793
2219 0.460784
2226 0.809314
2229 0.660784
2232 0.735294
2230 0.765743
2225 0.7892290000000001
2228 0.813725
2227 0.833333
2231 0.7273601454419873
2233 0.6360220307936851
2234 0.707843
2235 0.683136
2236 0.5789307499999999
2238 0.647235
2237 0.660784
2239 0.64902
2240 0.5663755949588799
2243 0.766974
2244 0.715686
2241 0.798039
2242 0.82549
2247 0.664706
2245 0.723529
2248 0.54215675
2246 0.61590825
2249 0.627638
2251 0.47165799999999997
2250 0.511765
2253 0.57451
2256 0.535294
2257 0.90431
2261 0.617647
2254 0.4728133795767729
2252 0.5546728709112968
2255 0.5819345220602571
2258 0.6186275
2259 0.63742825
2263 0.821569
2265 0.62549
2266 0.48235300000000003
2267 0.598039
2260 0.852941
2262 0.778431
2264 0.5206037462187808
2270 0.566667
2271 0.743137
2268 0.560483
2272 0.48507130780762436
2274 0.994118
2273 0.703922
2275 0.583208
2269 0.4680737480088842
2276 0.947059
2277 0.994118
2281 0.6831262499999999
2279 0.923529
2278 0.794118
2280 0.656863
2283 0.6404803835290225
2282 0.990196
2285 0.547194
2284 0.70287575
2286 0.6735439999999999
2289 0.876471
2290 0.852941
2287 0.935294
2294 0.672549
2295 0.66803275
2288 0.696078
2297 0.680392
2296 0.727451
2299 0.657265
2292 0.676709502712406
2298 0.672549
2301 0.638631
2293 0.761503
2300 0.617647
2303 0.703922
2291 0.613725
2305 0.596797
2302 0.507843
2306 0.782353
2304 0.469684
2307 0.601091
2308 0.637255
2310 0.5726811816165129
2309 0.605882
2311 0.519608
2313 0.464706
2312 0.523529
2318 0.413163
2314 0.37007680396118803
2320 0.397708
2315 0.460784
2317 0.37451
2321 0.82549
2319 0.64902
2316 0.436095
2323 0.6327272500000001
2322 0.781272
2326 0.485972
2325 0.66457
2330 0.496078
2332 0.5145895
2328 0.598039
2336 0.409804
2331 0.484314
2335 0.590196
2324 0.6486767126452316
2337 0.892157
2329 0.49363674999999996
2333 0.38074749999999996
2334 0.445098
2327 0.617647
2339 0.676471
2338 0.45614
2340 0.829412
2341 0.637255
2343 0.754902
2350 0.660784
2345 0.6107525
2342 0.57697525
2349 0.77451
2347 0.684314
2348 0.62549
2346 0.6416567499999999
2351 0.637255
2352 0.7
2344 0.794118
2353 0.845098
2354 0.9
2360 0.590196
2357 0.5042291880654164
2356 0.7187768002215116
2358 0.818608
2361 0.809804
2355 0.790196
2366 0.743137
2362 0.794118
2365 0.554902
2363 0.47201125000000005
2364 0.452941
2359 0.829412
2368 0.731373
2367 0.49307225
2370 0.833333
2369 0.911765
2373 0.81305675
2371 0.872549
2376 0.708849
2374 0.7440852499999999
2372 0.896078
2375 0.813725
2379 0.766208
2377 0.821569
2380 0.758824
2378 0.766667
2381 0.739216
2382 0.766667
2384 0.719608
2383 0.794118
2385 0.794118
2388 0.715686
2387 0.74182
2386 0.758824
2390 0.562745
2389 0.536325
2391 0.615803
2392 0.598039
2394 0.547059
2393 0.53383575
2395 0.37451
2398 0.40686275
2401 0.63431375
2399 0.586275
2400 0.459149
2397 0.494413
2403 0.813725
2396 0.476471
2404 0.8477747796622019
2402 0.727451
2405 0.801961
2406 0.80291
2407 0.754902
2408 0.6953865513578954
2409 0.778431
2411 0.711765
2410 0.758824
2414 0.668627
2417 0.888235
2413 0.731373
2418 0.841176
2415 0.790196
2416 0.621569
2419 0.821569
2412 0.715244
2420 0.692157
2421 0.794118
2422 0.7064624115965719
2424 0.731767
2423 0.754902
2425 0.727451
2426 0.672549
2427 0.672549
2428 0.666953
2430 0.637255
2429 0.651812
2431 0.758824
2434 0.841176
2432 0.5613842499999999
2433 0.7813725
2435 0.794118
2436 0.6877054652369187
2437 0.754902
2438 0.7155018251358165
2439 0.684314
2440 0.676471
2446 0.566667
2442 0.623117
2447 0.67212775
2444 0.608821
2445 0.593731
2450 0.880392
2448 0.5200906558644234
2451 0.6454092499999999
2449 0.670014
2441 0.586275
2443 0.722391
2452 0.5
2453 0.505206
2454 0.62549
2455 0.598039
2457 0.554902
2458 0.676762
2456 0.504208
2462 0.496078
2460 0.5022058599785276
2459 0.539216
2463 0.6130723257335194
2461 0.507843
2466 0.743137
2465 0.707843
2467 0.707843
2468 0.6067144120584942
2469 0.503877
2470 0.539216
2464 0.31078425
2472 0.62549
2471 0.554244
2474 0.578431
2473 0.601961
2475 0.40149407189458236
2476 0.36657025
2477 0.437255
2483 0.3358926446480565
2479 0.51960775
2478 0.3877298919880761
2480 0.27981833390381194
2485 0.680392
2484 0.719608
2482 0.601961
2481 0.652941
2487 0.382353
2488 0.28553
2486 0.629412
2489 0.554902
2490 0.362745
2492 0.209804
2491 0.511765
2493 0.36223825000000004
2494 0.425909
2495 0.44902
2497 0.852941
2496 0.429412
2499 0.691991
2498 0.743137
2500 0.680392
2502 0.598039
2504 0.547059
2503 0.57451
2501 0.747059
2505 0.480221
2506 0.555369
2507 0.4651978536081716
2508 0.421569
2512 0.5
2511 0.731373
2518 0.8523107926438933
2516 0.790196
2514 0.978431
2513 0.7833335
2510 0.37451
2517 0.97451
2515 0.864109
2519 0.823401
2509 0.41372575
2520 0.958824
2521 0.77451
2524 0.95098
2522 0.799701
2523 0.773609
2525 0.77883
2526 0.8641284183740409
2529 0.888235
2528 0.8010484999999999
2530 0.9
2531 0.923529
2527 0.888235
2532 0.860784
2533 0.821569
2534 0.880392
2535 0.778431
2536 0.7760424753330212
2537 0.845098
2538 0.84902
2541 0.62549
2539 0.660784
2545 0.984055
2540 0.754902
2546 0.833333
2544 0.591936
2542 0.790196
2543 0.896078
2548 0.976989
2554 0.70515025
2549 0.970588
2552 0.809804
2547 0.7785866222490768
2553 0.97451
2550 0.982353
2551 0.978431
2555 0.95734
2557 0.634314
2556 0.970588
2558 0.424035
2560 0.947013
2562 0.535294
2559 0.982353
2561 0.48693224999999996
2563 0.605882
2565 0.547059
2567 0.389406
2566 0.460784
2568 0.692157
2564 0.476471
2569 0.44522906835840237
2570 0.766667
2571 0.3704516569612252
2573 0.3032229605773844
2574 0.637255
2572 0.296078
2577 0.77451
2583 0.569153
2581 0.65518
2575 0.523529
2582 0.594118
2579 0.660784
2578 0.723529
2584 0.545345
2586 0.498548
2585 0.511765
2576 0.627
2587 0.48768203750864164
2580 0.6389431293811331
2589 0.38878000533346135
2590 0.417647
2588 0.437255
2591 0.617647
2592 0.40135
2593 0.857125
2594 0.281729
2597 0.4950985
2595 0.837255
2598 0.383714
2605 0.44902
2606 0.621569
2599 0.2224
2596 0.813725
2600 0.723529
2602 0.649959
2603 0.488235
2604 0.578273718893872
2608 0.46648474999999995
2601 0.307843
2611 0.324937
2609 0.614559
2610 0.637255
2607 0.613725
2619 0.42994976259878565
2613 0.5110727500000001
2617 0.401961
2618 0.39879350160409666
2620 0.347059
2616 0.419757
2615 0.452941
2614 0.460784
2623 0.460784
2621 0.688235
2625 0.884314
2628 0.813725
2629 0.29783225
2612 0.594118
2626 0.856863
2624 0.260784
2632 0.517406
2633 0.4126455
2630 0.762745
2627 0.590196
2631 0.405882
2643 0.798039
2622 0.38137275000000004
2635 0.664709
2637 0.401961
2636 0.3083035
2639 0.590196
2638 0.366667
2634 0.692157
2640 0.3213475
2642 0.7835029323217249
2641 0.994118
2649 0.876471
2644 0.778431
2648 0.5383708829312331
2646 0.986275
2645 0.954902
2647 0.821569
2653 0.978431
2652 0.860784
2654 0.747059
2651 0.754906
2656 0.978431
2650 0.782353
2659 0.656863
2655 0.8479184160172314
2657 0.794118
2661 0.594118
2658 0.731373
2662 0.731373
2660 0.790196
2664 0.691243
2666 0.6311087084737627
2665 0.51021925
2663 0.696078
2668 0.5415360606191896
2671 0.6372549999999999
2669 0.613725
2673 0.828696
2670 0.582353
2667 0.621569
2676 0.8072540246705104
2672 0.51426975
2675 0.765859
2674 0.807808
2677 0.892157
2678 0.707843
2679 0.737441110150682
2681 0.994118
2684 0.629412
2683 0.601961
2682 0.82549
2687 0.994118
2690 0.872549
2686 0.782353
2680 0.66989
2685 0.55666325
2691 0.645098
2688 0.7685712501824011
2689 0.966667
2694 0.754614929452193
2693 0.7558825
2692 0.947059
2695 0.758824
2697 0.747059
2696 0.994118
2698 0.562745
2701 0.888235
2705 0.805882
2706 0.778431
2703 0.719572390768671
2709 0.664706
2708 0.723529
2702 0.880392
2704 0.711765
2700 0.560743
2699 0.629412
2710 0.656863
2707 0.727451
2712 0.617647
2713 0.5932668792377547
2711 0.601961
2715 0.547816
2714 0.5340674999999999
2716 0.492157
2718 0.5118981334785176
2722 0.7366224176532673
2721 0.856863
2717 0.562745
2724 0.762191
2723 0.783812
2720 0.488235
2725 0.743137
2719 0.638281
2726 0.792635
2729 0.5019607500000001
2734 0.5092570000000001
2733 0.55386
2738 0.841176
2736 0.531373
2732 0.641176
2728 0.758824
2727 0.743137
2731 0.605882
2730 0.672549
2739 0.7345710000000001
2740 0.732951
2741 0.7108045
2742 0.687388
2743 0.664519
2749 0.604025
2735 0.66750575
2744 0.668627
2737 0.599386
2745 0.631525
2750 0.598039
2746 0.6460785000000001
2747 0.625584
2751 0.633333
2752 0.7
2748 0.629412
2755 0.786275
2754 0.7436182499999999
2756 0.758824
2753 0.7850042500000001
2757 0.6560852500000001
2759 0.637255
2761 0.578431
2758 0.692157
2760 0.629412
2763 0.590196
2762 0.586275
2766 0.454489
2765 0.5235295
2767 0.677597
2764 0.57451
2768 0.523529
2769 0.75098
2770 0.707843
2771 0.731373
2772 0.664706
2773 0.6335465
2774 0.547928
2775 0.5067180763292888
2776 0.582353
2777 0.474081
2778 0.433333
2779 0.531373
2780 0.391053
2781 0.421569
2782 0.464706
2783 0.594118
2784 0.35098
2785 0.527451
2786 0.57451
2787 0.829412
2789 0.794118
2790 0.390196
2788 0.343137
2793 0.688235
2792 0.41895875
2791 0.43477080020620595
2794 0.633333
2795 0.362745
2796 0.30993948064704013
2797 0.233321
2798 0.347059
2799 0.766667
2800 0.347059
2801 0.8183441876701573
2803 0.919608
2802 0.927451
2804 0.986275
2806 0.630427
2805 0.759801
2807 0.915686
2808 0.731373
2809 0.845098
2810 0.837255
2811 0.97451
2812 0.676471
2813 0.660784
2814 0.966667
2815 0.927451
2816 0.85812
2817 0.6529412499999999
2818 0.562745
2819 0.558824
2821 0.543137
2820 0.598039
2823 0.390196
2824 0.4075365000000001
2822 0.476471
2825 0.409804
2827 0.35098
2828 0.370588
2826 0.370588
2829 0.32365053486922346
2830 0.562745
2831 0.511765
2832 0.296078
2833 0.505117
2834 0.44739599999999996
2835 0.394118
2836 0.339216
2837 0.32485
2838 0.264706
2839 0.505882
2840 0.27009825
2842 0.18725475
2841 0.186275
2843 0.209804
2844 0.180442
2845 0.15098
2846 0.337255
2847 0.562745
2848 0.16646149999999998
2849 0.461832310565751
2850 0.856866
2851 0.841176
2852 0.817647
2853 0.2435718019218043
2854 0.754905
2855 0.5899857798453203
2856 0.727451
2858 0.684314
2857 0.5336057459509052
2859 0.656863
2861 0.24217675
2860 0.19717209790385917
2863 0.778431
2865 0.665751
2864 0.609804
2862 0.613725
2868 0.586275
2867 0.621569
2869 0.801961
2872 0.595143
2870 0.62549
2874 0.46096
2866 0.723529
2875 0.441345
2871 0.406664
2873 0.547059
2876 0.413725
2878 0.3760935
2879 0.778431
2877 0.44484075
2880 0.359166
2881 0.735797
2882 0.87901025
2883 0.679518
2884 0.97451
2885 0.962809
2886 0.962745
2888 0.947059
2889 0.7842096850747344
2892 0.570588
2890 0.93923
2894 0.669700398788227
2887 0.958824
2893 0.929319
2895 0.958824
2897 0.816431
2896 0.813725
2898 0.782308
2891 0.9005469581003693
2899 0.754902
2900 0.852727
2903 0.5664483909406738
2901 0.613725
2904 0.524917712025294
2902 0.6411289856585172
2905 0.564111
2906 0.543137
2907 0.717992
2908 0.492384
2909 0.637255
2910 0.44968702679555766
2911 0.664159
2913 0.789613
2914 0.75098
2912 0.445194
2915 0.718606
2917 0.652941
2916 0.685548
2919 0.487739
2918 0.507843
2920 0.543137
2921 0.4684223244365981
2923 0.460784
2922 0.492508
2925 0.390196
2926 0.3110359358495824
2924 0.445098
2927 0.540941
2928 0.386275
2930 0.778431
2932 0.727451
2929 0.815975
2931 0.751063
2933 0.676471
2934 0.48038
2935 0.528772
2936 0.598039
2937 0.532881040887963
2938 0.55098
2939 0.51661325
2941 0.472549
2940 0.492157
2943 0.660784
2942 0.452941
2945 0.6331249901330012
2947 0.53003725
2944 0.443954
2948 0.433333
2946 0.5769005
2949 0.450555
2950 0.395603
2952 0.370588
2951 0.621569
2955 0.531373
2953 0.288646
2954 0.28809733433828877
2958 0.217732
2959 0.46079095071361903
2957 0.272549
2960 0.23653925
2961 0.8866213657448271
2956 0.366667
2962 0.8178254264619043
2963 0.82549
2965 0.852941
2966 0.766667
2967 0.77451
2964 0.872549
2968 0.762745
2969 0.731373
2971 0.6466315
2970 0.731373
2972 0.7
2973 0.5926280340213907
2974 0.54980825
2975 0.798039
2976 0.656183
2977 0.887237
2978 0.881762
2979 0.869417
2980 0.986275
2981 0.8227466518258076
2983 0.8648344252382775
2982 0.97451
2984 0.742157
2985 0.95098
2986 0.868627
2987 0.739728
2989 0.966667
2990 0.7160234999999999
2991 0.694197
2992 0.672549
2988 0.935294
2994 0.747059
2993 0.658141
2996 0.703922
2995 0.480392
2997 0.554902
2998 0.633333
2999 0.578431
3000 0.554902
3001 0.488235
3002 0.503922
3003 0.484314
3004 0.523529
3005 0.43225906395773195
3007 0.593541
3006 0.37451
3008 0.42549
3010 0.727451
3009 0.817647
3014 0.739216
3011 0.7959835
3012 0.82549
3016 0.6507230558050974
3017 0.562745
3015 0.726299
3013 0.798039
3018 0.6274049714734712
3019 0.747059
3023 0.593768
3020 0.664706
3021 0.520448
3024 0.5605422499999999
3026 0.931373
3030 0.790196
3027 0.927451
3031 0.715686
3028 0.911765
3022 0.570754014705175
3029 0.817647
3032 0.872549
3025 0.930506
3033 0.7174929999999999
3034 0.837271
3035 0.845098
3036 0.816421
3038 0.801961
3039 0.892157
3042 0.817323
3037 0.743137
3043 0.841176
3040 0.813725
3044 0.82549
3046 0.846295
3047 0.641176
3045 0.864706
3041 0.923529
3048 0.598039
3049 0.80708
3051 0.668627
3050 0.719608
3052 0.778431
3053 0.766667
3054 0.762745
3055 0.858508
3056 0.754902
3058 0.947059
3059 0.645098
3060 0.898289
3063 0.819174
3062 0.896078
3061 0.888271
3057 0.916067
3064 0.970588
3065 0.735294
3066 0.610804
3067 0.711765
3068 0.6694687500000001
3069 0.958824
3070 0.958824
3071 0.790196
3072 0.954902
3074 0.739216
3077 0.57370675
3076 0.57451
3073 0.696078
3075 0.591092
3079 0.519608
3078 0.562745
3080 0.49104886271779863
3081 0.47335
3082 0.503922
3083 0.43565725
3084 0.4374405
3085 0.464706
3086 0.433333
3087 0.578431
3089 0.923529
3088 0.4328735864409554
3091 0.861448
3090 0.465687
3092 0.378431
3095 0.794118
3094 0.841176
3093 0.645098
3098 0.647918
3096 0.778431
3097 0.727451
3099 0.790196
3100 0.719608
3101 0.629412
3102 0.64902
3103 0.645098
3104 0.507843
3105 0.790196
3106 0.754902
3108 0.65134225
3107 0.721887
3109 0.637255
3110 0.5999530550557489
3114 0.488235
3115 0.4383018529771508
3117 0.3661379049679707
3113 0.519608
3116 0.47115432693981024
3111 0.558824
3120 0.37553949999999997
3112 0.546863
3118 0.417647
3122 0.731373
3121 0.790196
3125 0.749913
3124 0.692157
3123 0.754902
3127 0.578431
3128 0.566667
3126 0.617647
3119 0.62549
3129 0.641176
3130 0.527451
3131 0.558824
3135 0.456863
3133 0.484314
3134 0.492157
3136 0.460784
3132 0.468627
3137 0.668627
3139 0.535294
3138 0.5744386157240677
3140 0.496693577115923
3141 0.4610675
3142 0.432571359694491
3143 0.447818999134086
3144 0.399756
3145 0.331373
3148 0.38333350000000005
3149 0.301634
3146 0.35098
3151 0.519608
3147 0.394118
3152 0.284314
3150 0.28358150000000004
3154 0.6729757500000001
3153 0.7096451313121565
3155 0.605882
3156 0.637255
3157 0.580161
3158 0.528523
3160 0.409804
3161 0.382353
3159 0.460784
3164 0.35288675
3163 0.3696227688367646
3166 0.333832
3162 0.3711655
3168 0.366667
3165 0.36323275
3167 0.55995
3169 0.715686
3171 0.601822
3170 0.982353
3172 0.55098
3173 0.970588
3174 0.770588
3175 0.7149637639827561
3176 0.868627
3178 0.601961
3177 0.954902
3179 0.18042631021756034
3183 0.617647
3180 0.5147938362739484
3181 0.119608
3185 0.7544566888414826
3182 0.55098
3186 0.664706
3184 0.966667
3187 0.841176
3189 0.4999655823696929
3188 0.570588
3191 0.296884
3193 0.522923
3190 0.754902
3196 0.645098
3192 0.711814
3197 0.4468555
3200 0.44848350000000003
3199 0.35573124999999994
3201 0.88627425
3202 0.8822412124922133
3204 0.789112
3195 0.672549
3198 0.637255
3206 0.733564
3207 0.7358716005166245
3203 0.8457232121434141
3208 0.74889575
3205 0.7591547674657246
3209 0.676471
3210 0.708438
3211 0.68509
3212 0.731373
3216 0.617647
3214 0.6621104999999999
3215 0.833333
3217 0.888235
3213 0.719608
3194 0.676504
3218 0.872549
3221 0.52549275
3222 0.433333
3220 0.276471
3229 0.30325384988745674
3226 0.684314
3224 0.431259792041258
3230 0.22549
3219 0.4736435
3227 0.288235
3232 0.586275
3228 0.250318
3233 0.907843
3223 0.680392
3225 0.385607215490997
3231 0.766672
3236 0.782353
3235 0.829412
3234 0.7379032558718189
3238 0.629412
3237 0.586275
3239 0.609804
3241 0.582706
3242 0.64902
3245 0.511765
3243 0.727451
3244 0.488645
3240 0.692157
3247 0.739216
3246 0.680392
3248 0.41786850000000003
3249 0.837255
3252 0.739216
3255 0.696078
3253 0.723529
3251 0.758824
3259 0.739216
3256 0.53238375
3257 0.633333
3250 0.880392
3262 0.613725
3260 0.696078
3261 0.5422548259030148
3254 0.5842345067031056
3265 0.656863
3258 0.727451
3267 0.758824
3266 0.683824
3269 0.598039
3264 0.652941
3268 0.62549
3270 0.643452
3272 0.554902
3263 0.719608
3271 0.543137
3276 0.515686
3274 0.523529
3273 0.592446
3275 0.511765
3278 0.4637415
3277 0.543137
3284 0.8421567499999999
3285 0.7757
3287 0.754902
3289 0.998039
3283 0.954902
3282 0.994118
3281 0.860784
3288 0.994118
3291 0.663006
3280 0.472549
3286 0.994118
3290 0.907843
3294 0.680392
3292 0.55635
3293 0.998039
3279 0.570588
3298 0.77451
3295 0.998039
3299 0.986275
3300 0.605882
3302 0.965767
3297 0.7789342256570231
3296 0.74901975
3301 0.982353
3307 0.970588
3305 0.9065613815876407
3304 0.978431
3308 0.970588
3303 0.7622365
3309 0.947059
3306 0.676471
3313 0.826909
3311 0.982353
3310 0.966667
3315 0.771593
3314 0.798105
3318 0.656863
3316 0.743246
3320 0.622335
3317 0.711765
3322 0.579652
3323 0.558824
3324 0.539216
3319 0.6835619806961074
3325 0.45911
3312 0.962745
3321 0.707843
3327 0.696078
3326 0.5004889363096968
3329 0.77635
3328 0.484314
3331 0.696078
3330 0.739984
3332 0.62762675
3333 0.6351609542290847
3335 0.547059
3334 0.586275
3339 0.3833335
3338 0.472549
3341 0.405882
3344 0.358824
3336 0.523529
3343 0.613725
3348 0.782353
3342 0.39264974999999996
3349 0.72843125
3345 0.837744
3346 0.80782
3347 0.845098
3340 0.429412
3350 0.707843
3337 0.500767
3355 0.642486
3358 0.558824
3351 0.7179859726621478
3357 0.589733
3354 0.664706
3352 0.723529
3361 0.994118
3359 0.736367
3362 0.888103
3363 0.998039
3353 0.711765
3356 0.60274
3365 0.994118
3369 0.9824575902670108
3364 0.66560825
3367 0.994118
3372 0.990196
3370 0.978431
3371 0.978304
3360 0.554902
3375 0.62549
3377 0.668627
3368 0.7269226808047253
3376 0.60018125
3366 0.864706
3373 0.990196
3378 0.63491875
3380 0.578431
3381 0.5520682499999999
3382 0.4407856347805519
3379 0.613725
3383 0.570588
3374 0.986275
3384 0.413725
3385 0.386275
3386 0.370588
3387 0.347059
3388 0.3218875
3400 0.6166425
3391 0.507843
3389 0.339216
3395 0.637255
3399 0.736133
3397 0.586275
3396 0.791792
3390 0.362745
3393 0.7016330803548018
3398 0.6232857943019395
3394 0.786275
3392 0.237255
3401 0.609804
3403 0.6822699470341836
3405 0.67253
3404 0.5490195
3407 0.76307
3402 0.692157
3408 0.641176
3412 0.680392
3406 0.45494757170694594
3413 0.511765
3411 0.770588
3414 0.672549
3410 0.829412
3409 0.766667
3415 0.57451
3417 0.652941
3416 0.6218969753067816
3419 0.570588
3418 0.629412
3420 0.44705275
3421 0.5054868507481437
3422 0.566667
3423 0.696078
3424 0.539216
3428 0.782353
3425 0.813725
3429 0.6814099020935743
3430 0.696078
3432 0.6048823968429444
3426 0.7297342232403426
3431 0.637255
3434 0.644898
3433 0.548846
3427 0.801961
3435 0.660784
3436 0.707843
3438 0.4701892599370095
3437 0.586275
3441 0.896078
3439 0.700417
3440 0.531373
3442 0.880392
3443 0.864706
3444 0.759804
3445 0.832113
3448 0.762745
3447 0.652941
3451 0.721921
3455 0.813725
3452 0.70666
3449 0.751469
3453 0.684314
3450 0.739216
3446 0.794118
3454 0.676471
3456 0.5666665
3461 0.754902
3462 0.7469907836406501
3459 0.868627
3457 0.907843
3467 0.507843
3468 0.617421
3464 0.788663
3463 0.80079
3465 0.735294
3458 0.892157
3460 0.696078
3466 0.5102000983495137
3472 0.700125
3476 0.754902
3475 0.613725
3474 0.80956775
3471 0.790196
3473 0.841176
3477 0.706863
3479 0.664706
3482 0.464706
3485 0.562745
3483 0.411348
3481 0.609804
3478 0.6473645
3469 0.676471
3486 0.523529
3484 0.405882
3487 0.723529
3488 0.505279
3489 0.935294
3490 0.919608
3498 0.676471
3480 0.56779
3495 0.860784
3497 0.856863
3470 0.56516
3499 0.6549020000000001
3491 0.8259105
3493 0.939216
3492 0.82156875
3496 0.864706
3500 0.63158125
3501 0.69712125
3503 0.7887045
3506 0.754902
3494 0.74931875
3507 0.605882
3509 0.434466515680883
3508 0.813725
3504 0.813725
3511 0.739216
3510 0.492157
3512 0.2981615
3505 0.6878912500000001
3513 0.445098
3502 0.7150127500000001
3514 0.44902
3517 0.637255
3518 0.37451
3516 0.402051
3520 0.4257557120374113
3522 0.680392
3526 0.485888
3525 0.5710045669668864
3524 0.57451
3515 0.476471
3528 0.458681
3529 0.472549
3519 0.496078
3523 0.621569
3531 0.429412
3527 0.471059
3533 0.386275
3530 0.417647
3532 0.433333
3534 0.656863
3521 0.743137
3536 0.398039
3535 0.57451
3539 0.986275
3540 0.582391922112983
3542 0.982353
3543 0.598039
3541 0.966667
3538 0.98041
3544 0.7500035
3545 0.97451
3549 1.001961
3550 0.966667
3547 0.970588
3551 0.965775
3546 0.9651845405782834
3553 0.790196
3548 1.001961
3552 0.962745
3555 0.833333
3537 0.981228
3556 0.786275
3557 0.7340579434194362
3558 0.715686
3559 0.876471
3562 0.531373
3554 0.794118
3563 0.688235
3565 0.6594422565237049
3567 0.7270173500752225
3564 0.609804
3561 0.6504767499999999
3570 0.907843
3569 0.64164925
3566 0.57451
3568 0.5123344447119554
3571 0.860784
3560 0.656863
3573 0.864706
3574 0.84902
3575 0.59817975
3576 0.590196
3572 0.366667
3578 0.5780378685006576
3579 0.790196
3577 0.680392
3582 0.5761352500000001
3586 0.77451
3585 0.7105174132206385
3587 0.715686
3581 0.578431
3589 0.676471
3593 0.62549
3588 0.627087
3590 0.562745
3594 0.535294
3591 0.629412
3595 0.601961
3584 0.5032267125179525
3592 0.539216
3598 0.582353
3597 0.4738082364908581
3599 0.641176
3600 0.570588
3580 0.570588
3601 0.6367968894946465
3583 0.430691
3606 0.39215700000000003
3603 0.543987
3602 0.543137
3607 0.382353
3609 0.2942872825967093
3605 0.44794175
3611 0.296078
3604 0.519608
3608 0.352774
3613 0.264706
3610 0.272549
3615 0.4228735
3617 0.652941
3596 0.594118
3616 0.582353
3618 0.609804
3614 0.366667
3619 0.637255
3621 0.766667
3623 0.798039
3622 0.723529
3620 0.860784
3625 0.44902
3629 0.429412
3624 0.55
3631 0.63431375
3630 0.621569
3632 0.672549
3626 0.37451
3612 0.31610783403265574
3628 0.45662836594348877
3627 0.560949
3635 0.731373
3633 0.7629979142540275
3634 0.817647
3638 0.629412
3639 0.652941
3640 0.515686
3641 0.423769
3637 0.696078
3636 0.766667
3646 0.548816
3647 0.61496375
3650 0.841176
3644 0.48235004512373253
3645 0.519608
3648 0.523529
3642 0.621569
3649 0.7745095
3651 0.775648
3652 0.77451
3654 0.845098
3655 0.747059
3653 0.739019
3643 0.527451
3658 0.6843135
3659 0.66327175
3656 0.657785
3661 0.641176
3657 0.641176
3662 0.547059
3664 0.762745
3663 0.723529
3665 0.672549
3667 0.6310379689059357
3660 0.5998321682961587
3669 0.662746
3666 0.67475387081573
3668 0.682604
3670 0.5161377500000001
3672 0.539216
3671 0.592625
3673 0.55098
3676 0.507843
3675 0.515686
3678 0.445098
3674 0.507843
3681 0.821569
3682 0.688235
3677 0.496078
3679 0.637255
3684 0.3327844612692843
3683 0.762745
3686 0.5510864189918897
3680 0.327451
3687 0.5286437440783691
3688 0.53333325
3685 0.594118
3690 0.55098
3692 0.515686
3691 0.41568649999999996
3693 0.605882
3694 0.3950985
3695 0.558824
3696 0.366667
3698 0.5411765000000001
3689 0.445098
3697 0.720997
3699 0.798039
3703 0.7108
3702 0.531373
3701 0.6392007637679094
3700 0.62549
3704 0.692157
3705 0.605523
3707 0.646811
3706 0.595727
3708 0.629412
3713 0.711765
3709 0.605882
3710 0.38013600000000003
3712 0.582353
3711 0.735294
3715 0.782353
3716 0.652941
3717 0.6358129352369722
3714 0.809804
3718 0.637255
3721 0.621569
3720 0.645098
3719 0.664706
3722 0.5978
3723 0.4591230090005927
3724 0.547059
3725 0.547059
3727 0.672549
3726 0.539216
3729 0.707843
3728 0.794118
3730 0.7311674221127141
3732 0.784994
3734 0.590648
3733 0.77451
3731 0.788646
3737 0.703922
3736 0.596342
3735 0.629412
3738 0.677818
3739 0.656863
3741 0.617647
3742 0.56200425
3740 0.464706
3743 0.75098
3745 0.982353
3744 0.488235
3746 0.62549
3747 0.575113
3750 0.962745
3748 0.7401960000000001
3749 0.962745
3752 0.926255
3758 0.8961854803134934
3754 0.95098
3751 0.743137
3756 0.907511
3755 0.73431375
3753 0.923535
3757 0.927451
3760 0.8895464256038419
3761 0.902525
3759 0.966667
3762 0.9
3763 0.884314
3764 0.998