3 0.610784
2 0.36764700000000006
1 0.4162140000000001
4 0.3245100000000001
5 1.2261075000000001
6 0.494755650596
7 0.163864
8 0.13717800000000002
10 0.7189677011535001
9 0.448666
11 0.8039224999999999
12 0.4763277392548039
13 0.683333
14 1.2382350000000002
15 1.0301213025000002
16 0.905883
17 0.5833329999999999
19 0.6608629675025923
20 0.6921032585982524
21 0.8309223419929032
22 0.3705740000000002
24 0.7801655550391906
23 0.293137
25 0.836443934544
26 0.9465957260133656
27 0.41764749999999995
18 0.45441700000000007
28 0.6117330000000001
29 0.750346402515607
30 0.06777100000000003
31 0.1483752334583781
32 0.005906827588670338
33 0.32450900000000016
34 0.4792904583873292
35 0.7887369892910231
36 0.34676205585364506
37 0.03431400000000007
38 0.44910181185844755
39 0.3942026340954571
41 0.35097286605355393
40 0.2823534999999999
43 0.7774515
42 0.388430575532839
44 0.3964068911591305
45 0.494118
46 0.2446061419860141
47 0.18039250000000018
48 0.30718566297600003
49 0.349985001104
50 0.8314269999999999
51 0.572780397924
52 0.6215675
53 1.4229844999999999
55 0.2795603206287668
54 0.9018817560999999
56 0.803923288245005
57 0.8291566893558766
58 0.569628
59 0.737132581689
60 0.5282739999999999
61 0.26229100000000005
63 0.374382
62 0.12057996039999996
64 0.848100512649
65 1.1813719999999999
66 0.26954562512071445
68 0.21314782914192887
67 0.24411567534646972
69 0.09202908493439943
70 0.6838195260378028
71 0.05910467181229051
72 0.7558005336143756
73 0.5777917011535001
74 0.737255
75 0.2509181146451305
76 0.616666
77 0.8009805
78 0.633079915225
79 0.3023183274311496
80 0.923927
81 0.23554560344945608
82 0.9189005383434279
83 0.7862807682815
84 0.40901167366400015
85 0.3952779162288196
86 0.4522722166090001
87 0.40367585810956697
88 1.320809
89 0.508754127324706
90 0.38333300000000015
92 0.1269840731259999
93 0.905076098949259
91 1.1116459901046525
94 0.2487109999999999
95 1.1682390971142944
96 0.761474578240755
97 0.5560750515991157
98 0.2965886137107019
99 1.7735290000000001
100 0.838203
101 0.8474060000000001
102 0.9105486870953134
103 0.6972641270675786
104 0.010870025278601592
105 0.026415632744206663
106 0.9960785000000001
107 0.624881
108 0.876124243522
109 0.17974650551913962
110 0.5705441342281394
111 1.6166660000000002
112 0.6500000000000001
113 0.4978840000000002
114 0.5638245084893464
115 0.36082639015231943
116 0.08469710730707147
117 1.4205880000000002
118 0.5430865
120 0.5529410000000001
119 0.3754899999999999
121 1.230745
122 0.5961395126490001
123 0.004026195453975423
124 0.18725499999999995
125 0.917826214792
127 0.841658
126 0.5783381307489944
128 0.9294125
130 0.7723270859278357
129 0.432357445521
131 0.469608
132 0.427535
133 0.635719997924
134 1.0411765
135 0.3606838007690001
136 0.19117600000000023
137 0.03985300000000003
138 0.024998301828304315
139 0.2096055000000001
140 0.33921500000000004
141 0.906781516609
143 0.26080538114224994
142 0.5504028169055124
144 0.5017645012760934
145 0.2013066830969381
146 0.9224955397080343
147 0.9246248166089999
148 0.10865900000000006
150 0.5599472554764404
149 0.22273922379743366
151 0.27007533115018645
152 0.729412
153 0.4990189999999999
154 0.309794592906329
155 0.332595157401
156 0.7799675
157 0.570938334481
158 0.43281426643599996
159 0.750061512649
160 0.469818935025
161 0.6266360365808061
162 0.5436310000000002
163 1.3146829154906012
164 0.9264859350250001
165 0.7062574222095178
166 0.2139200000000001
167 0.8535195607517719
168 0.4465477845032999
170 0.5268345130107226
169 0.8992260000000001
171 0.21617650000000022
172 0.762052
173 0.2367649999999999
174 0.23674308339308056
175 0.03373694208274791
176 0.412606949481
177 0.8251665477637782
178 0.9076873212763648
180 0.5313725
179 0.4380182310268783
181 0.9272862936517346
182 0.036732918416000016
183 0.5647059999999999
184 0.150907109689
185 0.7029410000000003
186 0.2633650657440001
187 0.1583919175955859
188 0.55388584673699
189 0.07953608315089955
190 0.1127450000000001
191 0.21078400000000008
192 0.5115358472891033
193 0.45720000000000005
194 0.49313700000000016
195 0.9278906517862143
196 0.344811
197 0.6686963083091363
198 1.1058815
199 0.6893442018375
200 0.37221774009999997
201 0.2692745000000001
202 0.7709511536743765
203 0.04908968618805121
204 0.030575919949561325
205 0.7277538714738563
206 0.23286000000000007
208 0.632352
207 0.6884265
209 0.4411590000000001
210 1.44804
211 0.40699640595843234
212 1.1426477500000003
213 0.7392723086085311
214 0.4770836839016538
215 0.8094948948840001
216 0.2970590000000002
217 0.9415640000000001
218 0.3853452419840002
219 0.049656960400000116
220 0.7342925304417958
221 0.09480276720908942
222 0.7181956427327646
223 1.2337472456750003
224 0.3862745000000001
225 0.5745090000000002
226 0.6156870000000001
227 0.8668724269314104
228 0.389216
229 0.742826050596
230 0.717647
231 0.25245125
232 0.7218009999999999
233 0.8284324999999999
234 0.37131781599267616
235 0.581147
236 0.5625619070044448
237 0.5588533164355322
238 0.33347429237642
239 0.42457999999999996
240 0.4562200300024578
241 0.902547
242 0.5401960000000001
243 0.14898825000000016
244 0.11831754958141416
245 0.8620217550110736
246 0.6242639999999999
247 0.512745
248 0.8915192603397931
249 0.4604583459003171
250 1.0945903542935003
251 0.3103300000000002
252 1.09902
253 0.11944163242360029
254 0.3911770000000001
255 0.27829349999999997
256 0.635294
257 0.7681202031326484
258 0.8367708115999999
259 0.5058150000000001
260 0.8284320000000001
261 0.6569481756583302
262 0.36470650000000004
263 0.002217777610579952
264 0.460008591042
265 0.835295
266 0.7992127297618724
267 0.05659644450652901
268 0.7394999999999999
269 0.795345794302349
270 0.06176399999999993
271 0.7233461843876697
272 0.652304
273 1.1996013756250001
274 0.6079106012463874
275 0.588736780096
276 0.838278972241
277 0.050980500000000095
278 0.7674755
279 0.07493349999999999
280 0.792424
282 0.5215690000000001
281 0.07855422785466842
283 0.380392
284 0.27345645455023687
285 0.16058020111816051
286 0.14757934059321176
287 0.603073030646539
288 0.20813127415821248
289 0.4905347961969029
290 1.0559060322401257
291 0.4470585
292 0.8475759999999999
293 0.7631531978305937
294 0.8886569935610319
296 0.8607282970101561
295 0.16293403234739
297 0.731082
298 0.8323435053699223
299 0.5674933564041099
300 0.7235289999999999
301 0.689788317200406
302 0.08575385144904316
303 0.3904304999999999
304 0.6136301688280569
305 0.2648116421743858
306 0.5803915
307 0.02383817387483933
308 0.830291800769
310 0.4094408800361425
309 0.8580702661277628
311 0.733333
312 0.34285050000000017
313 0.741177
314 0.323034029561046
315 0.23810992283106502
316 0.8813610000000001
317 0.497308447504
318 0.8227615
319 0.7225490000000001
320 0.3872543405990775
321 0.6764699999999999
322 0.4186280000000002
323 0.6823525000000001
324 0.2806506280763179
325 0.9145245596960141
326 0.788720724843109
328 0.835150377624
327 0.4253964230843341
329 0.14020520908864298
330 0.6998432194711329
334 0.6718953122371774
332 1.011458
331 0.6456219426964268
333 0.028468286185224456
338 0.22774451992485534
336 0.35294100000000017
337 1.1547307103317046
335 0.559979
339 0.0635618375569107
340 0.25862150934399986
341 0.456464375625
342 0.33909599999999984
343 0.467646
344 0.634121645521
345 0.5087637617862116
346 0.01764650000000012
347 0.6866304210832727
348 0.6319350820840001
350 0.8364224005960001
349 0.635294
351 0.2716255259520002
353 0.032203737630383644
352 0.477299088812
354 0.8842289999999999
355 0.15983550262380253
356 0.3431375000000001
357 0.9392159999999999
358 0.2585170000000001
359 0.23921650000000017
360 0.795847013841
361 0.665686
362 0.7233290912524332
364 0.8450661630725561
363 0.5209831190239822
365 0.8421675
366 0.27352900000000013
368 0.08890938592291286
367 0.1117640000000002
369 0.2615336331936511
370 1.5343130000000003
371 0.7139550000000001
372 1.1656860000000002
373 1.106863
374 0.20294199999999996
375 0.15015765059600006
376 0.6828095000000001
377 0.654837686768392
378 0.5867644999999999
380 0.801871711876
379 0.981949
381 0.9133207280510267
382 0.06109956380816706
383 0.5351969011920004
384 0.5474765958405352
385 0.30803398721205344
386 1.4694909999999999
387 1.3578440000000003
388 0.41833328618226373
389 0.4611075
394 0.6848208407686911
393 0.680473166436
395 0.9019542637033781
397 0.8027305
392 0.0025200000000000777
396 0.2676480000000001
398 0.901961
391 0.11510153840669735
399 0.25769966035944436
390 0.600001
400 0.5805950648424838
401 1.6166659999999997
402 1.3102603635234302
403 0.9163881085304202
404 0.05759751133346369
405 0.25612414680030393
406 0.4354362516265806
407 0.7129748756055636
408 0.09646149999999998
409 0.7534092503673189
410 0.4038655000000002
411 0.5612380000000001
412 0.12133550000000004
413 0.002942
414 0.788678862614449
415 0.46568600000000004
416 0.8541310208625602
417 1.5105026952021798
418 0.708823
419 1.3062651790822601
422 0.7226342279245546
421 0.39706344552100004
420 0.10184535769765057
423 0.9366981014025342
424 0.6313725000000001
425 0.5119074990134402
426 0.7029415000000001
427 0.46862800000000004
428 0.7191868078396123
429 0.13526887767049445
430 0.644118
431 1.017113
432 0.3137255000000001
433 0.708400257401
434 0.43823600000000007
435 0.6163019504682783
436 0.09430631497500008
437 0.6019322852363563
438 0.08565369632555846
439 0.1018045847054323
440 0.09754972020145064
441 0.750071819345046
442 0.811964
443 0.665686
444 0.23666849999999995
445 0.8617645
446 0.3684581281815
447 0.00958948067577281
448 0.49015600000000004
449 0.4100438921441709
450 0.9275187235800619
451 0.8950985
453 0.4144034358505435
452 0.17393199999999998
454 0.23328440711754622
455 0.40332719099969205
456 0.3266812705365375
457 0.15368300000000001
459 0.1509235119893823
458 0.49089353834487226
460 0.07745099999999994
461 0.5228721096334275
462 0.7757291473517712
463 0.45658768341733436
464 0.28461000000000003
465 0.5128282926527312
466 0.7683044664359999
467 0.3122610000000001
468 0.3110212078469905
470 0.5076481052310069
469 0.6863180248823291
471 0.238967474129
472 0.19332389388464466
473 0.5234285000000001
474 0.8619848367299803
475 0.5124421852609375
476 0.462893
477 0.7441180000000001
478 1.3419638528332827
479 0.5839351301160034
480 1.777258
481 1.14678206907499
482 0.5921565
483 0.7813730000000001
485 1.4579823830311123
484 0.962188
487 0.48921499999999996
486 1.930392
488 0.490776375625
489 0.7326385145847493
490 1.4919111958479998
491 0.293137
492 1.173910068226321
493 0.02800213530795237
494 0.15873182369750527
495 0.6793180000000001
496 0.8629525052543916
497 0.536397
499 0.28804300000000005
498 1.2006389604000003
500 0.8244394276819997
501 0.0848503419376001
502 1.1460780000000004
503 0.20739549613659802
504 0.870347151788
505 0.8272510008093457
507 0.34500600000000015
506 0.2765693970570329
508 0.2577900000000002
509 0.1470594999999999
510 0.7083397368570726
511 0.5482115000000001
512 0.4450909785208044
513 0.36140700000000003
514 0.2925182946560001
515 0.17549000000000015
516 0.49341499999999994
517 0.788274260465754
518 0.09625027142311526
519 0.5647065
520 0.6875929793891749
521 0.4634980000000002
522 0.7353019312341635
523 0.5003784758248145
524 0.1255440000000001
525 0.5413910423417188
526 0.08691040291249696
527 0.2656860000000001
528 0.9290749121881008
529 1.714875
530 0.44215700000000013
531 0.2998574088435826
532 1.0495632303554783
533 0.4195431251259396
534 1.365686
535 0.2850901624500002
536 0.7071468582432221
537 0.5062533759924028
538 0.9060060177913991
539 0.2725495
540 0.03864100000000015
541 0.942479
542 0.8968481477630073
543 0.8782386455210001
544 0.23463566297600003
545 0.14971588567941463
546 0.7445366662492663
547 0.05438200000000015
548 0.441979050596
549 0.03496032595199994
550 0.5598558968859999
551 0.3267556467740971
552 0.05849199999999999
554 0.5747616558577625
553 0.19753749999999992
555 0.08431450000000007
557 0.702062168664
556 0.3559555
558 0.23567157495793195
559 0.13628700000000005
560 0.18962800000000013
561 0.6690702541478688
562 0.771569
563 1.597535
564 0.2533695286943025
566 0.5101278629760002
565 0.6820246795763127
567 0.7666092021080291
568 0.6852940000000001
569 0.41482827312600024
571 0.294716
573 0.641718
572 1.608824
574 0.4892160000000001
570 0.6575390000000001
575 0.7062087017640002
576 0.34286149999999993
577 1.0517874833832919
579 0.6831908540516511
578 0.3432148386540317
580 0.219997
581 0.5878641196772134
582 0.59589025
583 0.8629575322302588
584 0.6018615216975678
585 0.18725800000000015
586 0.513455405824
588 0.8176685258026728
587 0.4470590000000001
590 0.7539887401
589 0.15711245987899236
591 0.4401950000000001
592 0.655194
594 0.9864567512499998
593 0.17269260198712932
595 0.406863
596 1.2960240000000003
599 0.590661629604
598 0.08090285241517181
597 0.5422778554217873
600 0.23039199999999993
601 0.49215699999999996
603 0.7458724088711077
602 0.262745
604 0.059357000000000104
606 0.1705890000000001
605 0.6827239130559999
607 0.18869662832399992
608 0.676472
609 0.07083601877298107
610 1.1617650000000002
611 0.9324204999999999
613 0.6155643218135001
612 0.8053554999999999
614 0.16714671449832386
615 0.1882355
616 0.3026700000000002
618 0.009804000000000146
617 0.788236
619 0.4177077401
620 0.3722420000000002
621 0.30098099999999994
622 0.027737943379744667
623 0.539538662976
624 0.795729
627 0.530885
625 1.1186269999999998
626 0.23602626264773607
628 0.8586024761115013
630 0.030392000000000086
629 0.19313929199799218
631 0.768627
632 0.71425
633 0.8996878227592704
634 0.34029109294074367
635 0.14117599999999997
636 0.5578392864752022
637 0.8872555
639 1.164706
640 0.936275
638 0.582354
641 0.8680156830164258
642 0.6779900000000001
643 0.974606118416
644 0.5950979999999999
645 1.874952057184944
646 1.428431
647 0.40949499999999994
648 0.2190943266164438
649 0.04432184151457208
650 0.45223500000000016
651 0.8902387364263881
652 0.8897031300296088
653 0.22704628360992163
655 1.8382349999999998
654 0.9009799999999999
657 1.255882
656 0.466569
658 0.1355655998513876
659 0.45042288633225014
660 0.22039200000000014
662 0.12263571049600008
661 0.9208866800564257
663 0.9443429655412863
664 0.6803920000000001
665 0.34481804081919765
666 0.8798798540494922
667 0.49705974391611746
668 0.2029405000000002
669 0.23186400000000007
670 0.5480395
671 0.005632886792250047
672 0.41204266097040454
673 0.5990200000000001
674 0.48938608130280015
675 0.5033715559189547
676 0.6554671291302897
677 0.373224165386979
678 0.23288333287200014
679 0.261765
680 0.8549009999999999
681 0.15803167366400017
682 0.5347355857352374
683 0.5423238157088399
684 0.2316679208000001
685 0.0833187963130062
687 0.5088239999999999
686 0.8436726890912145
688 0.4392160000000003
689 0.6017498041265801
690 1.0832237242215002
691 0.2476244172802875
693 1.257538
692 0.46960800000000025
695 0.5950980000000001
694 0.007020399448416925
696 1.483334
697 0.06800056459938064
698 0.9138186307808946
699 0.20136397366399983
700 0.7509810000000001
701 0.7192206175765066
702 0.735502
703 0.567647
704 0.3991880000000001
706 0.131921224183422
707 0.24954826470986147
705 0.20203901898094956
708 0.6337823427279003
709 0.8764025362827934
710 0.3033784889602198
711 0.2562200000000001
712 0.44999999999999996
713 0.6279138548644241
714 0.501768645521
715 0.704605718416
716 0.022549000000000152
717 1.0578429999999999
718 0.815328433218
719 0.9118819765303228
720 0.6049158410658002
722 0.50098
721 0.19225308099502647
723 0.1361807226835159
724 0.5039892672410788
725 1.5329753205293912
726 0.7922811138614999
727 0.3686274999999999
728 0.3693395669690025
729 0.31790399165597966
730 0.5506594800416
731 0.8732420000000001
732 0.4400954534949611
733 0.3181530686395303
734 0.23647873025799998
735 0.3204895000000001
736 0.5604326585558972
737 0.791177
738 0.5190615000000001
739 0.7514411139316282
740 0.6500489999999999
741 0.17423200000000016
742 0.17549100000000006
743 0.609838597924
744 1.5181069999999999
745 0.05410127772225781
746 0.5843130000000001
747 1.5215685
748 0.5049020000000002
749 0.88236869270871
750 0.7823679350250001
751 0.18333299999999997
752 0.942168
753 0.521614
754 0.6462384240439529
755 0.865686
757 1.209885715080045
756 0.8107840000000002
758 1.047430628635552
759 0.841425555408615
760 0.4211708345264574
761 0.36913799999999997
762 0.8089628838876888
763 0.2240524888890001
764 0.36606175124999996
766 1.5741559999999997
765 0.0957470614560001
767 0.9137245
768 0.870134
769 0.5137210000000001
770 0.4128106611108311
771 1.2394735000000001
772 0.5394499922738489
773 0.6058233667803758
774 0.22480131841600026
775 0.7372544999999999
776 0.9384231148328157
777 0.26158640721809223
778 0.42002677956923296
779 0.1150213787813199
780 0.1758452980118539
781 0.31588648573102157
782 0.776154508704
783 0.6617728360705034
784 0.796151229604
785 0.7990190000000001
787 0.05733657582400009
786 0.640347618081
788 0.377451
790 0.35588300000000017
789 0.797958770836602
791 0.5975851148020002
792 0.611885998616
793 0.1398941108812885
794 0.1970590000000001
795 0.5326035279815704
796 0.909877229604
797 0.5514031171972326
798 0.27549100000000015
799 0.870377949481
800 0.3152606209986384
801 1.450541
802 0.408552
803 1.0340490000000002
804 0.9254899999999999
805 0.15959200000000018
806 0.8558830000000002
808 0.045227688889000084
807 0.1694243714049144
809 1.089214
810 0.6478984999999999
811 0.6043028082953033
812 0.6114763722084231
813 0.5383723934747264
814 0.8749500959638248
816 0.49829100000000004
817 0.41448219983349976
815 0.1863702080169427
818 0.042157
819 0.5137259999999999
820 0.4115284421703713
821 0.15245200000000003
822 0.5274813700500003
823 0.8284320000000001
824 0.35588200000000003
825 0.8303915
826 0.7848090000000001
828 0.674509
827 0.05980300000000005
829 0.635294
830 0.5450768536605463
831 0.9971112968860003
832 0.6291960000000001
833 1.292349
834 0.3004081820840001
835 0.2610544758940001
836 0.2594308958545726
837 0.4845395000000001
838 0.4000005000000002
839 0.5579614698705985
840 0.49662125248261313
841 0.4504822644094371
842 0.6338516079938871
843 0.5886269101882384
844 0.7862364493004314
845 0.5506717710551168
846 0.7107885929387396
847 0.09313700000000003
848 0.06193550000000014
849 0.28308251336264845
850 0.5643350466137521
851 0.9164936206375859
852 0.6676470000000001
853 0.048938155033718456
854 0.9176470000000001
855 0.6922396517480682
856 0.13431400000000004
857 0.018635999999999986
858 1.1460869999999999
859 0.5623564651290001
860 0.725093
861 0.3676065
862 0.4427702085657169
863 0.2696130000000001
865 0.47090145764819824
864 0.668241273796
866 0.6723206996382443
867 0.12278264293655172
868 0.2145653969000052
869 0.043479265015249124
870 0.41477522526283317
871 0.7842638087887317
872 0.55083175
873 0.912696
874 0.2247690028200282
875 0.010983023228570366
876 0.687316512649
877 1.2059003459390027
879 0.7677265602619294
878 0.9254899999999999
880 0.06960800000000011
882 0.47353
881 0.4852939999999999
883 0.30098
884 0.8459575914112759
886 0.155802216196
885 0.2936130000000001
887 0.80098
888 0.17551300000000003
891 0.276324
889 0.11569362529800009
890 0.0810330466732081
892 0.7936956326415001
893 0.14562461771214918
894 0.593287
895 0.45619761086347654
896 0.11169902845831807
897 1.1079321557616384
898 0.6038209262735637
899 0.5743259999999999
900 0.23435067366399998
901 0.9047423558460744
902 0.47353
903 0.2593454888890001
904 0.5705884999999999
905 0.8655058272567309
906 0.7320558805815001
907 0.6850266664360001
908 0.6617908501378927
909 0.05114900000000011
910 0.0028010000000000534
911 0.5018256059463433
912 0.6990469331293786
913 0.0044444888890000644
914 0.01273167665317465
915 0.8480465061578839
916 0.33311242443332145
917 0.7098045
918 0.29415656761500086
919 0.3707385000000001
920 0.04642600000000008
921 0.021636757548498142
922 0.7380848981606122
923 0.44658387547505896
924 0.5774510000000002
925 0.002959909011824413
926 0.8235300000000001
927 0.8036649645219904
928 0.8955962722886555
929 1.2787921574010002
930 1.3647075
931 0.3252968178697926
932 1.5126734152250003
933 0.40129241660900017
934 0.32962761014999997
935 0.7990200000000001
936 0.8394318052888567
937 0.085367229604
938 1.028622396779165
940 0.793153025316
939 1.138234
941 0.2597480000000001
942 1.571831177778
943 0.3836044694448517
944 0.41939590547564376
945 0.963514
946 0.7059645760643756
947 0.5927193680239999
948 0.30118574466994574
949 0.996508
950 0.39742199999999994
951 0.871423519236
952 0.20666260153799998
953 0.7147060000000003
954 0.7329760707387977
956 0.3967112043338131
955 0.6006278520151119
957 0.45490150000000007
958 0.3532416878810001
959 0.2931380000000001
960 0.37328605059599984
962 1.4360410000000001
963 0.571569
965 0.3475050915855247
964 0.4923245150764688
961 1.4642990000000002
966 0.0193813030726524
968 0.719025
970 0.39509800000000017
967 0.4265160000000001
971 0.008235022297246264
969 0.12062416551964739
972 0.9220175187768604
977 0.6852940000000001
974 0.08685100000000001
973 0.843223487086203
976 0.14411799999999997
978 0.456258075894
979 0.06418170489600006
975 0.17859000542324055
980 0.03983148696782857
983 0.788235
982 0.21696850715273874
984 0.31474776352574696
981 0.39901999999999993
985 0.5205895
986 0.7976287263464972
987 0.06958623877002834
988 0.3066730000000002
989 0.810775188889
990 0.502897130822775
992 1.108823
991 0.9481850322478295
993 0.13925729852797608
994 0.7401959999999999
995 0.618628
996 0.7562128611162557
997 0.11051991147350004
999 0.4259493404581589
998 0.3645933979239999
1000 0.978432
1001 0.5916898000999999
1002 0.012574663024999988
1004 0.811764
1003 0.44061816416800004
1005 0.3786184934271576
1007 0.39901900000000023
1006 0.6623965354366724
1008 0.681625486736
1009 0.7833330000000001
1010 0.12970844240292956
1011 0.8923854159214383
1012 0.02807685801238269
1013 0.27945963009515595
1014 0.46862800000000004
1015 0.8007010000000001
1016 0.7226097401
1017 0.12058799999999992
1018 0.37451049999999997
1019 1.032804
1020 0.8527010000000002
1021 0.449476
1022 0.2848872207340132
1023 0.812162499654
1024 0.809315
1025 0.22847835123573934
1026 0.5007460000000001
1027 0.42240500000000014
1028 0.4083476924510043
1029 1.4558830000000003
1031 0.882982834463664
1030 0.6527361949263502
1032 0.2462310000000001
1033 0.53471
1034 0.14411700000000005
1035 0.13049233444788078
1036 0.3484722241572443
1037 0.16079993502500023
1038 0.9246914577380674
1039 0.394382666436
1040 0.18570928483866544
1041 0.40309466361058566
1042 0.512745
1043 0.47896793383052283
1044 0.16986204948099992
1045 0.9043620271134538
1046 0.35588200000000003
1047 0.761671450006704
1048 0.5539589987498574
1049 0.8261067087140792
1050 0.802518894656
1052 0.808055206313937
1051 0.874382
1053 0.8592472390066329
1054 0.8029094999999999
1056 0.5580775
1055 0.876976650384
1057 0.617758
1058 0.7156870000000002
1059 1.1480487348906483
1060 0.9541636197889354
1061 0.6460779999999999
1062 1.353921
1063 0.5393293568857411
1064 0.5637087500000002
1065 0.4680828950254041
1067 0.3235285723635284
1066 0.6990795265010468
1068 0.3426250000000002
1069 0.6350313838494585
1070 0.6913855000000002
1071 0.8289419672536191
1072 0.5784309999999999
1073 0.8199350000000001
1074 0.11849878771775813
1075 0.25334918208400015
1076 0.5838889999999999
1077 0.6385130000000001
1078 0.7377140000000002
1079 0.5162083453724282
1080 0.9729043668021446
1081 0.6192981485459645
1082 0.5689353700864912
1083 0.5778407490327573
1084 0.5528627779542574
1085 0.6921570000000001
1086 0.8831788633138623
1087 0.4672367282112224
1088 1.0035887259520002
1089 1.0106415115545235
1090 0.9004216487880083
1092 0.33948352386400016
1091 0.17341456893367435
1093 0.798135000769
1094 0.7992056198194211
1095 0.11643800000000004
1096 0.6362821414629262
1097 0.6491771073729452
1098 0.264674082025
1099 0.7606529911177675
1100 0.6308189667925038
1101 0.635222791314151
1102 0.14117550000000012
1103 0.7617640000000001
1104 0.06643416658472501
1105 0.985339
1106 0.271701057564508
1107 0.5872550000000001
1108 0.3839365560036321
1109 0.7740294550157241
1110 0.4264700000000001
1111 1.2965039999999999
1113 0.9970600000000001
1112 0.19901900000000006
1114 0.14411799999999997
1115 0.9049911963957136
1116 0.9416946379101301
1117 0.748039083601
1119 0.5110414572175245
1118 0.2549679777780003
1120 0.8596892148966273
1121 0.8696080000000002
1122 1.7972149999999998
1123 1.665629415225
1124 0.28532411750752784
1126 0.11774082228496785
1125 0.762812
1127 0.6237293404327164
1128 0.3770112023870069
1129 0.47422599641406404
1130 0.567647
1131 0.4820934072691563
1132 0.3070512736640001
1133 1.036274
1134 0.44220077967311266
1135 0.4074531781887578
1137 0.38073100000000015
1136 1.204902
1138 0.7392155
1139 0.8537982565788441
1140 0.4561535000000001
1142 0.4330472470765405
1144 0.5666260000000001
1145 0.8303082730811132
1143 0.05248298888900016
1146 0.625197
1141 0.344117
1147 0.8682043946560001
1148 0.41043300000000005
1149 0.6545307721690001
1150 0.7852945
1151 0.7588706105235934
1152 0.9234113773309222
1153 0.1388931331286234
1154 0.650511397868893
1155 0.5068630000000001
1156 0.44482505939347156
1157 0.42929710747182254
1158 0.6294120000000001
1159 0.713498957401
1160 0.3142275360368548
1161 0.513893617511048
1163 0.6875186378444361
1162 0.3247564830383337
1164 0.1239438117877657
1165 0.16348718720308147
1166 0.6363323494809999
1167 0.06764700000000001
1168 0.36828749688600004
1170 1.0036977538523042
1169 0.4968344390325772
1171 0.45653830724900013
1172 0.08073845737268703
1173 0.39104312720495105
1174 0.9017256466226795
1175 0.34571888491408154
1176 0.5245089999999999
1177 0.4178204791120932
1178 0.5380593207614999
1179 0.7961569324564484
1180 0.49875400000000014
1181 0.916966
1182 0.757807
1183 0.2539518700500001
1185 0.50098
1184 0.6019615
1186 0.4852939999999999
1187 0.6264700000000001
1188 0.2183162657440001
1189 0.5223060000000002
1190 0.2789527409241599
1191 0.3797899544577683
1192 0.3510361115139653
1193 0.7509805
1194 0.3570997096975681
1195 0.8914100200807717
1196 0.360638
1197 0.08850442176100004
1198 0.3754899999999999
1199 0.728431
1200 0.16782132990806153
1201 0.30099249640052483
1202 1.99706
1203 0.8656450661430222
1204 1.0827600000000002
1205 0.7767054648014258
1207 1.3452810000000002
1206 0.6999005184160001
1208 0.742906
1209 0.423338
1210 0.20934445265203405
1211 0.5398838657440002
1212 0.38062035060865074
1213 0.6338790000000001
1214 0.8107850000000001
1215 1.5078151483028448
1216 0.6264710000000002
1217 0.19815530431990402
1218 0.07493165845767091
1219 0.9090008636588716
1220 0.8562558175924655
1221 0.6866960000000002
1222 0.16327832547707177
1223 0.10882299999999989
1224 0.32843200000000006
1225 0.5839804405117273
1226 0.8593080000000002
1228 0.937255
1227 0.09652799999999995
1229 0.7000153820839999
1230 0.6926234406
1231 0.2953160695899204
1232 0.7759052888119999
1233 1.579389070194819
1234 0.3406624263456317
1236 0.5807117625046171
1235 0.21105242176100014
1237 0.17948784192701672
1238 0.13235299999999994
1239 0.7615217179565568
1240 0.4974965752964669
1241 0.6304507479772921
1242 0.08532899999999999
1243 0.617148
1244 0.6040940727249664
1245 0.5266760000000001
1246 0.084314
1247 0.293137
1248 0.10740799999999995
1249 0.4694259811725978
1250 0.3180447018007728
1251 0.5901965
1252 1.5147069999999998
1253 0.8418015212894774
1254 0.9187370000000001
1255 0.44470414585956486
1256 0.6433690000000001
1257 0.13726993502500018
1258 0.25
1259 0.542375
1260 1.2127450000000002
1261 0.1676470000000001
1262 1.0242069999999999
1263 0.5256382716249093
1264 0.9194771219610001
1265 0.9833340000000002
1266 0.359804
1267 0.8839455290448364
1268 0.40080918791500575
1269 0.3746660350484119
1270 0.14907486172452455
1271 1.236274
1272 1.7068620000000003
1273 0.4138165162490002
1274 1.2832320898
1275 0.3156875000000001
1276 0.579412
1277 0.999030657609
1278 0.37761292183627515
1279 0.23248100000000016
1281 1.282736
1280 0.8549025000000001
1282 0.46377724198400005
1283 0.6927974361014999
1284 0.7867926736466001
1285 0.512745
1286 1.4165575
1287 0.35882349999999996
1288 0.8434769716855028
1289 0.929609
1290 0.6563619872593616
1291 0.41274600000000006
1292 0.5104558965345615
1293 0.840249
1294 0.8168483500002501
1295 0.3976761796732651
1297 0.5231706207406073
1296 0.621138665744
1298 0.8666732889844249
1299 0.833385296886
1300 0.2686280000000001
1301 0.0884464766108759
1303 0.19892700000000008
1304 0.838722
1302 0.11997900000000006
1305 0.4341074974483454
1306 0.26577249999999997
1307 0.22156850000000006
1309 0.18602800000000008
1308 0.633048648231817
1310 0.3098034999999999
1311 0.8075134345122175
1312 0.8055746195155957
1313 0.7127450000000002
1314 0.41078400000000004
1315 0.6796797772200629
1316 0.6976487399981639
1317 0.520589
1318 0.14411700000000005
1319 0.660448843561508
1320 0.4785816488496182
1321 0.3705885
1322 0.33137150000000015
1323 0.657145910496
1324 0.5632260354074157
1325 0.41768036699605227
1326 0.6205890000000001
1327 0.8290170949118643
1328 0.4830696425398794
1329 0.43823499999999993
1330 0.16056887419011256
1331 0.041424171349168204
1332 0.07134155740100012
1333 0.293137
1335 0.12765654753797917
1334 0.19374589557123345
1337 0.8337733404884016
1336 0.4159615000000001
1339 0.2065549610297118
1338 0.289215
1340 0.2186269999999999
1341 0.9135815511640241
1342 0.7228221143155584
1343 0.015272879514757087
1344 0.8752815
1345 0.7876552520316216
1346 1.4605090000000003
1347 0.4137250000000001
1348 1.197062753960595
1350 1.2441170000000004
1351 0.4340550000000001
1349 0.765258481569748
1353 0.2945367819653777
1352 0.906821921734
1354 0.0032421605207779702
1355 0.6672091312470985
1356 0.923327470756
1357 0.9133720000000001
1358 0.6192272791215445
1359 0.6582159098490368
1360 0.5870711408832154
1361 0.3946965237023077
1362 0.8226359999999999
1363 1.51334993983914
1364 0.8609692477022339
1365 0.2878885016675101
1366 0.3151103441613883
1367 0.613507
1368 0.6980390000000001
1369 0.033937045224586626
1370 0.12704182789522744
1371 0.1561155635610001
1372 0.10049275568799998
1373 0.23823499999999997
1374 0.6583483276718334
1375 0.7242858346734582
1376 0.22548999999999997
1377 0.39509899999999987
1378 0.6852950000000002
1379 1.208823
1380 0.029680421761000053
1382 0.3542332166090001
1381 0.22502190186408955
1383 0.8049009999999999
1384 0.44117550000000016
1385 0.9543985000000001
1386 0.8205880000000001
1388 0.8638353444060001
1387 0.37254849999999995
1390 0.24509849999999989
1389 0.7927724191951266
1391 0.854750644948
1392 0.3409770000000001
1393 0.25784300000000004
1394 0.27681800000000023
1395 0.8532210859774122
1396 0.5639560060809748
1397 0.878431
1398 0.4887228442952395
1399 0.5257019350250001
1400 0.391706360376161
1401 0.1461345412738193
1402 0.6149527920540001
1403 0.5759315
1404 0.105518
1405 0.6794115000000001
1406 0.8475480000000001
1407 0.6836526609716188
1408 0.5235780412655842
1409 0.3003067168277551
1411 0.46568600000000004
1410 0.21257165500414832
1412 0.4810612657440003
1413 0.5819554888890001
1414 0.8401950000000002
1415 0.7905471876194472
1416 0.8608153731029659
1417 0.5519610000000001
1418 0.880080245653666
1420 0.261765
1419 0.8807523137472493
1421 0.893701555225
1422 0.8360396873889576
1424 0.6737310631103972
1423 0.5990200000000001
1425 1.350001
1427 0.3112997053714728
1426 0.3578480976934999
1428 0.41475300000000015
1429 0.7846766574927457
1430 1.3725490000000005
1431 0.2269945000000002
1432 0.6500630203735
1433 0.2888301260826518
1434 0.6239853748091098
1435 0.92549
1436 0.7673167401
1437 0.38186300000000006
1438 0.9637250000000002
1439 0.5647054999999999
1440 0.8827576875383878
1441 0.8984102064975
1442 1.169898
1443 0.929412
1444 0.705805
1445 0.3019128858842155
1446 0.9132339999999999
1448 0.39782399999999996
1447 0.527191
1449 0.611765
1450 0.24377262432930702
1451 0.7911765
1452 0.663518
1453 0.63434225
1454 0.4421565
1455 0.70196
1456 0.8257739806929856
1457 0.30098
1458 0.783946
1459 1.1617650000000002
1460 0.1850316427756835
1461 0.784749806101673
1462 0.885975199406981
1463 0.10351099999999991
1464 0.46635700000000013
1465 1.3568635
1466 0.4727717875615258
1467 0.5960780000000001
1468 0.08921599999999996
1469 0.9632150000000002
1470 0.19313800000000003
1471 0.6006273184160003
1472 0.470618
1473 0.47523700000000013
1474 1.0373576077182747
1475 0.9186072782050354
1476 0.6032640321115306
1477 0.4739733969514224
1478 0.01591738458665848
1479 0.16719253746527563
1480 0.6701015588309641
1481 0.46923839954422647
1482 0.06297350000000002
1483 0.762650578236669
1484 0.72549
1485 0.826471
1486 0.5609074802
1487 0.8459218961005737
1488 0.20992006638400001
1489 0.4392155000000002
1490 0.43733546574400006
1491 0.3034920910419998
1492 0.8905527419303956
1493 0.1998801007305513
1494 0.1447031849502538
1496 0.4684896083604174
1495 0.942740836832
1497 0.8911765
1498 0.47128213402053715
1499 0.7597135139054787
1500 0.6278619999999999
1501 0.41220745059599995
1502 0.6931375
1503 0.5714698190085645
1504 0.5813808508976888
1505 0.09758469260652025
1506 0.35196099999999997
1507 0.32496044278278813
1508 0.244844415225
1509 0.5253091028393475
1510 0.7343140000000001
1511 0.3119071646975311
1512 0.6484522822490923
1513 0.8103196779643008
1514 0.5068630000000001
1515 0.600981
1516 0.705881
1517 0.8932996471427392
1518 0.49039784381469786
1519 0.7730909091520254
1520 0.890196
1521 0.4445584505960001
1522 0.6792640877815084
1523 0.42647100000000004
1524 0.859804
1525 0.28335958511885084
1526 0.917647
1527 0.0074910000000001364
1528 0.37565400000000015
1529 0.21666600000000003
1530 0.40328151277486
1531 0.13039299999999998
1532 0.6196079999999999
1533 0.008823000000000025
1534 0.7154953328375
1535 0.3058820000000002
1536 0.8653735
1537 1.030392
1539 1.590197
1538 0.3173159346057173
1540 1.5303920000000002
1541 0.8698375380126957
1542 0.7626452007690003
1543 0.7559393494810001
1544 0.7043520000000001
1545 0.1443620757106543
1546 0.9513499999999999
1547 0.9219328790356959
1548 0.2899103043351845
1549 0.7205890000000001
1550 1.055883
1551 1.0107840000000001
1552 0.6995431905729063
1553 0.5976721365110511
1554 0.8830223717274929
1555 0.6990190000000001
1556 0.07001623974399998
1558 0.7372550000000001
1557 0.8823712818208138
1559 0.8364354390155495
1560 0.2699527171369329
1561 0.45400019065600006
1562 0.13700181018969498
1563 0.10350396986532634
1565 0.8451356574256114
1564 0.3759168186319999
1566 0.8436516600999999
1567 0.5754900000000001
1568 0.7500010000000001
1569 0.6568630000000002
1570 0.644118
1572 0.335294
1571 0.856405488889
1573 0.21339050000000004
1575 0.8552740000000001
1574 0.055209478145665125
1576 0.207843
1577 0.1931369999999999
1578 0.915687
1579 0.5162884919585917
1580 0.12043876317186283
1581 0.547074435025
1582 0.2550562482361113
1583 0.600518262976
1584 0.21281965360570132
1585 0.782021912649
1586 1.717703
1587 1.6598050000000002
1588 0.22726320463383298
1589 0.31274500000000005
1590 0.20961165308442364
1591 0.40293999999999985
1592 0.02393891701921691
1593 0.5373710987609452
1594 0.7143165
1595 0.9578440000000001
1596 1.0103381316377642
1597 0.3882334999999999
1598 0.7085707006082739
1599 0.4037266675415352
1600 0.9108119251833205
1601 0.3020953150297816
1602 0.43091371184978816
1603 0.24491950000000018
1604 0.45292099999999996
1605 0.7980385000000003
1607 0.666731
1606 0.847224188204319
1608 0.752487
1609 0.3263540471453107
1610 0.5332420177981017
1611 0.6746689108875198
1613 0.453822681096572
1612 0.6957901046232852
1614 0.23126500000000028
1615 0.8679439207999999
1617 0.18164777923519826
1616 0.592879989312
1618 0.29766143629499475
1620 0.6853656776665662
1619 0.6704395231854756
1623 0.4051760000000002
1626 0.14729400000000004
1625 0.1976289113310601
1624 0.9391357055331517
1622 0.5580528908813456
1621 0.898013679604
1627 0.37451820108819756
1628 0.2132718952444419
1631 0.4304399604
1632 0.9081332165770319
1629 0.7509310000000002
1630 0.43512700000000004
1633 0.559804
1634 0.6431375000000001
1636 0.9822898297157501
1635 0.30185099999999987
1637 0.9327809134863507
1638 0.8558830000000002
1639 0.8972435704564131
1640 0.4684151057960596
1642 0.193086853880456
1643 0.21143900000000015
1641 0.2823530000000001
1644 0.7663752074065275
1645 0.2618710357007614
1646 0.794674894656
1647 0.6907716471284087
1648 0.5633319628502214
1650 1.244118
1649 1.0976084362681477
1651 0.443052911863979
1652 0.9343100000000002
1653 0.7366424227109136
1654 0.12843099999999996
1655 0.522498374682425
1656 0.8612504406000001
1657 0.896019846324164
1658 0.2423455000000001
1659 0.21700238558480223
1660 0.2313725000000002
1661 0.6547959648252704
1662 0.034400634826387666
1663 0.03633096650270662
1664 0.646826304188684
1665 1.0009810000000001
1666 0.30038260605239997
1667 1.1857530000000003
1668 0.3872549999999999
1669 0.3517379999999999
1670 0.5090373058667093
1672 0.72738018045
1673 0.6022575000000001
1671 0.442175121472
1674 0.05274099999999993
1675 0.7543304083893373
1676 0.863726
1677 0.360784
1678 0.9382349999999999
1679 0.8911765
1680 0.12236979688332461
1681 0.6421726821217681
1682 0.1756219826022427
1683 0.25379201564100007
1684 0.47209500000000015
1685 0.5069596166090002
1686 0.848210977624
1687 0.42253200000000013
1688 0.8393820103008037
1689 0.32824833149238786
1690 0.0012841267642884624
1691 0.6787190817115822
1692 0.18431450000000016
1693 0.1946355177608663
1694 0.03543457298972141
1695 0.2500000000000002
1696 0.012357000000000062
1697 0.274391
1699 0.357041935025
1698 0.48529449999999996
1700 0.16101220394474963
1701 0.47645721486792936
1702 0.6284320000000001
1703 0.27581250457259954
1704 0.0736022296040002
1705 0.16764699999999988
1706 0.33333349999999995
1707 0.015687000000000118
1708 0.911046
1709 0.09901899999999997
1710 0.6378977041825735
1711 0.1394185000000001
1713 0.47780100000000014
1712 0.8911770000000001
1715 0.28153632806409346
1714 0.38044586297600014
1716 0.5823525
1717 1.167711
1718 0.4622574338079555
1719 0.025202581723175244
1720 0.496078
1721 0.8998915775539059
1722 0.8905122059403395
1723 0.4235300000000002
1724 0.16413476660899984
1725 0.4304387526502367
1726 0.49326422138239867
1727 0.7802485574010001
1729 0.44215700000000013
1728 0.894117
1730 0.9385175106282875
1731 1.159809099654
1732 0.7617649999999998
1733 0.01153815252406698
1734 0.8006389604000002
1735 0.48613568569731624
1736 0.19315193502500017
1737 0.5333335000000001
1738 0.3328793901388851
1739 0.5330797516943402
1740 0.10882400000000003
1742 0.4097455601187019
1741 0.26666600000000007
1743 0.2892159999999999
1744 0.8713764873567358
1745 0.737949
1746 0.38629650000000004
1747 0.47310726512900003
1748 0.8768252657530591
1749 0.7981594802
1750 0.45196337899566796
1751 0.8137980217609999
1752 0.33845739290242915
1754 0.830496472203
1753 0.3971476695857937
1755 0.3121788353412964
1756 0.890196
1757 0.07843200000000006
1758 0.28754
1759 0.7551032538599921
1760 0.502668
1761 0.4884972270507655
1762 0.4536839982391021
1763 0.762087
1764 0.9152456455734794
1765 0.08854889816478906
1766 0.04679456911216551
1767 0.5441170000000002
1768 0.3501886736640001
1769 0.2869870000000001
1770 0.8033800426809278
1771 0.2587829386246103
1772 0.08137299999999992
1773 0.03439865396512154
1774 0.477445994464
1775 0.3984873847211925
1776 1.2586400240172122
1777 1.722548
1778 0.737284164330936
1780 0.3773636326415002
1779 0.45500600000000024
1781 0.7104135091698176
1782 0.518613
1783 1.1780462841740411
1784 0.4196074999999999
1785 1.49902
1786 1.569855462976
1787 0.40424471640406545
1788 0.8159064093607101
1789 1.132681655053467
1790 1.0713466989619997
1791 0.2958696564158405
1792 0.5030883745193
1793 0.5234620000000001
1794 0.8196079999999999
1795 0.7784255022090724
1797 0.7528594840694234
1796 0.6119213914379
1798 0.09294506704693895
1799 0.7557025936660516
1800 0.4636417229565752
1801 0.6799529368484073
1802 0.5729400419215003
1804 0.904708307041
1803 0.08529399999999998
1806 0.057844000000000007
1805 0.6425145959807581
1807 0.9458833119995749
1808 0.5529410000000001
1809 0.385298445521
1810 0.20147513422500007
1811 1.6571657300402831
1812 0.08465276451600001
1813 0.3067363142642685
1814 0.5585643290533164
1815 0.5716837400999999
1816 0.8653533778165904
1817 0.45461305871279456
1819 0.15481200000000017
1818 0.9029420000000001
1820 1.0911770000000003
1821 0.8890606862057996
1822 0.12058800000000014
1823 1.834313
1824 0.6820286033241805
1825 1.204902
1826 0.6882355
1827 0.8676470000000001
1828 0.8474682596335035
1830 0.3205880000000001
1831 0.470588
1829 0.6537934402596087
1832 1.0058815
1833 0.1676470000000001
1835 0.7618609999999999
1834 0.631553729604
1836 0.3196080000000001
1837 0.2392160000000001
1838 0.34308585921566825
1839 0.599788
1840 0.47003560179356507
1841 0.5341797401000001
1842 0.9142060608550159
1843 0.9263701688960881
1844 0.8846632946664468
1845 0.24240268527683617
1846 0.5478045668213302
1847 0.7175945658570129
1848 0.0041445184206784225
1849 0.1495519973728776
1850 0.911785244886
1851 0.8355474999999999
1852 0.35633099209999997
1853 0.5565690037806273
1854 0.16661537762400003
1855 0.40686200000000006
1856 0.9091473771408382
1857 0.22645831749570489
1858 0.5046565000000001
1860 0.4349627747943279
1859 0.38236000000000003
1861 0.6852940000000001
1862 0.876505197924
1863 0.10686299999999993
1864 0.062906819974754
1865 0.2149780000000001
1866 0.35149989181450514
1867 0.04607900000000009
1868 0.4082166942869858
1869 0.753587920893027
1870 0.5558815000000001
1872 0.1042801564977427
1871 0.27574764259600015
1873 1.316753158882
1874 1.1658714602606663
1875 0.6735300000000002
1876 0.3072412683072836
1877 0.5192383653105617
1878 0.24378276110961994
1879 0.35338157986616614
1880 0.5695129999999999
1882 0.8950989999999999
1881 0.8574132587750438
1883 0.8975192406207285
1884 0.25801302952899996
1885 0.4282610000000002
1886 0.42661410262214994
1887 0.918622895225
1888 0.32163145555430916
1889 1.217719
1890 1.1225500000000002
1891 0.043615337583117086
1892 0.10132200000000013
1893 0.3464115000000001
1894 0.8780141903005403
1896 0.23201321810395625
1895 0.20851805879310725
1897 0.8693135000000001
1898 0.4324982757188348
1899 0.8612825000000001
1900 0.635749
1901 0.7264700000000001
1902 0.942387397924
1903 0.8121583695956662
1904 0.320995935025
1905 1.1136794704953072
1906 0.5100065143194004
1907 0.2991624030257005
1908 0.35557941650324465
1909 0.457843
1910 0.1385575604833329
1911 0.4014242785447435
1913 0.5164653944640001
1912 0.6285580156225821
1914 2.0245801958479994
1915 0.33293411534337713
1916 0.638236
1917 0.5307410000000001
1918 0.22697537533162593
1919 0.5758774976935
1920 0.9494131666090002
1921 1.1507163277597436
1922 0.5558829999999999
1923 1.5649102746924608
1924 1.2637250000000002
1925 0.45882350000000005
1926 0.7430000000000001
1927 0.22941199999999995
1928 0.750322662976
1929 0.576226875577163
1930 0.5417663361609997
1931 0.8151474999999999
1932 0.0425350000000001
1933 0.7798810766818289
1934 0.7629964619272503
1935 0.4213350520539353
1936 0.760397
1937 0.712618587871175
1938 1.3333576570889998
1939 1.2261570835877633
1940 1.5009800000000004
1941 0.9418149604000001
1942 0.05305681660899997
1943 0.9306782980639999
1944 0.4122163487870971
1945 0.945098
1946 1.4676470000000001
1947 0.31447895740099985
1948 0.43823499999999993
1950 0.6022910314869041
1949 1.2410175699126784
1951 0.359886337586522
1952 0.6139928608430385
1953 0.3588117289305919
1954 0.900538187763517
1955 0.23157396828150012
1957 0.4482570000000001
1956 0.8252775853636543
1958 1.0658260000000002
1959 0.5980385000000001
1960 0.029623000000000066
1961 0.03303899047598058
1962 0.155883
1963 0.26989232609015534
1964 0.1127450000000001
1965 0.6395556005017328
1966 0.614434640244068
1967 1.5142460168024947
1968 0.6360147010464999
1969 1.559439
1970 0.26678063352559245
1971 0.7039664286791536
1972 1.3617411908079748
1973 0.48137300000000005
1974 0.7550630274612207
1975 0.304902
1976 0.35159300000000004
1977 0.033419924387712796
1978 0.35196099999999997
1979 0.10653996070359772
1980 0.1663197290960292
1981 0.1902111187154618
1982 0.2544396293584881
1983 0.8294926657439999
1984 0.214839
1985 0.6294495164269767
1986 0.665686
1988 0.657843
1987 1.4088240000000003
1989 0.5926823712447498
1990 0.09941669669455533
1991 0.46568600000000004
1992 1.3460790000000002
1993 0.8705381663265226
1994 0.5844431510869399
1995 0.5989406415794145
1996 0.35588300000000017
1997 0.19117600000000023
1998 0.5911760000000001
2000 0.17028111763023213
1999 0.5833329999999999
2001 1.8216578850190908
2002 0.7242875
2003 1.1824229999999998
2004 0.9456974139121245
2005 1.2872560000000004
2006 1.484105109689
2008 0.08798241522500017
2007 0.4729150000000002
2009 0.7569177881126363
2010 0.6615958088284855
2012 0.24529452751968717
2011 0.7910915510734269
2013 0.4510129999999999
2014 0.47683229465599997
2015 0.5094324047117269
2016 0.6841698157882581
2017 0.31590324407036574
2018 0.1179830060982805
2019 0.13219776142122908
2020 1.246369090181861
2021 0.5993929466090722
2022 0.3300099492936297
2023 1.1731433909853994
2024 0.5672303525175315
2025 0.44999999999999996
2026 0.49313700000000016
2027 0.4424158925538364
2029 0.6575746584889999
2028 0.06465542822555936
2030 0.4941185000000001
2031 0.888236
2032 0.20969060444117926
2033 0.42439800000000005
2034 0.039134516609000136
2035 0.234313
2036 0.7320110000000002
2037 0.343527334102981
2038 0.3729260000000001
2040 0.029411000000000076
2041 0.3542525806599863
2039 0.547640552836
2042 0.6442312981893055
2043 0.3108482000333498
2044 0.5961632927567893
2045 0.10196000000000005
2046 0.5195954361015
2047 0.011123932754404486
2048 0.317306696886
2049 0.9088240000000001
2050 1.4852762929262042
2051 0.29267919587567603
2052 1.381372
2055 0.30388224437037636
2053 0.731950803769
2056 0.7474702612249999
2054 0.7077145069094513
2057 0.06045391264900002
2058 0.772469627302051
2059 0.7340051430731047
2060 1.0685157809049548
2061 0.16128629953264606
2062 0.31408631170206935
2063 0.72451
2064 1.0340865574009999
2065 0.48987109263270945
2066 0.3569540000000002
2067 0.8386585183218433
2068 0.47745100000000007
2069 1.1303919999999998
2070 0.5332940428825302
2071 0.31809200000000004
2072 0.653302050875352
2073 0.649347342203919
2074 0.93508517594587
2075 0.7109403394361116
2076 0.2152596138409999
2077 0.7764397569336328
2078 0.050980500000000095
2079 0.39519400000000005
2080 0.07519424396770513
2081 0.38333300000000015
2082 0.7489835402845311
2083 0.49280253814568087
2084 1.2713764112452461
2086 0.5359437401
2085 0.6872550000000002
2087 0.0313548321825563
2088 0.5799613683989406
2089 0.843137
2090 0.09607800000000011
2091 0.843137
2092 0.523131615129896
2093 0.05602041522500012
2094 0.3331724725537486
2096 0.667949
2095 0.2136487132148266
2097 0.314524351225
2098 0.323191
2099 0.9063844610456206
2100 0.4625405
2101 0.6928798148019999
2102 0.6546631067807553
2103 0.7884226923618821
2104 0.5771943552747157
2105 0.552062
2106 0.4171891228375
2107 0.12795424085621687
2108 0.8114006002543552
2109 0.9314258268131352
2110 0.4573542500000001
2111 0.2655160000000001
2112 0.41823301775822413
2114 0.7702134999999999
2113 1.1941179999999998
2115 0.6460779999999999
2116 0.780208
2117 0.533242
2118 0.006811582257131188
2119 1.2771574793283127
2120 0.5789604759578393
2121 0.6996365
2122 0.22558600076900004
2123 1.0401960000000001
2124 0.08599400000000013
2125 0.981373
2126 1.068627
2127 0.7002180000000002
2128 0.553075
2129 0.1521229015002563
2130 0.07301213086974978
2131 0.45490150000000007
2132 0.06636700000000006
2133 0.196863
2134 0.48598946814093935
2135 0.6270654584940256
2137 0.08529399999999998
2136 0.9487645
2138 0.1936971966099077
2139 0.851399913746214
2140 0.5027433274518152
2141 0.1372549999999999
2142 0.17058750000000011
2143 0.6997629691716277
2145 1.428962577887942
2144 0.848387
2146 0.5412854393864002
2147 0.7362750000000002
2148 0.971870243938
2149 1.07542195830382
2150 0.21032592449573184
2151 1.5078449999999999
2152 0.16688873199956422
2153 0.8667868396968339
2154 0.6876665013330379
2155 0.9148629760532485
2156 0.25802049383063674
2157 0.34019599999999994
2158 1.1890919947437053
2159 1.192344
2160 0.07667993317400001
2161 1.8922185348175165
2163 0.36764700000000006
2162 0.59291
2164 0.502141320104255
2165 0.5323530000000001
2166 0.7885348208
2167 0.716982
2168 0.19021438441521132
2169 0.2692038180455558
2170 0.559804
2171 0.751695062976
2172 0.35901449376318806
2173 0.8217939999999999
2175 0.49102599999999996
2174 0.3003274342040756
2176 0.6382350000000001
2177 0.5401960000000001
2178 0.33518839533277833
2179 0.721692590830177
2180 0.07341269539919337
2181 0.052153277304307855
2182 0.2596738802103539
2183 0.9484710952392357
2184 0.41767195804856483
2185 0.1957669954791723
2186 0.47385491210596714
2187 0.639993
2189 0.25996479997646893
2190 0.617646
2188 0.4464305424997657
2191 0.6872754860745809
2192 0.15826249999999997
2193 0.4833139832765896
2194 0.3029400000000002
2195 0.03995664607267202
2196 0.8713656101662948
2197 0.38290551685339635
2198 0.2882870000000002
2200 1.0338392487223784
2199 0.5887279999999999
2201 0.31661549314016635
2202 0.9023214946560001
2203 0.5771353865311981
2204 0.5954620460808376
2205 0.33438339584800025
2206 0.5852950000000001
2207 0.780385
2208 0.6921072517210001
2209 0.7025460000000001
2210 1.134313
2211 0.137242717820526
2214 0.4990223450555085
2212 0.17300600000000022
2213 0.29019700000000004
2215 0.8928546739326911
2216 0.5594393478870527
2217 0.893586
2219 0.041057373376653716
2218 0.8401955000000001
2221 0.9490295
2220 0.881793
2222 0.6838451724854604
2223 0.6434606031129644
2225 0.6970590000000001
2226 0.4838582222250001
2224 0.5316434037939718
2228 1.289881227060515
2227 0.6539210000000002
2229 0.656655
2230 1.6421570000000003
2231 0.30663798935904407
2232 0.04992555678843347
2233 0.7025859999999999
2234 0.705352151729687
2235 0.19901999999999997
2236 0.9349925395372969
2237 0.04381200000000007
2238 0.7921259388321309
2239 0.217762816609
2240 0.33291215072968083
2241 0.10927616461963363
2242 0.5206295457507488
2243 0.6388450000000001
2244 1.0599836136535135
2245 0.497058
2246 0.5774728239400809
2248 0.5486352913175669
2249 1.058822
2247 0.5368291541491614
2250 0.269331
2251 0.6172341796256735
2252 0.7449378608112627
2253 0.7972289792271732
2255 0.07376000000000005
2254 0.9176470000000001
2256 0.16076914409104814
2257 0.7285605760999998
2258 0.49284249297561256
2259 0.14411700000000005
2260 0.15980400000000006
2262 0.43453600000000003
2261 0.936636494656
2263 0.571569
2264 0.38561257122500003
2265 0.21091941781076273
2266 0.14571831264900004
2267 0.8798764460710433
2269 0.7605896359629102
2268 0.4641590086223395
2271 0.7805525881050737
2270 0.7274505
2272 0.5225489999999999
2273 0.6258197556
2274 1.2192777401000001
2275 0.6824249583468467
2276 0.985329597924
2278 0.29133328831283145
2277 0.04250743724733508
2279 0.36278534237230065
2280 0.2672625475315977
2281 0.3754899999999999
2284 0.664706
2283 0.08044224589280158
2282 1.930392
2285 0.8764700000000001
2286 0.42441078235132085
2287 0.887329
2288 1.5222687899988838
2289 0.4892160000000001
2292 0.30920329839999994
2290 1.0852950000000001
2291 0.5938341228375001
2296 0.4333325000000001
2293 0.815506258835512
2294 0.5563420215686621
2297 0.7906312995696808
2298 0.24215699999999996
2302 0.17156799999999994
2299 0.6517428429874893
2301 0.4106414999999999
2300 0.8954055716284272
2304 0.20767834515625005
2305 0.23343918208400005
2303 0.4186270000000001
2295 0.4407288998161593
2306 1.2442530000000003
2307 0.5294114999999999
2308 0.22929232520054854
2309 0.8270664860833441
2310 0.5683930000000001
2311 0.7191979999999998
2312 0.585336311725945
2314 0.721274
2313 0.011056181057486514
2316 0.9306765
2315 0.3524514999999999
2317 0.779775963327926
2318 0.20097999999999994
2319 0.2734479595302135
2320 0.36684021063142913
2321 0.47101937448849074
2322 0.512745
2323 0.8188135693063643
2324 1.6904943937720003
2326 0.4490200000000002
2325 0.47888676679511044
2327 0.14803900000000003
2328 0.8893497430868362
2329 0.25
2330 0.38216858802340115
2332 0.4319710000000001
2333 0.08887749999999994
2331 0.050000000000000044
2334 0.5076319909465952
2335 1.2663955
2336 0.94148478737025
2337 0.44051364588740016
2338 0.7905274216292127
2339 1.585294
2340 0.8983020733831322
2341 1.005113935025
2342 0.6215836113840393
2344 0.539215
2345 0.44764871040955123
2343 0.19931427396813994
2346 1.181353212042619
2347 0.9931379999999999
2348 0.5228232456319999
2349 0.21250317991598688
2351 0.0881492374250945
2350 0.8939097148779005
2352 0.28408655740100003
2353 0.6892165
2354 0.9127815192529243
2355 0.2549319827532204
2357 0.5250301495201426
2356 0.7779362635160355
2358 0.9403459751706258
2359 0.4363357401
2360 1.1955092325690002
2361 0.792903794175001
2362 0.49411800000000006
2363 0.04405927543192889
2364 0.7822656326415001
2365 1.0274505
2366 0.710058810056476
2367 0.7784310000000001
2368 0.20327392158853969
2369 0.2536889066883117
2370 0.7260320095097865
2372 0.12740512283749994
2371 1.3767219216593019
2374 0.5833330000000001
2373 0.4649539485805707
2375 0.3323530000000001
2376 0.3104984152250001
2377 0.2055523126490002
2378 0.44209245863233404
2379 0.7491680000000001
2380 0.45895299999999994
2381 1.0772070000000002
2382 0.27128596745326816
2384 0.4210279265941719
2383 0.3184637222222999
2385 0.5137319785565224
2386 0.6499975000000002
2387 0.01547061749565537
2388 0.9155160550175263
2389 0.5771516104483136
2391 0.369648
2390 0.637254
2392 0.5421365
2394 0.6506379604000001
2393 0.06480953983002746
2395 0.6673964359200271
2396 0.06959765003575025
2397 0.6533014946560001
2398 0.42677781516795765
2399 0.7800127999726695
2400 0.8843099999999999
2401 0.6774510000000002
2402 0.834314
2403 0.5749503318918643
2404 0.8081956267516701
2405 0.906475045521
2406 0.6366978700500001
2407 0.6012581682815001
2408 1.7514769999999997
2409 0.8401970000000001
2410 0.38110892411907327
2411 0.4133390000000001
2412 0.44563600000000014
2413 0.49145951049600023
2414 0.910784
2415 0.7549020000000002
2416 0.7464316383588947
2417 0.732353
2418 0.6614505689000001
2419 0.5087337801148657
2420 0.5990200000000001
2422 0.17801821248900018
2421 0.8450980000000001
2423 0.08283102878669113
2424 0.10237033358663372
2426 0.447697
2425 0.8555170000000001
2427 0.6322617011810687
2428 0.746923326881078
2429 0.5830157648342189
2430 0.17054675482463066
2431 0.4803494973101061
2432 0.050000000000000044
2433 0.15218478049351059
2434 0.6927158202926373
2435 0.6352945000000001
2436 0.8479150000000002
2437 0.8315395362377559
2438 0.5132775
2439 0.5277171419935001
2440 0.9225480000000001
2441 0.47352899999999987
2443 1.2625259999999996
2442 0.253922
2444 0.7539717780504767
2445 0.7914425061774808
2446 0.11311239028144837
2447 0.4588847401
2448 0.7259380000000002
2449 0.50728587005
2450 1.7988160000000002
2451 0.939102072672037
2452 0.05392100000000011
2453 0.5764705000000001
2455 0.9170922931199189
2454 0.43654320619649667
2456 0.7730402905432219
2457 0.4528239999999999
2458 0.192375229604
2459 0.6556134278294332
2460 1.4847399999999997
2461 0.34999900000000017
2462 0.5704163873702499
2463 1.32255
2464 0.3068630000000001
2465 0.38333300000000015
2466 0.5355548136166755
2467 0.910785
2468 0.3834685
2469 0.5280796172613353
2470 0.04607800000000006
2471 0.778711641858
2472 0.42860946964893626
2473 0.8160649896299936
2474 0.40196050000000016
2475 0.09008582422149991
2476 0.28891452542326584
2477 0.6659927405324202
2478 0.6117640000000002
2479 0.636566318416
2480 0.6606084999999999
2481 0.6559391141142802
2482 0.3800514361015
2483 0.49769600000000014
2484 0.6780430455209999
2485 0.3674081090682731
2486 1.486613
2487 0.5587629999999999
2488 0.532966013841
2489 0.890196
2490 0.5262612537196877
2491 0.7652920000000001
2492 0.842157
2493 0.810641096886
2494 0.3539215
2495 0.41599775940100003
2496 0.44758394406400004
2497 0.6231106512
2498 0.5166660000000001
2499 0.5362750000000001
2500 0.015458707079289646
2501 0.18239284988042415
2502 0.20686300000000002
2503 0.10098099999999999
2504 0.210785
2505 0.18187989318802722
2506 0.1284320000000001
2507 0.5921631412459065
2508 0.25685996248459664
2509 0.42337400000000003
2510 0.5901230910459859
2511 0.667648
2512 0.617832935025
2513 1.232353
2515 0.24328494279500257
2514 0.520589
2516 0.5851040000000001
2517 0.6254222321051437
2518 0.11452400000000007
2519 0.7521002778628423
2520 0.755308935025
2521 1.55
2522 0.7637260000000001
2523 1.5264710000000001
2524 1.2686419350250004
2525 0.373717673664
2526 0.28954220803599995
2527 0.340663181380652
2528 0.3744784844657758
2529 0.6157557220744865
2531 1.6205870000000002
2530 0.6270740736639999
2532 1.2443881063960174
2533 0.31292043631190203
2534 0.699835753481
2535 0.8019610000000001
2536 1.2860214152250002
2537 0.8138425060823471
2538 0.558943
2539 0.6002820634374999
2540 0.6617650000000002
2541 0.0737806667048484
2542 0.807927788116873
2543 0.7074085000000001
2544 0.8843328740886028
2545 0.49596472315143925
2546 0.15736354610237835
2547 0.6640559997143074
2548 0.6047329233768648
2549 0.5069448351743662
2550 0.22824195769983535
2551 0.3410711764782455
2552 0.9333048489909928
2553 1.97353
2554 0.655881629371381
2555 1.3090208786153836
2556 0.930068
2557 0.741075
2558 1.9225500000000004
2559 0.26347268343536134
2560 0.9380025568881475
2561 0.6861305
2562 1.350139513729
2563 0.6100700744619861
2564 0.2852950000000001
2565 0.8715782990650631
2568 0.25
2567 0.662694
2566 0.7960265461029798
2569 0.7347202763592249
2570 0.38442983309116546
2571 0.652426
2572 0.3858111167652054
2573 0.33825094620376045
2574 0.7598039999999999
2575 0.939631
2576 0.25292460510938897
2577 0.9147049999999999
2578 0.452064
2579 0.9174239493760001
2580 0.19977001384100013
2581 0.6611541734213173
2583 0.5274410166090002
2582 0.7614237680793138
2584 0.8230722369760569
2585 0.8543676726187528
2586 0.5416951238438467
2587 0.895876
2588 0.38441499999999995
2589 0.45591030039941166
2590 0.4765806212890188
2591 0.3743835
2592 0.03982857894138647
2593 0.1470585000000002
2594 0.8258497245532437
2595 1.338004435025
2596 0.643116
2597 0.9892150000000002
2598 0.83506280125
2599 0.3627450000000001
2600 0.8658176888890001
2601 0.24836162370199155
2603 0.8627450000000001
2602 0.5751309775064519
2604 0.18093142643884363
2605 0.37971469908154043
2606 0.859782987995882
2607 0.18333299999999997
2608 0.49761589465599987
2609 0.26960800000000007
2610 0.812708869556448
2611 0.3367009999999999
2612 0.1401960000000002
2613 0.6635198246642766
2614 0.668628
2615 0.7232396625278995
2616 0.9172244999999999
2617 0.39973801083226057
2618 0.43130691747118205
2619 0.7343135000000001
2620 0.5426475
2621 0.577815
2622 0.8676474999999999
2623 0.9990180000000002
2624 0.611765
2625 1.569612
2626 0.139594
2627 0.40588150000000023
2628 0.6284320000000001
2629 0.1566820000000002
2630 0.1824799464566341
2631 0.12647000000000008
2632 0.17726715345247357
2633 0.4662537972286326
2634 0.7104985728615
2635 0.11603278837062117
2636 0.01862800000000009
2637 0.30007680607661225
2638 0.03823500000000002
2639 0.15392200000000011
2640 0.73116
2641 0.7833330000000001
2642 1.6677238629760003
2643 0.548102045415801
2644 0.21503550112400016
2645 1.0474474498269999
2646 0.6120359337560062
2647 0.45275200000000004
2648 0.27352900000000013
2649 0.5088239999999999
2650 0.24383819433234244
2651 0.6735300000000002
2652 0.029182722510890602
2653 0.1514177373821195
2654 0.5323530000000001
2655 0.846079
2656 0.7360485574010001
2657 0.6296354406
2658 0.4492666838653625
2659 0.3827480000000001
2660 0.5973759025375001
2661 0.653251
2662 0.3284309999999999
2663 0.557404
2664 0.5441170000000002
2665 0.19725900000000007
2666 0.7750735262288094
2667 0.653869977624
2668 1.159803
2669 0.8617645
2670 0.23039199999999993
2671 1.2009800000000002
2672 0.23137299999999983
2673 0.494483
2674 0.49686032963752225
2675 0.3108842653853492
2676 0.20314032602748577
2677 0.793598266436
2678 1.6070891324797827
2679 0.18393606643600013
2681 0.908380157825902
2680 0.5462841029930232
2682 0.2637430925539337
2683 0.640928857568517
2684 0.48713000000000006
2685 0.7117644999999999
2686 0.8772495
2687 0.655197
2688 0.12890509030291697
2689 1.170272
2690 0.7394217876
2691 0.9230980000000002
2692 0.7252885179694633
2694 1.691177
2693 1.2076778700500002
2695 0.2487888197971293
2696 0.430393
2697 0.7431365000000001
2698 0.944118
2699 0.611399
2700 0.806821
2701 0.311407
2702 0.20823506458561725
2703 0.7558819999999999
2704 0.4040321228375001
2705 0.4951151969440002
2706 0.4181128217610002
2707 0.266049
2708 0.5588225
2709 0.28529400000000016
2710 0.9382360000000001
2711 0.12098549965400007
2712 0.4653535000000002
2713 0.6489401183619626
2714 1.02549
2715 0.379567
2716 0.29000576507071263
2717 0.5254737133759472
2718 0.8880463095567115
2719 0.7940694110767229
2720 0.10449871590520088
2721 0.7539220000000002
2722 0.7536880000000001
2723 0.8153451968859999
2724 0.17692729841881927
2725 0.5324940130175888
2726 0.78836382777563
2728 1.0911422138409999
2727 0.10384748027948998
2729 0.6247993390124968
2730 0.3489114593383047
2732 0.7079948257416782
2731 0.00885819792400011
2733 0.8695058996
2734 0.6467185000000002
2735 0.42549000000000015
2736 0.053922000000000025
2737 0.8806576664360001
2738 0.6492991441474649
2739 0.1310447141570088
2741 1.4794120000000002
2740 0.06138591984649877
2742 0.32772385920799985
2743 0.20294100000000004
2744 0.02472026297600005
2745 0.19137273843750013
2746 0.31350725174263006
2747 0.688100107524
2748 0.08733546574399997
2749 0.04906750000000004
2750 0.07435307589400009
2751 0.4856342930878881
2752 0.8404223617057968
2753 0.42746099999999987
2754 0.015160836101499986
2755 0.52451
2756 0.7031887166089998
2757 1.1656870000000004
2758 0.8113216063662756
2759 0.7560905429609175
2760 0.33712132191937716
2761 0.19011599999999995
2762 0.7395716749707553
2763 0.917833
2764 0.0028430758940001244
2765 0.8331040000000001
2766 0.15408372132237091
2767 0.317801235350901
2768 0.545687
2771 0.6465465000000001
2769 1.2951460000000001
2770 0.28715283712399997
2772 0.2595031773138847
2773 0.581671
2774 0.3000005000000001
2775 0.5927547084872944
2776 0.03195199999999998
2778 0.400593
2779 0.9575290000000001
2777 0.385839059424
2780 0.6645615240713623
2781 0.19705799999999996
2782 0.8665605000000001
2783 0.909988
2784 0.22289134293168253
2785 0.1676470000000001
2786 0.46915056650499176
2787 0.35795800330314886
2788 0.6771197401
2789 0.10056994988933998
2790 0.5009810000000001
2791 0.6202543259519999
2792 0.666667
2793 0.7147726908017022
2794 0.837677
2795 0.907843
2796 0.504179
2797 0.034636362976000035
2798 0.6337365055465659
2799 0.07843149999999999
2800 0.4743195584073028
2801 0.6068629999999999
2802 0.4325105961872835
2803 0.5284310000000001
2804 0.16686955077805354
2805 0.41078499999999996
2806 0.22788186512900022
2807 0.5648482727618032
2808 0.5519610000000001
2809 0.623372
2810 0.7731690797827718
2811 0.9325138176107405
2812 0.08835601884505362
2813 0.6297234672928065
2814 0.24111995567958866
2815 1.45196
2816 1.491176
2817 0.11721967889180718
2818 0.21485299999999996
2820 0.6441995957460968
2819 0.6224000000000001
2822 0.49934100000000003
2821 0.6198562838491163
2823 0.8468750386877995
2825 0.7176469999999999
2824 0.30939665000025
2826 0.594473400544
2827 0.941838
2828 0.3911770000000001
2829 0.04019600000000001
2830 0.7820742121127779
2831 0.8792601349354634
2832 0.9093132500000001
2833 0.265965050596
2835 0.1917107770563083
2834 0.1831027168018274
2836 0.8767829059583611
2838 0.77647
2837 0.6595212976272167
2839 0.6568620000000001
2840 0.484709284054582
2841 0.1728175416608177
2842 0.3520952153939224
2843 0.265494645521
2844 0.589216
2845 0.382846792648
2846 0.578431
2847 0.40726229742746345
2848 0.3054207798982948
2849 0.8147080000000002
2850 1.1265380000000003
2851 0.9793861105174217
2852 0.72234
2853 0.8565127416523362
2854 0.4679866599800957
2855 0.030276790463690716
2856 0.09905377856354089
2857 0.8382380000000003
2858 0.9288852755812087
2859 0.8207098633974815
2861 0.0958603039985195
2860 0.7499852946395209
2864 0.6129478969119935
2862 0.5069070599584318
2863 0.04153923994170783
2865 0.7250900799084748
2866 1.786274
2867 0.16808599999999996
2868 0.04411699999999996
2869 0.813271978831904
2870 0.4036780674251248
2871 0.7360808976935
2872 0.5511684462868913
2873 0.734651568421131
2874 0.19699691695663057
2875 0.662437825924
2876 0.41835651453977807
2877 0.058565218009000164
2878 1.054445
2879 0.1404628111643309
2880 0.005286973663999994
2881 0.4828837009001121
2882 0.5780323509516143
2883 1.002941
2884 0.9911770000000002
2885 0.625819129550276
2886 0.5357900000000002
2887 0.5752254629760001
2888 0.10347961069880562
2889 0.6264710000000002
2890 0.5744983083108819
2891 0.38188309683742827
2892 0.34189210358927946
2893 0.243747413272984
2894 0.02121261484043957
2895 0.974893
2896 1.32059
2897 0.3534195716103745
2898 0.8389544586656787
2899 0.15743052956262904
2900 1.2165739999999998
2901 0.43823499999999993
2903 0.8018015140439492
2902 0.23030194732800013
2905 0.034313999999999956
2904 0.7798859376194499
2906 0.9189320958453173
2907 0.6155640000000002
2908 0.835294
2909 0.707373227041
2910 0.8544280989619999
2911 0.3069112820044999
2912 0.401540478160874
2913 0.6225499999999999
2914 0.5041161310878428
2916 0.9080980000000001
2915 0.02743909413452361
2917 0.35658600000000007
2918 0.32985561890152204
2919 0.18179199999999995
2920 0.13080700000000012
2921 0.816667
2922 0.2647060000000001
2923 0.18300445027845424
2924 0.6440147557139608
2926 0.9254899999999999
2927 0.1833340000000001
2928 0.4398091698
2925 0.6089727401
2929 0.5715680000000001
2930 0.39732639910399725
2931 0.7644078634652101
2932 0.6548885
2933 0.17549000000000015
2934 0.6374602536014049
2935 0.7913502594892367
2936 0.853595191704
2937 1.04433
2938 0.022549000000000152
2940 0.6781069346057298
2939 0.8078261479710507
2941 0.866667
2943 0.4254910000000003
2942 0.561695
2944 0.5874590000000002
2945 0.419689465744
2947 0.3509795
2946 0.8945153584944904
2948 0.19520062012832562
2949 0.852070344406
2950 0.49262242960400004
2951 0.794170241984
2952 0.33238673171337046
2953 0.7510370000000001
2954 0.09803950000000006
2955 0.09901899999999997
2956 0.30718364062852127
2957 0.5211748750724681
2959 0.26272249999999997
2958 0.880393
2960 0.764371
2961 0.7982849711123807
2962 0.704512865129
2963 0.4498010851056684
2964 0.42090765221538606
2965 0.6646856742939564
2967 0.6456710000000001
2966 0.5480389999999999
2968 1.0752154268825216
2969 0.12006717451181403
2970 0.1879189334389002
2971 0.45701100000000006
2972 0.023754728753700105
2973 0.2986728428672445
2974 0.8109029682896569
2975 0.6500000000000001
2976 0.906863
2977 1.4223833844020002
2978 0.5783315184160001
2979 0.5758592007690002
2980 0.8028846478458724
2981 0.50098
2982 0.25047765106588415
2983 0.7795344801999999
2984 1.573529
2985 0.9269269727280316
2986 0.3355867185004595
2987 0.601496
2988 0.645518
2989 0.2929848218842619
2990 1.0825150184922971
2992 0.73807
2991 0.03830267606686899
2993 1.44804
2994 0.4294115000000003
2995 1.2480390000000001
2996 1.3313724999999998
2997 0.6713850000000001
2998 0.7806433113609257
2999 0.711133
3001 0.18629300000000004
3000 0.42326288780340643
3002 0.21176450000000013
3003 0.3431365000000002
3004 0.6919768444258831
3005 0.6224386036205036
3006 0.1901965000000001
3007 0.36372499999999985
3008 0.09895735983674148
3009 0.7094814664360001
3010 1.2191409999999998
3011 0.5939218906504766
3013 0.0038103515560976575
3012 0.35495917616100003
3014 0.39940561617820847
3015 0.6029410000000002
3016 0.516667
3017 0.469608
3018 1.2761596424269828
3019 0.3463369654663051
3020 0.8897850806250001
3021 0.41802312894812377
3022 0.520305382799604
3023 1.287256
3024 0.37109649999999994
3025 0.5203038888890001
3026 0.674105
3027 0.477457203672879
3028 0.5900796367305565
3029 0.8446580000000001
3030 1.5774510000000002
3032 0.5669373329848832
3031 1.020589
3033 0.8212735
3034 0.036641273283300246
3035 0.6665229672074191
3036 1.1017692227988702
3037 0.16857151964212624
3038 0.39610113453172
3040 0.90096564
3039 0.681373
3041 0.7299
3042 0.8735300000000001
3043 0.6439824702400931
3044 0.6539219999999999
3045 0.5637792657186886
3046 0.284981865744
3047 0.15866207626010786
3048 0.38373336480030384
3049 0.5290596594151189
3050 1.6856406897774183
3051 0.3761295613440001
3052 0.7273029999999998
3053 0.8333767139082504
3054 0.08657092080000006
3055 0.5262519860640003
3056 0.9492737594903167
3057 1.1116661367763052
3058 0.08986620518150024
3059 0.46254400000000007
3060 1.3817650271576494
3061 0.024868108191105187
3062 0.42947199999999985
3063 0.09262368000938004
3064 0.41062821902400004
3065 0.7442219025
3066 0.8746255877059682
3067 0.25841496944896436
3068 0.6124052707627738
3069 0.6369895629760001
3070 0.10487683875867826
3071 0.4303920000000001
3072 0.878570130481
3073 0.8543782765248987
3074 0.35362700000000014
3075 0.8474153320316
3076 0.130839404642628
3078 0.48654242176100015
3077 0.6294688088590074
3079 0.17464153292809015
3080 1.0062159960585162
3081 0.5225489999999999
3082 0.729079806721
3083 0.925697
3084 0.847059
3085 0.4338222500000002
3086 0.723429300769
3087 0.8973789992345251
3088 0.9115275237044806
3090 0.21862800000000004
3089 0.7519600000000002
3091 0.5872550000000001
3092 1.0007270000000001
3095 0.09574247984645856
3093 0.4611919350250002
3094 0.827115215947111
3096 0.764530368225568
3097 0.9812434575911708
3098 0.09194522070594635
3099 1.3668759999999998
3100 0.926044235407496
3101 0.24853499999999995
3102 0.29637500000000006
3103 0.13821499999999998
3104 0.8529746426777259
3105 0.48137200000000013
3106 0.546003
3107 0.7637086365878487
3108 0.151618650596
3109 0.836971151521023
3110 0.391911588575826
3111 1.1127459999999998
3112 0.2019614999999999
3113 0.19110850000000013
3114 0.05882350000000014
3115 0.9013182273348745
3116 0.035357857712229546
3117 0.7176469999999999
3119 0.13404154864516404
3118 0.7979468254089999
3120 0.43627499999999997
3121 0.37781447548246105
3122 0.5314840000000001
3123 0.8504194673321858
3124 0.1921575000000002
3125 0.46069700000000013
3126 0.26960800000000007
3127 0.2954239999999999
3128 0.731858
3129 0.5049310000000002
3131 0.04607900000000009
3130 0.846364
3132 0.17508575000000004
3133 0.40033300000000005
3134 0.370223494656
3135 1.0860360000000002
3136 0.8890646884604201
3137 0.8020768919304241
3138 0.06559354628373648
3139 0.04957779934063122
3140 0.0898177967353535
3141 0.6233758532427691
3142 0.7776890761950261
3143 0.6097273022078465
3144 0.3861826503605613
3145 0.9443149977691139
3146 0.2502245172180117
3147 0.507211
3148 0.352041938815698
3149 0.49112579930800004
3150 0.502942
3151 0.13137200000000004
3152 0.32471760269337047
3153 0.48529500000000003
3154 0.7468040000000002
3155 0.008596557401000071
3157 0.09178728164436967
3156 1.1784315
3158 0.08137300000000014
3159 0.49785943903181273
3160 0.6991195000000001
3161 0.792157
3162 0.2808426287014078
3163 0.4149418022740367
3164 0.6190532218960528
3165 0.8598035
3166 0.676969
3167 0.04215600000000008
3168 0.6813724999999999
3169 0.3906590000000001
3170 0.891839675894
3171 0.38662456343750007
3172 0.8944334829300332
3173 0.783698425817051
3174 0.2527408147013197
3176 0.68492
3175 0.010784000000000016
3177 0.7771745000000001
3178 0.13402000000000003
3179 0.9474895674217823
3180 0.4875320000000001
3181 0.0348940736640001
3182 0.9088565285055806
3183 0.2855190000000001
3184 0.3760960895020824
3185 0.676474845521
3186 0.7975037752
3187 0.3698645
3188 0.33108912283750014
3189 1.424546
3190 0.8727035924161917
3191 0.04607899999999998
3192 0.75098
3193 0.713335662025
3194 0.2830372582517693
3195 0.591178
3196 0.25136295915376466
3197 0.5858637186736573
3198 0.20235051086909633
3199 0.23142550000000006
3200 0.3852912513955294
3201 1.4431225148020002
3202 0.4148214954969107
3203 0.5237350081000001
3204 0.667402
3205 0.7368302481072531
3206 1.087255
3207 0.5566139564694368
3208 1.5470594999999998
3209 0.5057581895517436
3210 1.2238710000000002
3211 0.4605011228375002
3214 0.16470549999999995
3213 0.3392099689735002
3212 0.44999999999999996
3215 0.3754899999999999
3216 0.6560314047553177
3217 0.9412654240636464
3218 0.12478800000000012
3219 0.897071872985018
3220 0.027034341685772012
3221 0.261765
3222 0.8927114365112496
3223 0.10098700000000016
3224 0.520588
3225 0.5647509670723707
3226 0.5142821121139354
3227 0.6983866643233708
3228 0.9329942795347034
3229 0.370262
3230 0.22383468007216334
3231 0.9351923861373773
3232 0.3049590404080189
3233 1.453537
3234 0.9617650000000002
3235 0.4984010000000001
3236 0.546462473664
3238 0.32843100000000014
3237 0.6440120000000003
3239 0.7949939552480001
3240 0.747398701143914
3241 0.3320489999999998
3242 1.08859047628249
3243 0.31767182047561526
3244 0.20264813043100127
3245 0.601961
3246 0.684314
3247 0.739231382084
3248 0.28533064219440085
3249 0.767647
3250 0.5269582650600058
3251 0.882579
3252 0.8604148695630432
3253 0.11910977594955319
3254 0.7912093715669378
3255 0.18443783505500932
3256 0.34948674010000014
3257 0.7860475574010001
3258 0.31351632164612586
3259 0.39607900000000007
3260 1.4823275
3261 0.16372500000000012
3262 0.5052262126489999
3263 0.25784300000000004
3264 0.4630224999999999
3265 1.095098
3266 0.2723610461071344
3267 0.33640323614645484
3268 0.07410183792777647
3269 0.22078334588541826
3270 0.5215685000000001
3271 0.278432
3272 0.775717
3273 0.6337098066912048
3274 0.5462284217610001
3275 0.2340525
3276 0.8575516426597998
3277 0.8607331203362232
3278 0.2590431745872562
3279 0.1535470000000001
3280 0.537195100644
3281 0.8823529999999999
3282 0.37156900000000004
3283 0.3151475168542739
3284 1.8567649208
3285 0.29545162945551806
3286 0.567647
3287 1.6911759999999998
3288 1.758323
3289 0.819104
3290 0.2656860000000001
3291 0.945098
3292 1.00635
3293 0.8745443606951229
3294 0.14515900000000004
3295 0.6728855
3296 0.19790262208100007
3297 0.7090897932118903
3298 1.3382340000000001
3299 0.4726096515697982
3300 0.6460790000000001
3301 1.1210103438896362
3302 0.8970376290658665
3303 0.4702478361015
3304 0.13086489190150008
3305 0.43335435954326895
3306 0.3740656903044379
3307 0.4272276215474149
3308 0.24116671102027218
3309 1.5548229641940357
3310 0.413036918416
3311 0.6179353380391699
3312 0.565868835740817
3313 0.5401960000000001
3314 0.022533185367671904
3315 0.25261453219545893
3316 0.017883229604000017
3317 0.20158468813483665
3318 0.488235
3319 0.8304365
3320 0.948039
3321 0.5450980000000001
3322 0.3205880000000001
3323 0.915198235599044
3324 0.9307319207615
3325 0.46361923086944024
3326 0.5348770000000003
3327 0.14297500000000007
3328 0.7047175079383877
3329 0.21016515740099995
3330 0.43996532615685346
3332 0.2655242180060966
3331 1.153922
3333 0.4921565000000001
3334 0.497577262976
3336 0.9215679999999999
3335 0.011794000000000082
3337 0.425144432567325
3338 0.028361876828316812
3339 0.45900647811119283
3340 0.43893819605234174
3341 0.10874700000000015
3342 0.02610200000000007
3343 0.38529499999999994
3344 0.40453945902534494
3345 0.459338968042326
3346 0.8291468632464873
3347 0.36394903779613935
3348 0.39520999999999984
3349 0.5361849999999999
3350 0.9330792778253696
3351 0.21078400000000008
3352 0.39901999999999993
3353 0.3345959242215
3354 0.030391999999999975
3355 0.8107524051352613
3356 0.286273
3357 0.49006923443501843
3358 0.216289631973128
3359 0.914830358689
3360 0.2225490000000001
3361 0.743136
3362 0.08550593502500003
3363 0.6191420000000001
3364 0.922515030212619
3365 0.06255528882989037
3366 0.5872245144939046
3367 1.117818
3368 0.2061251698490001
3369 0.893138
3371 0.5148021184159999
3370 0.8297386872528618
3372 0.5964829999999999
3373 1.97889
3374 0.2960365391831954
3375 1.022361
3376 0.634314
3377 0.5888671369688667
3378 0.35532176240202373
3380 0.9202806902358853
3379 0.854190421761
3381 0.5852950000000001
3382 0.4480390000000001
3383 0.644351762624391
3384 0.31470700000000007
3386 0.7082465088834164
3385 0.20789798356608724
3388 0.3907145689735
3387 0.2290473847761223
3389 0.2970600000000001
3390 0.587958
3391 0.2806009082831573
3392 0.4472715859880214
3393 1.6950990000000001
3394 0.2647068684059999
3395 0.76806
3396 1.1633600000000002
3397 0.2681623462514733
3398 0.5475290000000002
3399 0.2811512601356778
3400 0.7402232156843744
3401 0.1948271142921547
3402 0.868672
3403 0.2875540000000001
3404 0.4398085661440001
3405 0.07464741522500007
3406 0.635483
3407 0.3104549999999999
3408 0.8088230000000001
3409 1.1020216800000002
3411 0.27228270598216
3410 0.051119415225000076
3412 1.3128380354077336
3413 0.5352950000000001
3414 0.6328898735889127
3415 0.6744429999999999
3416 0.7508662627392404
3417 0.7418172036730304
3418 0.8320630579066568
3419 0.7603551285562171
3420 0.18725500000000017
3421 0.8652638946560001
3423 0.30204677730237406
3422 0.8960838976935
3424 0.23921550000000003
3425 1.2058322592080002
3427 1.314706
3428 0.6050454999999999
3426 0.12719606678433082
3429 0.630393
3430 0.7147677401
3431 0.38585989446400015
3432 0.31274500000000005
3433 0.4882354999999998
3434 0.8363187996794094
3435 0.3663967216025812
3436 0.9389745029716541
3437 0.843137
3438 1.0204389999999999
3439 0.9124994686110173
3440 0.199266050596
3442 0.7362740000000001
3441 1.2654914365411998
3443 1.4819123509753844
3444 0.6491928538570946
3445 0.50881
3446 0.6428770000000001
3447 1.076058
3448 0.8972230000000001
3449 0.768695579236
3450 0.4482203493854111
3451 0.02166522356205436
3452 0.8317364062586983
3453 0.43100399999999994
3454 0.39817499999999995
3455 0.14169476186850005
3456 0.7676527349680613
3457 0.9216741581145843
3458 1.7323890000000002
3459 1.0115361601256587
3460 0.6753202494852084
3461 0.5408178762594538
3462 1.462871
3463 0.520588
3464 0.896226387540175
3465 0.4225970989619998
3466 0.24313750000000023
3467 0.030982807890962194
3468 0.13678270474367005
3469 0.23693374920519417
3470 0.3476220000000001
3471 0.13224929181836909
3472 0.9467034793774092
3473 0.49311974010000004
3474 0.6552262182415702
3475 0.4515640000000001
3476 0.03851271464075601
3477 0.9297286434225649
3479 0.7125255000000001
3478 0.40657669072024993
3480 0.6588229999999999
3481 1.406862
3482 0.22891714844219035
3484 0.9397062500000002
3483 0.854902
3485 0.66995350081429
3486 0.09117700000000006
3487 1.1696090000000001
3488 0.6876956847306702
3489 1.7970590000000002
3491 0.9049020000000001
3490 0.818627
3492 0.44158393502499993
3493 0.5392165
3495 1.027425
3494 1.2872540000000001
3496 0.18255177013239132
3497 0.6563232606612486
3498 1.371620296886
3499 1.2245099999999998
3500 0.08906969883652738
3501 0.17745169348291845
3502 0.8461442035600939
3503 1.3609820000000001
3504 0.2771040004594201
3505 0.33252328024029265
3506 0.1536391444059999
3507 0.93091297494617
3508 1.259803
3510 0.792157
3509 0.5419257219339881
3511 0.20656310712799764
3512 0.06219899999999989
3513 0.33443260471903213
3514 0.9471285
3515 0.14689799999999997
3516 0.3642638435220001
3517 0.6588235
3518 0.594711231928574
3519 0.44613100000000006
3520 0.36261600000000005
3521 1.255883
3522 0.3362740000000002
3523 0.32058900000000023
3524 0.6659886521797982
3525 0.13362823333350016
3526 0.7766155000000001
3527 0.662250935025
3528 0.34195379697908646
3529 0.14362620094514944
3530 0.8222823585407257
3531 0.8078430000000001
3532 0.920588
3533 0.4095796069046441
3534 0.713726
3535 0.6076169465767876
3536 0.521180045521
3537 0.6303920000000001
3538 0.3131756613588197
3539 0.3539913958480001
3540 1.1776746863088874
3541 0.1523373874964844
3542 2.016667
3543 1.9617640000000003
3544 0.0862385844025928
3545 0.9791909999999999
3546 0.5911770000000001
3547 0.7140174007690001
3548 0.44126
3549 0.05324424252187465
3550 0.17582146227735862
3551 0.5863673400172262
3552 0.8331609835358067
3553 0.3931487184160001
3554 0.9598960254393925
3555 0.6766320000000001
3556 0.5127460000000001
3557 0.4370338064474064
3558 0.2733079999999999
3559 1.4205889999999999
3560 0.4068630000000002
3561 0.9098030000000001
3562 0.04061378521279546
3563 0.8269610000000001
3564 0.1496888819240001
3565 1.004198850359931
3566 0.41495962381919127
3567 0.33829624010000003
3568 0.24095564588332463
3569 0.363726
3570 0.6950985000000001
3571 0.9274369771491653
3572 0.5016159539054146
3573 1.557844
3574 0.7325989604
3575 0.3738971225084864
3576 0.2647065000000002
3577 0.19954148888900003
3578 0.008443186148804904
3579 0.2373992922423578
3580 0.041472174634376247
3581 0.8601778957369559
3583 0.181678
3582 0.4892160000000001
3584 0.2965685
3585 0.231664918416
3586 0.17951388693014025
3588 0.9852939999999999
3587 0.6334121316349465
3589 0.7718584324891831
3590 0.9224970000000001
3592 0.8702459604000001
3593 0.06176500000000007
3591 0.40511710050079053
3594 1.0725490000000002
3595 0.6793910237836551
3596 0.933338
3597 0.9212288361015
3598 0.7707939249809567
3599 0.7907277199346063
3600 0.7643629604000001
3601 0.25953700000000013
3602 0.20828899999999995
3603 0.014219720075671294
3605 0.10444200000000015
3604 0.762745
3606 0.633933512658
3607 0.7641784810638068
3608 0.4819318897328654
3609 0.4097512970228251
3610 0.721144986384735
3611 0.451230856225
3612 0.2528067401
3613 0.21754701552306369
3615 0.831339
3614 0.215035375625
3616 0.6923835
3617 0.2270771753124139
3619 0.9477571228375001
3618 0.5022441418524093
3620 0.7774510000000001
3622 0.38722865839782306
3621 0.7287736008096364
3623 0.38968069726179166
3625 0.6507886455210001
3624 1.047617
3626 0.7383902865613534
3627 0.3144451829887105
3628 0.9046834764240621
3630 0.02025357737951916
3631 1.3941185
3629 0.5647055000000001
3632 0.7931374999999999
3633 0.5990200000000001
3634 0.32142500000000007
3635 0.5458560000000001
3638 0.4186280000000002
3636 0.06797188439451674
3637 0.260807
3640 1.1362730000000003
3639 0.85196
3642 0.4146715000000001
3641 0.6121590000000001
3643 0.1324159875207529
3646 0.788889360225
3645 0.640196
3647 0.5314475968475212
3648 0.772018
3644 0.8659564217610001
3650 0.254347997924
3649 1.140259302180455
3651 0.894088
3652 0.8255578058486666
3653 0.21335517759534106
3655 0.47353
3654 0.6303920000000001
3656 1.672375
3657 0.5687465
3658 0.9163973195234486
3659 0.3968200190723874
3660 0.27907725498053737
3661 0.308824
3662 0.7433060751402871
3663 0.25700014390888803
3664 0.2720165000000001
3666 0.3308604406000002
3665 0.10061478245164457
3667 0.022429997249000078
3669 0.31405872792667777
3668 0.923416
3670 0.026564491509556087
3671 0.13595111228713264
3672 0.250896
3673 0.35866237060388473
3674 0.3874700000000002
3675 0.1915785000000001
3676 0.525149641984
3679 0.6759287168179721
3680 0.23571800550350291
3678 0.7931055199145699
3677 0.0935066220137406
3681 0.622549
3682 0.382377363424071
3684 